0	36.576954
50	2.141586
100	0.644893
150	0.262472
200	0.387087
250	0.426662
300	0.060947
350	0.301193
400	-0.014771
450	0.194736
500	0.065977
550	0.221837
600	0.200111
650	0.171367
700	-0.189142
750	0.048669
800	0.306978
850	0.192256
900	0.044749
950	-0.048237
1000	0.138757
1050	0.118718
1100	0.097183
1150	-0.026957
1200	-0.056204
1250	0.056594
1300	0.071678
1350	-0.031131
1400	0.125546
1450	0.033442
1500	0.097417
1550	-0.142530
1600	0.054978
1650	0.012833
1700	0.076565
1750	-0.046853
1800	0.291707
1850	0.119528
1900	0.026089
1950	0.017098
2000	-0.190752
2050	0.009043
2100	-0.048137
2150	0.091055
2200	0.015659
2250	0.228609
2300	0.137524
2350	-0.117749
2400	0.016338
2450	0.024272
2500	-0.082188
2550	-0.175202
2600	0.029376
2650	0.002122
2700	0.235557
2750	0.073856
2800	-0.087815
2850	0.061659
2900	0.025837
2950	0.200032
3000	0.158555
3050	0.029272
3100	-0.146978
3150	-0.124338
3200	-0.093425
3250	-0.069004
3300	0.232645
3350	0.214142
3400	-0.065015
3450	0.136495
3500	0.080549
3550	0.164069
3600	-0.069031
3650	0.079379
3700	0.184189
3750	0.040691
3800	0.146504
3850	-0.206410
3900	0.098123
3950	0.049317
4000	0.117476
4050	-0.011492
4100	0.031099
4150	-0.048421
4200	-0.106045
4250	-0.021418
4300	0.098618
4350	0.038580
4400	-0.063084
4450	0.041516
4500	0.109161
4550	0.081116
4600	0.206545
4650	0.135717
4700	-0.204096
4750	0.084685
4800	-0.106897
4850	0.124739
4900	0.188728
4950	0.148337
5000	0.046860
5050	-0.028828
5100	0.165328
5150	-0.039337
5200	0.005606
5250	-0.021550
5300	0.062036
5350	-0.096394
5400	0.070333
5450	-0.103337
5500	0.065929
5550	-0.080004
5600	-0.156908
5650	-0.191185
5700	0.008945
5750	-0.058358
5800	0.003735
5850	0.099993
5900	-0.066386
5950	-0.002983
6000	-0.053536
6050	0.048006
6100	-0.017135
6150	0.156539
6200	0.166692
6250	-0.161409
6300	0.062681
6350	0.212444
6400	0.080846
6450	0.208521
6500	0.042773
6550	0.032326
6600	0.106822
6650	0.272529
6700	0.172400
6750	-0.114467
6800	-0.124278
6850	-0.124569
6900	0.006485
6950	0.175150
7000	-0.137286
7050	0.165953
7100	0.032036
7150	-0.335502
7200	-0.073379
7250	-0.028553
7300	-0.045005
7350	-0.124432
7400	0.044688
7450	0.048725
7500	0.000138
7550	-0.057759
7600	-0.168666
7650	0.027651
7700	0.136668
7750	0.025860
7800	0.126298
7850	-0.013226
7900	-0.126171
7950	0.012856
8000	-0.042057
8050	0.010844
8100	0.052959
8150	0.216617
8200	-0.107192
8250	0.088305
8300	0.013869
8350	0.080164
8400	-0.006050
8450	-0.068943
8500	0.001479
8550	0.075936
8600	0.014751
8650	-0.010210
8700	-0.003207
8750	0.107837
8800	0.140146
8850	0.140952
8900	-0.023588
8950	0.110263
9000	0.136808
9050	0.149533
9100	0.104569
9150	0.039734
9200	0.085476
9250	0.142126
9300	0.240470
9350	0.053108
9400	0.157504
9450	0.141851
9500	-0.094711
9550	0.230034
9600	-0.052851
9650	0.261748
9700	-0.082475
9750	-0.074598
9800	-0.174875
9850	0.076198
9900	-0.142951
9950	-0.008325
10000	0.053151
10050	0.039608
10100	0.073765
10150	0.020933
10200	0.010067
10250	-0.113919
10300	-0.071166
10350	-0.208529
10400	-0.091858
10450	-0.118123
10500	0.089220
10550	0.003765
10600	-0.062621
10650	0.030906
10700	0.048357
10750	-0.054334
10800	0.227134
10850	-0.014668
10900	0.043662
10950	0.149401
11000	0.286372
11050	0.227479
11100	-0.111521
11150	-0.145737
11200	-0.202211
11250	-0.007788
11300	-0.071690
11350	0.082579
11400	-0.055396
11450	-0.005493
11500	0.289900
11550	0.082610
11600	0.377339
11650	-0.004701
11700	-0.033660
11750	0.130576
11800	-0.059600
11850	0.018958
11900	-0.126996
11950	0.012109
12000	0.125655
12050	-0.128248
12100	0.021546
12150	-0.069014
12200	-0.018880
12250	0.178216
12300	0.008061
12350	0.158107
12400	0.142050
12450	0.059556
12500	0.190286
12550	-0.032782
12600	0.090322
12650	0.092641
12700	-0.138371
12750	0.058225
12800	0.039837
12850	0.008623
12900	0.082263
12950	0.018548
13000	-0.035182
13050	0.191521
13100	-0.054047
13150	0.074659
13200	-0.018839
13250	0.019450
13300	-0.009361
13350	-0.170418
13400	0.142259
13450	0.191807
13500	0.063371
13550	0.112042
13600	0.184229
13650	0.001348
13700	0.091527
13750	0.057560
13800	-0.138845
13850	-0.116665
13900	-0.124628
13950	0.120698
14000	-0.006860
14050	0.017128
14100	0.257504
14150	0.219439
14200	-0.034540
14250	-0.168954
14300	0.040062
14350	0.015482
14400	0.075015
14450	-0.017657
14500	0.100423
14550	0.073156
14600	-0.101190
14650	-0.019939
14700	0.062929
14750	-0.068684
14800	0.209138
14850	0.053529
14900	0.037354
14950	-0.140189
15000	0.060028
15050	0.035836
15100	-0.065447
15150	0.099308
15200	-0.239815
15250	0.119921
15300	0.253272
15350	0.126419
15400	0.103563
15450	0.013950
15500	-0.069984
15550	-0.007514
15600	0.123871
15650	0.286654
15700	0.082995
15750	-0.025253
15800	0.158068
15850	0.027981
15900	0.056364
15950	0.067473
16000	-0.165565
16050	0.026282
16100	0.022844
16150	-0.013759
16200	0.047810
16250	0.136107
16300	0.116224
16350	0.007971
16400	0.119521
16450	0.083223
16500	0.231718
16550	-0.134119
16600	0.109815
16650	0.164503
16700	0.191150
16750	0.005303
16800	0.319309
16850	0.038057
16900	0.097384
16950	-0.060894
17000	0.078238
17050	0.150995
17100	-0.036877
17150	0.000588
17200	-0.053847
17250	-0.165181
17300	-0.115626
17350	-0.122292
17400	0.092279
17450	-0.129686
17500	-0.122578
17550	0.044480
17600	0.160497
17650	-0.060300
17700	-0.075993
17750	-0.110270
17800	-0.061337
17850	-0.003184
17900	0.089063
17950	0.048357
18000	0.006762
18050	0.059498
18100	0.093002
18150	0.024509
18200	0.063563
18250	-0.066834
18300	0.215868
18350	0.051125
18400	-0.164503
18450	-0.093947
18500	-0.132179
18550	0.194822
18600	0.063381
18650	-0.146842
18700	0.006371
18750	-0.053299
18800	-0.064353
18850	0.148261
18900	-0.012054
18950	0.043363
19000	-0.061434
19050	-0.004422
19100	0.147087
19150	-0.226563
19200	-0.229887
19250	-0.013863
19300	-0.061375
19350	-0.026402
19400	-0.078294
19450	-0.137349
19500	-0.180864
19550	0.046203
19600	-0.186627
19650	-0.021398
19700	-0.272516
19750	-0.082309
19800	-0.045290
19850	0.102771
19900	0.086086
19950	0.039989
20000	-0.108922
20050	0.227647
20100	-0.246369
20150	-0.020138
20200	0.070107
20250	-0.039983
20300	0.080196
20350	0.046222
20400	-0.036181
20450	-0.107375
20500	0.026224
20550	-0.062046
20600	0.133704
20650	0.008380
20700	0.004864
20750	-0.176718
20800	-0.111045
20850	0.048642
20900	-0.044193
20950	0.016916
21000	-0.020534
21050	-0.099733
21100	-0.064348
21150	-0.174362
21200	0.060688
21250	-0.111785
21300	-0.057521
21350	-0.041967
21400	0.036032
21450	0.003457
21500	-0.000115
21550	0.060140
21600	0.041365
21650	0.230902
21700	0.122109
21750	0.063907
21800	0.006934
21850	0.108380
21900	-0.256275
21950	0.021774
22000	0.015982
22050	0.189454
22100	0.075493
22150	0.048189
22200	0.176701
22250	0.099674
22300	0.081373
22350	-0.018674
22400	0.182741
22450	0.019053
22500	0.103552
22550	-0.017423
22600	0.099621
22650	0.333754
22700	0.034565
22750	0.070582
22800	-0.115396
22850	0.030195
22900	0.122302
22950	-0.125782
23000	-0.035112
23050	0.138099
23100	0.271563
23150	0.152310
23200	-0.024215
23250	0.154307
23300	-0.029912
23350	-0.030281
23400	0.031195
23450	0.128750
23500	0.086035
23550	0.032500
23600	0.019597
23650	-0.244418
23700	0.002927
23750	-0.151806
23800	-0.189582
23850	0.074329
23900	-0.051960
23950	0.081217
24000	0.152136
24050	0.065966
24100	0.138623
24150	0.132943
24200	0.079465
24250	0.215096
24300	0.020952
24350	-0.033309
24400	0.100978
24450	0.117151
24500	0.093269
24550	0.022183
24600	0.042111
24650	0.196086
24700	-0.013440
24750	-0.080482
24800	-0.019411
24850	0.019956
24900	0.070851
24950	0.196602
25000	0.105468
25050	-0.118235
25100	-0.092974
25150	-0.127372
25200	-0.106592
25250	0.256192
25300	-0.042966
25350	0.034256
25400	0.157371
25450	-0.075472
25500	0.217196
25550	0.046558
25600	-0.018564
25650	0.212805
25700	-0.002775
25750	0.019315
25800	0.032012
25850	-0.095531
25900	-0.121013
25950	0.047121
26000	0.200547
26050	0.064875
26100	0.061270
26150	-0.053486
26200	-0.025585
26250	-0.104422
26300	0.061433
26350	0.067414
26400	0.046056
26450	0.147891
26500	-0.022509
26550	-0.011743
26600	0.090250
26650	0.115859
26700	0.116830
26750	0.005210
26800	0.067061
26850	0.016154
26900	0.168813
26950	0.122985
27000	-0.267743
27050	-0.257618
27100	-0.174609
27150	0.050511
27200	0.118925
27250	0.007216
27300	-0.198387
27350	-0.063125
27400	0.059546
27450	-0.021643
27500	-0.198027
27550	0.227284
27600	0.116520
27650	0.145180
27700	0.048363
27750	0.167418
27800	0.012841
27850	0.004122
27900	-0.030791
27950	0.136945
28000	0.077168
28050	0.137694
28100	-0.072008
28150	0.013718
28200	0.000419
28250	0.079574
28300	-0.146475
28350	0.048331
28400	0.058595
28450	0.063256
28500	-0.071597
28550	-0.024324
28600	0.153883
28650	0.031061
28700	-0.116149
28750	-0.114344
28800	0.063390
28850	-0.088192
28900	-0.187894
28950	-0.136819
29000	0.060361
29050	-0.010735
29100	0.229614
29150	-0.191879
29200	-0.070425
29250	0.004164
29300	-0.132464
29350	-0.099933
29400	-0.111382
29450	0.116666
29500	0.015862
29550	0.017155
29600	-0.030800
29650	-0.132273
29700	-0.004270
29750	0.010234
29800	-0.064457
29850	0.147550
29900	0.078223
29950	-0.075528
30000	-0.094046
30050	0.052408
30100	0.162216
30150	-0.108464
30200	0.084907
30250	0.225085
30300	0.139888
30350	0.113731
30400	0.092836
30450	0.102836
30500	-0.084200
30550	0.165427
30600	0.108328
30650	-0.156433
30700	0.055459
30750	-0.110225
30800	-0.044528
30850	0.103501
30900	-0.127379
30950	-0.005364
31000	0.049354
31050	-0.096672
31100	0.072700
31150	0.045454
31200	0.017764
31250	-0.033039
31300	-0.020355
31350	0.068426
31400	0.017971
31450	-0.267331
31500	0.163655
31550	0.254770
31600	0.140501
31650	0.146374
31700	0.060692
31750	0.011684
31800	0.152703
31850	0.179122
31900	-0.119068
31950	-0.000074
32000	0.015131
32050	0.060019
32100	0.062936
32150	-0.021538
32200	0.023006
32250	0.021396
32300	-0.013830
32350	-0.086474
32400	0.036674
32450	-0.104949
32500	0.085881
32550	0.157427
32600	0.029574
32650	0.011199
32700	0.099081
32750	-0.006087
32800	-0.077360
32850	-0.104388
32900	-0.141253
32950	0.065427
33000	0.235341
33050	-0.008643
33100	-0.104155
33150	-0.053362
33200	0.080892
33250	-0.030381
33300	0.051649
33350	-0.022804
33400	0.075376
33450	-0.120479
33500	-0.073528
33550	-0.065739
33600	-0.119465
33650	0.026362
33700	0.109076
33750	0.103793
33800	-0.008061
33850	-0.055086
33900	0.074194
33950	-0.011584
34000	0.177719
34050	0.029988
34100	-0.092982
34150	-0.100652
34200	-0.057381
34250	0.066143
34300	-0.002461
34350	-0.056474
34400	-0.008531
34450	-0.020593
34500	-0.062613
34550	0.224372
34600	0.302186
34650	0.105917
34700	0.005832
34750	0.048024
34800	-0.038999
34850	0.099397
34900	-0.060851
34950	-0.062869
35000	-0.085997
35050	-0.005931
35100	0.094875
35150	-0.066656
35200	-0.038887
35250	-0.027029
35300	0.056361
35350	-0.133284
35400	0.020800
35450	0.041433
35500	-0.087078
35550	-0.252735
35600	-0.045781
35650	-0.038080
35700	0.185743
35750	0.213732
35800	0.052115
35850	-0.076485
35900	-0.027596
35950	0.004996
36000	-0.101517
36050	0.162344
36100	-0.264899
36150	-0.068713
36200	-0.095091
36250	0.064685
36300	-0.087168
36350	0.071100
36400	-0.020596
36450	0.014611
36500	-0.073233
36550	0.162350
36600	-0.052480
36650	0.077708
36700	-0.120690
36750	-0.047242
36800	-0.057353
36850	-0.052500
36900	0.033677
36950	0.055214
37000	0.065994
37050	-0.164211
37100	-0.146288
37150	0.133734
37200	-0.161806
37250	0.008674
37300	-0.110991
37350	0.015034
37400	-0.105283
37450	-0.043291
37500	-0.075962
37550	0.013083
37600	-0.008760
37650	-0.083727
37700	-0.067593
37750	-0.059521
37800	0.106328
37850	-0.046647
37900	0.163057
37950	0.044538
38000	0.029116
38050	0.092171
38100	0.157667
38150	0.043803
38200	0.122949
38250	0.012983
38300	-0.071680
38350	-0.067091
38400	-0.017847
38450	-0.014960
38500	-0.128914
38550	-0.007613
38600	-0.053950
38650	-0.026390
38700	-0.178542
38750	-0.194174
38800	-0.096571
38850	-0.084420
38900	0.025964
38950	-0.093076
39000	-0.082424
39050	-0.119560
39100	-0.053736
39150	-0.031703
39200	-0.004011
39250	-0.250741
39300	0.005857
39350	-0.238630
39400	0.171035
39450	-0.097088
39500	-0.076076
39550	0.004747
39600	-0.000062
39650	-0.081574
39700	0.033956
39750	0.110229
39800	-0.004516
39850	0.129421
39900	-0.035115
39950	-0.092520
40000	0.109572
40050	-0.011299
40100	-0.094176
40150	-0.157372
40200	0.128716
40250	0.100869
40300	0.035680
40350	0.267555
40400	-0.012982
40450	0.005605
40500	0.053541
40550	0.027194
40600	-0.118908
40650	0.032050
40700	-0.090740
40750	0.099549
40800	-0.102352
40850	-0.040380
40900	0.013212
40950	-0.173030
41000	-0.165270
41050	-0.202348
41100	-0.184155
41150	0.106188
41200	-0.216168
41250	-0.032208
41300	-0.234429
41350	-0.070652
41400	-0.033409
41450	0.012159
41500	0.114913
41550	-0.055706
41600	-0.073088
41650	-0.029798
41700	-0.074604
41750	0.137450
41800	0.091821
41850	-0.144009
41900	-0.085595
41950	0.310457
42000	0.081347
42050	-0.057962
42100	0.158495
42150	-0.020269
42200	-0.069873
42250	-0.023793
42300	-0.007052
42350	-0.019594
42400	0.029064
42450	-0.167438
42500	-0.046029
42550	0.116479
42600	0.125840
42650	-0.098222
42700	-0.026037
42750	0.026400
42800	-0.026435
42850	-0.015325
42900	-0.149505
42950	-0.096212
43000	0.054278
43050	0.052860
43100	-0.002288
43150	0.030434
43200	0.152509
43250	-0.192238
43300	-0.171454
43350	0.256473
43400	-0.013584
43450	-0.071259
43500	-0.013352
43550	0.068880
43600	0.029252
43650	-0.065223
43700	-0.066444
43750	-0.149303
43800	-0.001387
43850	-0.069746
43900	-0.137078
43950	-0.271864
44000	-0.016181
44050	0.028761
44100	0.099019
44150	-0.005051
44200	0.018217
44250	0.106276
44300	-0.201776
44350	-0.025215
44400	0.044320
44450	-0.077019
44500	-0.052894
44550	0.014115
44600	-0.121993
44650	-0.169333
44700	-0.066520
44750	0.031674
44800	-0.166666
44850	0.031260
44900	0.094273
44950	-0.005649
45000	0.002273
45050	-0.130233
45100	0.014384
45150	0.020838
45200	0.085350
45250	0.008387
45300	0.120659
45350	0.065841
45400	0.116655
45450	0.010763
45500	0.049062
45550	-0.171169
45600	-0.038610
45650	-0.059150
45700	-0.007203
45750	-0.020494
45800	0.016088
45850	0.193442
45900	0.021591
45950	-0.058070
46000	-0.042816
46050	-0.166959
46100	0.190429
46150	-0.035139
46200	0.015517
46250	0.072185
46300	-0.283753
46350	0.011719
46400	0.142426
46450	-0.018599
46500	-0.017445
46550	-0.041067
46600	-0.091218
46650	0.069083
46700	0.119206
46750	-0.020690
46800	-0.063853
46850	0.085354
46900	0.193484
46950	-0.086854
47000	0.020997
47050	-0.156165
47100	-0.017973
47150	-0.050321
47200	-0.024684
47250	0.167188
47300	-0.021866
47350	-0.020070
47400	-0.097583
47450	-0.120879
47500	0.118349
47550	0.044128
47600	-0.044555
47650	0.095641
47700	0.105608
47750	0.084165
47800	-0.098538
47850	-0.094907
47900	-0.032427
47950	0.047220
48000	0.058238
48050	-0.103066
48100	-0.118462
48150	-0.025693
48200	-0.047258
48250	-0.129218
48300	-0.049605
48350	0.139755
48400	0.067923
48450	-0.151165
48500	0.064305
48550	-0.058807
48600	0.067828
48650	0.004677
48700	-0.078869
48750	0.091653
48800	0.070574
48850	0.038183
48900	-0.072709
48950	-0.032652
49000	-0.015321
49050	-0.089035
49100	-0.014856
49150	0.171956
49200	0.084936
49250	-0.050173
49300	0.078944
49350	-0.108618
49400	0.047546
49450	0.063752
49500	0.114296
49550	-0.047683
49600	0.046643
49650	0.059986
49700	-0.110189
49750	0.012922
49800	-0.122417
49850	-0.038968
49900	-0.006327
49950	-0.018928
50000	0.007741
50050	-0.139804
50100	-0.024121
50150	-0.069931
50200	-0.096792
50250	-0.058302
50300	-0.019778
50350	-0.107213
50400	0.063526
50450	0.236721
50500	-0.060266
50550	0.125237
50600	-0.046490
50650	0.219311
50700	-0.244301
50750	-0.046728
50800	-0.149555
50850	-0.195326
50900	-0.171855
50950	-0.169998
51000	-0.156538
51050	-0.002697
51100	-0.022214
51150	-0.021330
51200	-0.042370
51250	-0.092103
51300	0.081039
51350	0.093723
51400	0.093864
51450	-0.080721
51500	0.104229
51550	0.055779
51600	0.085954
51650	0.032700
51700	0.111433
51750	-0.115772
51800	0.000285
51850	0.065952
51900	-0.049662
51950	0.078365
52000	-0.001457
52050	-0.031357
52100	0.116434
52150	0.229528
52200	0.164077
52250	-0.091606
52300	0.047238
52350	0.056583
52400	-0.132824
52450	-0.042653
52500	0.173192
52550	-0.026941
52600	-0.053648
52650	0.060029
52700	-0.170606
52750	0.092434
52800	-0.015034
52850	-0.158988
52900	-0.035780
52950	-0.070427
53000	0.074701
53050	-0.006693
53100	0.031297
53150	-0.006969
53200	0.033812
53250	-0.073028
53300	0.083564
53350	-0.150301
53400	-0.191538
53450	-0.039214
53500	-0.058634
53550	-0.191063
53600	-0.200974
53650	-0.070865
53700	0.016599
53750	-0.115773
53800	-0.206794
53850	0.116784
53900	-0.037674
53950	-0.014914
54000	0.048426
54050	0.128435
54100	-0.074550
54150	-0.063906
54200	-0.100987
54250	-0.132666
54300	-0.134918
54350	-0.199199
54400	-0.114942
54450	-0.038053
54500	-0.050502
54550	-0.090378
54600	-0.165456
54650	-0.188845
54700	0.010467
54750	-0.052398
54800	-0.064722
54850	0.073959
54900	0.005222
54950	0.020819
55000	0.046189
55050	-0.016737
55100	-0.143938
55150	-0.229143
55200	-0.104017
55250	-0.021934
55300	0.053013
55350	-0.157454
55400	0.050344
55450	0.099467
55500	-0.011704
55550	-0.134649
55600	0.066575
55650	0.069697
55700	-0.068020
55750	0.079267
55800	0.083444
55850	-0.037222
55900	-0.178853
55950	0.022660
56000	-0.005193
56050	-0.041824
56100	-0.048917
56150	0.028669
56200	0.144968
56250	-0.066798
56300	0.024299
56350	-0.090938
56400	-0.066932
56450	0.062899
56500	0.012453
56550	0.227004
56600	-0.000146
56650	0.070564
56700	0.185599
56750	-0.021924
56800	0.114740
56850	-0.067485
56900	-0.088946
56950	0.086737
57000	-0.247500
57050	-0.037189
57100	0.091062
57150	0.000652
57200	0.037566
57250	0.102682
57300	0.087174
57350	0.119145
57400	0.041371
57450	0.131311
57500	0.087069
57550	0.144211
57600	-0.054848
57650	-0.036963
57700	-0.129127
57750	0.005238
57800	-0.026731
57850	0.068749
57900	-0.138762
57950	-0.055997
58000	-0.083242
58050	0.020679
58100	-0.134611
58150	-0.083253
58200	-0.101792
58250	0.255761
58300	0.035470
58350	-0.030249
58400	0.100934
58450	0.047280
58500	0.106903
58550	-0.012666
58600	-0.091333
58650	-0.133322
58700	-0.202077
58750	0.067729
58800	0.124195
58850	-0.008258
58900	-0.116724
58950	0.145448
59000	0.005694
59050	-0.077450
59100	-0.013029
59150	0.101563
59200	0.051533
59250	-0.125878
59300	0.031262
59350	-0.199140
59400	0.056143
59450	-0.031608
59500	-0.003297
59550	-0.073429
59600	0.008705
59650	0.021319
59700	0.150144
59750	0.124078
59800	0.146005
59850	-0.046236
59900	0.050805
59950	0.094088
60000	-0.175032
60050	-0.114668
60100	-0.000878
60150	0.047856
60200	0.084352
60250	-0.011836
60300	0.088507
60350	-0.047179
60400	0.015673
60450	-0.047197
60500	0.020677
60550	-0.219158
60600	0.218457
60650	0.196718
60700	0.095968
60750	-0.020616
60800	-0.079818
60850	0.168213
60900	-0.132110
60950	-0.142810
61000	0.021610
61050	0.063855
61100	0.139116
61150	0.110657
61200	0.074456
61250	0.010763
61300	-0.058224
61350	-0.047526
61400	0.061446
61450	0.008789
61500	-0.091843
61550	-0.077002
61600	0.244121
61650	0.088481
61700	0.063384
61750	0.176906
61800	0.074142
61850	-0.148752
61900	-0.004019
61950	-0.002370
62000	-0.270566
62050	-0.022228
62100	0.111130
62150	0.153282
62200	0.005021
62250	-0.117512
62300	0.031088
62350	-0.112085
62400	-0.028207
62450	-0.013252
62500	0.004554
62550	-0.093961
62600	0.070422
62650	-0.055312
62700	-0.042624
62750	-0.079567
62800	-0.058849
62850	-0.054190
62900	-0.197629
62950	-0.026338
63000	0.058423
63050	-0.005787
63100	0.250680
63150	0.160321
63200	0.016985
63250	-0.139642
63300	-0.107673
63350	0.075566
63400	-0.063496
63450	-0.051881
63500	-0.019714
63550	-0.028421
63600	0.155858
63650	0.050746
63700	0.041312
63750	0.039070
63800	0.104527
63850	-0.023748
63900	-0.071817
63950	0.061042
64000	0.107046
64050	0.044037
64100	-0.010797
64150	0.129762
64200	-0.090857
64250	-0.007712
64300	0.194496
64350	-0.132279
64400	-0.021076
64450	0.006037
64500	-0.092904
64550	-0.039297
64600	0.083777
64650	0.125654
64700	0.324331
64750	0.056328
64800	0.057136
64850	0.094818
64900	-0.046381
64950	-0.167803
65000	0.092257
65050	-0.037761
65100	0.057196
65150	0.218971
65200	0.007057
65250	-0.053130
65300	0.079626
65350	-0.054452
65400	0.099758
65450	0.018732
65500	-0.173197
65550	-0.004623
65600	0.026509
65650	0.134134
65700	-0.093436
65750	0.073311
65800	-0.136675
65850	-0.049737
65900	0.115470
65950	-0.009418
66000	0.094107
66050	-0.012238
66100	0.119480
66150	-0.273960
66200	-0.159749
66250	0.193983
66300	0.027026
66350	0.163408
66400	0.130172
66450	0.062004
66500	0.012055
66550	-0.116288
66600	0.014924
66650	0.323065
66700	-0.116826
66750	0.092865
66800	-0.039510
66850	-0.086251
66900	-0.038682
66950	-0.179040
67000	-0.093287
67050	-0.023206
67100	-0.079480
67150	-0.104518
67200	-0.115690
67250	0.041516
67300	-0.011604
67350	-0.039434
67400	0.011153
67450	0.033341
67500	-0.110402
67550	0.028992
67600	0.026231
67650	0.058064
67700	0.107852
67750	0.086335
67800	0.102638
67850	-0.043721
67900	-0.074689
67950	-0.109667
68000	-0.197597
68050	0.018137
68100	0.026843
68150	0.210804
68200	-0.063594
68250	-0.027838
68300	0.003321
68350	-0.067216
68400	-0.068394
68450	-0.243407
68500	0.142337
68550	0.114471
68600	0.091292
68650	-0.010731
68700	0.039876
68750	-0.054432
68800	-0.338576
68850	0.017265
68900	-0.100518
68950	-0.043392
69000	-0.101461
69050	0.085098
69100	-0.123224
69150	0.030218
69200	0.015277
69250	-0.037638
69300	-0.052027
69350	0.028589
69400	0.104548
69450	-0.240917
69500	-0.143474
69550	-0.211108
69600	-0.183769
69650	0.075528
69700	-0.154348
69750	-0.092950
69800	-0.039351
69850	-0.000668
69900	-0.230682
69950	0.172585
70000	-0.114045
70050	-0.019274
70100	0.112058
70150	-0.202402
70200	0.018053
70250	-0.161912
70300	-0.084343
70350	-0.043505
70400	0.014133
70450	-0.108514
70500	0.080270
70550	-0.008433
70600	0.034033
70650	0.088213
70700	0.012305
70750	-0.066571
70800	0.246122
70850	-0.033369
70900	0.022558
70950	-0.011290
71000	-0.094308
71050	-0.112263
71100	-0.004188
71150	-0.056917
71200	-0.065335
71250	0.042331
71300	-0.107719
71350	-0.129396
71400	-0.018705
71450	0.017410
71500	0.082252
71550	-0.198133
71600	-0.102531
71650	-0.015826
71700	-0.052286
71750	-0.133297
71800	0.020135
71850	-0.043045
71900	0.118550
71950	-0.282506
72000	-0.172671
72050	-0.008743
72100	-0.077233
72150	-0.064408
72200	0.114053
72250	-0.007717
72300	-0.012395
72350	-0.083689
72400	0.151128
72450	0.101218
72500	0.032202
72550	0.024591
72600	0.075040
72650	0.110092
72700	-0.168526
72750	-0.038001
72800	-0.045324
72850	-0.082962
72900	0.024270
72950	-0.238543
73000	-0.052594
73050	-0.063801
73100	-0.035108
73150	-0.168453
73200	-0.051198
73250	-0.137599
73300	0.174526
73350	0.087316
73400	-0.224869
73450	-0.068035
73500	0.039571
73550	-0.161802
73600	0.095315
73650	-0.036184
73700	-0.104520
73750	-0.096262
73800	-0.168350
73850	-0.085465
73900	-0.030672
73950	0.200156
74000	-0.231612
74050	-0.193279
74100	0.001992
74150	-0.061381
74200	0.040200
74250	0.055893
74300	-0.095357
74350	0.223119
74400	-0.063022
74450	0.072547
74500	0.074713
74550	0.205446
74600	0.072936
74650	-0.166030
74700	-0.026437
74750	-0.038515
74800	0.003118
74850	-0.079793
74900	-0.042690
74950	-0.129186
75000	0.014219
75050	-0.082382
75100	0.194473
75150	0.062163
75200	-0.119790
75250	0.051172
75300	-0.023626
75350	0.062183
75400	-0.077395
75450	0.096347
75500	0.041057
75550	0.384020
75600	0.119839
75650	0.078031
75700	0.040585
75750	-0.096245
75800	-0.010447
75850	-0.090223
75900	-0.061770
75950	-0.128479
76000	0.013299
76050	0.134452
76100	0.088972
76150	-0.039368
76200	0.082807
76250	0.030928
76300	-0.077610
76350	-0.068844
76400	-0.123357
76450	-0.022099
76500	-0.161976
76550	0.269859
76600	0.073065
76650	-0.036835
76700	0.070918
76750	-0.004585
76800	0.080973
76850	0.052947
76900	-0.013930
76950	-0.145148
77000	-0.144980
77050	0.269391
77100	-0.034013
77150	-0.011358
77200	-0.170573
77250	0.031257
77300	-0.037256
77350	0.099492
77400	0.079969
77450	0.050107
77500	-0.014321
77550	0.021289
77600	0.005486
77650	-0.037225
77700	0.104634
77750	-0.030750
77800	0.163592
77850	-0.139418
77900	0.098477
77950	-0.006407
78000	-0.035196
78050	0.051230
78100	0.044345
78150	0.016169
78200	-0.046086
78250	0.037634
78300	0.080991
78350	0.017001
78400	-0.311844
78450	-0.027026
78500	-0.004311
78550	-0.150345
78600	0.137750
78650	-0.021441
78700	-0.091647
78750	0.085375
78800	0.145016
78850	-0.195968
78900	-0.108753
78950	-0.020730
79000	-0.108534
79050	-0.027294
79100	0.073479
79150	-0.011210
79200	0.009340
79250	-0.047127
79300	-0.106466
79350	-0.029601
79400	-0.007850
79450	0.260522
79500	0.031778
79550	-0.065211
79600	0.038807
79650	0.178107
79700	-0.041984
79750	0.156614
79800	-0.060625
79850	0.096296
79900	0.166175
79950	0.028390
80000	0.160165
80050	0.072352
80100	0.093443
80150	0.137722
80200	0.176162
80250	-0.000536
80300	-0.045967
80350	-0.063796
80400	-0.060729
80450	0.253288
80500	0.202691
80550	0.120271
80600	0.144514
80650	-0.090058
80700	0.002597
80750	-0.025328
80800	0.125861
80850	0.003790
80900	0.109835
80950	0.038191
81000	-0.074577
81050	0.028065
81100	0.072550
81150	0.141833
81200	0.051844
81250	-0.124046
81300	0.032245
81350	-0.110185
81400	0.042590
81450	-0.005100
81500	0.133359
81550	-0.019373
81600	0.074934
81650	-0.013601
81700	0.055888
81750	0.150257
81800	0.008485
81850	-0.184487
81900	-0.049990
81950	-0.060002
82000	-0.056458
82050	-0.005037
82100	-0.016029
82150	-0.053032
82200	0.062721
82250	0.055905
82300	-0.002996
82350	-0.145618
82400	-0.214879
82450	0.056211
82500	-0.087872
82550	0.073404
82600	0.166327
82650	0.015044
82700	0.066037
82750	-0.181115
82800	0.068177
82850	0.089503
82900	-0.010359
82950	-0.027628
83000	-0.145889
83050	0.152918
83100	-0.104884
83150	0.103982
83200	0.238025
83250	0.063561
83300	-0.032281
83350	0.079006
83400	-0.032942
83450	0.136487
83500	0.073227
83550	-0.122877
83600	-0.150821
83650	0.042960
83700	0.106151
83750	0.006632
83800	0.001412
83850	0.070975
83900	0.078072
83950	0.018578
84000	-0.087668
84050	-0.204451
84100	0.141434
84150	0.176331
84200	0.038285
84250	0.009053
84300	0.191070
84350	0.067726
84400	0.076001
84450	-0.101691
84500	0.043875
84550	0.046910
84600	-0.098182
84650	0.073194
84700	-0.132355
84750	-0.037225
84800	-0.060627
84850	-0.020096
84900	-0.236945
84950	-0.079935
85000	-0.004665
85050	0.014508
85100	0.055155
85150	0.056440
85200	0.019964
85250	-0.122264
85300	0.061772
85350	0.075619
85400	0.057800
85450	-0.057189
85500	0.030882
85550	0.043684
85600	0.173526
85650	0.041004
85700	0.042701
85750	-0.162413
85800	-0.080316
85850	0.085687
85900	0.060179
85950	-0.005437
86000	-0.057686
86050	-0.130733
86100	0.078117
86150	-0.082287
86200	-0.228756
86250	-0.152849
86300	-0.103797
86350	-0.085026
86400	-0.045174
86450	0.050311
86500	0.017232
86550	-0.025661
86600	0.073204
86650	0.129410
86700	0.073852
86750	-0.017276
86800	0.009861
86850	0.126224
86900	-0.002727
86950	-0.071244
87000	-0.067128
87050	-0.090896
87100	0.159305
87150	0.091466
87200	0.157696
87250	-0.044252
87300	0.089635
87350	0.119773
87400	0.261376
87450	-0.100593
87500	0.205600
87550	-0.046493
87600	-0.050117
87650	-0.101998
87700	-0.137938
87750	0.030549
87800	-0.065762
87850	-0.061848
87900	0.189942
87950	0.112289
88000	0.057497
88050	0.038935
88100	0.010388
88150	0.096734
88200	0.031869
88250	-0.108994
88300	0.060223
88350	-0.105287
88400	0.210187
88450	0.022334
88500	0.018512
88550	-0.115005
88600	0.207585
88650	0.037956
88700	0.114796
88750	0.096950
88800	-0.115635
88850	0.189673
88900	-0.059737
88950	-0.071478
89000	-0.034143
89050	0.204011
89100	0.128751
89150	0.057135
89200	-0.018818
89250	0.121960
89300	0.124320
89350	0.079761
89400	-0.037325
89450	-0.061283
89500	-0.047702
89550	-0.081141
89600	-0.037231
89650	0.093079
89700	0.064344
89750	0.074132
89800	-0.064668
89850	0.075709
89900	0.067914
89950	0.117643
90000	0.024217
90050	-0.070944
90100	-0.033091
90150	0.058167
90200	-0.270783
90250	-0.024729
90300	0.100929
90350	0.045725
90400	0.210503
90450	0.029996
90500	0.036985
90550	0.010644
90600	-0.018434
90650	0.073151
90700	0.085350
90750	-0.089742
90800	-0.146098
90850	0.061187
90900	0.234530
90950	0.086627
91000	-0.039582
91050	-0.175807
91100	0.038936
91150	0.006830
91200	0.131913
91250	-0.087135
91300	-0.000512
91350	-0.060283
91400	-0.078158
91450	-0.048015
91500	0.188849
91550	0.058373
91600	-0.028696
91650	0.119245
91700	0.029566
91750	0.010454
91800	0.002370
91850	-0.028531
91900	-0.044329
91950	0.011750
92000	0.001992
92050	0.148384
92100	0.087970
92150	-0.110377
92200	0.134314
92250	0.060594
92300	0.009443
92350	-0.134008
92400	-0.117055
92450	0.133267
92500	0.110840
92550	-0.203518
92600	-0.253194
92650	0.023392
92700	-0.108336
92750	-0.001587
92800	-0.155003
92850	-0.335178
92900	-0.040450
92950	-0.134747
93000	0.067726
93050	-0.157149
93100	-0.128917
93150	0.002838
93200	-0.073754
93250	-0.076624
93300	0.095974
93350	-0.005388
93400	-0.159031
93450	0.131424
93500	-0.112719
93550	-0.094281
93600	-0.225135
93650	-0.201873
93700	0.019921
93750	0.145818
93800	0.086241
93850	0.100630
93900	0.085581
93950	0.112877
94000	0.062862
94050	-0.245517
94100	-0.050347
94150	0.105696
94200	-0.031503
94250	-0.054767
94300	0.099851
94350	0.122346
94400	-0.144606
94450	-0.045027
94500	-0.112464
94550	-0.064197
94600	-0.154418
94650	-0.126562
94700	-0.073758
94750	0.138957
94800	0.139975
94850	0.076446
94900	0.059171
94950	-0.118077
95000	-0.113640
95050	0.049456
95100	-0.214575
95150	-0.032557
95200	0.072546
95250	-0.058123
95300	-0.154708
95350	-0.133213
95400	0.142193
95450	0.054294
95500	0.207954
95550	-0.028921
95600	0.050802
95650	0.220921
95700	0.187533
95750	0.008603
95800	-0.012301
95850	-0.012430
95900	0.004973
95950	-0.025344
96000	0.128096
96050	-0.054474
96100	0.049507
96150	0.175987
96200	0.057563
96250	-0.094811
96300	0.092213
96350	0.131010
96400	0.163060
96450	0.094942
96500	-0.106920
96550	-0.093836
96600	0.044946
96650	0.085940
96700	0.045351
96750	0.163599
96800	-0.068344
96850	-0.076081
96900	0.050060
96950	0.134133
97000	0.016251
97050	0.089255
97100	-0.044151
97150	-0.072726
97200	-0.002816
97250	-0.107604
97300	-0.140508
97350	0.042895
97400	-0.037629
97450	-0.000219
97500	0.115040
97550	0.078949
97600	0.202345
97650	0.145348
97700	-0.075472
97750	-0.054319
97800	0.140124
97850	0.132893
97900	-0.069072
97950	-0.034720
98000	-0.050377
98050	-0.053949
98100	-0.039355
98150	0.206441
98200	0.020697
98250	-0.093071
98300	0.045362
98350	0.162873
98400	0.066712
98450	-0.082357
98500	0.011005
98550	-0.014936
98600	0.009549
98650	0.111996
98700	-0.137652
98750	-0.076638
98800	-0.046707
98850	0.004404
98900	-0.191319
98950	0.085765
99000	0.125193
99050	0.040323
99100	-0.113445
99150	0.182347
99200	0.050694
99250	0.000952
99300	-0.094306
99350	0.005989
99400	0.066594
99450	-0.042220
99500	-0.005676
99550	-0.015526
99600	-0.013331
99650	0.092397
99700	-0.132875
99750	-0.039134
99800	-0.169691
99850	-0.144876
99900	0.080148
99950	0.133914
100000	0.059754
100050	0.083884
100100	-0.090147
100150	-0.101037
100200	-0.017332
100250	0.062576
100300	-0.039362
100350	0.114881
100400	0.112099
100450	-0.120148
100500	0.059745
100550	-0.066804
100600	0.017174
100650	0.062089
100700	-0.076274
100750	0.012553
100800	0.100594
100850	0.120979
100900	0.050042
100950	0.036191
101000	-0.160052
101050	0.044936
101100	-0.107696
101150	-0.075007
101200	-0.212678
101250	0.178525
101300	-0.106207
101350	-0.142894
101400	-0.020680
101450	0.147768
101500	-0.211830
101550	-0.106043
101600	-0.038160
101650	0.038017
101700	0.146002
101750	-0.024624
101800	0.092098
101850	-0.289042
101900	-0.023647
101950	0.074825
102000	-0.150880
102050	0.125225
102100	0.140537
102150	0.030958
102200	0.019356
102250	0.269233
102300	0.014385
102350	0.019447
102400	0.050081
102450	0.230713
102500	0.108980
102550	0.119273
102600	0.084715
102650	0.123283
102700	-0.063091
102750	-0.034654
102800	-0.059884
102850	-0.150406
102900	0.105662
102950	-0.028718
103000	0.050742
103050	0.013578
103100	0.032100
103150	-0.007484
103200	0.040682
103250	-0.029228
103300	-0.246208
103350	-0.020136
103400	-0.091885
103450	-0.084680
103500	-0.132850
103550	0.142416
103600	-0.232321
103650	0.104035
103700	0.102142
103750	0.010334
103800	0.011810
103850	-0.109228
103900	0.053141
103950	-0.137546
104000	0.167645
104050	0.105867
104100	-0.141071
104150	-0.160442
104200	0.149778
104250	-0.065284
104300	-0.003589
104350	0.146172
104400	0.169348
104450	0.219918
104500	0.108075
104550	0.019919
104600	0.107370
104650	-0.258179
104700	-0.019155
104750	-0.009565
104800	-0.001580
104850	-0.043931
104900	0.177430
104950	-0.037893
105000	-0.037170
105050	0.048282
105100	0.092846
105150	0.304060
105200	0.052982
105250	-0.288929
105300	0.017640
105350	-0.021643
105400	-0.099158
105450	0.067740
105500	0.054258
105550	0.102392
105600	0.039876
105650	0.012551
105700	0.009474
105750	-0.002284
105800	-0.086231
105850	0.199338
105900	-0.065541
105950	-0.046569
106000	0.041174
106050	-0.064113
106100	-0.046560
106150	-0.043529
106200	0.160237
106250	-0.152215
106300	-0.021895
106350	-0.098883
106400	0.058269
106450	-0.097606
106500	-0.002900
106550	0.009886
106600	0.020029
106650	0.024462
106700	-0.027770
106750	0.002504
106800	-0.034058
106850	-0.042224
106900	0.023408
106950	-0.057053
107000	0.093616
107050	0.040318
107100	-0.143481
107150	0.038113
107200	-0.007446
107250	0.030147
107300	0.006961
107350	0.072664
107400	-0.141522
107450	-0.006224
107500	0.176389
107550	0.081608
107600	-0.109915
107650	0.093202
107700	0.096588
107750	0.124790
107800	0.096120
107850	0.118413
107900	0.104213
107950	-0.065404
108000	-0.088396
108050	0.200956
108100	0.089610
108150	-0.085824
108200	-0.183637
108250	-0.036169
108300	-0.002482
108350	-0.016723
108400	-0.158998
108450	0.028095
108500	0.197303
108550	0.051285
108600	0.097439
108650	0.096593
108700	0.195812
108750	-0.126243
108800	0.196489
108850	0.031560
108900	-0.096631
108950	0.013479
109000	0.183173
109050	0.133493
109100	0.022730
109150	0.269127
109200	-0.022851
109250	-0.244123
109300	0.026271
109350	0.014891
109400	-0.007749
109450	0.208676
109500	0.075521
109550	-0.024082
109600	-0.073054
109650	-0.189711
109700	0.065896
109750	0.050762
109800	-0.158870
109850	-0.110643
109900	-0.091675
109950	0.169481
110000	0.279601
110050	0.026074
110100	-0.127851
110150	0.030117
110200	0.000044
110250	0.055817
110300	-0.036921
110350	-0.277137
110400	0.064000
110450	0.104737
110500	0.154697
110550	0.035503
110600	-0.024125
110650	0.138580
110700	-0.103262
110750	-0.105194
110800	-0.069229
110850	-0.059133
110900	-0.112286
110950	-0.024622
111000	0.065339
111050	0.099490
111100	-0.120577
111150	-0.030951
111200	-0.277122
111250	-0.020297
111300	0.199989
111350	-0.142217
111400	0.151271
111450	-0.054897
111500	0.047919
111550	0.046300
111600	-0.073815
111650	-0.144012
111700	-0.079800
111750	0.055711
111800	-0.043142
111850	-0.241279
111900	0.001557
111950	0.217790
112000	-0.042268
112050	-0.110602
112100	0.017234
112150	0.087745
112200	-0.143895
112250	0.011309
112300	-0.082395
112350	-0.099193
112400	0.032521
112450	0.043923
112500	0.112090
112550	0.148769
112600	-0.109753
112650	-0.040489
112700	-0.023095
112750	0.062108
112800	-0.177746
112850	-0.183820
112900	0.168354
112950	0.034671
113000	-0.209023
113050	0.189876
113100	-0.006102
113150	-0.010658
113200	0.107402
113250	-0.040810
113300	0.041487
113350	-0.121630
113400	-0.006412
113450	-0.113472
113500	0.136420
113550	-0.003775
113600	0.085772
113650	-0.127430
113700	-0.091855
113750	0.088084
113800	0.064177
113850	0.029601
113900	-0.144361
113950	-0.127449
114000	0.053263
114050	0.067277
114100	-0.089425
114150	0.144281
114200	-0.038960
114250	-0.016727
114300	0.138204
114350	-0.011438
114400	0.004681
114450	-0.060090
114500	-0.194422
114550	-0.021754
114600	0.048550
114650	-0.012170
114700	0.127717
114750	0.148111
114800	-0.058784
114850	0.023229
114900	-0.247806
114950	0.077119
115000	-0.258284
115050	-0.087077
115100	0.065038
115150	-0.032603
115200	0.038572
115250	-0.068210
115300	0.038980
115350	-0.071193
115400	-0.181686
115450	-0.144136
115500	0.055757
115550	-0.098603
115600	0.057023
115650	-0.097273
115700	-0.015138
115750	0.048127
115800	0.020592
115850	0.037668
115900	-0.179221
115950	-0.043086
116000	-0.163909
116050	0.035242
116100	-0.037997
116150	-0.041714
116200	-0.140453
116250	-0.005941
116300	-0.016254
116350	-0.020723
116400	0.079362
116450	0.230153
116500	-0.017432
116550	-0.061390
116600	0.044268
116650	-0.155402
116700	0.035331
116750	0.015969
116800	0.053298
116850	-0.089866
116900	-0.104909
116950	0.154612
117000	-0.008487
117050	-0.042596
117100	0.143745
117150	-0.286099
117200	-0.040386
117250	-0.180308
117300	0.059581
117350	-0.083434
117400	0.243219
117450	0.031026
117500	0.019528
117550	0.061092
117600	0.056955
117650	0.153270
117700	0.012489
117750	-0.135747
117800	-0.034823
117850	0.102246
117900	0.159357
117950	0.116973
118000	0.062347
118050	0.085488
118100	0.227366
118150	0.110852
118200	-0.045382
118250	0.162816
118300	0.104096
118350	0.050350
118400	-0.107381
118450	0.067820
118500	0.159496
118550	0.058749
118600	0.180533
118650	-0.098198
118700	-0.030096
118750	-0.131564
118800	-0.291605
118850	-0.168341
118900	-0.034705
118950	-0.081387
119000	-0.104193
119050	0.034517
119100	0.175933
119150	0.023064
119200	-0.072923
119250	-0.059348
119300	-0.088452
119350	-0.165041
119400	0.013177
119450	0.029128
119500	0.043991
119550	-0.083722
119600	-0.066836
119650	-0.056311
119700	0.006033
119750	-0.223745
119800	0.015766
119850	-0.207774
119900	0.130688
119950	-0.000584
120000	-0.085657
120050	0.012480
120100	0.122117
120150	-0.011157
120200	0.018583
120250	0.078147
120300	0.014357
120350	0.072299
120400	0.044270
120450	0.183817
120500	-0.041407
120550	-0.164160
120600	-0.093989
120650	-0.031020
120700	0.173084
120750	0.006853
120800	-0.076141
120850	-0.042718
120900	-0.064585
120950	0.091447
121000	0.036572
121050	0.218862
121100	-0.004354
121150	-0.102455
121200	0.066150
121250	0.076972
121300	0.068664
121350	0.144379
121400	0.258574
121450	-0.053165
121500	-0.041867
121550	0.051773
121600	-0.144801
121650	0.158604
121700	0.069402
121750	-0.039449
121800	-0.151061
121850	-0.062900
121900	0.000989
121950	0.100574
122000	0.073362
122050	-0.104954
122100	0.038966
122150	-0.179900
122200	-0.186092
122250	0.068072
122300	0.046199
122350	0.077750
122400	-0.104715
122450	0.123444
122500	-0.164550
122550	0.050995
122600	-0.106188
122650	-0.076702
122700	0.019237
122750	0.015984
122800	0.014149
122850	0.011330
122900	-0.000319
122950	0.083101
123000	-0.260673
123050	-0.047458
123100	0.154286
123150	0.075600
123200	0.074080
123250	0.061597
123300	-0.120452
123350	-0.094208
123400	-0.104678
123450	0.040039
123500	0.111573
123550	-0.088980
123600	-0.135649
123650	0.031257
123700	-0.038251
123750	0.035200
123800	-0.044055
123850	-0.098348
123900	0.236467
123950	0.045782
124000	0.064370
124050	0.150501
124100	-0.010253
124150	0.120142
124200	-0.061858
124250	-0.117026
124300	-0.074486
124350	0.071843
124400	0.244430
124450	0.015790
124500	-0.084532
124550	-0.003002
124600	0.044980
124650	0.175876
124700	-0.058897
124750	-0.001919
124800	-0.060853
124850	-0.045547
124900	-0.138518
124950	-0.080369
125000	0.033698
125050	0.158504
125100	-0.120789
125150	-0.096591
125200	-0.014278
125250	-0.056305
125300	-0.223644
125350	-0.006392
125400	0.055332
125450	-0.063622
125500	0.063210
125550	0.054629
125600	-0.006699
125650	-0.151539
125700	-0.213446
125750	-0.009803
125800	-0.043605
125850	-0.062335
125900	0.096490
125950	0.029415
126000	-0.030964
126050	-0.023297
126100	-0.136434
126150	-0.124065
126200	-0.204241
126250	-0.004438
126300	-0.205817
126350	-0.025559
126400	0.091434
126450	0.125499
126500	-0.155248
126550	-0.070950
126600	0.124708
126650	-0.020201
126700	-0.006200
126750	0.052224
126800	-0.102222
126850	0.000473
126900	0.161647
126950	0.021425
127000	-0.138452
127050	-0.000785
127100	0.048712
127150	-0.048223
127200	-0.173376
127250	-0.117141
127300	-0.092511
127350	0.059882
127400	-0.009008
127450	-0.016482
127500	-0.110613
127550	-0.007028
127600	-0.177643
127650	0.089966
127700	-0.097882
127750	-0.112626
127800	0.128300
127850	-0.006350
127900	0.038013
127950	0.132121
128000	0.317072
128050	0.210170
128100	-0.145151
128150	0.096113
128200	0.011005
128250	0.035363
128300	-0.234846
128350	-0.046745
128400	-0.026224
128450	0.076434
128500	-0.135222
128550	0.078580
128600	-0.081486
128650	-0.018590
128700	0.110288
128750	-0.041065
128800	0.043041
128850	0.047088
128900	0.082309
128950	0.110867
129000	0.068945
129050	0.240681
129100	0.067384
129150	0.084735
129200	-0.080336
129250	0.051578
129300	0.140366
129350	0.047550
129400	-0.056702
129450	0.036970
129500	-0.179639
129550	-0.126947
129600	-0.029117
129650	0.085334
129700	-0.216447
129750	-0.006250
129800	0.158868
129850	-0.001493
129900	-0.005959
129950	-0.032507
130000	-0.083369
130050	0.101072
130100	0.192181
130150	0.076438
130200	-0.066970
130250	-0.098476
130300	-0.112616
130350	-0.034113
130400	-0.105017
130450	-0.033834
130500	0.029161
130550	-0.127201
130600	-0.013434
130650	-0.048390
130700	0.068871
130750	0.085487
130800	0.051011
130850	-0.021229
130900	-0.025182
130950	0.099200
131000	0.016051
131050	-0.127509
131100	-0.018997
131150	0.009495
131200	0.086591
131250	0.137451
131300	0.002670
131350	-0.154480
131400	0.090145
131450	0.182192
131500	0.162272
131550	0.132452
131600	0.023557
131650	0.059540
131700	0.014113
131750	0.009734
131800	-0.152437
131850	0.246286
131900	-0.010500
131950	-0.164567
132000	0.255848
132050	0.011424
132100	0.057980
132150	0.017667
132200	-0.036407
132250	-0.113225
132300	-0.051518
132350	-0.055680
132400	-0.001170
132450	0.156311
132500	0.195354
132550	0.028515
132600	-0.128001
132650	0.043442
132700	0.036658
132750	-0.076253
132800	-0.031537
132850	-0.066419
132900	-0.072456
132950	-0.052021
133000	0.076577
133050	0.145858
133100	0.059565
133150	-0.016015
133200	-0.183663
133250	-0.109269
133300	0.040497
133350	0.170173
133400	-0.110939
133450	0.061305
133500	-0.191521
133550	0.044533
133600	-0.058502
133650	0.192567
133700	0.125659
133750	0.042479
133800	0.110386
133850	-0.118803
133900	-0.092142
133950	0.061509
134000	0.000030
134050	-0.101552
134100	-0.082094
134150	0.026413
134200	-0.138999
134250	0.147975
134300	-0.098291
134350	0.224164
134400	0.029770
134450	0.018692
134500	0.061123
134550	0.003780
134600	-0.014938
134650	-0.149505
134700	-0.116621
134750	-0.092998
134800	0.129128
134850	-0.011625
134900	0.043045
134950	0.116949
135000	-0.018382
135050	0.029912
135100	-0.066059
135150	-0.160295
135200	-0.126411
135250	0.004619
135300	0.002646
135350	-0.066756
135400	-0.036685
135450	0.063247
135500	0.130783
135550	-0.040595
135600	-0.210187
135650	0.045931
135700	0.023176
135750	0.014715
135800	0.170959
135850	-0.113659
135900	-0.183866
135950	0.070930
136000	0.064083
136050	-0.102419
136100	0.019063
136150	0.072158
136200	0.001547
136250	-0.122259
136300	-0.027112
136350	-0.030480
136400	0.305415
136450	0.079268
136500	0.191978
136550	0.199411
136600	-0.025254
136650	0.029555
136700	-0.012138
136750	-0.069537
136800	0.089021
136850	-0.091747
136900	-0.127111
136950	0.008729
137000	-0.170522
137050	0.001198
137100	-0.027568
137150	-0.072411
137200	-0.088498
137250	0.039775
137300	-0.035599
137350	0.289806
137400	0.022949
137450	0.006388
137500	0.054363
137550	0.013935
137600	-0.076464
137650	-0.026596
137700	-0.167518
137750	0.027490
137800	-0.046795
137850	-0.023469
137900	0.030757
137950	-0.062244
138000	-0.074734
138050	-0.147611
138100	-0.062973
138150	0.084269
138200	-0.030686
138250	-0.089530
138300	-0.113543
138350	-0.186599
138400	0.191141
138450	-0.056087
138500	-0.373310
138550	-0.221851
138600	-0.053881
138650	-0.034512
138700	0.001991
138750	-0.131633
138800	0.017459
138850	0.134371
138900	-0.093212
138950	-0.007526
139000	0.033909
139050	0.073494
139100	-0.122287
139150	0.120432
139200	0.130444
139250	0.107408
139300	0.103472
139350	0.087854
139400	0.149976
139450	-0.028428
139500	0.174890
139550	-0.254356
139600	-0.235660
139650	-0.110196
139700	0.113624
139750	0.170307
139800	0.074647
139850	0.045576
139900	-0.156971
139950	-0.061990
140000	-0.032561
140050	-0.116477
140100	-0.241656
140150	0.009890
140200	-0.057542
140250	0.108892
140300	0.126281
140350	0.073943
140400	0.120608
140450	0.088003
140500	0.181355
140550	0.187139
140600	-0.005000
140650	0.104643
140700	-0.023628
140750	0.110420
140800	-0.069550
140850	0.176517
140900	-0.041369
140950	-0.028372
141000	-0.090540
141050	0.011166
141100	-0.026857
141150	-0.062271
141200	-0.153336
141250	-0.060361
141300	0.055906
141350	0.068884
141400	-0.074531
141450	-0.139093
141500	-0.068292
141550	0.029566
141600	0.084300
141650	0.056470
141700	-0.108937
141750	-0.162555
141800	-0.140752
141850	0.008450
141900	0.107960
141950	0.179379
142000	-0.070871
142050	-0.100132
142100	0.026980
142150	0.065943
142200	0.088545
142250	-0.123778
142300	0.117062
142350	0.199999
142400	-0.044638
142450	0.007291
142500	-0.010776
142550	0.070694
142600	-0.160960
142650	-0.058656
142700	-0.017554
142750	0.107380
142800	-0.138177
142850	-0.125778
142900	0.034174
142950	0.202603
143000	0.160633
143050	0.097205
143100	-0.085559
143150	0.140187
143200	0.013293
143250	0.036625
143300	0.199411
143350	-0.084243
143400	0.142302
143450	0.121141
143500	0.000274
143550	-0.012660
143600	0.090434
143650	0.058346
143700	0.120815
143750	-0.003453
143800	0.095571
143850	-0.169849
143900	-0.044838
143950	0.003941
144000	0.121078
144050	0.214387
144100	0.008755
144150	0.081745
144200	0.039709
144250	0.267120
144300	0.088010
144350	0.045077
144400	-0.006805
144450	0.146871
144500	0.178530
144550	0.121030
144600	0.172512
144650	0.223192
144700	0.088881
144750	0.309329
144800	-0.050957
144850	-0.035750
144900	0.075104
144950	0.000072
145000	-0.187809
145050	0.208764
145100	0.164637
145150	-0.025222
145200	-0.022239
145250	0.058094
145300	0.074472
145350	-0.097917
145400	0.023896
145450	-0.139114
145500	-0.078277
145550	0.033474
145600	0.065326
145650	-0.014909
145700	-0.104909
145750	0.075622
145800	0.057175
145850	0.029343
145900	0.133878
145950	0.018555
146000	-0.114021
146050	0.159607
146100	-0.074438
146150	0.177312
146200	0.057191
146250	-0.182548
146300	-0.008464
146350	-0.022692
146400	-0.034207
146450	-0.026368
146500	-0.218199
146550	-0.111871
146600	0.064536
146650	0.033615
146700	0.031299
146750	-0.125788
146800	-0.118774
146850	-0.002693
146900	0.092918
146950	0.124110
147000	-0.054940
147050	-0.023551
147100	0.213080
147150	0.028803
147200	0.103698
147250	-0.004423
147300	0.064961
147350	0.030315
147400	-0.062838
147450	-0.106845
147500	0.175983
147550	-0.115034
147600	0.124555
147650	-0.175826
147700	0.003985
147750	0.178001
147800	0.096215
147850	0.009783
147900	0.159762
147950	0.067563
148000	0.048781
148050	0.224047
148100	0.044216
148150	0.064177
148200	0.149381
148250	-0.229321
148300	-0.074446
148350	0.130585
148400	-0.006957
148450	0.067153
148500	-0.004771
148550	0.190580
148600	0.047838
148650	-0.043618
148700	0.055947
148750	0.028822
148800	0.047115
148850	-0.165382
148900	-0.144553
148950	-0.024460
149000	0.033999
149050	0.035123
149100	0.122944
149150	0.100515
149200	-0.042435
149250	-0.113388
149300	0.073548
149350	0.003264
149400	-0.028591
149450	0.131011
149500	0.033298
149550	0.081556
149600	0.152725
149650	-0.040580
149700	-0.059988
149750	-0.069358
149800	0.063037
149850	-0.162523
149900	-0.219521
149950	-0.038611
150000	0.068904
150050	0.038771
150100	0.093805
150150	-0.059024
150200	0.061092
150250	0.023027
150300	0.142479
150350	-0.025393
150400	-0.001485
150450	-0.026832
150500	-0.093930
150550	-0.000720
150600	-0.143508
150650	-0.068004
150700	0.040622
150750	0.016640
150800	-0.102121
150850	0.077458
150900	0.024085
150950	0.036043
151000	0.096909
151050	0.116941
151100	0.206041
151150	0.060563
151200	-0.030840
151250	0.202519
151300	0.066830
151350	-0.022211
151400	-0.044647
151450	0.035107
151500	-0.269710
151550	-0.052184
151600	-0.078774
151650	-0.070851
151700	0.057912
151750	-0.047418
151800	-0.181517
151850	-0.074168
151900	0.008204
151950	-0.091235
152000	0.040344
152050	-0.177256
152100	-0.037675
152150	-0.277532
152200	0.186329
152250	0.066652
152300	0.114076
152350	0.007261
152400	0.124415
152450	0.075432
152500	-0.031467
152550	0.020507
152600	0.089029
152650	-0.062344
152700	-0.080177
152750	0.117070
152800	0.038631
152850	-0.224904
152900	0.081971
152950	-0.027863
153000	0.083450
153050	0.078906
153100	0.039566
153150	-0.156700
153200	-0.093626
153250	0.123816
153300	-0.105311
153350	0.103715
153400	-0.135771
153450	0.056500
153500	0.123131
153550	0.203297
153600	0.136183
153650	0.055570
153700	-0.014338
153750	0.081880
153800	0.038491
153850	-0.117629
153900	-0.058525
153950	-0.206790
154000	0.170873
154050	0.053947
154100	-0.100956
154150	-0.145442
154200	0.036317
154250	-0.069446
154300	-0.129456
154350	-0.167698
154400	0.047619
154450	0.138084
154500	0.052262
154550	0.035121
154600	0.161202
154650	-0.005470
154700	-0.075422
154750	-0.236073
154800	0.229848
154850	-0.215156
154900	-0.160669
154950	-0.036122
155000	-0.012090
155050	0.072857
155100	0.042089
155150	-0.046208
155200	0.006437
155250	-0.188541
155300	0.088143
155350	0.046985
155400	0.029923
155450	-0.171002
155500	-0.032250
155550	0.096946
155600	0.058837
155650	0.098173
155700	0.059498
155750	0.028207
155800	0.056445
155850	-0.120167
155900	-0.055555
155950	-0.026933
156000	0.294128
156050	0.172937
156100	0.041747
156150	0.020079
156200	0.061262
156250	0.194400
156300	-0.259232
156350	0.006505
156400	-0.071130
156450	-0.013118
156500	-0.131553
156550	-0.053191
156600	-0.212069
156650	0.011454
156700	-0.069781
156750	-0.158597
156800	-0.020117
156850	0.010262
156900	-0.000172
156950	0.052060
157000	0.081830
157050	-0.041619
157100	-0.088218
157150	0.092597
157200	-0.185751
157250	0.038781
157300	-0.024329
157350	0.140223
157400	0.060166
157450	0.108393
157500	-0.200110
157550	-0.004935
157600	-0.022801
157650	0.047696
157700	0.054553
157750	0.088483
157800	0.068725
157850	-0.054535
157900	0.018956
157950	-0.084509
158000	0.062942
158050	0.001022
158100	-0.110843
158150	0.226190
158200	0.136292
158250	-0.019167
158300	-0.188656
158350	0.056258
158400	0.065687
158450	-0.043070
158500	0.047558
158550	-0.138224
158600	-0.085257
158650	-0.025005
158700	-0.120349
158750	0.026768
158800	0.006005
158850	0.027826
158900	0.141561
158950	-0.206956
159000	-0.126854
159050	-0.221714
159100	-0.149442
159150	-0.276330
159200	0.088302
159250	0.038306
159300	-0.085607
159350	-0.060245
159400	-0.076640
159450	-0.133267
159500	-0.111319
159550	-0.278641
159600	0.128483
159650	0.045434
159700	-0.009464
159750	0.080287
159800	-0.022175
159850	0.009369
159900	-0.075702
159950	-0.023788
160000	-0.214184
160050	-0.110286
160100	-0.141879
160150	-0.097739
160200	0.010273
160250	-0.076643
160300	-0.226351
160350	-0.121364
160400	-0.019232
160450	-0.253888
160500	0.074962
160550	0.001063
160600	-0.014558
160650	0.102088
160700	-0.053192
160750	-0.079992
160800	-0.019841
160850	-0.072547
160900	0.005012
160950	-0.084596
161000	0.050839
161050	0.145011
161100	-0.041743
161150	-0.101845
161200	0.018715
161250	0.009084
161300	-0.049778
161350	-0.103124
161400	0.130759
161450	0.090227
161500	-0.102961
161550	0.012945
161600	0.044656
161650	0.193296
161700	0.123255
161750	0.168344
161800	0.025230
161850	-0.032805
161900	0.182974
161950	-0.122339
162000	0.062273
162050	-0.073835
162100	-0.135756
162150	0.012970
162200	-0.040076
162250	-0.136330
162300	0.001491
162350	0.005869
162400	0.085027
162450	0.190426
162500	0.091672
162550	0.224891
162600	0.083162
162650	-0.004638
162700	-0.170689
162750	-0.206560
162800	-0.117600
162850	0.001317
162900	-0.144560
162950	-0.100443
163000	-0.023571
163050	0.087360
163100	0.101893
163150	-0.026717
163200	0.200252
163250	-0.139450
163300	-0.150099
163350	0.017578
163400	-0.136153
163450	0.135789
163500	0.043032
163550	-0.178488
163600	-0.073582
163650	-0.052929
163700	0.103674
163750	0.140868
163800	-0.015076
163850	0.099621
163900	0.160798
163950	0.023528
164000	0.032516
164050	0.071901
164100	0.124935
164150	-0.104888
164200	-0.025404
164250	-0.095417
164300	-0.081649
164350	0.027940
164400	0.062448
164450	-0.315831
164500	-0.015907
164550	0.036070
164600	0.102516
164650	0.239498
164700	-0.092113
164750	0.103789
164800	0.078303
164850	-0.004877
164900	0.000040
164950	-0.043247
165000	0.044342
165050	-0.053753
165100	0.066971
165150	-0.017164
165200	-0.033188
165250	-0.250094
165300	-0.016707
165350	-0.042539
165400	0.187028
165450	-0.101156
165500	-0.117546
165550	0.077144
165600	-0.027971
165650	-0.043900
165700	-0.057468
165750	-0.032799
165800	0.236941
165850	0.014939
165900	-0.037543
165950	0.117672
166000	0.100631
166050	0.107471
166100	0.012367
166150	0.001546
166200	0.083672
166250	0.264837
166300	-0.012012
166350	-0.097684
166400	0.161349
166450	-0.201572
166500	0.222550
166550	0.199459
166600	0.043405
166650	0.110236
166700	-0.076678
166750	0.087123
166800	-0.126530
166850	0.097191
166900	-0.076376
166950	-0.011350
167000	-0.073134
167050	0.154030
167100	-0.044607
167150	0.027522
167200	0.155723
167250	-0.044759
167300	0.107537
167350	0.022323
167400	-0.012831
167450	-0.003922
167500	0.121098
167550	-0.077317
167600	0.061967
167650	0.082347
167700	-0.010000
167750	0.019423
167800	0.036991
167850	-0.119620
167900	-0.127484
167950	-0.013842
168000	0.045747
168050	0.056200
168100	-0.136554
168150	-0.273599
168200	-0.011581
168250	-0.128588
168300	-0.068826
168350	-0.006823
168400	-0.124307
168450	0.065048
168500	0.085863
168550	-0.039212
168600	-0.140217
168650	-0.228915
168700	-0.036310
168750	-0.292130
168800	0.091432
168850	-0.118408
168900	0.023412
168950	-0.157043
169000	-0.109055
169050	0.091499
169100	-0.025743
169150	0.069648
169200	-0.137122
169250	-0.006688
169300	-0.166598
169350	-0.059477
169400	-0.184761
169450	-0.139985
169500	-0.132622
169550	-0.005357
169600	0.052579
169650	-0.000609
169700	0.097146
169750	0.058441
169800	-0.030626
169850	-0.109997
169900	-0.042090
169950	-0.013861
170000	-0.086599
170050	0.054225
170100	-0.008404
170150	-0.089878
170200	0.015556
170250	-0.041502
170300	0.051784
170350	-0.066844
170400	-0.097188
170450	-0.021566
170500	0.145458
170550	0.188036
170600	0.128027
170650	0.088439
170700	0.000950
170750	0.056670
170800	0.027293
170850	0.175276
170900	0.129827
170950	0.009131
171000	0.044766
171050	0.141838
171100	0.153936
171150	-0.050413
171200	-0.062224
171250	-0.079518
171300	0.093877
171350	0.134738
171400	0.061016
171450	0.019367
171500	-0.024360
171550	-0.181688
171600	0.249769
171650	0.184099
171700	0.014817
171750	-0.112010
171800	-0.083703
171850	0.068747
171900	-0.096556
171950	-0.417604
172000	0.014368
172050	0.004297
172100	-0.111378
172150	-0.067636
172200	0.053949
172250	-0.032429
172300	-0.081711
172350	-0.048034
172400	0.091054
172450	0.029973
172500	0.023722
172550	-0.003240
172600	-0.074704
172650	-0.143107
172700	0.072811
172750	-0.014423
172800	-0.119609
172850	-0.165959
172900	0.208263
172950	0.020680
173000	-0.148037
173050	0.023914
173100	-0.039072
173150	-0.083531
173200	0.011532
173250	-0.088943
173300	0.028654
173350	0.009028
173400	-0.102682
173450	0.028105
173500	0.285641
173550	0.070051
173600	-0.014435
173650	-0.073612
173700	0.043851
173750	0.023544
173800	0.015742
173850	-0.116251
173900	-0.214533
173950	-0.041899
174000	-0.005754
174050	0.055608
174100	0.121196
174150	0.093987
174200	-0.000670
174250	-0.002272
174300	0.087391
174350	-0.104002
174400	-0.002810
174450	0.070878
174500	-0.183807
174550	-0.112506
174600	-0.101526
174650	-0.106190
174700	-0.167618
174750	0.079559
174800	0.058264
174850	-0.021366
174900	0.026608
174950	0.062164
175000	0.105644
175050	0.151365
175100	-0.129791
175150	-0.024373
175200	0.075395
175250	-0.072047
175300	-0.002623
175350	0.015584
175400	0.006398
175450	-0.009924
175500	0.036478
175550	0.011459
175600	0.035949
175650	0.088827
175700	0.083470
175750	0.001091
175800	-0.142762
175850	-0.110845
175900	0.079725
175950	-0.108789
176000	0.052565
176050	-0.185266
176100	-0.097774
176150	-0.149664
176200	-0.047993
176250	0.194460
176300	0.240269
176350	0.209754
176400	0.078565
176450	-0.153876
176500	-0.170098
176550	0.066942
176600	0.081127
176650	-0.087683
176700	-0.177797
176750	-0.233395
176800	-0.143564
176850	-0.107024
176900	-0.024479
176950	-0.033282
177000	0.059829
177050	0.120896
177100	-0.179972
177150	-0.012706
177200	0.069898
177250	-0.159183
177300	-0.069467
177350	0.168717
177400	0.094977
177450	-0.257387
177500	0.057819
177550	0.080416
177600	0.090713
177650	0.036635
177700	0.110631
177750	0.084304
177800	-0.110011
177850	0.061042
177900	-0.087047
177950	0.155633
178000	0.124295
178050	0.127006
178100	0.088275
178150	-0.170575
178200	-0.083184
178250	0.115400
178300	0.103903
178350	0.020222
178400	0.128044
178450	-0.115272
178500	0.067628
178550	0.040599
178600	-0.035768
178650	0.043866
178700	0.071995
178750	-0.046872
178800	0.121851
178850	-0.175807
178900	0.070688
178950	-0.027263
179000	-0.088588
179050	-0.008243
179100	0.089048
179150	-0.049896
179200	-0.110655
179250	-0.159131
179300	0.029751
179350	0.016614
179400	0.148083
179450	-0.052146
179500	0.047279
179550	0.018458
179600	0.089554
179650	0.159869
179700	-0.124562
179750	0.020841
179800	0.007319
179850	0.093917
179900	0.098461
179950	-0.070020
180000	0.051598
180050	-0.018422
180100	-0.075547
180150	0.028802
180200	0.119464
180250	-0.085577
180300	0.196144
180350	-0.045103
180400	-0.148829
180450	-0.124241
180500	0.157493
180550	0.023251
180600	0.079650
180650	-0.054086
180700	0.004417
180750	-0.014208
180800	0.179608
180850	0.053946
180900	0.057246
180950	-0.061941
181000	-0.054927
181050	-0.086565
181100	-0.114868
181150	0.071789
181200	0.023915
181250	0.036348
181300	-0.077439
181350	-0.174924
181400	0.099083
181450	0.042411
181500	-0.057141
181550	-0.120911
181600	-0.056984
181650	0.066938
181700	-0.045742
181750	-0.070463
181800	-0.106530
181850	-0.147844
181900	-0.046149
181950	-0.024281
182000	0.123741
182050	0.021478
182100	0.010346
182150	-0.093303
182200	0.156015
182250	0.071411
182300	0.018452
182350	0.012714
182400	-0.100502
182450	0.030037
182500	-0.119731
182550	0.113923
182600	-0.012060
182650	0.044130
182700	-0.104150
182750	-0.041745
182800	0.027669
182850	0.102621
182900	-0.089652
182950	0.001592
183000	0.079897
183050	-0.079202
183100	-0.096078
183150	-0.111682
183200	-0.127962
183250	-0.143787
183300	-0.337314
183350	-0.314150
183400	-0.134396
183450	-0.039456
183500	-0.283391
183550	0.056649
183600	-0.083056
183650	0.145388
183700	0.132202
183750	0.157997
183800	-0.013245
183850	-0.006325
183900	0.056426
183950	0.086726
184000	0.019983
184050	-0.041171
184100	0.096586
184150	0.154107
184200	-0.140209
184250	0.239230
184300	0.054933
184350	-0.034793
184400	0.203321
184450	0.019085
184500	0.155077
184550	0.096033
184600	0.053471
184650	0.000795
184700	-0.006435
184750	0.040238
184800	-0.074777
184850	-0.004730
184900	-0.032859
184950	0.098332
185000	0.018731
185050	-0.039268
185100	-0.145542
185150	-0.075179
185200	0.002273
185250	0.140800
185300	-0.140476
185350	0.015770
185400	-0.022134
185450	0.202746
185500	0.168879
185550	-0.000567
185600	0.069235
185650	-0.017546
185700	-0.214688
185750	-0.138706
185800	0.042907
185850	0.022444
185900	-0.098368
185950	0.140663
186000	0.203058
186050	0.056238
186100	0.033757
186150	-0.091340
186200	-0.031701
186250	0.083725
186300	-0.099028
186350	0.011825
186400	0.016129
186450	0.017372
186500	-0.146238
186550	0.055749
186600	0.015193
186650	0.024026
186700	0.053870
186750	0.166059
186800	0.031377
186850	0.016871
186900	0.021679
186950	-0.208366
187000	-0.116555
187050	-0.182248
187100	0.017823
187150	-0.048927
187200	-0.049333
187250	0.115166
187300	-0.013484
187350	0.069263
187400	-0.203487
187450	-0.143893
187500	-0.018599
187550	-0.135626
187600	-0.119722
187650	0.002233
187700	0.120491
187750	-0.006868
187800	0.082285
187850	0.276806
187900	0.056040
187950	-0.116315
188000	0.235959
188050	0.103627
188100	0.269636
188150	-0.281272
188200	-0.117556
188250	0.105119
188300	-0.013308
188350	0.142814
188400	-0.070949
188450	-0.039222
188500	0.084066
188550	-0.144178
188600	-0.010764
188650	0.227970
188700	0.092269
188750	0.170464
188800	0.146127
188850	0.104611
188900	0.106343
188950	0.084895
189000	0.119169
189050	-0.015341
189100	0.133033
189150	0.078747
189200	0.023751
189250	-0.024451
189300	-0.126901
189350	0.022975
189400	-0.040964
189450	0.018615
189500	-0.084058
189550	-0.023619
189600	0.192732
189650	-0.018440
189700	-0.045820
189750	0.182889
189800	-0.178760
189850	0.120472
189900	0.006464
189950	0.049953
190000	0.092565
190050	0.128148
190100	-0.073460
190150	-0.022486
190200	-0.207656
190250	-0.211619
190300	-0.178796
190350	-0.155878
190400	-0.054830
190450	-0.235605
190500	-0.156751
190550	0.005237
190600	0.019451
190650	0.101345
190700	-0.063050
190750	-0.120266
190800	-0.167846
190850	-0.103989
190900	0.086619
190950	-0.028680
191000	-0.137906
191050	-0.102203
191100	-0.050564
191150	0.050827
191200	-0.023396
191250	0.027702
191300	0.180704
191350	0.024672
191400	-0.056931
191450	0.096467
191500	-0.006808
191550	-0.026686
191600	0.050121
191650	0.056092
191700	-0.062386
191750	-0.146534
191800	-0.071702
191850	-0.003408
191900	0.025911
191950	-0.048422
192000	-0.081463
192050	-0.010967
192100	-0.164403
192150	-0.175547
192200	-0.036825
192250	-0.103070
192300	0.097392
192350	-0.027841
192400	-0.193927
192450	-0.165497
192500	-0.056587
192550	-0.057245
192600	-0.133598
192650	0.014145
192700	-0.009682
192750	0.122951
192800	0.258660
192850	0.013056
192900	0.141762
192950	0.098617
193000	0.160389
193050	0.264798
193100	0.120837
193150	0.044378
193200	0.105940
193250	0.125362
193300	0.037953
193350	-0.031962
193400	0.029737
193450	-0.088428
193500	-0.062698
193550	0.176678
193600	-0.064930
193650	0.000292
193700	0.062679
193750	0.066050
193800	0.158036
193850	0.031481
193900	0.103091
193950	-0.125431
194000	-0.145902
194050	0.196554
194100	-0.014999
194150	-0.062852
194200	0.098931
194250	-0.119352
194300	-0.124109
194350	-0.084905
194400	-0.156914
194450	0.147193
194500	0.113781
194550	0.154021
194600	0.046306
194650	0.130898
194700	0.104365
194750	-0.114412
194800	-0.196602
194850	-0.191161
194900	-0.046408
194950	0.012433
195000	-0.057388
195050	0.119679
195100	0.056140
195150	0.144265
195200	0.203709
195250	0.044909
195300	-0.150053
195350	0.117028
195400	0.081550
195450	-0.118924
195500	0.117062
195550	0.127206
195600	0.108681
195650	-0.169317
195700	0.004139
195750	0.046525
195800	-0.153249
195850	0.017217
195900	0.005505
195950	0.067548
196000	0.015263
196050	-0.161275
196100	0.108136
196150	-0.148661
196200	-0.183903
196250	0.041753
196300	0.160346
196350	-0.003274
196400	-0.086691
196450	0.002032
196500	0.103603
196550	0.126882
196600	-0.107259
196650	-0.140982
196700	-0.106195
196750	-0.117102
196800	-0.053681
196850	0.010636
196900	-0.140497
196950	0.102124
197000	-0.108674
197050	-0.305181
197100	0.022355
197150	0.075301
197200	-0.070368
197250	-0.169680
197300	-0.272262
197350	0.018168
197400	-0.005262
197450	0.064869
197500	0.051404
197550	0.076135
197600	-0.060102
197650	-0.105578
197700	-0.105870
197750	-0.014106
197800	0.101255
197850	-0.006150
197900	-0.024824
197950	0.239232
198000	0.324288
198050	0.010538
198100	-0.092069
198150	-0.085667
198200	0.064829
198250	-0.148906
198300	0.021963
198350	0.082488
198400	-0.011409
198450	0.107721
198500	-0.117180
198550	-0.004197
198600	-0.004638
198650	0.006197
198700	-0.056304
198750	0.058121
198800	-0.061161
198850	-0.024778
198900	0.184637
198950	-0.100820
199000	-0.009722
199050	0.201739
199100	-0.003897
199150	-0.028761
199200	0.035270
199250	0.050692
199300	-0.139127
199350	0.094329
199400	-0.043398
199450	0.093110
199500	0.048030
199550	0.117331
199600	0.066942
199650	0.074163
199700	0.069781
199750	-0.071713
199800	-0.006261
199850	-0.051398
199900	-0.176225
199950	-0.060788
