0	40.153361
50	1.927776
100	0.720640
150	0.429808
200	0.234445
250	0.268004
300	0.240022
350	0.130224
400	-0.091620
450	0.025562
500	0.089150
550	0.019653
600	-0.051829
650	0.090198
700	0.084982
750	0.294019
800	0.022231
850	0.058991
900	-0.112716
950	0.010152
1000	0.218374
1050	0.068840
1100	0.120354
1150	0.028736
1200	-0.023717
1250	0.214835
1300	-0.009632
1350	-0.106530
1400	0.037626
1450	-0.007146
1500	0.102522
1550	0.190667
1600	-0.046320
1650	0.112388
1700	0.060246
1750	0.068202
1800	0.130967
1850	0.115447
1900	0.039255
1950	-0.176364
2000	-0.013223
2050	-0.157221
2100	-0.018649
2150	-0.078431
2200	0.244855
2250	0.025364
2300	0.130748
2350	0.175880
2400	-0.107216
2450	0.261244
2500	0.122172
2550	-0.133221
2600	0.088209
2650	-0.043526
2700	0.131058
2750	0.072174
2800	0.190503
2850	-0.063958
2900	-0.098425
2950	-0.084750
3000	-0.067704
3050	-0.138971
3100	-0.169001
3150	-0.003995
3200	0.001838
3250	-0.099476
3300	0.057858
3350	-0.193487
3400	-0.101217
3450	-0.051101
3500	-0.055443
3550	-0.116162
3600	0.069665
3650	-0.056710
3700	0.080582
3750	-0.077329
3800	-0.053002
3850	-0.098129
3900	-0.204639
3950	-0.184522
4000	-0.074025
4050	-0.098400
4100	0.139282
4150	-0.032112
4200	0.027663
4250	0.337907
4300	0.256283
4350	0.059061
4400	0.045836
4450	0.092830
4500	0.012978
4550	-0.088821
4600	0.031150
4650	-0.061655
4700	-0.223782
4750	-0.050462
4800	0.118589
4850	-0.029400
4900	0.137154
4950	0.092668
5000	-0.001121
5050	0.109187
5100	0.036387
5150	0.152210
5200	-0.071825
5250	-0.068133
5300	-0.137250
5350	0.065215
5400	0.084563
5450	-0.078386
5500	-0.061584
5550	0.054949
5600	0.045532
5650	-0.003854
5700	-0.153697
5750	0.008700
5800	-0.133164
5850	0.034249
5900	0.064089
5950	0.101360
6000	0.125963
6050	0.100839
6100	-0.105340
6150	0.037079
6200	0.050759
6250	-0.077013
6300	0.023468
6350	0.168444
6400	-0.034390
6450	0.012306
6500	-0.033547
6550	0.134565
6600	0.183830
6650	-0.087370
6700	0.053241
6750	0.014786
6800	0.061923
6850	0.135779
6900	0.141412
6950	-0.177498
7000	0.012625
7050	0.005973
7100	-0.049928
7150	-0.045445
7200	-0.019170
7250	0.128050
7300	0.085238
7350	0.013794
7400	0.163591
7450	0.281430
7500	0.166194
7550	-0.229191
7600	0.114377
7650	0.186046
7700	-0.169395
7750	0.036089
7800	-0.002140
7850	-0.196971
7900	0.188116
7950	0.215864
8000	-0.057201
8050	0.161985
8100	0.012745
8150	-0.225986
8200	0.022312
8250	0.057966
8300	0.018648
8350	0.096403
8400	0.053106
8450	0.033073
8500	0.061940
8550	-0.082148
8600	0.055846
8650	0.126039
8700	-0.161952
8750	-0.007350
8800	-0.178540
8850	-0.094462
8900	-0.082284
8950	0.045348
9000	0.015823
9050	-0.066027
9100	0.194927
9150	-0.058669
9200	-0.010379
9250	0.034592
9300	0.110792
9350	-0.001473
9400	0.083971
9450	-0.025507
9500	-0.241012
9550	0.318185
9600	-0.173357
9650	0.026567
9700	-0.098082
9750	0.082283
9800	0.158157
9850	0.088572
9900	-0.003689
9950	-0.014604
10000	0.062645
10050	-0.002454
10100	0.216902
10150	-0.053391
10200	-0.120776
10250	-0.004860
10300	-0.035673
10350	0.009897
10400	0.175026
10450	-0.046249
10500	0.206686
10550	-0.014068
10600	-0.024381
10650	-0.003441
10700	0.049482
10750	-0.028073
10800	0.033114
10850	0.067565
10900	0.036355
10950	0.106504
11000	-0.056807
11050	0.048181
11100	0.145560
11150	0.000814
11200	0.123788
11250	0.114548
11300	0.047097
11350	-0.046052
11400	-0.092907
11450	-0.097180
11500	0.183262
11550	-0.049414
11600	0.120112
11650	-0.050849
11700	0.103178
11750	0.067676
11800	-0.052844
11850	0.231340
11900	0.038763
11950	-0.133998
12000	0.048761
12050	-0.010190
12100	-0.021581
12150	0.005526
12200	0.043111
12250	-0.003598
12300	-0.081335
12350	0.214457
12400	-0.068934
12450	-0.039184
12500	0.130223
12550	-0.151752
12600	-0.305233
12650	-0.031188
12700	0.013221
12750	-0.024637
12800	0.121452
12850	0.206731
12900	0.057100
12950	-0.076023
13000	0.027980
13050	0.005203
13100	0.068858
13150	-0.151119
13200	0.013899
13250	0.082175
13300	-0.028020
13350	-0.035872
13400	0.016652
13450	0.059154
13500	0.132925
13550	-0.057090
13600	0.142159
13650	0.100531
13700	-0.101401
13750	-0.253171
13800	0.085390
13850	0.091860
13900	-0.189937
13950	0.069218
14000	0.018268
14050	0.128241
14100	0.092253
14150	0.076136
14200	-0.074843
14250	-0.116821
14300	-0.093784
14350	-0.003027
14400	0.171858
14450	-0.062774
14500	0.024511
14550	0.051979
14600	0.337670
14650	0.173535
14700	0.091916
14750	0.093456
14800	0.108514
14850	0.229877
14900	-0.110047
14950	0.097622
15000	0.031116
15050	0.057373
15100	0.074188
15150	0.251118
15200	0.046480
15250	-0.121228
15300	0.163790
15350	0.117582
15400	0.042462
15450	0.180346
15500	0.296415
15550	0.097282
15600	-0.003529
15650	0.153409
15700	0.180957
15750	-0.007930
15800	0.121679
15850	0.072517
15900	-0.079607
15950	-0.143767
16000	0.161571
16050	-0.048254
16100	-0.017338
16150	-0.078496
16200	0.029369
16250	0.073251
16300	-0.033224
16350	-0.259326
16400	0.104907
16450	0.104545
16500	0.078591
16550	0.007921
16600	-0.131745
16650	-0.106176
16700	0.054282
16750	-0.036518
16800	-0.041348
16850	0.099543
16900	0.033968
16950	-0.051051
17000	0.252727
17050	-0.093942
17100	0.032358
17150	0.003171
17200	0.043245
17250	0.123581
17300	0.023279
17350	0.066558
17400	-0.018105
17450	0.053301
17500	-0.097144
17550	-0.284926
17600	-0.074936
17650	0.069211
17700	-0.154722
17750	0.077118
17800	0.012549
17850	-0.043337
17900	0.001762
17950	0.099569
18000	-0.157425
18050	-0.185183
18100	0.007070
18150	-0.027929
18200	0.114686
18250	0.060514
18300	0.082884
18350	0.100057
18400	0.175605
18450	-0.009304
18500	0.067783
18550	-0.068896
18600	-0.070428
18650	0.014963
18700	-0.074573
18750	0.019458
18800	0.006665
18850	0.175307
18900	-0.137913
18950	-0.011380
19000	0.139893
19050	-0.114903
19100	-0.057696
19150	-0.118027
19200	0.083408
19250	-0.003898
19300	-0.301075
19350	0.024311
19400	0.048589
19450	0.116617
19500	-0.087938
19550	0.027578
19600	0.160335
19650	0.052685
19700	0.011778
19750	0.218986
19800	0.072034
19850	-0.003070
19900	-0.207627
19950	0.196687
20000	0.227988
20050	-0.197380
20100	-0.005028
20150	0.094177
20200	-0.076626
20250	0.146238
20300	0.128612
20350	-0.020532
20400	0.019731
20450	0.038750
20500	0.095236
20550	-0.122246
20600	0.060246
20650	-0.154053
20700	0.081318
20750	0.079709
20800	0.138098
20850	-0.077820
20900	-0.084865
20950	-0.101669
21000	0.043825
21050	0.226167
21100	-0.104413
21150	0.043866
21200	0.026360
21250	0.179642
21300	-0.129612
21350	-0.211976
21400	-0.091196
21450	0.052675
21500	0.040179
21550	-0.097607
21600	0.115706
21650	0.038081
21700	-0.033486
21750	0.137826
21800	-0.015117
21850	0.070315
21900	-0.007680
21950	-0.063899
22000	0.120032
22050	0.027952
22100	-0.303228
22150	0.045115
22200	-0.133573
22250	-0.088479
22300	0.042857
22350	-0.020384
22400	0.009128
22450	-0.002486
22500	0.013668
22550	-0.039559
22600	-0.081394
22650	0.022443
22700	-0.207980
22750	-0.099069
22800	0.027652
22850	0.046321
22900	0.107230
22950	-0.096228
23000	0.056769
23050	0.191192
23100	-0.091310
23150	-0.042152
23200	0.081733
23250	-0.008085
23300	0.019801
23350	-0.340504
23400	0.020131
23450	0.003989
23500	0.138518
23550	-0.145300
23600	-0.080125
23650	0.186073
23700	-0.099896
23750	-0.007873
23800	0.008450
23850	0.019731
23900	0.104909
23950	0.153606
24000	-0.069507
24050	-0.044425
24100	0.062286
24150	-0.313186
24200	0.028538
24250	-0.020582
24300	-0.199814
24350	-0.075606
24400	0.115406
24450	0.237573
24500	0.127235
24550	-0.097351
24600	0.128690
24650	-0.048706
24700	0.083541
24750	0.022228
24800	-0.215759
24850	-0.039097
24900	-0.102787
24950	-0.009874
25000	0.329194
25050	-0.102289
25100	0.158348
25150	-0.037415
25200	0.032352
25250	0.080557
25300	0.060419
25350	0.218469
25400	0.220764
25450	0.033441
25500	0.054015
25550	-0.078078
25600	0.116462
25650	-0.077164
25700	-0.053072
25750	0.018271
25800	0.008175
25850	0.049066
25900	0.018505
25950	-0.109065
26000	-0.014795
26050	-0.136986
26100	0.146339
26150	0.233462
26200	0.079630
26250	-0.000156
26300	0.089911
26350	0.154928
26400	0.038311
26450	0.045727
26500	0.009916
26550	-0.014884
26600	-0.039354
26650	0.050431
26700	-0.120627
26750	-0.122886
26800	0.095672
26850	-0.055019
26900	-0.126983
26950	-0.078421
27000	-0.005860
27050	0.227282
27100	0.003390
27150	0.083159
27200	0.106922
27250	0.003798
27300	0.029474
27350	0.123002
27400	0.131052
27450	-0.061598
27500	-0.002371
27550	0.047850
27600	-0.006059
27650	0.129536
27700	0.139880
27750	0.036063
27800	0.207437
27850	0.085224
27900	-0.070774
27950	-0.134441
28000	0.047344
28050	-0.023242
28100	-0.023206
28150	-0.179612
28200	0.104416
28250	-0.032123
28300	0.051825
28350	-0.008817
28400	-0.143979
28450	-0.082322
28500	0.084495
28550	0.075248
28600	-0.162732
28650	-0.104693
28700	-0.068921
28750	-0.085163
28800	0.048682
28850	-0.067750
28900	0.025277
28950	0.053573
29000	-0.027412
29050	-0.200717
29100	0.003110
29150	0.021292
29200	-0.053545
29250	0.055092
29300	-0.033491
29350	0.150003
29400	-0.028218
29450	-0.035992
29500	-0.136802
29550	-0.083966
29600	-0.034583
29650	0.051259
29700	0.083848
29750	-0.092383
29800	-0.063874
29850	-0.051904
29900	-0.146223
29950	-0.031788
30000	0.107417
30050	-0.030739
30100	0.011663
30150	0.070613
30200	-0.142354
30250	-0.005106
30300	-0.023869
30350	-0.006580
30400	0.008926
30450	0.111015
30500	0.005970
30550	0.069970
30600	-0.019136
30650	0.004168
30700	0.009803
30750	-0.078865
30800	0.084982
30850	0.076634
30900	-0.020077
30950	0.042787
31000	0.021413
31050	-0.081790
31100	0.112711
31150	-0.048545
31200	-0.239005
31250	-0.081514
31300	0.075586
31350	0.031549
31400	0.012493
31450	0.272818
31500	0.020865
31550	0.054901
31600	0.129101
31650	0.048285
31700	0.126032
31750	0.087868
31800	0.240790
31850	0.228838
31900	0.030731
31950	0.143348
32000	0.204723
32050	-0.005513
32100	-0.044872
32150	-0.103028
32200	-0.079566
32250	0.070758
32300	-0.119927
32350	0.004049
32400	-0.066335
32450	-0.013813
32500	0.141239
32550	0.033292
32600	0.049556
32650	-0.105634
32700	0.058419
32750	-0.282309
32800	-0.091919
32850	-0.026344
32900	-0.138526
32950	0.074116
33000	0.011504
33050	0.009510
33100	0.159573
33150	-0.013190
33200	-0.004239
33250	0.066561
33300	0.196552
33350	0.091802
33400	-0.016132
33450	0.034089
33500	0.033653
33550	0.022111
33600	0.042658
33650	0.078827
33700	0.049422
33750	0.132751
33800	-0.123055
33850	0.093667
33900	0.043504
33950	0.045250
34000	0.116463
34050	0.065148
34100	-0.037120
34150	0.034627
34200	0.117498
34250	0.093290
34300	-0.055273
34350	0.177913
34400	-0.010348
34450	0.042326
34500	0.063856
34550	-0.144437
34600	-0.031616
34650	-0.153721
34700	0.147628
34750	0.129349
34800	0.013504
34850	-0.183620
34900	-0.030971
34950	-0.060031
35000	0.052512
35050	0.056536
35100	0.155218
35150	-0.130763
35200	-0.286073
35250	0.066052
35300	0.041343
35350	0.009740
35400	-0.082000
35450	-0.104951
35500	-0.184727
35550	-0.202530
35600	-0.178762
35650	0.063725
35700	0.107614
35750	0.204521
35800	0.000108
35850	-0.139802
35900	0.057970
35950	-0.128973
36000	0.066252
36050	-0.015580
36100	0.030265
36150	0.049211
36200	-0.014562
36250	0.013715
36300	0.261355
36350	0.105368
36400	-0.199790
36450	-0.161756
36500	-0.010393
36550	0.098592
36600	0.230113
36650	0.083406
36700	0.085227
36750	0.080539
36800	0.136282
36850	-0.079859
36900	0.088872
36950	0.084856
37000	-0.037586
37050	-0.079840
37100	-0.180569
37150	-0.005483
37200	-0.156008
37250	0.137993
37300	0.167910
37350	-0.160191
37400	0.030577
37450	0.082908
37500	0.030439
37550	-0.001842
37600	-0.031780
37650	-0.003885
37700	-0.036353
37750	-0.064569
37800	-0.089547
37850	-0.100068
37900	-0.156473
37950	0.095818
38000	-0.045867
38050	0.057988
38100	0.120962
38150	0.141412
38200	0.040568
38250	-0.047107
38300	0.155352
38350	0.180052
38400	0.165394
38450	0.322426
38500	0.086151
38550	-0.192269
38600	-0.188712
38650	-0.173750
38700	0.118364
38750	0.014714
38800	0.030986
38850	-0.062832
38900	0.194658
38950	0.051542
39000	-0.025305
39050	0.167352
39100	0.166998
39150	-0.217200
39200	-0.065768
39250	-0.049008
39300	-0.034719
39350	0.172198
39400	0.071865
39450	0.262743
39500	0.257122
39550	-0.098778
39600	0.091382
39650	-0.066899
39700	-0.058264
39750	-0.015615
39800	-0.104935
39850	0.019503
39900	0.012750
39950	0.012821
40000	-0.091800
40050	0.080505
40100	-0.093023
40150	-0.062310
40200	-0.023904
40250	0.131332
40300	-0.007132
40350	-0.082842
40400	0.029308
40450	-0.020285
40500	-0.026073
40550	0.053897
40600	0.130273
40650	-0.243373
40700	-0.033744
40750	0.246432
40800	-0.078848
40850	0.062541
40900	0.124032
40950	0.022752
41000	0.098732
41050	-0.000195
41100	-0.022857
41150	0.192787
41200	0.129317
41250	-0.055129
41300	-0.068068
41350	0.120204
41400	-0.234868
41450	-0.130412
41500	-0.129123
41550	0.047343
41600	0.121247
41650	0.110169
41700	0.059484
41750	0.128157
41800	0.005275
41850	0.068475
41900	0.035806
41950	0.054354
42000	0.042468
42050	0.130833
42100	-0.035174
42150	0.128564
42200	0.036924
42250	0.164469
42300	0.081066
42350	-0.025205
42400	0.100977
42450	0.049934
42500	0.099688
42550	0.056452
42600	0.051853
42650	-0.027052
42700	0.128513
42750	-0.011404
42800	0.034239
42850	0.016716
42900	0.057419
42950	0.005446
43000	0.117343
43050	-0.037798
43100	0.071489
43150	-0.122809
43200	-0.032409
43250	-0.070741
43300	-0.018145
43350	0.224171
43400	-0.077336
43450	-0.053965
43500	0.086969
43550	-0.239779
43600	0.130415
43650	0.124337
43700	-0.032927
43750	0.123298
43800	-0.036199
43850	-0.127493
43900	-0.214173
43950	-0.136600
44000	0.086147
44050	0.210959
44100	0.043690
44150	0.092912
44200	-0.042645
44250	-0.066129
44300	0.261117
44350	-0.020277
44400	0.006288
44450	0.066713
44500	0.175097
44550	-0.008279
44600	-0.003565
44650	0.138516
44700	0.111702
44750	0.231396
44800	0.032883
44850	-0.025022
44900	-0.106884
44950	0.037050
45000	-0.022426
45050	0.020857
45100	-0.020987
45150	0.130263
45200	0.036694
45250	0.154782
45300	0.093961
45350	-0.215736
45400	-0.019297
45450	0.023836
45500	-0.106129
45550	0.042746
45600	-0.068227
45650	-0.030133
45700	-0.182846
45750	-0.052589
45800	0.034331
45850	0.049776
45900	0.082758
45950	-0.028026
46000	0.046679
46050	0.028814
46100	0.124524
46150	-0.076266
46200	0.211779
46250	0.269924
46300	0.083723
46350	-0.052372
46400	-0.038510
46450	0.166578
46500	-0.032110
46550	0.112931
46600	0.024499
46650	-0.139738
46700	-0.201967
46750	0.063251
46800	0.169481
46850	0.030779
46900	-0.159873
46950	0.146126
47000	0.277904
47050	0.038147
47100	0.058494
47150	-0.087601
47200	-0.101888
47250	-0.064808
47300	0.015145
47350	0.238017
47400	0.063415
47450	-0.157817
47500	-0.139700
47550	-0.216337
47600	-0.078446
47650	0.047672
47700	-0.036468
47750	0.106184
47800	0.033823
47850	0.071495
47900	0.089133
47950	0.134544
48000	-0.019697
48050	-0.021028
48100	-0.104997
48150	0.080835
48200	0.041031
48250	0.227333
48300	0.197901
48350	-0.108843
48400	-0.178491
48450	-0.041387
48500	0.167631
48550	0.088303
48600	-0.119758
48650	-0.021196
48700	-0.134677
48750	-0.006304
48800	0.119704
48850	0.077209
48900	0.031037
48950	-0.075720
49000	0.049763
49050	-0.006975
49100	-0.164214
49150	-0.203782
49200	-0.088964
49250	-0.080574
49300	-0.121259
49350	0.121282
49400	0.165397
49450	-0.020755
49500	-0.130063
49550	0.139645
49600	0.025878
49650	-0.079979
49700	-0.038523
49750	-0.087801
49800	-0.097195
49850	-0.030446
49900	0.181437
49950	-0.020702
50000	0.122603
50050	0.052682
50100	0.027496
50150	0.110903
50200	-0.087807
50250	-0.150841
50300	-0.031990
50350	-0.011745
50400	-0.051258
50450	0.095974
50500	-0.087730
50550	0.155340
50600	-0.004164
50650	-0.144254
50700	0.053686
50750	-0.217904
50800	0.381234
50850	-0.131100
50900	-0.037646
50950	-0.019546
51000	0.116281
51050	-0.135791
51100	0.160849
51150	0.026363
51200	-0.020218
51250	0.125741
51300	0.073672
51350	0.119683
51400	0.132885
51450	0.207003
51500	0.141586
51550	0.171649
51600	-0.128918
51650	-0.079517
51700	-0.135471
51750	0.026806
51800	0.157551
51850	-0.065525
51900	-0.181995
51950	0.018438
52000	0.255392
52050	0.068353
52100	0.094337
52150	-0.136753
52200	0.146856
52250	0.032853
52300	-0.067393
52350	-0.186295
52400	0.187168
52450	0.026265
52500	0.124428
52550	-0.078497
52600	0.130572
52650	-0.212939
52700	-0.009599
52750	0.147924
52800	-0.147975
52850	-0.008683
52900	-0.095992
52950	0.012507
53000	0.176062
53050	0.002536
53100	-0.296260
53150	-0.068852
53200	0.076909
53250	0.049879
53300	-0.166888
53350	0.081706
53400	0.100011
53450	0.194364
53500	0.051348
53550	-0.085329
53600	0.128118
53650	-0.033692
53700	-0.005918
53750	0.034236
53800	-0.166648
53850	-0.067625
53900	-0.055604
53950	-0.000604
54000	0.291641
54050	-0.290202
54100	0.068025
54150	0.101289
54200	-0.074677
54250	-0.045825
54300	-0.168417
54350	-0.217803
54400	0.167763
54450	0.147264
54500	0.232763
54550	0.127570
54600	-0.164180
54650	-0.092349
54700	0.000316
54750	-0.100073
54800	0.048121
54850	0.052063
54900	-0.020802
54950	-0.241599
55000	-0.064255
55050	0.308727
55100	0.001071
55150	0.083202
55200	0.032683
55250	0.161169
55300	0.018409
55350	-0.068756
55400	-0.319796
55450	-0.052049
55500	0.005521
55550	0.201727
55600	-0.040446
55650	-0.006347
55700	-0.070262
55750	-0.023597
55800	-0.013759
55850	0.205033
55900	0.069410
55950	0.048273
56000	-0.082318
56050	-0.048940
56100	0.123796
56150	0.071031
56200	-0.075526
56250	-0.127256
56300	-0.245252
56350	0.033306
56400	-0.283352
56450	0.025714
56500	0.024457
56550	0.168954
56600	-0.077037
56650	0.305716
56700	0.102900
56750	-0.105967
56800	0.033078
56850	0.014669
56900	0.084020
56950	-0.134127
57000	-0.066570
57050	0.154545
57100	-0.120743
57150	0.061344
57200	-0.112172
57250	0.127006
57300	-0.081061
57350	0.080293
57400	0.322447
57450	-0.091016
57500	0.121182
57550	0.190803
57600	0.138131
57650	0.075683
57700	-0.162205
57750	-0.169787
57800	-0.030839
57850	0.100969
57900	-0.097870
57950	0.010435
58000	-0.055516
58050	0.025085
58100	0.210469
58150	0.051044
58200	-0.021211
58250	-0.022006
58300	0.026155
58350	0.185469
58400	-0.059072
58450	-0.033238
58500	0.326695
58550	-0.176070
58600	-0.105855
58650	0.002524
58700	-0.028307
58750	0.061997
58800	-0.009586
58850	0.063940
58900	-0.147070
58950	0.059691
59000	-0.116802
59050	0.021658
59100	0.059252
59150	0.024673
59200	-0.004795
59250	-0.027730
59300	0.075915
59350	-0.051874
59400	0.014690
59450	0.151714
59500	0.102119
59550	0.055545
59600	-0.092336
59650	0.135189
59700	-0.067859
59750	0.015092
59800	-0.030318
59850	-0.060404
59900	0.033852
59950	-0.012171
60000	0.026590
60050	-0.177173
60100	0.123804
60150	0.220374
60200	-0.040797
60250	-0.086970
60300	-0.028208
60350	0.081682
60400	-0.181274
60450	-0.140953
60500	-0.138596
60550	-0.137597
60600	-0.113331
60650	-0.193971
60700	-0.106089
60750	0.100438
60800	0.125900
60850	-0.072692
60900	-0.056297
60950	0.061879
61000	-0.091907
61050	0.052183
61100	0.076624
61150	0.157630
61200	0.166692
61250	0.034988
61300	-0.156690
61350	-0.110300
61400	0.030272
61450	0.217551
61500	0.023649
61550	-0.175365
61600	0.072397
61650	0.146351
61700	-0.141832
61750	-0.081583
61800	-0.157925
61850	-0.060459
61900	0.034497
61950	0.015524
62000	-0.022898
62050	0.040747
62100	-0.052836
62150	0.113544
62200	0.006750
62250	0.037077
62300	-0.114877
62350	-0.013771
62400	0.234006
62450	0.178341
62500	0.080155
62550	-0.031864
62600	0.104916
62650	0.010997
62700	-0.065837
62750	0.059850
62800	-0.019766
62850	-0.082470
62900	0.242462
62950	-0.022203
63000	-0.065399
63050	-0.034246
63100	-0.001456
63150	-0.144560
63200	-0.202114
63250	0.105177
63300	0.099826
63350	0.032874
63400	0.089834
63450	0.164477
63500	0.215458
63550	0.125419
63600	0.283638
63650	-0.006722
63700	-0.178817
63750	0.053627
63800	0.068138
63850	-0.021860
63900	0.149050
63950	0.048689
64000	-0.067351
64050	-0.108764
64100	-0.064643
64150	0.077921
64200	0.080086
64250	-0.034848
64300	-0.027455
64350	0.082206
64400	0.158041
64450	0.123721
64500	0.017388
64550	0.128631
64600	0.122737
64650	0.020779
64700	-0.006120
64750	-0.114117
64800	0.217407
64850	0.037290
64900	0.234567
64950	-0.063707
65000	-0.174248
65050	0.058568
65100	0.043297
65150	-0.090772
65200	0.097847
65250	0.137936
65300	0.265354
65350	0.253468
65400	-0.059133
65450	0.002282
65500	-0.104079
65550	-0.186974
65600	-0.064749
65650	0.178429
65700	0.026952
65750	0.117021
65800	0.014704
65850	0.023237
65900	-0.129062
65950	-0.006538
66000	-0.062411
66050	-0.179283
66100	0.012419
66150	-0.087474
66200	-0.160086
66250	-0.062964
66300	-0.084940
66350	0.098129
66400	-0.002138
66450	-0.006675
66500	-0.022165
66550	0.066005
66600	0.121767
66650	0.037230
66700	0.040785
66750	-0.266247
66800	-0.022844
66850	0.010793
66900	-0.086592
66950	-0.204725
67000	-0.104262
67050	-0.037038
67100	0.109777
67150	-0.021327
67200	-0.083913
67250	0.105807
67300	0.068841
67350	0.122018
67400	0.041305
67450	-0.157000
67500	-0.014742
67550	-0.100488
67600	0.074651
67650	-0.055240
67700	0.079539
67750	0.059703
67800	0.009544
67850	0.055914
67900	0.067649
67950	-0.021684
68000	0.068669
68050	0.081624
68100	-0.188728
68150	-0.082776
68200	0.153178
68250	0.134566
68300	0.124964
68350	-0.317749
68400	0.021054
68450	-0.121133
68500	0.004560
68550	0.142831
68600	0.170254
68650	-0.112317
68700	0.139148
68750	0.195366
68800	0.045921
68850	0.166007
68900	0.087421
68950	-0.032944
69000	-0.098652
69050	0.185869
69100	0.143525
69150	-0.044220
69200	0.084901
69250	0.086614
69300	-0.048743
69350	-0.105057
69400	-0.011574
69450	0.129792
69500	0.056413
69550	0.017584
69600	-0.117953
69650	0.151845
69700	-0.050900
69750	0.089357
69800	-0.106988
69850	0.262598
69900	-0.189653
69950	-0.211865
70000	0.076244
70050	-0.108831
70100	0.080206
70150	-0.123973
70200	-0.216003
70250	-0.015414
70300	-0.028220
70350	0.002766
70400	-0.118294
70450	-0.148985
70500	0.123349
70550	0.020229
70600	0.012338
70650	-0.056541
70700	-0.056458
70750	-0.114446
70800	-0.056514
70850	0.099090
70900	-0.015121
70950	0.065424
71000	-0.049547
71050	0.004097
71100	-0.096312
71150	0.278558
71200	0.212605
71250	0.245619
71300	0.089135
71350	0.024342
71400	0.055959
71450	0.211939
71500	-0.024944
71550	-0.037192
71600	-0.134367
71650	0.056688
71700	0.338346
71750	-0.016059
71800	-0.055118
71850	-0.064217
71900	-0.130570
71950	0.003820
72000	-0.103061
72050	0.107194
72100	-0.044489
72150	0.119722
72200	0.117524
72250	0.023866
72300	0.026043
72350	-0.157092
72400	-0.120574
72450	-0.020667
72500	0.012093
72550	-0.041059
72600	0.010733
72650	0.023385
72700	0.196747
72750	-0.097021
72800	-0.020431
72850	-0.052853
72900	-0.026593
72950	-0.150167
73000	-0.042563
73050	-0.154589
73100	0.386131
73150	0.097081
73200	0.287470
73250	-0.038377
73300	-0.124619
73350	-0.099400
73400	-0.068213
73450	-0.096025
73500	0.055176
73550	-0.098398
73600	-0.040424
73650	-0.226579
73700	0.170473
73750	0.134132
73800	0.195001
73850	0.059136
73900	0.118159
73950	-0.063809
74000	0.057854
74050	-0.126978
74100	0.113951
74150	-0.112071
74200	-0.093881
74250	0.172345
74300	0.084355
74350	0.018221
74400	0.049762
74450	0.054785
74500	0.287827
74550	-0.066380
74600	0.062141
74650	0.270442
74700	0.043254
74750	0.040367
74800	0.138054
74850	0.137872
74900	-0.156880
74950	-0.073715
75000	-0.064219
75050	-0.061623
75100	-0.030254
75150	0.023526
75200	-0.002904
75250	0.063887
75300	-0.010465
75350	-0.121814
75400	0.048893
75450	-0.103654
75500	0.100563
75550	-0.005672
75600	0.032090
75650	0.061022
75700	0.228993
75750	0.045295
75800	0.065978
75850	-0.006572
75900	0.059480
75950	-0.130613
76000	0.013447
76050	-0.103799
76100	-0.155826
76150	0.048708
76200	-0.164544
76250	-0.101036
76300	-0.181299
76350	-0.101443
76400	-0.054470
76450	0.018865
76500	0.011270
76550	0.048227
76600	0.158847
76650	-0.019827
76700	0.030285
76750	-0.053750
76800	-0.179807
76850	0.216449
76900	0.029857
76950	0.224252
77000	-0.137419
77050	0.094134
77100	0.191437
77150	0.095219
77200	-0.167948
77250	0.129732
77300	-0.098644
77350	-0.162851
77400	0.064947
77450	-0.075952
77500	0.119160
77550	0.000896
77600	0.060497
77650	-0.232228
77700	-0.007803
77750	-0.276522
77800	-0.212276
77850	0.022031
77900	0.142817
77950	0.022739
78000	0.006810
78050	0.196485
78100	-0.022220
78150	-0.018376
78200	-0.282884
78250	0.224851
78300	-0.082390
78350	0.148317
78400	0.085478
78450	-0.107821
78500	0.022464
78550	0.029922
78600	0.127910
78650	0.069569
78700	0.081063
78750	0.137735
78800	0.062399
78850	0.107712
78900	-0.076881
78950	0.157582
79000	0.209097
79050	0.107451
79100	-0.116730
79150	0.101355
79200	-0.082079
79250	0.018233
79300	0.150173
79350	0.028408
79400	0.129263
79450	-0.273054
79500	0.096925
79550	-0.087456
79600	-0.223982
79650	0.002069
79700	-0.071349
79750	-0.028825
79800	-0.023935
79850	-0.045553
79900	-0.108351
79950	0.068822
80000	0.012112
80050	0.011802
80100	-0.029819
80150	-0.077742
80200	-0.196707
80250	-0.231010
80300	0.103655
80350	0.055353
80400	0.061668
80450	-0.201113
80500	0.201083
80550	-0.161160
80600	0.156603
80650	-0.021557
80700	0.076124
80750	-0.039957
80800	0.009256
80850	-0.009771
80900	-0.035721
80950	-0.114921
81000	-0.037481
81050	0.133393
81100	-0.009203
81150	-0.009263
81200	-0.018947
81250	0.082537
81300	-0.147904
81350	-0.107706
81400	-0.116944
81450	-0.187936
81500	-0.067550
81550	0.088246
81600	-0.101405
81650	-0.117208
81700	-0.056789
81750	0.001779
81800	-0.076720
81850	0.036451
81900	-0.108565
81950	-0.122068
82000	-0.296208
82050	0.070457
82100	-0.024924
82150	0.018880
82200	0.072457
82250	0.010940
82300	-0.141527
82350	-0.103626
82400	0.109540
82450	0.090507
82500	0.291247
82550	0.037244
82600	-0.151134
82650	-0.117029
82700	-0.166293
82750	0.135405
82800	-0.037339
82850	-0.144653
82900	-0.033056
82950	0.120220
83000	-0.026673
83050	0.063088
83100	-0.007304
83150	0.132986
83200	0.142586
83250	-0.132341
83300	-0.041184
83350	0.138530
83400	-0.025357
83450	-0.079535
83500	-0.152834
83550	0.095930
83600	0.115441
83650	-0.024863
83700	-0.085264
83750	-0.063216
83800	0.131997
83850	0.024450
83900	0.034743
83950	0.107850
84000	0.015181
84050	-0.085153
84100	-0.018818
84150	-0.242438
84200	-0.125085
84250	0.010819
84300	-0.320173
84350	-0.095626
84400	0.046026
84450	0.010479
84500	-0.041997
84550	-0.318658
84600	-0.087283
84650	-0.051510
84700	-0.102034
84750	0.141254
84800	0.149194
84850	-0.033986
84900	0.075548
84950	0.156047
85000	0.055023
85050	-0.013357
85100	-0.002838
85150	0.214341
85200	0.089459
85250	-0.141281
85300	0.268919
85350	0.213561
85400	-0.221337
85450	-0.046084
85500	0.042120
85550	-0.062373
85600	0.066886
85650	0.007238
85700	-0.123007
85750	0.049700
85800	0.105489
85850	0.054130
85900	-0.048776
85950	0.021515
86000	-0.226028
86050	0.161898
86100	-0.012001
86150	-0.059983
86200	0.003221
86250	-0.056670
86300	-0.007223
86350	-0.058846
86400	0.052883
86450	0.004788
86500	-0.101044
86550	-0.134650
86600	-0.069660
86650	-0.071975
86700	-0.057646
86750	-0.066596
86800	-0.139646
86850	0.096834
86900	-0.047860
86950	0.030781
87000	0.050626
87050	-0.001983
87100	-0.122878
87150	0.005056
87200	0.207625
87250	-0.150683
87300	0.103250
87350	0.105075
87400	-0.041197
87450	-0.044029
87500	0.058941
87550	-0.031209
87600	-0.060642
87650	0.194541
87700	-0.099917
87750	0.254237
87800	-0.215095
87850	0.022211
87900	0.016230
87950	0.091915
88000	0.046161
88050	-0.008293
88100	0.054584
88150	-0.076023
88200	0.080134
88250	0.082595
88300	0.201252
88350	0.074747
88400	0.071829
88450	0.103746
88500	-0.037735
88550	0.086949
88600	0.165126
88650	-0.034142
88700	-0.037315
88750	0.096558
88800	0.197605
88850	0.057919
88900	-0.100784
88950	0.142672
89000	0.169379
89050	0.063739
89100	-0.054158
89150	-0.212068
89200	-0.091130
89250	0.035875
89300	0.026198
89350	0.037962
89400	-0.199457
89450	0.015151
89500	0.032747
89550	-0.026152
89600	0.021538
89650	0.063445
89700	0.012500
89750	-0.011233
89800	0.228787
89850	-0.118277
89900	0.019887
89950	-0.058033
90000	-0.290242
90050	-0.031011
90100	0.161998
90150	-0.034895
90200	0.028075
90250	0.036754
90300	-0.020743
90350	-0.188173
90400	0.154655
90450	-0.183298
90500	-0.120982
90550	0.027260
90600	-0.126458
90650	-0.061836
90700	-0.004368
90750	-0.057487
90800	0.062155
90850	-0.194220
90900	0.028950
90950	0.079991
91000	-0.063919
91050	0.128618
91100	-0.112071
91150	-0.148217
91200	-0.036263
91250	-0.064527
91300	-0.081338
91350	-0.148768
91400	-0.188853
91450	-0.030689
91500	0.068418
91550	0.088139
91600	-0.081650
91650	-0.087115
91700	-0.107975
91750	0.168826
91800	-0.153233
91850	0.110233
91900	-0.017059
91950	0.120670
92000	0.072825
92050	0.058313
92100	-0.112609
92150	0.150038
92200	0.090250
92250	0.058545
92300	0.018985
92350	-0.127069
92400	0.000082
92450	-0.202414
92500	-0.095812
92550	0.026907
92600	-0.202914
92650	-0.128236
92700	-0.126836
92750	0.056428
92800	-0.010033
92850	-0.017253
92900	-0.135383
92950	0.154224
93000	-0.102903
93050	0.021020
93100	-0.080328
93150	-0.250963
93200	0.164984
93250	-0.127971
93300	-0.051950
93350	-0.024198
93400	-0.164466
93450	-0.174375
93500	-0.133676
93550	-0.097174
93600	-0.202205
93650	-0.031240
93700	-0.031178
93750	-0.096261
93800	0.030940
93850	-0.217565
93900	0.025174
93950	-0.123479
94000	0.063336
94050	0.230975
94100	0.047470
94150	-0.381970
94200	-0.182547
94250	-0.151467
94300	0.194295
94350	0.189851
94400	0.172010
94450	0.164238
94500	0.056723
94550	-0.003288
94600	-0.050122
94650	-0.069013
94700	-0.000128
94750	0.045371
94800	0.213948
94850	-0.128202
94900	-0.061900
94950	-0.139164
95000	-0.017853
95050	0.036818
95100	0.064500
95150	0.142957
95200	0.138265
95250	0.228334
95300	-0.069716
95350	-0.074467
95400	-0.166237
95450	0.100577
95500	0.051265
95550	-0.016041
95600	-0.020115
95650	-0.033290
95700	-0.019127
95750	-0.135765
95800	0.073179
95850	-0.002613
95900	-0.092746
95950	0.026049
96000	0.167321
96050	0.180677
96100	-0.013338
96150	-0.022088
96200	-0.042077
96250	-0.019638
96300	0.040897
96350	-0.182813
96400	-0.114939
96450	-0.369453
96500	-0.035802
96550	-0.050423
96600	0.083376
96650	0.109659
96700	0.139831
96750	-0.059162
96800	0.028943
96850	-0.094445
96900	0.049400
96950	-0.185419
97000	0.228391
97050	-0.114304
97100	-0.044968
97150	0.075664
97200	-0.026196
97250	-0.081718
97300	-0.057718
97350	-0.028615
97400	-0.005236
97450	-0.060339
97500	-0.151056
97550	0.034785
97600	0.126084
97650	-0.181487
97700	-0.112343
97750	0.141208
97800	-0.045390
97850	0.128654
97900	0.039105
97950	-0.026257
98000	0.122479
98050	0.021210
98100	-0.134178
98150	0.028355
98200	-0.050038
98250	-0.163888
98300	0.108973
98350	0.008627
98400	-0.066663
98450	0.001990
98500	-0.036046
98550	0.077009
98600	-0.038627
98650	-0.010446
98700	-0.070747
98750	0.015409
98800	-0.095619
98850	-0.023663
98900	0.152922
98950	-0.153892
99000	-0.012867
99050	0.000727
99100	0.232594
99150	-0.010523
99200	-0.028934
99250	0.127425
99300	0.031464
99350	0.206126
99400	-0.150345
99450	-0.033000
99500	0.147304
99550	-0.028655
99600	0.002416
99650	-0.047582
99700	0.064042
99750	0.032511
99800	-0.060196
99850	0.301842
99900	0.188885
99950	0.152008
100000	0.014311
100050	-0.162612
100100	-0.009022
100150	-0.010887
100200	0.109025
100250	-0.023576
100300	-0.034080
100350	0.055061
100400	-0.020302
100450	0.054649
100500	-0.074030
100550	0.129322
100600	0.098119
100650	0.079626
100700	-0.003779
100750	-0.128783
100800	-0.102112
100850	-0.142111
100900	-0.111596
100950	-0.046696
101000	0.080679
101050	-0.181657
101100	-0.117890
101150	0.114458
101200	0.009558
101250	-0.058618
101300	-0.058073
101350	0.149747
101400	0.097301
101450	-0.028043
101500	-0.020636
101550	-0.020612
101600	-0.021256
101650	-0.030101
101700	-0.109827
101750	0.018344
101800	-0.030526
101850	-0.231104
101900	-0.095923
101950	0.025553
102000	0.289500
102050	0.151229
102100	0.063889
102150	-0.132852
102200	0.084229
102250	0.053271
102300	0.097062
102350	0.053137
102400	0.036608
102450	-0.054322
102500	-0.044062
102550	0.010390
102600	0.218391
102650	0.115960
102700	-0.010239
102750	0.010272
102800	-0.169947
102850	-0.177449
102900	0.225648
102950	0.001948
103000	-0.003548
103050	-0.036295
103100	-0.114129
103150	-0.013520
103200	-0.061807
103250	-0.117794
103300	0.162093
103350	0.117052
103400	0.028892
103450	0.024858
103500	0.100348
103550	0.216595
103600	0.071565
103650	-0.027424
103700	-0.012355
103750	0.039791
103800	0.101514
103850	-0.192880
103900	-0.071716
103950	-0.107417
104000	-0.002388
104050	-0.029523
104100	0.013757
104150	-0.015957
104200	0.048597
104250	-0.087511
104300	0.151615
104350	0.030940
104400	0.006684
104450	-0.173663
104500	0.240404
104550	0.169489
104600	-0.099770
104650	0.040100
104700	0.016213
104750	0.001666
104800	0.131283
104850	-0.067523
104900	0.038684
104950	0.035747
105000	0.119680
105050	0.080915
105100	0.250133
105150	-0.190573
105200	-0.036970
105250	0.056430
105300	0.007885
105350	-0.015896
105400	0.172638
105450	-0.129739
105500	0.014170
105550	0.189951
105600	0.028874
105650	-0.266609
105700	0.095725
105750	0.221863
105800	-0.020770
105850	0.187649
105900	-0.012810
105950	-0.004756
106000	0.073006
106050	-0.074526
106100	0.054625
106150	-0.143941
106200	-0.166387
106250	0.190548
106300	-0.023926
106350	-0.083403
106400	-0.139774
106450	0.088828
106500	-0.078117
106550	0.012179
106600	0.152553
106650	0.079881
106700	-0.308105
106750	0.296135
106800	0.182877
106850	-0.088399
106900	0.072635
106950	0.026573
107000	0.266542
107050	-0.112543
107100	-0.043760
107150	-0.050876
107200	-0.021221
107250	0.157885
107300	0.106588
107350	0.083037
107400	-0.046683
107450	0.061589
107500	0.083909
107550	-0.135064
107600	-0.139845
107650	0.057852
107700	0.066198
107750	-0.048017
107800	0.066436
107850	0.219778
107900	-0.016867
107950	0.104202
108000	0.045848
108050	-0.026664
108100	-0.197527
108150	-0.235255
108200	0.089039
108250	0.073760
108300	0.356288
108350	-0.006758
108400	-0.191322
108450	0.113016
108500	-0.046863
108550	-0.124646
108600	-0.048193
108650	0.033011
108700	0.168034
108750	-0.088500
108800	-0.025712
108850	-0.191934
108900	-0.107595
108950	-0.029047
109000	-0.208390
109050	-0.219726
109100	-0.144320
109150	-0.049413
109200	0.069918
109250	-0.075813
109300	-0.061047
109350	0.130472
109400	0.040077
109450	0.137719
109500	-0.108292
109550	0.044239
109600	0.098891
109650	-0.145678
109700	0.002092
109750	-0.038546
109800	-0.001871
109850	0.023900
109900	-0.063481
109950	0.090815
110000	-0.010947
110050	0.145286
110100	-0.109063
110150	-0.085893
110200	0.003980
110250	-0.016723
110300	-0.016819
110350	-0.093068
110400	0.053244
110450	-0.009431
110500	-0.070117
110550	0.030309
110600	0.163490
110650	0.211093
110700	0.057901
110750	0.136664
110800	0.313185
110850	-0.073875
110900	-0.011125
110950	0.145236
111000	-0.058318
111050	0.090541
111100	0.023464
111150	0.114806
111200	0.069029
111250	-0.018182
111300	0.054168
111350	0.045048
111400	-0.040748
111450	-0.042666
111500	0.154123
111550	0.064020
111600	0.023143
111650	-0.108793
111700	0.067671
111750	0.139524
111800	0.164948
111850	0.080711
111900	0.213959
111950	0.114719
112000	-0.182386
112050	0.066585
112100	0.007948
112150	-0.037295
112200	-0.064521
112250	0.135980
112300	0.128706
112350	-0.038094
112400	-0.044409
112450	0.031886
112500	0.091759
112550	-0.010327
112600	-0.129632
112650	-0.172925
112700	0.066648
112750	0.107113
112800	-0.048954
112850	-0.058406
112900	0.052126
112950	-0.055039
113000	0.072835
113050	0.008171
113100	-0.028107
113150	0.171333
113200	0.013786
113250	0.093896
113300	0.027242
113350	0.042089
113400	-0.100096
113450	0.054570
113500	-0.252379
113550	-0.248498
113600	0.057370
113650	-0.098726
113700	-0.037253
113750	0.148652
113800	0.060694
113850	0.126945
113900	-0.085545
113950	-0.154358
114000	-0.148969
114050	0.053368
114100	0.148021
114150	-0.026126
114200	0.002392
114250	-0.126000
114300	-0.049596
114350	-0.066819
114400	-0.213677
114450	0.021387
114500	-0.150597
114550	-0.033287
114600	-0.131047
114650	-0.194577
114700	0.066748
114750	-0.032279
114800	-0.216519
114850	-0.237095
114900	-0.298690
114950	-0.049939
115000	-0.033700
115050	0.126582
115100	0.218295
115150	-0.015974
115200	0.081375
115250	-0.023261
115300	0.193494
115350	-0.046628
115400	-0.195281
115450	0.025186
115500	-0.175384
115550	-0.046349
115600	0.228914
115650	-0.029970
115700	0.069177
115750	-0.086476
115800	-0.008811
115850	0.116588
115900	-0.198920
115950	-0.091448
116000	-0.073078
116050	-0.120243
116100	-0.139790
116150	-0.180611
116200	0.043424
116250	-0.054984
116300	-0.074066
116350	-0.046478
116400	-0.046944
116450	-0.029476
116500	0.162949
116550	0.221375
116600	0.176325
116650	0.044246
116700	0.154456
116750	-0.001477
116800	-0.167725
116850	0.096431
116900	-0.078940
116950	-0.046396
117000	-0.113065
117050	-0.126300
117100	0.092192
117150	0.118391
117200	0.057158
117250	0.119303
117300	0.209942
117350	-0.248167
117400	-0.028703
117450	0.087095
117500	0.012717
117550	0.084998
117600	0.120879
117650	-0.026759
117700	0.103218
117750	0.133702
117800	-0.021292
117850	-0.183609
117900	-0.073691
117950	0.154606
118000	-0.016189
118050	-0.162036
118100	0.030785
118150	-0.107389
118200	0.078001
118250	0.040743
118300	-0.057341
118350	-0.048533
118400	-0.129897
118450	0.037713
118500	-0.042357
118550	-0.143154
118600	-0.003664
118650	-0.056016
118700	0.012743
118750	0.076800
118800	-0.178123
118850	-0.005825
118900	-0.179287
118950	-0.006910
119000	-0.000238
119050	0.144341
119100	0.316268
119150	-0.055867
119200	0.124366
119250	-0.052185
119300	-0.101598
119350	-0.051675
119400	0.129513
119450	-0.001019
119500	0.133642
119550	0.140721
119600	0.009239
119650	0.012752
119700	-0.063596
119750	-0.062314
119800	0.021967
119850	-0.002732
119900	-0.029001
119950	0.121962
120000	0.020632
120050	0.149995
120100	-0.034549
120150	-0.079929
120200	0.134724
120250	0.066365
120300	0.090103
120350	-0.188218
120400	-0.116635
120450	0.080993
120500	-0.158589
120550	-0.130242
120600	0.141518
120650	0.029628
120700	0.018835
120750	0.003491
120800	-0.068174
120850	-0.209075
120900	-0.024564
120950	-0.130541
121000	0.008141
121050	0.028660
121100	0.002791
121150	-0.057943
121200	-0.033623
121250	-0.102656
121300	0.057171
121350	0.182170
121400	-0.161842
121450	-0.020782
121500	0.255057
121550	-0.010944
121600	0.067887
121650	0.193704
121700	-0.147304
121750	0.017754
121800	0.150079
121850	-0.100563
121900	-0.014852
121950	0.094159
122000	-0.105984
122050	0.053847
122100	0.126224
122150	0.078830
122200	-0.178492
122250	0.054438
122300	-0.032215
122350	-0.007178
122400	0.201222
122450	-0.023887
122500	-0.126438
122550	-0.008644
122600	-0.027334
122650	-0.061033
122700	-0.050633
122750	-0.092014
122800	-0.109879
122850	0.132099
122900	0.104550
122950	0.109103
123000	-0.027865
123050	0.236886
123100	-0.082679
123150	-0.088070
123200	0.232918
123250	0.029230
123300	0.015017
123350	0.066981
123400	-0.084112
123450	-0.051705
123500	0.133069
123550	-0.096084
123600	-0.054308
123650	0.078031
123700	-0.051704
123750	0.136377
123800	-0.045944
123850	-0.093804
123900	-0.104854
123950	-0.085879
124000	0.063679
124050	0.081663
124100	-0.131198
124150	0.018965
124200	-0.223131
124250	-0.261852
124300	-0.162858
124350	-0.101847
124400	-0.072599
124450	0.051677
124500	-0.087368
124550	-0.112849
124600	-0.054159
124650	0.012735
124700	-0.039229
124750	-0.258590
124800	-0.134931
124850	0.136119
124900	-0.078514
124950	0.004624
125000	0.150746
125050	-0.103099
125100	0.100052
125150	-0.097272
125200	0.177047
125250	-0.090682
125300	0.016346
125350	0.130513
125400	-0.015731
125450	0.186937
125500	0.140628
125550	0.106248
125600	-0.197057
125650	0.082624
125700	0.035424
125750	-0.302626
125800	0.146614
125850	0.092457
125900	-0.037804
125950	0.051371
126000	-0.038335
126050	0.026191
126100	0.030474
126150	0.058394
126200	-0.027264
126250	-0.053436
126300	0.060802
126350	-0.041622
126400	-0.022043
126450	-0.152995
126500	-0.001449
126550	-0.084497
126600	-0.168892
126650	-0.127753
126700	0.057824
126750	-0.004568
126800	-0.178654
126850	-0.057407
126900	0.055423
126950	-0.021252
127000	0.036185
127050	0.026493
127100	0.063163
127150	-0.061647
127200	0.023401
127250	-0.114479
127300	-0.079482
127350	-0.013066
127400	-0.169438
127450	-0.125460
127500	-0.154017
127550	-0.037842
127600	0.137008
127650	-0.072161
127700	0.069615
127750	0.015458
127800	0.085055
127850	-0.031176
127900	-0.095026
127950	0.010317
128000	0.055990
128050	0.227694
128100	-0.001905
128150	0.039019
128200	0.025131
128250	-0.012010
128300	0.027777
128350	0.006803
128400	0.012667
128450	-0.149564
128500	0.203315
128550	0.195526
128600	-0.179584
128650	-0.246235
128700	0.167145
128750	0.175714
128800	0.031063
128850	0.198768
128900	0.224965
128950	0.119922
129000	-0.087914
129050	0.115588
129100	0.143266
129150	0.060027
129200	0.133135
129250	0.004833
129300	-0.010259
129350	-0.085483
129400	-0.228961
129450	-0.152533
129500	-0.072407
129550	-0.170428
129600	-0.022239
129650	0.241412
129700	-0.045738
129750	-0.093630
129800	0.034330
129850	-0.029198
129900	-0.078947
129950	-0.019207
130000	0.019110
130050	-0.101536
130100	-0.180914
130150	0.037501
130200	0.007864
130250	-0.105333
130300	0.082892
130350	0.058919
130400	-0.044923
130450	0.060870
130500	-0.002638
130550	0.111783
130600	0.204272
130650	-0.001217
130700	0.004420
130750	-0.074498
130800	-0.063576
130850	-0.060709
130900	-0.156016
130950	0.031031
131000	-0.102542
131050	0.033099
131100	0.189031
131150	-0.210118
131200	0.128628
131250	0.120588
131300	0.209252
131350	0.127828
131400	-0.064400
131450	-0.126330
131500	-0.232970
131550	0.022510
131600	0.111081
131650	0.108288
131700	0.137627
131750	-0.010290
131800	-0.113341
131850	-0.190525
131900	0.187478
131950	0.137494
132000	0.003363
132050	0.146142
132100	0.189947
132150	-0.025668
132200	-0.056784
132250	-0.049664
132300	0.233751
132350	0.017617
132400	0.182450
132450	-0.073835
132500	-0.121492
132550	-0.116541
132600	-0.017855
132650	-0.054278
132700	0.176069
132750	0.300586
132800	-0.003998
132850	-0.057283
132900	-0.052708
132950	0.138774
133000	-0.248694
133050	0.063997
133100	0.153085
133150	-0.218215
133200	0.102651
133250	-0.072174
133300	-0.023502
133350	-0.216134
133400	0.080107
133450	-0.008784
133500	0.096674
133550	-0.020597
133600	0.048752
133650	-0.093969
133700	-0.069729
133750	-0.132601
133800	0.130095
133850	-0.082865
133900	0.099145
133950	0.054249
134000	-0.232398
134050	-0.002465
134100	-0.053844
134150	-0.214826
134200	-0.146431
134250	0.017742
134300	-0.059519
134350	-0.017241
134400	-0.109482
134450	-0.024587
134500	-0.172228
134550	-0.150105
134600	0.122391
134650	0.017908
134700	0.102425
134750	-0.060648
134800	0.170801
134850	-0.003299
134900	0.148205
134950	-0.006005
135000	0.151862
135050	-0.018861
135100	-0.074579
135150	-0.218190
135200	-0.073507
135250	0.021044
135300	0.006440
135350	-0.031363
135400	-0.095179
135450	-0.012332
135500	0.037385
135550	0.091945
135600	-0.018426
135650	-0.034426
135700	0.011446
135750	0.010180
135800	0.048074
135850	-0.041778
135900	0.040769
135950	0.059416
136000	0.017975
136050	0.180145
136100	-0.004837
136150	-0.207112
136200	-0.116722
136250	-0.012604
136300	-0.141360
136350	-0.297578
136400	-0.047720
136450	-0.052205
136500	0.218447
136550	0.012719
136600	0.059011
136650	0.134099
136700	0.128824
136750	0.296558
136800	0.022751
136850	-0.063376
136900	0.059626
136950	0.099884
137000	0.152085
137050	0.013164
137100	0.155944
137150	-0.187289
137200	0.049168
137250	0.033114
137300	0.052912
137350	0.077813
137400	0.153332
137450	0.029921
137500	-0.161738
137550	-0.066727
137600	-0.045289
137650	-0.058419
137700	0.025558
137750	-0.115108
137800	-0.056587
137850	-0.009281
137900	0.133948
137950	-0.209595
138000	-0.110900
138050	-0.083607
138100	-0.146768
138150	0.141150
138200	0.052949
138250	0.060840
138300	0.080999
138350	0.041808
138400	0.016512
138450	0.054441
138500	-0.009370
138550	0.063749
138600	-0.071751
138650	-0.164664
138700	0.025303
138750	-0.037250
138800	0.079095
138850	0.001923
138900	-0.005032
138950	-0.030863
139000	-0.129522
139050	0.123137
139100	0.095819
139150	-0.067770
139200	0.057682
139250	-0.038518
139300	0.067039
139350	-0.017605
139400	0.079656
139450	-0.092282
139500	0.191178
139550	0.152344
139600	0.024318
139650	-0.059743
139700	-0.004330
139750	0.187811
139800	0.122557
139850	0.099354
139900	0.074227
139950	0.075401
140000	-0.066629
140050	0.096015
140100	0.005161
140150	0.044946
140200	-0.242923
140250	-0.128266
140300	-0.193994
140350	0.037017
140400	-0.005294
140450	0.087305
140500	-0.026263
140550	0.046402
140600	-0.110722
140650	-0.014250
140700	-0.041230
140750	-0.049416
140800	0.103043
140850	0.112112
140900	-0.014885
140950	0.001267
141000	0.107499
141050	0.053861
141100	0.024751
141150	0.016862
141200	-0.180573
141250	-0.056095
141300	-0.031463
141350	0.049929
141400	-0.212147
141450	-0.028391
141500	-0.162563
141550	-0.125225
141600	0.004361
141650	-0.081746
141700	0.059656
141750	-0.081916
141800	-0.013697
141850	0.036128
141900	0.010545
141950	0.178068
142000	-0.217512
142050	0.100544
142100	0.007926
142150	-0.022033
142200	-0.117139
142250	-0.076348
142300	0.236638
142350	0.210416
142400	-0.196637
142450	-0.141596
142500	-0.036168
142550	0.044106
142600	0.073629
142650	-0.222890
142700	-0.096335
142750	-0.099488
142800	0.007876
142850	-0.098232
142900	-0.073283
142950	0.117723
143000	0.044013
143050	-0.098114
143100	0.073617
143150	0.035173
143200	0.094781
143250	-0.047762
143300	-0.050623
143350	-0.028395
143400	0.009493
143450	0.035331
143500	-0.092300
143550	-0.045206
143600	-0.123139
143650	0.050093
143700	-0.099116
143750	-0.139581
143800	-0.155292
143850	0.054825
143900	0.068358
143950	0.051463
144000	-0.050570
144050	-0.166324
144100	0.012488
144150	0.032622
144200	0.047178
144250	-0.050576
144300	-0.014574
144350	-0.060730
144400	-0.093779
144450	0.035044
144500	-0.003580
144550	-0.242917
144600	-0.099751
144650	-0.004968
144700	-0.062611
144750	-0.029478
144800	-0.163235
144850	-0.007622
144900	0.212376
144950	0.059981
145000	-0.038122
145050	-0.082177
145100	0.178836
145150	0.139019
145200	-0.038139
145250	-0.200739
145300	-0.128657
145350	-0.022212
145400	0.078166
145450	-0.122060
145500	0.250014
145550	-0.149098
145600	-0.046261
145650	-0.009244
145700	0.069749
145750	-0.417204
145800	0.092783
145850	0.209851
145900	-0.129996
145950	0.216202
146000	0.117174
146050	0.170892
146100	0.167949
146150	0.116791
146200	0.096486
146250	0.038356
146300	-0.302132
146350	-0.090352
146400	-0.075683
146450	0.003309
146500	0.083313
146550	0.048874
146600	0.150661
146650	-0.046059
146700	0.081351
146750	0.297301
146800	0.052761
146850	-0.137779
146900	0.194758
146950	0.028321
147000	0.132808
147050	-0.092050
147100	0.154097
147150	0.062758
147200	0.081108
147250	0.034985
147300	0.107295
147350	-0.023338
147400	-0.133304
147450	0.174555
147500	0.168062
147550	0.033774
147600	0.274751
147650	0.149656
147700	0.161179
147750	0.163868
147800	0.005816
147850	0.046157
147900	-0.060827
147950	-0.179174
148000	-0.059476
148050	-0.021765
148100	-0.247026
148150	-0.017460
148200	0.095882
148250	0.159054
148300	0.053888
148350	0.053835
148400	0.117957
148450	0.111047
148500	0.083688
148550	-0.022022
148600	0.183871
148650	0.024015
148700	-0.060347
148750	0.105008
148800	0.101970
148850	-0.014221
148900	-0.013678
148950	0.105952
149000	-0.229090
149050	0.193704
149100	0.277583
149150	0.146630
149200	0.024928
149250	-0.118275
149300	0.032644
149350	0.004584
149400	-0.038116
149450	-0.119617
149500	-0.050387
149550	-0.014129
149600	-0.156581
149650	0.024122
149700	0.207615
149750	0.120524
149800	-0.045264
149850	0.184713
149900	-0.043120
149950	-0.081386
150000	-0.006511
150050	-0.071080
150100	0.032414
150150	0.029098
150200	-0.026345
150250	0.063420
150300	-0.081112
150350	-0.057239
150400	0.064957
150450	-0.132921
150500	-0.014857
150550	-0.212422
150600	-0.198940
150650	-0.039529
150700	-0.081550
150750	-0.329580
150800	-0.019851
150850	0.005103
150900	0.049532
150950	0.070057
151000	-0.009258
151050	0.038550
151100	0.067690
151150	-0.135479
151200	-0.027567
151250	0.099671
151300	-0.087729
151350	-0.020779
151400	-0.034005
151450	-0.066070
151500	-0.094511
151550	-0.014637
151600	0.045899
151650	-0.149967
151700	-0.120209
151750	0.069649
151800	-0.015731
151850	0.068000
151900	0.232379
151950	0.098161
152000	0.077296
152050	0.136354
152100	0.164026
152150	0.254532
152200	0.134676
152250	0.116063
152300	0.174150
152350	0.043886
152400	0.001313
152450	0.165382
152500	-0.024421
152550	0.081174
152600	-0.176152
152650	0.033618
152700	0.118294
152750	-0.189191
152800	-0.044846
152850	0.125366
152900	-0.101793
152950	-0.094317
153000	0.034492
153050	0.005130
153100	-0.010195
153150	0.038857
153200	0.066228
153250	-0.029866
153300	0.142244
153350	-0.002420
153400	-0.091093
153450	0.037396
153500	0.208074
153550	0.207942
153600	-0.090815
153650	0.022033
153700	0.019769
153750	-0.218252
153800	-0.223779
153850	0.072997
153900	0.192027
153950	-0.046938
154000	0.121587
154050	0.126635
154100	-0.082861
154150	-0.178135
154200	-0.034501
154250	0.041539
154300	-0.088569
154350	0.262101
154400	-0.036068
154450	-0.038946
154500	0.106280
154550	0.101039
154600	0.179628
154650	0.049547
154700	0.134353
154750	0.017402
154800	0.107298
154850	-0.066525
154900	0.082085
154950	-0.042939
155000	-0.097468
155050	0.092307
155100	-0.025652
155150	0.136611
155200	-0.102384
155250	0.134830
155300	0.048522
155350	-0.041293
155400	-0.049712
155450	0.285937
155500	-0.025784
155550	0.066674
155600	-0.312990
155650	-0.010346
155700	-0.030983
155750	-0.158175
155800	0.069983
155850	-0.065414
155900	0.038386
155950	0.076328
156000	-0.075128
156050	0.047020
156100	-0.133834
156150	0.108734
156200	-0.021955
156250	0.112531
156300	-0.100867
156350	0.106052
156400	-0.110725
156450	-0.215846
156500	-0.150002
156550	-0.004177
156600	-0.152494
156650	-0.046709
156700	0.039990
156750	0.030046
156800	0.119639
156850	0.099936
156900	0.070206
156950	0.122411
157000	0.095445
157050	0.122585
157100	-0.100815
157150	-0.055028
157200	0.236219
157250	-0.095566
157300	0.113521
157350	-0.018018
157400	-0.062830
157450	-0.006671
157500	-0.016637
157550	0.004848
157600	-0.129881
157650	-0.027726
157700	0.043420
157750	0.094614
157800	-0.052739
157850	0.099620
157900	0.101610
157950	0.116109
158000	-0.065993
158050	0.254786
158100	0.151785
158150	-0.036606
158200	0.004031
158250	-0.188319
158300	-0.132001
158350	-0.001098
158400	0.080124
158450	0.034730
158500	0.037466
158550	0.102521
158600	0.024440
158650	0.267002
158700	-0.009330
158750	0.117515
158800	0.133418
158850	-0.012145
158900	-0.105721
158950	-0.267984
159000	0.155155
159050	0.039027
159100	-0.019132
159150	0.094195
159200	-0.057776
159250	-0.014083
159300	0.071753
159350	0.258577
159400	-0.125489
159450	-0.028005
159500	0.100553
159550	0.085152
159600	0.056012
159650	-0.054260
159700	-0.039322
159750	0.062437
159800	0.198492
159850	-0.048861
159900	0.005300
159950	0.122072
160000	0.011048
160050	0.021977
160100	-0.255636
160150	-0.244296
160200	0.121538
160250	-0.016131
160300	-0.131662
160350	0.059739
160400	0.029270
160450	0.026170
160500	0.019417
160550	0.192685
160600	-0.012807
160650	-0.130233
160700	-0.069884
160750	0.041091
160800	-0.112565
160850	-0.197547
160900	0.222581
160950	0.113924
161000	0.000201
161050	-0.099263
161100	-0.006229
161150	0.025956
161200	-0.113594
161250	0.034435
161300	-0.047517
161350	0.225936
161400	-0.073787
161450	-0.010499
161500	-0.038148
161550	-0.076025
161600	-0.083410
161650	0.132763
161700	-0.045383
161750	-0.030765
161800	-0.285750
161850	-0.083138
161900	0.052959
161950	0.195979
162000	-0.040162
162050	-0.010220
162100	0.120212
162150	0.072783
162200	0.049373
162250	0.047475
162300	0.207053
162350	0.104730
162400	0.129575
162450	0.023150
162500	-0.044297
162550	-0.075194
162600	-0.038005
162650	-0.088636
162700	0.084348
162750	-0.244420
162800	-0.086058
162850	0.293631
162900	-0.026621
162950	0.039803
163000	0.185816
163050	0.165275
163100	-0.025395
163150	-0.044292
163200	-0.008249
163250	-0.061269
163300	-0.015882
163350	0.064544
163400	-0.011273
163450	0.098701
163500	0.002707
163550	-0.168943
163600	-0.111370
163650	-0.084251
163700	0.214857
163750	0.061464
163800	0.032380
163850	0.046254
163900	0.042902
163950	-0.141459
164000	0.061483
164050	0.025931
164100	0.038821
164150	-0.050649
164200	0.246724
164250	0.039553
164300	-0.006097
164350	0.058623
164400	-0.224941
164450	0.078639
164500	-0.043497
164550	-0.094015
164600	0.043467
164650	-0.177956
164700	0.067160
164750	0.051535
164800	0.036613
164850	-0.128328
164900	-0.047402
164950	0.103256
165000	-0.106231
165050	0.124387
165100	0.239671
165150	-0.174235
165200	-0.026843
165250	0.072313
165300	-0.107378
165350	0.271632
165400	-0.333095
165450	0.134440
165500	-0.079640
165550	0.018197
165600	0.040453
165650	-0.198765
165700	0.034034
165750	-0.057119
165800	-0.223024
165850	-0.078153
165900	0.102154
165950	0.082047
166000	0.008051
166050	-0.185569
166100	-0.071122
166150	0.063051
166200	0.026183
166250	-0.075564
166300	0.115915
166350	0.082936
166400	-0.260971
166450	0.030419
166500	0.103720
166550	0.092990
166600	0.223581
166650	0.076417
166700	0.004359
166750	0.006037
166800	0.168871
166850	0.162085
166900	0.312162
166950	0.078338
167000	0.118118
167050	-0.073547
167100	0.057290
167150	-0.012573
167200	0.114581
167250	0.121391
167300	0.073188
167350	-0.011467
167400	0.045698
167450	0.104654
167500	0.153075
167550	-0.079202
167600	0.095316
167650	-0.165545
167700	0.092224
167750	0.298347
167800	0.140098
167850	0.009360
167900	-0.145494
167950	-0.081114
168000	-0.039998
168050	0.073724
168100	0.003527
168150	-0.052324
168200	0.000174
168250	-0.003851
168300	-0.066327
168350	0.077734
168400	0.028043
168450	-0.084285
168500	-0.059790
168550	0.014376
168600	0.048101
168650	-0.012386
168700	-0.010524
168750	0.011191
168800	-0.008004
168850	-0.055214
168900	-0.210367
168950	0.186215
169000	-0.094843
169050	-0.041145
169100	0.069548
169150	-0.191094
169200	-0.092471
169250	-0.006578
169300	0.134804
169350	0.132789
169400	0.035496
169450	-0.007322
169500	-0.132554
169550	-0.189480
169600	0.116547
169650	-0.057749
169700	0.066841
169750	-0.160344
169800	-0.037644
169850	0.010833
169900	0.144617
169950	-0.212924
170000	0.074965
170050	-0.077452
170100	-0.102561
170150	-0.104728
170200	0.010405
170250	0.029063
170300	0.016908
170350	-0.013000
170400	-0.088846
170450	-0.139385
170500	-0.024368
170550	0.138686
170600	0.062088
170650	-0.163331
170700	0.087195
170750	0.170222
170800	-0.036202
170850	-0.104604
170900	-0.111858
170950	-0.149828
171000	-0.081203
171050	0.098989
171100	-0.235347
171150	0.199918
171200	0.000582
171250	0.173684
171300	0.061589
171350	0.165251
171400	-0.046097
171450	-0.163193
171500	0.094614
171550	0.014848
171600	0.061303
171650	0.115503
171700	0.133451
171750	0.107260
171800	-0.012707
171850	-0.122527
171900	0.038785
171950	0.156048
172000	-0.003947
172050	-0.112887
172100	0.136817
172150	0.009155
172200	0.158277
172250	-0.196488
172300	-0.025578
172350	0.097964
172400	0.033870
172450	-0.251331
172500	-0.048405
172550	0.007778
172600	0.164523
172650	0.040054
172700	0.026360
172750	-0.058791
172800	-0.021434
172850	0.156015
172900	-0.004003
172950	0.043539
173000	-0.094246
173050	0.079455
173100	0.074664
173150	-0.042787
173200	-0.078014
173250	0.061659
173300	-0.176915
173350	-0.140178
173400	0.048053
173450	0.007119
173500	0.011338
173550	-0.098347
173600	-0.062254
173650	0.305796
173700	0.038259
173750	0.089387
173800	0.057097
173850	-0.099891
173900	-0.139480
173950	0.020232
174000	0.052079
174050	-0.056732
174100	0.101189
174150	0.123995
174200	0.174059
174250	0.012047
174300	0.046067
174350	0.259156
174400	-0.002421
174450	0.058708
174500	-0.018623
174550	-0.092565
174600	0.069586
174650	-0.023290
174700	-0.187817
174750	0.035148
174800	0.023325
174850	0.087329
174900	0.036271
174950	0.018270
175000	-0.141347
175050	0.103373
175100	0.046533
175150	0.031101
175200	0.011655
175250	-0.121375
175300	0.055255
175350	-0.121456
175400	-0.021887
175450	-0.230712
175500	0.041800
175550	0.065232
175600	0.009135
175650	0.121800
175700	0.025787
175750	0.318855
175800	-0.123853
175850	0.089567
175900	0.030765
175950	-0.197505
176000	-0.104411
176050	0.141132
176100	-0.090953
176150	-0.078588
176200	-0.166307
176250	0.259424
176300	0.207224
176350	-0.010586
176400	0.025300
176450	0.001127
176500	-0.074182
176550	-0.018863
176600	-0.088473
176650	-0.048407
176700	-0.010992
176750	0.229638
176800	-0.152815
176850	-0.022984
176900	0.110318
176950	0.025217
177000	-0.035588
177050	0.116911
177100	-0.060261
177150	-0.103591
177200	0.065692
177250	-0.048652
177300	0.085363
177350	-0.001043
177400	0.082403
177450	-0.144835
177500	0.046956
177550	-0.000387
177600	0.059851
177650	0.125594
177700	0.215847
177750	-0.080758
177800	-0.155052
177850	0.149363
177900	0.079028
177950	-0.017686
178000	0.044632
178050	-0.207854
178100	-0.115163
178150	0.111337
178200	0.096538
178250	-0.087655
178300	0.103495
178350	0.158517
178400	0.100969
178450	-0.105584
178500	-0.067476
178550	-0.165745
178600	-0.093203
178650	-0.218491
178700	0.100678
178750	0.115672
178800	-0.048779
178850	0.030846
178900	-0.036505
178950	-0.093970
179000	-0.131742
179050	-0.041628
179100	0.183119
179150	0.058408
179200	0.059643
179250	-0.363109
179300	-0.087275
179350	-0.028792
179400	-0.030492
179450	0.070097
179500	-0.032084
179550	-0.122182
179600	0.017703
179650	-0.099332
179700	-0.039187
179750	0.200389
179800	0.008396
179850	0.010202
179900	-0.103404
179950	0.103829
180000	-0.071444
180050	0.140020
180100	-0.162951
180150	-0.169719
180200	-0.132553
180250	-0.065538
180300	0.208673
180350	-0.162013
180400	-0.030888
180450	0.024348
180500	0.114343
180550	-0.048289
180600	0.147119
180650	0.200760
180700	-0.032696
180750	0.163854
180800	0.119355
180850	-0.035817
180900	0.118211
180950	0.234618
181000	-0.011284
181050	0.003497
181100	-0.151827
181150	0.182576
181200	-0.131574
181250	-0.150327
181300	-0.184143
181350	-0.016214
181400	0.077673
181450	-0.236208
181500	0.046249
181550	-0.135777
181600	0.165535
181650	-0.067598
181700	-0.053604
181750	0.065293
181800	0.135975
181850	0.017379
181900	0.075670
181950	-0.142397
182000	-0.186070
182050	-0.158005
182100	-0.032536
182150	0.167482
182200	-0.035703
182250	-0.134719
182300	-0.172309
182350	0.079189
182400	0.057286
182450	-0.031415
182500	0.132723
182550	0.142331
182600	0.156817
182650	-0.018119
182700	-0.094078
182750	-0.177238
182800	-0.027185
182850	0.072544
182900	-0.068220
182950	0.093102
183000	-0.272630
183050	-0.024029
183100	0.050578
183150	-0.128086
183200	0.092275
183250	0.017371
183300	-0.050797
183350	-0.086045
183400	-0.008787
183450	0.061252
183500	0.229767
183550	-0.065694
183600	-0.097200
183650	-0.169964
183700	0.207817
183750	0.144091
183800	0.025498
183850	0.313499
183900	0.016938
183950	0.096196
184000	-0.059975
184050	0.013386
184100	0.031840
184150	-0.017220
184200	-0.112324
184250	-0.018521
184300	-0.136965
184350	0.035056
184400	-0.180038
184450	0.083883
184500	0.027825
184550	-0.114189
184600	-0.102052
184650	-0.142697
184700	-0.026450
184750	-0.152739
184800	-0.263769
184850	-0.012380
184900	0.037780
184950	0.026792
185000	-0.206307
185050	-0.144596
185100	-0.180918
185150	0.103833
185200	0.090852
185250	-0.060409
185300	0.109732
185350	0.071421
185400	0.237379
185450	-0.205071
185500	0.034223
185550	-0.012034
185600	0.173251
185650	0.065181
185700	0.090945
185750	-0.130165
185800	-0.045466
185850	-0.114996
185900	-0.059910
185950	-0.023120
186000	0.078738
186050	-0.102845
186100	-0.037172
186150	-0.024406
186200	-0.045635
186250	0.172263
186300	0.050280
186350	0.172451
186400	-0.100678
186450	0.165946
186500	0.087429
186550	0.086372
186600	-0.021231
186650	-0.003607
186700	0.065925
186750	-0.105246
186800	0.007776
186850	0.120097
186900	-0.048962
186950	0.280880
187000	-0.129162
187050	0.055162
187100	-0.087290
187150	-0.181511
187200	-0.098388
187250	0.206028
187300	0.210836
187350	0.004523
187400	-0.004919
187450	-0.230132
187500	-0.092654
187550	0.006623
187600	-0.044299
187650	-0.173443
187700	0.082103
187750	0.173283
187800	0.213632
187850	0.044281
187900	-0.222432
187950	-0.074220
188000	0.056776
188050	-0.018607
188100	0.247959
188150	-0.291871
188200	-0.146936
188250	0.120297
188300	0.010088
188350	0.013558
188400	0.072925
188450	-0.036151
188500	-0.021984
188550	0.049435
188600	0.216333
188650	-0.064038
188700	-0.073133
188750	0.024711
188800	0.229490
188850	0.047137
188900	0.031810
188950	0.039830
189000	-0.064847
189050	-0.014759
189100	0.038893
189150	0.001328
189200	0.044476
189250	-0.002532
189300	0.223506
189350	-0.054329
189400	0.026193
189450	0.096903
189500	0.162823
189550	0.102611
189600	-0.053184
189650	-0.119973
189700	-0.028579
189750	-0.131170
189800	-0.077019
189850	-0.097940
189900	0.003000
189950	0.058537
190000	-0.044795
190050	0.035282
190100	-0.083458
190150	-0.157511
190200	-0.033922
190250	0.214782
190300	-0.195025
190350	-0.023598
190400	-0.171936
190450	-0.054389
190500	-0.189003
190550	0.051127
190600	-0.032893
190650	-0.036672
190700	0.230624
190750	0.054749
190800	0.008299
190850	-0.154108
190900	-0.003623
190950	0.035534
191000	-0.061003
191050	-0.038624
191100	-0.126040
191150	0.153153
191200	0.339468
191250	0.133647
191300	0.166420
191350	0.132376
191400	-0.002725
191450	0.074571
191500	-0.083945
191550	-0.120154
191600	-0.002928
191650	-0.065865
191700	-0.042455
191750	-0.010162
191800	-0.010087
191850	0.053643
191900	-0.276105
191950	0.012367
192000	-0.244690
192050	-0.073101
192100	0.028320
192150	0.040950
192200	-0.103550
192250	0.239334
192300	0.075133
192350	0.086827
192400	0.046426
192450	0.075490
192500	0.112768
192550	-0.049513
192600	-0.014816
192650	-0.069592
192700	0.131636
192750	0.031312
192800	-0.048129
192850	0.032281
192900	0.002127
192950	-0.046328
193000	-0.146210
193050	-0.065258
193100	0.100412
193150	0.173636
193200	-0.226193
193250	0.129658
193300	0.178629
193350	0.155943
193400	0.019646
193450	-0.046659
193500	-0.221846
193550	0.089755
193600	0.101460
193650	-0.135702
193700	-0.064586
193750	0.134814
193800	0.117660
193850	-0.016802
193900	-0.032411
193950	0.098436
194000	0.225099
194050	0.057307
194100	0.013557
194150	0.189887
194200	-0.158066
194250	0.134124
194300	0.248852
194350	0.170208
194400	0.185621
194450	-0.004999
194500	-0.056169
194550	-0.112176
194600	-0.188539
194650	-0.110487
194700	-0.040230
194750	-0.234464
194800	-0.069167
194850	-0.016866
194900	-0.124005
194950	-0.014053
195000	0.061766
195050	-0.171694
195100	-0.160310
195150	-0.117080
195200	-0.080951
195250	0.118406
195300	-0.016102
195350	0.029980
195400	0.206797
195450	-0.059910
195500	-0.068183
195550	0.048910
195600	-0.007150
195650	0.075560
195700	-0.078704
195750	-0.233725
195800	0.034395
195850	-0.079949
195900	0.080016
195950	0.036077
196000	-0.134855
196050	-0.209912
196100	-0.006979
196150	0.137837
196200	0.066174
196250	-0.145884
196300	0.063273
196350	-0.029599
196400	0.033282
196450	-0.016823
196500	0.005517
196550	0.112501
196600	0.160082
196650	0.022652
196700	0.014815
196750	0.310912
196800	0.119410
196850	-0.070789
196900	-0.122185
196950	0.101973
197000	0.101633
197050	0.103155
197100	0.091634
197150	0.009048
197200	0.064998
197250	0.160331
197300	0.114258
197350	0.201851
197400	-0.240117
197450	0.276090
197500	0.128297
197550	0.221844
197600	0.144009
197650	-0.122165
197700	0.113001
197750	0.020451
197800	-0.061120
197850	0.021602
197900	0.003491
197950	0.053062
198000	0.139286
198050	0.026443
198100	-0.023883
198150	0.007460
198200	-0.002286
198250	0.043249
198300	0.012430
198350	-0.071190
198400	0.219847
198450	-0.184152
198500	-0.052324
198550	0.046106
198600	0.086336
198650	0.016532
198700	0.044219
198750	0.143174
198800	0.023369
198850	-0.031054
198900	-0.063591
198950	0.119795
199000	0.168386
199050	-0.025887
199100	-0.022979
199150	0.085297
199200	0.049908
199250	-0.002412
199300	0.046014
199350	0.077019
199400	0.243509
199450	0.145330
199500	0.193050
199550	0.076463
199600	0.145437
199650	0.023060
199700	-0.061053
199750	-0.190171
199800	0.055658
199850	0.008213
199900	0.167644
199950	-0.040783
