0	8895	30	30	30	30	30	30	30	30	30	30	30	30	30	30	30	30	30	30	30	30	30	30	30	30	30	30	30	30	30	30	30	30	30	30	30	30	30	30	30	30	30	30	30	30	30	30	30	30	30	30	30	
50000	8936	30	30	30	30	30	30	30	30	30	30	30	30	30	30	30	30	30	30	30	169	30	30	30	30	30	30	30	30	30	30	30	30	30	30	30	30	30	30	30	30	30	30	30	30	30	
100000	8936	30	30	30	30	30	30	30	30	30	30	30	30	30	30	30	30	30	30	139	30	30	30	30	30	30	30	30	30	30	30	30	30	30	30	30	30	30	30	30	30	30	30	30	30	30	30	
150000	7527	30	30	30	1469	30	30	30	30	30	30	30	30	30	139	30	30	30	30	30	30	30	30	30	30	30	30	30	30	30	30	30	30	30	30	30	30	30	30	30	30	30	30	30	30	30	
200000	9045	30	30	30	30	30	30	30	30	30	30	30	30	30	30	30	30	30	30	30	30	30	30	30	30	30	30	30	30	30	30	30	30	30	30	30	30	30	30	30	30	30	30	30	30	30	30	
250000	8568	30	30	30	30	30	30	30	30	30	30	30	30	30	30	30	30	30	169	308	30	30	30	30	30	30	30	30	30	30	30	30	30	30	30	30	30	30	30	30	30	30	30	30	30	30	30	30	30	
300000	7189	30	30	30	30	1439	30	139	30	30	30	30	30	30	30	30	30	30	30	308	30	30	30	30	30	30	30	30	30	30	30	30	30	30	30	30	30	30	30	30	30	30	30	30	30	30	30	30	30	
350000	6813	30	804	30	30	1439	169	30	30	30	30	30	30	30	30	30	30	30	30	30	30	30	30	30	30	30	30	30	30	30	30	30	30	30	30	30	30	30	30	30	30	30	30	30	
400000	6396	526	30	30	30	804	30	30	30	1270	30	169	30	30	30	30	30	30	30	30	30	30	30	30	30	30	30	30	30	30	30	30	30	30	30	30	30	30	30	30	30	30	30	30	30	30	30	
450000	6317	1270	30	30	30	30	1270	30	30	169	30	139	30	30	30	30	30	30	30	30	30	30	30	30	30	30	30	30	30	30	30	30	30	30	30	30	30	30	30	30	30	30	30	30	30	30	30	
500000	7508	30	30	30	30	1300	30	169	169	30	30	30	30	30	30	30	30	30	30	30	30	139	30	30	30	30	30	30	30	30	30	30	30	30	30	30	30	30	30	30	30	30	30	
550000	7497	30	30	30	1270	30	30	169	30	30	30	30	30	199	30	30	30	30	30	30	30	30	30	30	30	30	30	30	30	30	30	30	30	30	30	30	30	30	30	30	30	30	30	30	30	30	30	
600000	30	1300	6366	30	30	30	30	30	30	30	30	30	30	30	30	30	30	30	30	30	30	30	30	1270	169	30	30	30	30	30	30	30	30	30	30	30	30	30	30	30	30	30	30	30	30	30	30	30	
650000	30	7080	1360	30	30	30	30	586	30	30	30	30	30	30	30	30	30	30	30	30	30	30	30	30	30	30	30	30	169	30	30	30	30	30	30	30	30	30	30	30	30	30	30	30	30	
700000	6565	30	30	30	30	1300	30	30	30	30	30	30	30	30	30	30	30	30	30	30	30	30	30	1210	30	30	30	30	30	30	30	30	30	30	30	30	30	30	30	30	30	30	30	30	30	30	30	30	
750000	5780	30	30	30	30	1270	30	30	30	30	30	30	30	30	30	30	616	139	30	30	30	30	30	30	30	30	30	30	30	30	30	1240	30	30	30	30	30	30	30	30	30	30	30	30	30	30	30	30	30	30	30	
800000	8876	30	30	30	30	30	30	30	30	30	30	30	30	30	30	30	30	30	30	169	30	30	30	30	30	30	30	30	30	30	30	30	30	30	30	30	30	30	30	30	30	30	30	30	30	30	30	30	
850000	8489	30	30	199	30	30	30	30	30	30	30	30	30	30	30	30	30	30	30	30	30	30	447	30	30	30	30	30	30	30	30	30	30	30	30	30	30	30	30	30	30	30	30	30	30	30	
900000	8906	30	30	30	30	30	30	30	30	30	30	30	30	30	30	30	30	30	30	30	30	30	30	30	30	30	30	30	30	30	30	30	30	30	30	30	30	30	30	30	30	30	139	30	30	30	30	30	
950000	8598	30	30	30	30	30	30	30	30	30	30	30	30	30	30	30	30	30	30	30	447	30	30	30	30	30	30	30	30	30	30	30	30	30	30	30	30	30	30	30	30	30	30	30	30	30	30	30	
1000000	8519	199	30	30	30	30	30	30	30	30	30	30	30	30	447	30	30	30	30	30	30	30	30	30	30	30	30	30	30	30	30	30	30	30	30	30	30	30	30	30	30	30	30	30	30	
1050000	199	8320	30	30	30	30	30	30	30	30	30	30	30	30	30	139	30	447	30	30	30	30	30	30	30	30	30	30	30	30	30	30	30	30	30	30	30	30	30	30	30	30	30	30	30	30	30	30	
1100000	199	30	1300	30	7050	30	30	30	30	30	30	30	30	30	586	30	30	30	30	30	30	30	30	30	30	30	30	30	30	30	30	30	30	30	30	30	30	30	30	30	30	30	30	30	30	30	30	
1150000	7527	30	30	834	30	30	30	30	30	30	30	30	586	30	30	30	30	199	30	30	30	30	30	30	30	30	30	30	30	30	139	30	30	30	30	30	30	30	30	30	30	30	30	
1200000	7358	30	834	30	30	30	30	30	30	30	30	30	199	30	30	30	30	30	30	30	169	30	30	139	30	417	30	30	30	169	30	30	30	30	30	30	30	30	30	30	30	30	30	30	30	
1250000	7527	30	834	30	30	30	30	30	30	30	30	30	30	30	30	30	30	30	417	30	169	139	30	30	30	30	30	30	169	30	30	30	30	30	30	30	30	30	30	30	30	30	30	30	30	
1300000	30	7347	774	30	30	30	30	30	30	30	30	30	30	30	30	30	30	30	30	30	139	30	30	30	616	30	30	30	139	30	30	30	30	30	30	30	30	30	30	30	30	30	30	30	30	30	30	30	30	30	30	30	
1350000	6077	30	744	30	30	30	30	30	30	30	30	30	169	30	1210	30	30	30	30	30	30	30	30	30	30	30	646	30	30	30	30	30	169	30	30	30	30	30	30	30	30	30	30	30	30	30	30	30	30	30	30	30	30	
1400000	7050	30	30	30	30	30	30	30	30	30	30	30	30	1180	30	616	30	30	30	30	30	30	169	30	30	30	30	30	30	30	30	30	30	30	30	30	30	30	30	30	30	30	30	30	30	30	30	30	30	30	30	
1450000	6366	30	30	1210	774	30	30	30	30	30	30	477	30	30	30	30	30	30	30	30	30	139	30	30	30	30	30	30	169	30	30	30	30	30	30	30	30	30	30	30	30	30	30	30	30	30	30	30	30	
1500000	30	6276	30	774	30	30	30	30	30	30	30	1210	30	646	30	30	30	30	30	30	30	30	30	30	30	30	30	30	30	169	30	30	30	30	30	30	30	30	30	30	30	30	30	30	30	30	30	30	30	30	
1550000	30	7467	30	30	30	30	30	30	30	30	139	30	30	30	30	30	30	30	30	30	30	30	30	1270	30	30	139	30	30	30	30	30	30	30	30	30	30	30	30	30	30	30	30	30	30	30	30	30	30	30	30	
1600000	6156	30	30	30	30	417	30	30	30	30	30	30	30	30	30	30	139	30	30	30	30	30	30	30	139	30	30	30	30	30	30	1240	30	30	30	30	30	30	744	30	30	30	30	30	30	30	30	30	30	30	30	30	30	30	30	30	30	30	30	
1650000	6265	30	586	30	30	30	30	30	30	30	30	30	30	30	30	30	30	30	30	30	1240	30	30	30	30	30	30	30	30	30	30	30	30	30	30	744	30	30	30	30	30	30	30	30	30	30	30	30	30	30	30	30	30	30	30	30	30	
1700000	30	6017	30	447	30	30	278	30	30	30	30	30	30	30	30	30	30	1300	30	30	30	30	30	30	30	139	30	30	30	744	30	30	30	30	30	30	30	30	30	30	30	30	30	30	30	30	30	30	30	30	30	30	30	30	30	30	
1750000	7287	30	30	30	447	139	30	139	30	30	30	30	30	30	30	30	30	30	30	30	30	30	30	30	139	30	30	30	30	30	774	30	30	30	30	30	30	30	30	30	30	30	30	30	30	30	30	30	30	30	30	30	30	30	30	30	
1800000	30	30	30	139	7227	308	30	139	30	30	714	30	30	30	30	30	30	30	30	30	30	30	30	30	30	30	169	30	30	30	30	30	30	30	30	30	30	30	30	30	30	30	30	30	30	30	30	30	139	30	30	30	30	30	30	30	30	30	30	30	
1850000	30	1180	30	6881	477	30	30	30	30	30	169	30	30	30	30	30	30	30	30	30	30	30	30	30	30	30	278	30	30	30	30	30	30	30	30	30	30	30	30	30	30	30	30	30	30	30	30	30	30	30	30	30	30	
1900000	1210	30	30	30	6415	30	139	169	30	30	744	30	30	30	30	30	30	30	30	278	30	30	30	30	30	30	30	30	30	30	30	30	30	30	30	30	30	30	30	30	30	30	30	30	30	30	30	30	30	30	30	30	30	30	30	
1950000	1210	30	139	30	30	6415	30	30	30	199	30	30	774	30	30	30	30	30	30	30	169	30	30	30	30	30	30	30	30	30	30	30	30	30	30	30	30	30	30	30	30	139	30	30	30	30	30	30	30	30	30	30	30	
2000000	30	199	7843	30	30	30	30	30	30	30	30	30	30	30	804	30	30	30	30	30	30	30	30	30	30	30	30	30	30	30	30	30	30	30	30	30	30	30	30	30	139	30	30	30	30	30	30	30	30	30	30	30	
2050000	8996	30	30	30	30	30	30	30	30	30	30	30	30	30	30	30	30	30	30	30	30	30	30	30	30	30	30	30	30	30	30	169	30	30	30	30	30	30	30	30	30	30	30	30	
2100000	8857	30	30	30	30	30	169	30	30	30	30	30	30	30	30	30	30	30	30	30	30	30	30	30	30	30	30	30	30	30	139	30	30	30	30	30	30	30	30	30	30	30	30	30	30	
2150000	8906	30	30	30	30	30	30	30	30	30	30	30	30	30	30	30	30	30	30	30	30	30	30	30	30	30	30	30	30	30	30	139	30	30	30	30	30	30	30	30	30	30	30	30	30	30	30	30	
2200000	30	7993	30	30	30	30	30	30	943	30	30	30	30	30	30	30	30	30	30	30	30	30	30	30	30	30	30	169	30	30	30	30	30	30	30	30	30	30	30	30	30	30	30	30	30	30	30	
2250000	30	30	8966	30	30	30	30	30	30	30	30	30	30	30	30	30	30	30	30	30	30	30	30	139	30	30	30	30	30	30	30	30	30	30	30	30	30	30	30	30	30	30	30	30	30	30	
2300000	8966	30	30	30	30	30	30	30	30	30	30	30	30	30	30	30	30	30	30	30	30	30	30	139	30	30	30	30	30	30	30	30	30	30	30	30	30	30	30	30	30	30	30	30	30	30	
2350000	8936	30	30	30	30	30	30	30	30	30	30	30	30	30	30	30	30	30	30	30	30	30	30	169	30	30	30	30	30	30	30	30	30	30	30	30	30	30	30	30	30	30	30	30	30	30	
2400000	7467	30	1409	30	30	30	30	30	30	30	30	30	30	30	30	30	30	30	30	30	30	30	30	30	30	169	30	30	30	30	30	30	30	30	30	30	30	30	30	30	30	30	30	30	30	30	30	30	30	
2450000	8906	30	30	30	30	30	30	30	30	30	30	30	30	30	30	30	30	30	30	30	30	30	30	30	30	30	169	30	30	30	30	30	30	30	30	30	30	30	30	30	30	30	30	30	30	30	30	
2500000	6723	30	30	30	1210	30	30	30	30	30	943	30	30	30	30	30	30	30	30	30	30	30	30	30	30	30	30	30	199	30	30	30	30	30	30	30	30	30	30	30	30	30	30	30	30	30	30	30	30	
2550000	6535	1210	30	973	30	30	30	30	30	30	30	30	30	30	30	30	30	30	30	30	308	30	30	30	30	199	30	30	30	30	30	30	30	30	30	30	30	30	30	30	30	30	30	30	30	
2600000	30	7606	30	30	913	30	30	30	30	30	30	30	30	30	30	30	30	30	30	30	30	30	169	308	30	30	30	30	169	30	30	30	30	30	30	30	30	30	30	30	30	30	30	30	30	30	30	
2650000	6475	30	30	2183	30	30	30	30	30	30	30	30	30	30	30	30	30	30	30	30	30	30	308	30	30	30	30	30	30	30	169	30	30	30	30	30	30	30	30	30	30	30	30	30	30	30	30	
2700000	6475	2183	30	30	30	30	30	30	30	30	30	30	30	30	30	30	30	30	30	30	30	30	30	30	30	169	30	308	30	30	30	30	30	30	30	30	30	30	30	30	30	30	30	30	30	30	30	
2750000	6565	1003	30	1210	30	30	30	30	30	30	30	30	30	30	30	30	30	30	30	30	30	30	30	308	30	30	30	30	169	30	30	30	30	30	30	30	30	30	30	30	30	30	30	30	
2800000	6505	973	30	1240	30	30	30	30	30	30	30	30	30	30	30	30	30	30	30	30	30	30	30	308	30	30	30	169	30	30	30	30	30	30	30	30	30	30	30	30	30	30	30	30	30	30	
2850000	2521	30	30	6535	30	30	30	30	30	30	30	30	30	30	30	30	30	30	30	30	30	30	30	30	30	169	30	30	30	30	30	30	30	30	30	30	30	30	30	30	30	30	30	
2900000	1251	1240	30	30	30	30	6625	30	30	30	30	30	30	30	30	30	30	30	30	30	30	30	30	30	169	30	30	30	30	30	30	30	30	30	30	30	30	30	30	30	30	30	
2950000	1995	30	30	6625	30	466	30	30	30	30	30	30	30	30	30	30	30	30	30	30	169	30	30	30	30	30	30	30	30	30	30	30	30	30	30	30	30	30	30	30	30	30	30	
3000000	1191	30	30	6734	744	466	30	30	30	30	30	30	30	30	30	30	30	30	30	30	30	30	30	30	30	30	30	30	30	30	30	30	30	30	30	30	30	30	30	30	30	30	30	30	30	30	30	
3050000	8560	30	30	30	466	30	30	30	30	30	30	30	30	30	30	30	30	30	30	30	30	30	30	30	169	30	30	30	30	30	30	30	30	30	30	30	30	30	30	30	30	30	30	30	
3100000	8470	30	30	30	30	436	30	30	30	30	30	30	30	30	30	30	30	30	30	30	30	30	30	30	30	30	169	30	30	30	30	30	30	30	30	30	30	30	30	30	30	30	30	30	30	30	30	30	
3150000	8530	30	30	30	466	30	30	30	30	30	30	30	30	30	30	30	30	30	30	30	30	169	30	30	30	30	30	30	30	30	30	30	30	30	30	30	30	30	30	30	30	30	30	30	30	
3200000	8966	30	30	30	30	30	30	30	30	30	30	30	30	30	30	30	30	30	30	30	30	30	199	30	30	30	30	30	30	30	30	30	30	30	30	30	30	30	30	30	30	30	30	30	
3250000	883	8203	30	30	30	30	30	30	30	30	30	30	30	30	30	30	30	30	30	30	30	30	30	199	30	30	30	30	30	30	30	30	30	30	30	30	30	30	30	30	30	
3300000	8966	30	30	30	30	30	30	30	30	30	30	30	30	30	30	30	30	30	30	30	30	30	30	30	30	199	30	30	30	30	30	30	30	30	30	30	30	30	30	30	30	30	30	30	
3350000	8966	30	30	30	30	30	30	30	30	30	30	30	30	30	30	30	30	30	30	30	30	30	30	30	30	30	30	199	30	30	30	30	30	30	30	30	30	30	30	30	30	30	30	30	
3400000	9165	30	30	30	30	30	30	30	30	30	30	30	30	30	30	30	30	30	30	30	30	30	30	30	30	30	30	30	30	30	30	30	30	30	30	30	30	30	30	30	30	30	30	
3450000	8936	30	30	30	30	30	30	30	30	30	30	30	30	30	30	30	30	30	30	30	30	30	30	30	30	30	30	30	30	30	30	30	30	30	30	169	30	30	30	30	30	30	30	30	30	30	
3500000	8260	30	30	30	30	30	30	30	30	30	30	30	30	30	30	30	30	30	30	30	30	30	30	30	30	30	30	30	30	30	616	30	30	30	30	30	30	30	30	30	30	169	30	30	30	30	30	30	30	
3550000	8936	30	30	139	30	30	30	30	30	30	30	30	30	30	30	30	30	30	30	30	30	30	30	30	30	30	30	30	30	30	30	30	30	30	30	30	30	30	30	30	30	30	30	30	30	30	30	
3600000	30	30	8519	30	30	30	30	30	30	30	30	30	30	30	30	30	30	30	30	30	30	30	30	30	30	30	30	616	30	30	30	30	30	30	30	30	30	30	30	30	30	30	30	30	30	
3650000	30	8489	30	30	30	30	30	30	30	30	30	30	30	30	30	30	30	30	30	30	30	30	30	30	30	30	477	30	169	30	30	30	30	30	30	30	30	30	30	30	30	30	30	30	30	30	
3700000	30	8996	30	30	30	30	30	30	30	30	30	30	30	30	30	30	30	30	30	30	30	30	30	30	30	30	139	30	30	30	30	30	30	30	30	30	30	30	30	30	30	30	30	30	30	
3750000	30	8966	30	30	30	30	30	30	30	30	30	30	30	30	30	30	30	30	30	30	30	139	30	30	30	30	30	30	30	30	30	30	30	30	30	30	30	30	30	30	30	30	30	30	30	30	
3800000	30	8936	30	30	30	30	30	30	30	30	30	30	30	30	30	30	30	30	30	30	30	30	30	139	30	30	30	30	30	30	30	30	30	30	30	30	30	30	30	30	30	30	30	30	30	30	30	
3850000	8906	30	30	30	30	30	30	30	30	30	30	30	30	30	30	30	139	30	30	30	30	30	30	30	30	30	30	30	30	30	30	30	30	30	30	30	30	30	30	30	30	30	30	30	30	30	30	30	
3900000	30	8996	30	30	30	30	30	30	30	30	30	30	139	30	30	30	30	30	30	30	30	30	30	30	30	30	30	30	30	30	30	30	30	30	30	30	30	30	30	30	30	30	30	30	30	
3950000	8827	30	30	30	30	30	30	30	30	30	139	30	30	30	30	30	30	30	30	30	30	30	30	30	30	30	30	30	30	30	30	30	30	139	30	30	30	30	30	30	30	30	30	30	30	30	30	
4000000	30	8947	30	30	30	30	30	30	30	30	139	30	30	30	30	30	30	30	30	30	30	30	30	30	30	30	30	30	30	30	30	139	30	30	30	30	30	30	30	30	30	30	30	
4050000	8857	30	30	30	30	30	30	30	30	169	30	30	30	30	30	30	30	30	30	30	30	30	30	30	30	30	30	30	30	139	30	30	30	30	30	30	30	30	30	30	30	30	30	30	30	
4100000	8707	30	30	30	30	30	30	30	169	30	30	30	30	30	30	30	30	30	30	30	30	30	30	30	30	30	139	30	30	30	30	30	30	30	30	30	30	30	30	30	30	30	30	30	30	30	30	30	30	30	
4150000	30	9105	30	30	30	30	30	30	30	30	30	30	30	30	30	30	30	30	30	30	30	30	30	30	30	30	30	30	30	30	30	30	30	30	30	30	30	30	30	30	30	30	30	30	30	
4200000	30	30	8936	169	30	30	30	30	30	30	30	30	30	30	30	30	30	30	30	30	30	30	30	30	30	30	30	30	30	30	30	30	30	30	30	30	30	30	30	30	30	30	30	30	30	30	
4250000	30	8797	169	30	30	30	30	30	30	30	30	30	30	30	30	30	30	30	30	30	30	30	30	30	30	139	30	30	30	30	30	30	30	30	30	30	30	30	30	30	30	30	30	30	30	30	30	
4300000	30	30	8767	30	30	30	139	30	30	30	30	30	30	30	30	30	139	30	30	30	30	30	30	30	30	30	30	30	30	30	30	30	30	30	30	30	30	30	30	30	30	30	30	30	30	30	30	30	30	
4350000	30	8658	30	30	30	30	30	30	30	169	30	30	30	30	30	30	30	30	30	30	30	30	30	30	30	30	139	30	30	30	30	30	30	30	30	30	30	30	30	30	30	30	30	30	30	139	30	30	
4400000	30	30	8887	30	30	30	30	139	30	30	30	30	139	30	30	30	30	30	30	30	30	30	30	30	30	30	30	30	30	30	30	30	30	30	30	30	30	30	30	30	30	30	30	30	30	
4450000	8530	30	30	30	30	30	30	30	30	30	30	30	30	30	30	30	30	30	496	30	30	30	30	30	30	30	30	30	30	30	30	30	30	30	30	30	30	30	139	30	30	30	30	30	30	
4500000	30	30	8966	30	30	30	30	30	30	30	30	30	30	30	30	30	30	30	30	30	30	30	30	30	30	30	30	30	30	30	30	30	30	30	30	30	30	30	30	30	30	30	139	30	30	30	
4550000	30	30	8876	30	30	30	30	30	30	30	30	30	30	30	30	30	30	30	30	30	30	30	30	30	30	30	30	30	30	30	30	30	30	30	30	30	30	30	30	30	169	30	30	30	30	30	30	30	
4600000	8797	30	30	368	30	30	30	30	30	30	30	30	30	30	30	30	30	30	30	30	30	30	30	30	30	30	30	30	30	30	30	30	30	30	30	30	30	30	30	30	30	30	30	30	
4650000	8996	30	30	30	30	30	30	30	30	30	30	30	30	30	30	30	30	30	30	30	30	30	30	30	30	139	30	30	30	30	30	30	30	30	30	30	30	30	30	30	30	30	30	30	30	
4700000	8628	30	30	30	30	30	30	30	567	30	30	30	30	30	30	30	30	30	30	30	30	30	30	30	30	30	30	30	30	30	30	30	30	30	30	30	30	30	30	30	30	30	30	
4750000	8519	30	30	30	30	169	30	30	30	30	30	30	139	30	30	30	30	30	30	30	30	30	30	30	30	30	30	30	30	30	30	30	30	30	30	30	308	30	30	30	30	30	30	30	30	30	30	
4800000	665	30	7794	30	30	507	30	30	30	30	30	30	30	30	30	30	30	30	30	30	30	30	30	30	30	30	30	30	30	30	30	30	30	30	30	30	30	30	30	30	30	30	30	139	30	30	30	30	
4850000	635	30	30	7824	30	30	30	30	30	30	30	507	30	30	30	30	30	30	30	30	30	30	30	30	30	30	30	30	30	30	30	30	30	30	30	30	30	139	30	30	30	30	30	30	30	30	30	30	
4900000	30	635	30	7734	30	30	30	30	30	30	30	30	30	30	30	30	30	30	30	30	30	30	30	30	30	30	30	30	30	30	507	30	30	30	30	30	30	30	30	30	30	30	30	30	30	30	30	30	30	139	30	
4950000	7764	30	30	635	30	30	30	30	30	30	30	30	30	30	30	30	30	30	30	30	30	30	30	30	30	507	30	30	30	30	30	30	30	30	30	30	30	30	139	30	30	30	30	30	30	30	30	30	30	30	
5000000	7328	665	30	30	30	30	30	30	466	30	30	30	30	30	30	30	30	30	30	30	30	30	30	30	30	30	30	30	30	507	30	30	30	30	30	30	30	30	30	169	30	30	30	30	30	30	30	30	
5050000	7298	30	30	30	30	30	496	30	30	30	30	30	30	30	30	30	30	30	30	507	30	30	30	30	30	30	30	30	30	30	30	30	30	30	30	139	30	635	30	30	30	30	30	30	30	30	30	30	30	30	
5100000	7189	30	30	30	496	30	30	30	199	30	30	30	30	30	30	30	30	30	30	507	30	30	30	30	30	30	30	30	30	30	30	139	30	30	665	30	30	30	30	30	30	30	30	30	30	30	30	
5150000	7189	30	30	30	30	30	30	496	30	199	30	30	30	30	30	30	30	30	30	30	30	30	507	30	30	30	30	30	30	665	30	30	30	30	30	139	30	30	30	30	30	30	30	30	30	30	30	
5200000	7279	30	199	30	30	30	507	496	30	30	30	30	30	30	30	30	30	30	30	30	30	30	30	30	30	30	139	30	30	30	665	30	30	30	30	30	30	30	30	30	30	30	30	30	
5250000	7985	30	30	30	30	30	30	30	30	30	496	199	30	30	30	30	30	30	30	30	30	30	496	30	169	30	30	30	30	30	30	30	30	30	30	30	30	30	30	30	30	
5300000	8421	30	30	30	30	199	30	30	30	30	30	30	30	30	30	30	30	30	30	169	30	30	30	30	30	30	30	30	30	30	30	30	30	30	30	466	30	30	30	30	30	30	30	
5350000	30	199	30	7159	169	30	30	30	30	30	30	30	477	30	30	30	30	30	30	30	30	30	30	30	30	665	30	30	30	30	30	30	30	30	466	30	30	30	30	30	30	30	30	30	30	30	30	30	30	
5400000	30	30	7219	537	30	199	30	30	30	30	30	30	30	30	169	30	30	30	30	30	665	30	30	30	30	30	30	30	30	30	466	30	30	30	30	30	30	30	30	30	30	30	30	30	30	
5450000	7786	30	229	30	30	30	30	30	30	30	30	30	30	30	30	30	30	30	30	30	30	169	30	30	665	30	139	30	30	30	30	30	30	327	30	30	30	30	30	30	30	30	30	
5500000	8451	30	30	30	30	30	30	30	30	30	30	30	30	30	30	30	30	30	199	30	30	30	30	30	30	496	30	30	30	30	30	30	30	30	30	199	30	30	30	30	
5550000	8451	30	169	30	30	169	30	30	30	30	30	30	30	30	30	30	30	30	30	30	30	30	30	30	30	30	466	30	30	30	30	30	30	30	30	30	30	30	30	30	30	30	30	
5600000	507	30	199	7775	30	199	30	30	30	30	30	30	30	30	30	30	30	30	169	30	139	30	30	30	30	30	357	30	30	30	30	30	30	30	30	30	30	30	30	30	30	30	30	
5650000	507	30	7775	30	30	30	169	30	30	30	30	30	30	30	30	30	30	30	297	139	30	169	30	30	30	30	30	30	30	30	30	199	30	30	30	30	30	30	30	30	30	30	30	30	30	30	
5700000	8192	30	30	30	30	30	30	30	169	30	30	30	30	30	30	30	30	139	30	30	496	30	30	30	30	30	30	30	30	30	30	30	30	30	199	30	30	30	30	30	30	30	30	30	30	30	
5750000	30	973	30	30	199	6900	30	30	30	169	30	30	139	30	30	30	30	30	30	30	30	30	30	169	30	30	30	30	30	30	30	30	30	327	30	30	30	30	30	30	169	30	30	30	30	30	30	30	30	30	30	30	30	30	
5800000	30	973	7159	30	30	30	30	139	30	169	30	30	30	30	30	30	30	169	30	30	30	30	30	30	30	30	30	297	30	169	30	30	30	30	30	30	30	30	30	30	30	30	30	30	30	30	30	30	30	30	30	30	
5850000	1003	7219	30	30	30	30	139	30	169	30	30	30	30	30	30	30	30	30	30	30	169	327	30	30	30	30	30	199	30	30	30	30	30	30	30	30	30	30	30	30	30	30	30	30	30	30	30	
5900000	973	7279	30	30	30	30	169	139	30	169	30	30	30	30	30	30	30	30	30	30	30	30	30	327	30	30	30	30	199	30	30	30	30	30	30	30	30	30	30	30	30	30	30	30	30	30	
5950000	30	496	7309	308	169	30	30	139	30	169	169	30	30	30	30	30	30	30	30	30	30	327	30	30	199	30	30	30	30	30	30	30	30	30	30	30	30	30	30	30	30	30	30	30	30	30	30	