200	4.049254
700	0.120898
1200	0.106224
1700	0.047676
2200	0.055093
2700	0.086895
3200	0.081213
3700	0.016269
4200	0.076888
4700	0.101514
5200	0.048072
5700	0.021049
6200	0.067754
6700	0.021426
7200	-0.008288
7700	0.100468
8200	-0.018794
8700	0.040540
9200	0.099484
9700	0.056064
10200	-0.003078
10700	0.045415
11200	0.048021
11700	0.005607
12200	0.011350
12700	0.009224
13200	-0.036233
13700	0.021769
14200	-0.058706
14700	0.022455
15200	0.018885
15700	0.050265
16200	0.078232
16700	-0.008135
17200	0.040177
17700	0.014353
18200	0.023403
18700	0.022922
19200	-0.045393
19700	0.059829
20200	-0.026509
20700	0.030916
21200	0.006900
21700	0.026435
22200	0.011064
22700	0.012197
23200	-0.050480
23700	0.026265
24200	-0.057070
24700	0.005972
25200	0.023048
25700	0.028594
26200	0.016193
26700	0.056180
27200	0.006218
27700	-0.072231
28200	0.023751
28700	0.035693
29200	-0.010613
29700	0.043728
30200	-0.007000
30700	-0.034428
31200	-0.029679
31700	-0.044449
32200	0.031975
32700	0.084982
33200	0.014003
33700	-0.002697
34200	0.043902
34700	0.039713
35200	0.046807
35700	0.046287
36200	0.037330
36700	0.010711
37200	0.061948
37700	0.057771
38200	0.046003
38700	0.048248
39200	0.002373
39700	0.003634
40200	-0.012377
40700	0.030332
41200	0.027214
41700	0.016981
42200	0.060030
42700	-0.053256
43200	0.018781
43700	-0.017774
44200	0.002522
44700	-0.046960
45200	0.042508
45700	-0.080046
46200	0.041870
46700	0.048840
47200	-0.032189
47700	-0.026506
48200	0.035916
48700	0.035786
49200	-0.005621
49700	-0.017309
50200	0.055034
50700	0.125978
51200	0.024488
51700	0.080224
52200	0.017890
52700	0.006989
53200	0.011410
53700	-0.027639
54200	-0.027129
54700	0.035024
55200	-0.054818
55700	0.031803
56200	-0.008180
56700	0.015528
57200	0.013978
57700	-0.015902
58200	0.031563
58700	-0.098173
59200	0.061054
59700	0.047048
60200	-0.025516
60700	-0.089209
61200	0.064496
61700	0.074773
62200	-0.011973
62700	-0.005264
63200	0.009899
63700	-0.003251
64200	0.035424
64700	0.070523
65200	0.009656
65700	-0.007576
66200	-0.050143
66700	0.060818
67200	-0.022246
67700	0.058766
68200	-0.024813
68700	0.097891
69200	0.033749
69700	0.061459
70200	0.073043
70700	0.048618
71200	0.044941
71700	-0.028139
72200	-0.003581
72700	0.019079
73200	-0.001494
73700	-0.039756
74200	-0.006916
74700	-0.004832
75200	0.057559
75700	-0.011166
76200	-0.027673
76700	0.016440
77200	-0.037087
77700	-0.024020
78200	0.018479
78700	0.048122
79200	0.016318
79700	0.003213
80200	0.014660
80700	-0.012541
81200	0.020717
81700	-0.025729
82200	0.021961
82700	0.035271
83200	0.033089
83700	0.012106
84200	0.027702
84700	-0.005492
85200	0.030479
85700	-0.013345
86200	0.053534
86700	0.049942
87200	0.028496
87700	-0.029741
88200	0.043553
88700	-0.033320
89200	-0.034998
89700	-0.027825
90200	-0.022900
90700	-0.042778
91200	0.025022
91700	0.005368
92200	-0.048381
92700	0.040380
93200	-0.014455
93700	-0.016669
94200	0.020079
94700	0.048258
95200	-0.003613
95700	-0.006740
96200	0.014094
96700	0.032814
97200	-0.004105
97700	0.004659
98200	-0.089403
98700	0.025052
99200	0.018779
99700	-0.045678
100200	0.034061
100700	0.041160
101200	-0.023795
101700	-0.031767
102200	-0.042812
102700	-0.029329
103200	0.036651
103700	-0.034303
104200	0.028791
104700	0.001298
105200	0.077132
105700	-0.045787
106200	0.020406
106700	0.031787
107200	-0.008804
107700	0.011099
108200	0.022365
108700	0.016339
109200	-0.009315
109700	0.044244
110200	0.028731
110700	-0.006293
111200	0.082011
111700	0.011546
112200	0.066796
112700	-0.043101
113200	-0.029977
113700	0.006373
114200	-0.031819
114700	0.007042
115200	0.063454
115700	0.035529
116200	0.029689
116700	0.011833
117200	-0.010018
117700	-0.021687
118200	0.011207
118700	-0.037911
119200	-0.013613
119700	-0.038213
120200	0.005400
120700	-0.103466
121200	0.041637
121700	0.004645
122200	0.024369
122700	-0.003304
123200	-0.007890
123700	0.016160
124200	0.014679
124700	-0.018538
125200	-0.015325
125700	0.022516
126200	0.035329
126700	-0.071396
127200	0.015131
127700	0.057195
128200	-0.036735
128700	-0.058920
129200	0.022993
129700	-0.000161
130200	0.000610
130700	-0.040459
131200	0.006422
131700	0.029985
132200	-0.014507
132700	0.041249
133200	0.088392
133700	-0.026527
134200	0.022879
134700	-0.040903
135200	-0.025344
135700	0.017011
136200	-0.017161
136700	-0.064566
137200	-0.009743
137700	-0.018370
138200	0.040640
138700	0.011492
139200	-0.036297
139700	-0.018660
140200	-0.052155
140700	0.009161
141200	0.036624
141700	-0.046609
142200	-0.041730
142700	-0.004510
143200	0.014828
143700	-0.035273
144200	-0.008022
144700	0.057832
145200	-0.037688
145700	-0.004422
146200	-0.020915
146700	-0.100017
147200	0.010221
147700	0.011358
148200	0.018285
148700	-0.068307
149200	-0.036352
149700	0.024019
150200	0.039003
150700	0.003564
151200	0.050433
151700	-0.047844
152200	-0.001876
152700	-0.041534
153200	0.023969
153700	0.011351
154200	-0.059448
154700	-0.000338
155200	-0.000500
155700	0.036974
156200	0.072332
156700	0.036461
157200	-0.057020
157700	-0.065961
158200	0.051933
158700	-0.075074
159200	0.011822
159700	-0.024538
160200	0.012417
160700	0.043142
161200	0.064300
161700	-0.015374
162200	-0.029363
162700	0.006335
163200	-0.040524
163700	-0.014266
164200	0.023057
164700	-0.032260
165200	-0.032477
165700	-0.072835
166200	0.021469
166700	-0.048658
167200	0.002470
167700	-0.028501
168200	0.039805
168700	-0.043949
169200	-0.014797
169700	-0.003058
170200	0.053025
170700	0.000817
171200	0.038443
171700	0.048052
172200	0.020062
172700	0.017797
173200	-0.094056
173700	0.010759
174200	-0.010810
174700	-0.019761
175200	-0.031155
175700	-0.036250
176200	0.032774
176700	-0.028242
177200	-0.000470
177700	-0.013198
178200	-0.073762
178700	-0.014110
179200	0.019168
179700	0.017234
180200	0.024244
180700	-0.014912
181200	0.009069
181700	-0.057361
182200	-0.062988
182700	-0.050130
183200	-0.019509
183700	0.063537
184200	-0.072222
184700	-0.003540
185200	-0.022295
185700	0.047184
186200	-0.069009
186700	-0.062059
187200	0.000171
187700	-0.058158
188200	-0.006302
188700	0.053994
189200	-0.045839
189700	-0.026704
190200	-0.039973
190700	-0.052571
191200	0.011030
191700	0.040488
192200	0.007316
192700	0.025922
193200	0.001986
193700	-0.048711
194200	-0.019822
194700	0.003388
195200	0.092533
195700	-0.011619
196200	0.001229
196700	0.020676
197200	0.022758
197700	-0.026333
198200	-0.028516
198700	-0.066750
199200	-0.073161
199700	0.018796
