0.000000 36.001118 36.576954 37.906231 40.911594
50.000000 2.403940 2.141586 2.003515 2.520567
100.000000 0.746523 0.644893 0.519129 0.908282
150.000000 0.259379 0.262472 0.345745 0.615784
200.000000 0.234010 0.387087 0.217642 0.414506
250.000000 0.232613 0.426662 -0.003853 0.325664
300.000000 0.278856 0.060947 0.057935 0.402318
350.000000 0.170583 0.301193 0.253933 0.456403
400.000000 0.078169 -0.014771 0.254292 0.316604
450.000000 0.087349 0.194736 0.239692 0.296300
500.000000 0.234025 0.065977 0.145215 0.081643
550.000000 -0.037546 0.221837 0.139258 -0.203675
600.000000 0.036959 0.200111 0.291383 -0.001172
650.000000 0.261669 0.171367 0.315993 0.194965
700.000000 0.085469 -0.189142 0.154028 0.125351
750.000000 0.131619 0.048669 0.072699 0.111011
800.000000 0.243124 0.306978 0.209730 0.090851
850.000000 0.056993 0.192256 0.142803 0.168402
900.000000 0.053214 0.044749 0.246668 0.290792
950.000000 0.143456 -0.048237 0.172953 -0.034267
1000.000000 0.098117 0.138757 0.127196 0.134840
1050.000000 -0.016508 0.118718 -0.016795 0.330989
1100.000000 0.094499 0.097183 0.008021 0.210477
1150.000000 0.147574 -0.026957 0.051191 0.031754
1200.000000 0.053125 -0.056204 0.031678 0.064857
1250.000000 0.021964 0.056594 0.170090 0.105869
1300.000000 0.230707 0.071678 -0.024520 0.176759
1350.000000 0.103484 -0.031131 -0.088025 0.106812
1400.000000 0.088211 0.125546 0.048366 0.273314
1450.000000 0.241069 0.033442 -0.144376 0.104262
1500.000000 0.112938 0.097417 0.042558 0.100667
1550.000000 0.061306 -0.142530 0.010680 0.037887
1600.000000 0.203571 0.054978 -0.137152 0.211213
1650.000000 0.191531 0.012833 0.017095 0.117735
1700.000000 -0.007858 0.076565 0.003199 0.059691
1750.000000 0.098418 -0.046853 0.147850 -0.079625
1800.000000 -0.204616 0.291707 -0.134873 -0.190075
1850.000000 0.040935 0.119528 -0.021584 0.137010
1900.000000 0.082008 0.026089 0.156006 0.000003
1950.000000 -0.101478 0.017098 -0.219343 0.103416
2000.000000 0.098725 -0.190752 -0.218224 0.226816
2100.000000 0.070031 0.059246 0.051805 0.084882
2350.000000 0.024183 -0.004361 0.159253 0.115446
2600.000000 0.034438 0.033142 0.075463 -0.028663
2850.000000 0.170678 0.071654 0.074039 -0.053796
3100.000000 0.100916 -0.080895 0.126194 -0.033242
3350.000000 0.022885 0.119763 0.085561 0.162843
3600.000000 -0.003996 0.079859 0.059005 0.020527
3850.000000 0.034489 0.041002 0.089690 0.110925
4100.000000 0.107909 -0.031255 -0.002266 0.104506
4350.000000 0.053288 0.044958 0.142655 0.041662
4600.000000 0.085243 0.060793 -0.002528 -0.036449
4850.000000 0.136340 0.080353 -0.039247 -0.042443
5100.000000 0.030845 0.016244 0.075631 -0.064172
5350.000000 0.066630 -0.000287 0.100269 -0.076708
5600.000000 -0.068552 -0.095502 -0.078475 0.006274
5850.000000 0.094474 -0.003835 -0.097985 0.057353
6100.000000 0.060581 0.038539 0.009728 0.046390
6350.000000 0.085877 0.121453 0.039304 -0.020077
6600.000000 0.033313 0.093922 0.060004 0.046144
6850.000000 -0.049266 -0.040900 0.144594 0.097749
7100.000000 0.014639 -0.047889 0.048366 0.005886
7350.000000 -0.003739 -0.015177 0.032622 0.051404
7600.000000 0.141915 -0.007249 -0.032364 0.037619
7850.000000 0.089350 -0.008460 0.048070 -0.068573
8100.000000 0.014022 0.052307 0.011744 0.008279
8350.000000 -0.063809 0.004104 0.128956 0.009492
8600.000000 0.102749 0.037021 0.022717 0.052661
8850.000000 -0.035883 0.100916 0.134606 -0.004188
9100.000000 0.121769 0.104288 0.072922 -0.057624
9350.000000 0.121711 0.099644 0.036443 0.048157
9600.000000 0.012065 0.056372 -0.012825 0.029384
9850.000000 0.055720 -0.039360 0.006281 0.101152
10100.000000 0.036893 0.006091 0.132378 0.060637
10350.000000 -0.049735 -0.080091 0.046531 0.027902
10600.000000 0.069868 -0.006785 0.043153 0.097562
10850.000000 0.068107 0.138380 0.096359 0.017761
11100.000000 0.066369 -0.047956 0.101911 0.036467
11350.000000 0.013438 0.047980 0.110447 0.031083
11600.000000 0.032122 0.110433 0.075330 0.029850
11850.000000 -0.029838 -0.005975 0.054601 -0.043773
12100.000000 -0.012367 -0.003276 0.004457 0.112650
12350.000000 0.024768 0.111612 0.119381 0.015999
12600.000000 0.011136 0.014007 0.007716 -0.041703
12850.000000 0.012067 0.022818 -0.058957 -0.003740
13100.000000 -0.071238 0.042549 0.036473 -0.028424
13350.000000 0.033084 0.043532 0.012850 0.059950
13600.000000 -0.024799 0.089341 0.014241 0.063924
13850.000000 0.025078 -0.053260 0.043678 0.078041
14100.000000 -0.101983 0.058115 0.179372 -0.055762
14350.000000 -0.005976 0.042665 -0.015476 0.089862
14600.000000 -0.023354 -0.010746 0.079730 -0.024149
14850.000000 0.047218 0.043972 0.013370 -0.033251
15100.000000 0.062189 -0.010039 0.011702 -0.013423
15350.000000 0.033697 0.085444 0.076267 0.010404
15600.000000 0.008069 0.092151 0.014747 0.033194
15850.000000 0.076186 0.028864 0.059681 -0.103703
16100.000000 0.098630 0.043857 -0.017749 -0.065514
16350.000000 -0.009317 0.111731 -0.048392 -0.002043
16600.000000 -0.000535 0.067330 0.026207 0.050057
16850.000000 0.003268 0.094419 0.011205 0.170319
17100.000000 0.063585 -0.020864 0.095886 0.012047
17350.000000 0.062263 -0.079581 -0.037645 0.085740
17600.000000 0.033429 -0.008317 0.066298 0.028851
17850.000000 -0.024000 0.015932 0.083965 -0.015550
18100.000000 -0.025754 0.034748 0.033973 0.045119
18350.000000 0.086881 -0.024727 -0.017155 -0.050059
18600.000000 0.106467 0.012887 -0.014354 0.026100
18850.000000 -0.088678 0.010757 0.071831 -0.021608
19100.000000 -0.096951 -0.065530 0.074612 0.011286
19350.000000 0.001425 -0.096857 0.117651 0.007877
19600.000000 0.066848 -0.103329 0.066435 -0.007454
19850.000000 0.070038 0.014927 -0.008765 0.003087
20100.000000 -0.034936 -0.001747 0.126571 -0.048528
20350.000000 -0.002792 0.001817 0.116117 -0.019766
20600.000000 0.024681 -0.018363 0.001113 0.023939
20850.000000 0.039645 -0.022043 -0.045999 0.018012
21100.000000 0.034135 -0.077908 0.031503 0.059538
21350.000000 -0.026595 -0.012023 0.051947 0.034852
21600.000000 0.082314 0.103685 -0.068792 0.061961
21850.000000 0.003076 -0.020641 0.010072 -0.039987
22100.000000 -0.066607 0.117902 0.063765 -0.004961
22350.000000 0.058375 0.073609 0.067409 -0.069425
22600.000000 0.037763 0.104220 0.005225 -0.047418
22850.000000 -0.014737 -0.024759 0.029118 -0.036246
23100.000000 -0.093958 0.138413 0.000480 0.043196
23350.000000 -0.028603 0.037157 -0.044360 -0.186624
23600.000000 0.039521 -0.068240 0.008728 -0.060316
23850.000000 0.050398 0.013228 -0.065096 -0.029820
24100.000000 -0.064714 0.126419 -0.012461 -0.139978
24350.000000 -0.070728 0.059808 0.099404 -0.022744
24600.000000 0.033018 0.033292 0.025743 0.108196
24850.000000 -0.014922 0.074693 0.093682 0.068351
25100.000000 0.011107 -0.037796 -0.062467 0.045898
25350.000000 0.021764 0.058077 -0.020710 0.069158
25600.000000 0.024948 0.051468 0.027580 0.100494
25850.000000 0.003944 0.012627 -0.000094 -0.048722
26100.000000 0.032366 -0.011470 -0.052693 0.141191
26350.000000 0.045506 0.060057 0.033100 -0.017483
26600.000000 0.070211 0.063281 -0.083229 0.004409
26850.000000 0.031236 0.021454 0.025775 -0.057183
27100.000000 -0.000531 -0.051115 0.045568 0.064742
27350.000000 0.005782 -0.084327 -0.002875 0.067495
27600.000000 -0.046373 0.140953 -0.109378 0.081392
27850.000000 -0.099774 0.040057 -0.016972 0.021857
28100.000000 0.023398 0.031879 0.068258 0.020789
28350.000000 0.023125 -0.009578 -0.064793 -0.004007
28600.000000 0.018890 -0.013975 0.057790 0.111442
28850.000000 0.072793 -0.057831 0.044605 0.056526
29100.000000 -0.020717 -0.007852 0.075144 0.048296
29350.000000 -0.003976 -0.042250 -0.027497 0.067696
29600.000000 0.025943 -0.027991 0.078332 0.013121
29850.000000 0.050545 -0.001652 -0.071161 0.055410
30100.000000 -0.028798 0.083230 0.013211 0.110510
30350.000000 -0.004327 0.073018 0.010200 0.013293
30600.000000 -0.029618 0.012511 -0.170889 0.074919
30850.000000 -0.012998 -0.004883 0.046877 0.012698
31100.000000 -0.045351 0.001241 -0.011189 -0.082125
31350.000000 -0.024665 -0.007527 0.014290 -0.070997
31600.000000 -0.033807 0.122804 0.039100 -0.003855
31850.000000 -0.024812 0.045563 -0.011000 0.070719
32100.000000 0.019414 0.029164 0.065424 -0.039240
32350.000000 0.030256 -0.016540 0.024198 0.001465
32600.000000 0.091975 0.058239 -0.025689 -0.015942
32850.000000 0.107536 -0.004447 0.026034 0.008238
33100.000000 0.036599 -0.023130 0.050895 0.061361
33350.000000 -0.008701 -0.017957 -0.016220 0.057616
33600.000000 -0.002547 0.010805 0.087721 -0.016685
33850.000000 -0.060419 0.035436 0.056247 -0.082736
34100.000000 -0.034425 -0.030977 0.071681 -0.064174
34350.000000 0.155286 -0.030134 -0.014406 0.070040
34600.000000 0.036781 0.137266 0.051278 -0.059705
34850.000000 0.045048 -0.029864 0.137272 0.071043
35100.000000 -0.003794 -0.008726 0.017446 0.018950
35350.000000 0.101393 -0.020354 0.038461 0.060069
35600.000000 0.040958 0.012576 -0.031803 -0.030071
35850.000000 0.014063 -0.029697 -0.096680 0.107557
36100.000000 0.019641 -0.040335 -0.012850 0.002561
36350.000000 0.054773 -0.019057 0.016841 -0.022804
36600.000000 0.029140 0.003929 0.025345 -0.013571
36850.000000 0.022316 0.009006 0.017232 0.122298
37100.000000 0.046537 -0.065979 0.032297 0.032375
37350.000000 0.090129 -0.064099 0.077167 0.053696
37600.000000 0.071221 -0.041304 0.115810 0.075156
37850.000000 0.024322 0.059278 -0.015402 -0.072220
38100.000000 0.030600 0.085915 0.035725 -0.059993
38350.000000 0.075454 -0.060098 0.116631 0.080765
38600.000000 0.091471 -0.092134 0.007997 0.214141
38850.000000 -0.035631 -0.066105 -0.080120 0.146170
39100.000000 0.054289 -0.091950 0.046076 0.068865
39350.000000 -0.032634 -0.046980 0.049794 -0.019789
39600.000000 0.046792 0.013459 -0.082747 0.062132
39850.000000 -0.064246 0.021368 0.079176 -0.068155
40100.000000 -0.014233 -0.006652 0.072068 -0.045876
40350.000000 0.006118 0.069880 0.032731 -0.066538
40600.000000 0.049794 -0.010171 -0.058741 -0.063392
40850.000000 0.024654 -0.093564 -0.069664 0.014615
41100.000000 -0.027703 -0.105738 0.009466 -0.019522
41350.000000 0.100135 -0.042284 -0.007209 0.011981
41600.000000 0.070740 -0.019149 0.038471 0.027345
41850.000000 -0.035986 0.050804 -0.053352 0.011579
42100.000000 0.032582 -0.002680 -0.105341 0.001657
42350.000000 0.053380 -0.042210 0.067237 -0.078868
42600.000000 -0.047150 0.028892 0.016160 0.044203
42850.000000 -0.031988 -0.046640 -0.027298 -0.129787
43100.000000 0.054013 0.008255 -0.041738 0.046755
43350.000000 -0.052280 -0.002635 0.117682 -0.169031
43600.000000 -0.033772 -0.036568 0.063735 -0.012832
43850.000000 0.039166 -0.099251 -0.073732 -0.075827
44100.000000 -0.024715 0.049444 -0.006886 -0.069754
44350.000000 0.021977 -0.062517 0.038025 0.137204
44600.000000 -0.059025 -0.062411 0.069710 0.056360
44850.000000 -0.037044 -0.008902 0.037412 0.032726
45100.000000 0.054088 -0.000255 -0.025504 -0.003638
45350.000000 0.005843 0.072596 0.006865 0.060076
45600.000000 -0.111033 -0.059325 -0.012034 0.011684
45850.000000 -0.029318 0.026047 0.107644 -0.012633
46100.000000 0.003563 0.015207 0.015648 0.010391
46350.000000 0.102905 -0.033130 0.101414 -0.093297
46600.000000 0.031064 0.007063 0.037071 0.052113
46850.000000 0.064311 0.029826 0.042345 -0.005908
47100.000000 -0.001681 -0.016391 -0.029283 -0.066918
47350.000000 -0.089085 -0.028410 -0.007448 -0.030116
47600.000000 -0.037895 0.056997 0.028750 -0.011477
47850.000000 0.009314 -0.024083 0.061132 0.019687
48100.000000 0.021278 -0.084739 -0.028877 0.085055
48350.000000 0.014496 0.014243 0.033673 -0.049429
48600.000000 0.095789 0.005296 -0.064012 -0.006336
48850.000000 -0.015554 -0.002385 0.096884 0.034240
49100.000000 0.042923 0.020566 0.066409 -0.022042
49350.000000 -0.029874 0.039184 -0.032414 0.042103
49600.000000 -0.020294 -0.007664 -0.015806 -0.009323
49850.000000 -0.018166 -0.035780 -0.018955 0.019236
50250.000000 0.055033 -0.020795 -0.045197 -0.012781
50750.000000 0.125978 -0.073997 -0.016938 -0.072866
51250.000000 0.024488 -0.014935 0.042196 -0.077142
51750.000000 0.080224 0.036926 -0.034997 0.019560
52250.000000 0.017890 0.031396 -0.004541 0.058023
52750.000000 0.006989 -0.020577 -0.017902 0.052494
53250.000000 0.011411 -0.024437 -0.054376 -0.050735
53750.000000 -0.027640 -0.076331 0.056308 -0.012810
54250.000000 -0.027129 -0.068236 0.089719 -0.091534
54750.000000 0.035024 -0.050183 -0.008329 0.064278
55250.000000 -0.054818 -0.042421 -0.004954 0.073593
55750.000000 0.031803 -0.010881 0.006322 -0.013083
56250.000000 -0.008180 -0.005977 0.047736 0.117250
56750.000000 0.015528 0.051860 0.070479 0.081955
57250.000000 0.013978 0.032627 0.026789 0.042924
57750.000000 -0.015902 -0.013716 -0.062393 -0.023132
58250.000000 0.031563 0.002698 0.016492 0.096748
58750.000000 -0.098173 -0.012010 0.035480 0.048391
59250.000000 0.061054 -0.020091 0.011114 0.034282
59750.000000 0.047048 0.047218 0.011058 0.019307
60250.000000 -0.025516 -0.016040 -0.074082 0.084235
60750.000000 -0.089209 0.010552 -0.007648 -0.029204
61250.000000 0.064496 0.038494 0.042948 -0.030178
61750.000000 0.074773 0.032305 0.054777 -0.015098
62250.000000 -0.011974 -0.026333 0.039081 -0.046693
62750.000000 -0.005264 -0.053349 -0.016371 -0.104239
63250.000000 0.009899 0.019350 -0.002128 -0.007188
63750.000000 -0.003251 0.030885 -0.020621 0.052096
64250.000000 0.035424 0.021866 0.013346 0.052711
64750.000000 0.070523 0.039566 0.039825 0.037699
65250.000000 0.009657 0.042825 -0.024824 0.021306
65750.000000 -0.007576 -0.011766 0.044237 0.063290
66250.000000 -0.050143 0.034423 0.034949 0.043902
66750.000000 0.060818 -0.013369 0.009209 0.087350
67250.000000 -0.022246 -0.038121 -0.002560 -0.002850
67750.000000 0.058766 0.007163 0.031819 0.040105
68250.000000 -0.024813 -0.040894 -0.037988 -0.089242
68750.000000 0.097891 -0.014241 0.005888 0.050716
69250.000000 0.033749 -0.029154 -0.021032 -0.078359
69750.000000 0.061459 -0.080824 0.063904 0.056964
70250.000000 0.073043 -0.058975 0.016878 0.012227
70750.000000 0.048618 0.036384 0.024022 0.032537
71250.000000 0.044941 -0.052909 0.005885 -0.018117
71750.000000 -0.028139 -0.060669 0.049336 0.003180
72250.000000 -0.003581 -0.006046 0.018032 -0.033894
72750.000000 0.019079 -0.030716 0.042761 0.018514
73250.000000 -0.001494 -0.053982 0.063864 -0.030371
73750.000000 -0.039756 -0.034821 0.065464 -0.067903
74250.000000 -0.006916 -0.025090 0.051605 0.003658
74750.000000 -0.004832 -0.012644 -0.055538 0.079866
75250.000000 0.057559 0.017736 -0.001716 -0.002781
75750.000000 -0.011166 0.027637 0.061629 -0.018717
76250.000000 -0.027673 0.001918 -0.011940 -0.008196
76750.000000 0.016440 0.018529 -0.007168 -0.001232
77250.000000 -0.037087 0.013204 0.017386 0.007396
77750.000000 -0.024020 0.016536 0.121946 0.029361
78250.000000 0.018479 -0.017278 -0.009919 0.043993
78750.000000 0.048122 -0.022505 0.026877 0.022346
79250.000000 0.016318 0.000526 0.036923 -0.025650
79750.000000 0.003213 0.052835 0.037289 -0.069163
80250.000000 0.014660 0.072210 0.024810 -0.054172
80750.000000 -0.012541 0.063236 0.027804 -0.023384
81250.000000 0.020717 0.005522 0.004684 -0.007620
81750.000000 -0.025729 0.009547 0.009256 -0.011960
82250.000000 0.021961 -0.031921 0.006260 -0.020429
82750.000000 0.035271 0.017152 -0.001764 0.003055
83250.000000 0.033089 0.045798 -0.009302 0.082624
83750.000000 0.012106 0.012431 0.034168 -0.003494
84250.000000 0.027702 0.030609 0.063241 0.096613
84750.000000 -0.005492 -0.050139 -0.034331 0.016400
85250.000000 0.030479 0.015714 0.009792 0.056306
85750.000000 -0.013345 0.022950 -0.014349 0.015558
86250.000000 0.053534 -0.075788 0.002494 0.014418
86750.000000 0.049942 0.031288 0.049836 0.058363
87250.000000 0.028496 0.057638 -0.023880 0.050016
87750.000000 -0.029741 0.007422 0.006218 0.017916
88250.000000 0.043553 0.031389 0.069706 0.052776
88750.000000 -0.033320 0.030362 0.017800 -0.021334
89250.000000 -0.034998 0.056437 0.000087 0.003899
89750.000000 -0.027825 0.026208 -0.018316 -0.089745
90250.000000 -0.022900 0.006999 -0.006601 0.027430
90750.000000 -0.042778 0.033420 0.088717 -0.047036
91250.000000 0.025022 -0.031181 0.013246 -0.002902
91750.000000 0.005368 0.031905 0.004581 -0.025463
92250.000000 -0.048381 0.021452 0.004381 -0.054479
92750.000000 0.040380 -0.109778 0.008588 -0.005419
93250.000000 -0.014455 -0.030290 -0.067861 -0.045935
93750.000000 -0.016669 -0.008294 -0.010504 -0.035173
94250.000000 0.020079 -0.018101 0.092774 0.063652
94750.000000 0.048258 -0.023493 -0.010061 0.062409
95250.000000 -0.003613 -0.038833 0.019702 -0.028919
95750.000000 -0.006739 0.060179 0.065125 0.085164
96250.000000 0.014094 0.074309 0.026741 -0.018167
96750.000000 0.032814 0.017885 -0.014412 0.069415
97250.000000 -0.004105 -0.025725 -0.037975 -0.014044
97750.000000 0.004659 0.058112 0.032697 0.014726
98250.000000 -0.089403 0.018298 0.008018 -0.041617
98750.000000 0.025052 -0.024453 -0.052873 0.008462
99250.000000 0.018779 0.022212 -0.014778 0.050118
99750.000000 -0.045678 -0.021465 0.007526 -0.013834
100250.000000 0.034061 0.006517 0.048356 -0.099155
100750.000000 0.041160 0.031629 0.018220 -0.036465
101250.000000 -0.023795 -0.045398 0.025243 0.022607
101750.000000 -0.031767 -0.034240 -0.027674 0.031242
102250.000000 -0.042812 0.074905 -0.013704 0.041842
102750.000000 -0.029329 0.020516 -0.013329 0.003739
103250.000000 0.036651 -0.034252 0.005704 0.054735
103750.000000 -0.034303 -0.018807 0.025655 -0.045506
104250.000000 0.028791 0.058834 -0.041536 -0.020520
104750.000000 0.001298 0.004249 0.028381 0.064235
105250.000000 0.077132 0.013665 0.048048 -0.022697
105750.000000 -0.045787 0.021726 0.066246 -0.059988
106250.000000 0.020406 -0.026512 0.098853 -0.090812
106750.000000 0.031787 -0.008372 0.012988 -0.048632
107250.000000 -0.008804 -0.001685 0.043889 -0.032879
107750.000000 0.011098 0.071600 -0.004320 -0.072253
108250.000000 0.022364 -0.025357 0.079730 0.016253
108750.000000 0.016339 0.065709 0.015165 -0.021220
109250.000000 -0.009314 0.058364 0.060071 -0.023362
109750.000000 0.044244 -0.028638 0.014752 -0.038539
110250.000000 0.028731 0.011848 0.117196 0.008750
110750.000000 -0.006293 -0.016907 0.063120 -0.024718
111250.000000 0.082010 -0.012997 0.016824 -0.028811
111750.000000 0.011546 -0.021277 0.011098 0.107949
112250.000000 0.066796 -0.028562 -0.047619 -0.024265
112750.000000 -0.043101 -0.000891 -0.000641 0.059830
113250.000000 -0.029977 -0.016934 0.058342 -0.009423
113750.000000 0.006373 -0.009082 0.023913 -0.011971
114250.000000 -0.031819 0.019107 0.026351 -0.063955
114750.000000 0.007042 -0.011021 -0.038667 -0.027746
115250.000000 0.063454 -0.070060 -0.008468 -0.010653
115750.000000 0.035529 -0.021415 0.028932 -0.000009
116250.000000 0.029689 -0.008223 0.002412 0.005219
116750.000000 0.011833 -0.012552 0.014907 0.011158
117250.000000 -0.010018 -0.016374 0.015544 -0.016779
117750.000000 -0.021688 0.051134 0.052675 0.010474
118250.000000 0.011207 0.071837 -0.005949 0.010846
118750.000000 -0.037911 -0.043712 -0.000147 0.055975
119250.000000 -0.013613 -0.021414 0.023542 -0.012769
119750.000000 -0.038213 -0.044249 0.028290 -0.000130
120250.000000 0.005400 0.044926 0.053841 0.002202
120750.000000 -0.103466 -0.024264 0.043854 -0.067498
121250.000000 0.041637 0.071020 0.048004 0.020709
121750.000000 0.004645 -0.005874 -0.006336 -0.060904
122250.000000 0.024369 -0.014787 0.049548 0.009726
122750.000000 -0.003304 -0.015296 0.066029 -0.069143
123250.000000 -0.007890 -0.022187 -0.016422 0.043677
123750.000000 0.016160 0.005500 0.015623 0.011621
124250.000000 0.014679 0.040345 0.066130 0.016197
124750.000000 -0.018538 -0.025278 -0.024014 -0.008417
125250.000000 -0.015325 -0.033409 -0.011930 0.009920
125750.000000 0.022516 -0.024368 0.059167 -0.069159
126250.000000 0.035329 -0.053788 0.023274 -0.009422
126750.000000 -0.071396 0.000566 -0.050620 0.010174
127250.000000 0.015131 -0.048738 -0.047667 0.047967
127750.000000 0.057195 -0.012374 0.029604 0.062562
128250.000000 -0.036736 0.029319 0.037801 -0.009399
128750.000000 -0.058920 0.019581 0.019409 0.007489
129250.000000 0.022993 0.060117 -0.001654 0.061026
129750.000000 -0.000161 -0.035416 -0.002386 0.078007
130250.000000 0.000610 -0.016470 -0.021161 -0.001837
130750.000000 -0.040459 0.009829 0.028972 0.048243
131250.000000 0.006422 0.022361 -0.014932 -0.023052
131750.000000 0.029985 0.032045 0.060431 -0.008078
132250.000000 -0.014507 0.024123 0.038972 0.042923
132750.000000 0.041249 -0.012272 -0.001856 0.043306
133250.000000 0.088392 0.013409 0.002132 0.128590
133750.000000 -0.026527 0.011616 0.069632 0.064813
134250.000000 0.022879 0.002611 -0.023185 0.094089
134750.000000 -0.040903 -0.003166 -0.044186 -0.004334
135250.000000 -0.025344 -0.037416 0.047567 -0.018756
135750.000000 0.017011 -0.009181 -0.011050 -0.027167
136250.000000 -0.017161 0.025926 -0.010388 -0.062015
136750.000000 -0.064566 0.019291 -0.002909 -0.026611
137250.000000 -0.009743 -0.003448 -0.018923 -0.018658
137750.000000 -0.018370 -0.027654 -0.073790 0.059549
138250.000000 0.040640 -0.048635 0.023517 0.065250
138750.000000 0.011492 -0.076210 -0.028995 -0.049018
139250.000000 -0.036297 0.065627 0.018875 -0.030263
139750.000000 -0.018660 -0.024013 0.007347 0.058324
140250.000000 -0.052154 0.007938 -0.002640 -0.027435
140750.000000 0.009161 0.059215 0.044398 0.034044
141250.000000 0.036625 -0.047103 0.061504 0.118322
141750.000000 -0.046609 -0.001441 0.036682 0.042848
142250.000000 -0.041729 0.016640 -0.012979 -0.026904
142750.000000 -0.004510 -0.009705 0.064597 -0.013491
143250.000000 0.014828 0.074099 -0.009736 0.019893
143750.000000 -0.035273 0.013858 0.040565 0.059082
144250.000000 -0.008022 0.100595 0.019512 -0.042905
144750.000000 0.057832 0.108194 0.049847 0.049640
145250.000000 -0.037688 0.005756 0.064603 -0.044027
145750.000000 -0.004422 0.021528 -0.019927 0.030476
146250.000000 -0.020915 -0.006863 -0.031646 -0.022842
146750.000000 -0.100017 -0.023085 0.073883 -0.093178
147250.000000 0.010221 0.018826 0.061097 -0.043612
147750.000000 0.011358 0.052499 0.024623 0.056570
148250.000000 0.018285 0.041762 0.047310 0.062451
148750.000000 -0.068307 -0.001248 -0.068786 -0.011005
149250.000000 -0.036352 0.031599 -0.017216 0.013985
149750.000000 0.024019 -0.025997 0.015936 -0.015229
150250.000000 0.039003 0.031534 -0.029622 -0.024265
150750.000000 0.003564 -0.021343 0.055875 -0.021801
151250.000000 0.050433 0.068721 0.012181 0.014658
151750.000000 -0.047844 -0.079974 -0.008040 -0.028918
152250.000000 -0.001876 0.012205 -0.019962 -0.024291
152750.000000 -0.041534 -0.007955 -0.025624 -0.050501
153250.000000 0.023969 -0.000546 -0.026063 -0.033604
153750.000000 0.011351 0.024127 0.003539 -0.103194
154250.000000 -0.059448 -0.016616 -0.040466 0.026789
154750.000000 -0.000338 -0.025048 -0.110283 -0.013257
155250.000000 -0.000500 -0.013141 0.045662 0.085760
155750.000000 0.036974 0.016320 0.012411 -0.034602
156250.000000 0.072332 0.044758 0.042137 -0.029395
156750.000000 0.036461 -0.057170 -0.016300 0.051872
157250.000000 -0.057020 0.018207 -0.018891 -0.014873
157750.000000 -0.065961 -0.008848 -0.026098 0.041318
158250.000000 0.051933 0.018665 -0.027196 0.065375
158750.000000 -0.075074 -0.032607 0.025967 0.136047
159250.000000 0.011822 -0.100349 0.055247 0.014125
159750.000000 -0.024538 -0.025752 0.054172 0.000990
160250.000000 0.012417 -0.125129 0.017368 0.066249
160750.000000 0.043142 -0.014160 -0.025577 -0.022022
161250.000000 0.064300 0.014814 -0.017053 -0.125141
161750.000000 -0.015374 0.049260 0.052464 -0.050743
162250.000000 -0.029363 -0.002794 0.021772 0.034702
162750.000000 0.006335 -0.034345 0.013531 0.004466
163250.000000 -0.040524 0.006688 0.036958 0.033575
163750.000000 -0.014266 0.025145 0.069698 -0.057479
164250.000000 0.023057 -0.030345 -0.054913 0.012932
164750.000000 -0.032260 0.040407 0.034995 0.002890
165250.000000 -0.032477 -0.021626 -0.045988 0.010178
165750.000000 -0.072835 0.012947 -0.002491 0.016697
166250.000000 0.021469 0.042061 -0.059945 -0.027354
166750.000000 -0.048658 0.046903 0.036849 -0.064211
167250.000000 0.002470 0.028788 0.008897 -0.097411
167750.000000 -0.028501 -0.002644 0.097648 -0.068528
168250.000000 0.039805 -0.058328 -0.036924 -0.045587
168750.000000 -0.043949 -0.081153 -0.006613 -0.032243
169250.000000 -0.014797 -0.066828 -0.094415 0.110075
169750.000000 -0.003058 -0.012700 -0.004006 -0.019509
170250.000000 0.053025 -0.029042 -0.034353 -0.009783
170750.000000 0.000817 0.094911 0.003928 -0.009851
171250.000000 0.038443 0.045738 -0.000844 -0.082583
171750.000000 0.048052 -0.039849 -0.053888 -0.066845
172250.000000 0.020062 -0.014755 0.037808 -0.022418
172750.000000 0.017797 -0.019557 -0.038799 -0.024405
173250.000000 -0.094056 -0.036103 -0.010102 -0.068298
173750.000000 0.010759 -0.002190 0.018900 0.053455
174250.000000 -0.010810 0.031355 -0.014783 0.019115
174750.000000 -0.019761 -0.046642 0.006788 -0.005116
175250.000000 -0.031155 0.011563 0.006136 0.050960
175750.000000 -0.036250 -0.002540 -0.017757 0.045854
176250.000000 0.032774 0.014104 -0.042423 0.023728
176750.000000 -0.028242 -0.082925 -0.092922 0.014175
177250.000000 -0.000470 -0.016440 0.017406 0.028700
177750.000000 -0.013198 0.048014 -0.016641 -0.008404
178250.000000 -0.073762 0.033811 -0.028415 -0.051715
178750.000000 -0.014109 0.013092 -0.005800 0.019256
179250.000000 0.019168 -0.018516 0.048243 -0.031940
179750.000000 0.017234 0.034112 0.002119 0.009618
180250.000000 0.024244 -0.010171 0.018969 0.037800
180750.000000 -0.014912 0.042538 -0.048399 -0.006810
181250.000000 0.009069 -0.023518 -0.023394 -0.005735
181750.000000 -0.057361 -0.060911 -0.054167 -0.006488
182250.000000 -0.062988 0.025039 0.018919 -0.018178
182750.000000 -0.050130 -0.007740 -0.048292 0.010655
183250.000000 -0.019509 -0.130413 0.027738 -0.021761
183750.000000 0.063537 0.024937 -0.027327 0.020949
184250.000000 -0.072222 0.057107 -0.067568 0.013336
184750.000000 -0.003540 0.032515 -0.024467 0.011341
185250.000000 -0.022295 -0.004228 -0.093828 -0.050329
185750.000000 0.047184 -0.002575 -0.030562 -0.008044
186250.000000 -0.069008 0.020004 -0.060396 0.003997
186750.000000 -0.062059 0.003022 -0.001977 -0.025174
187250.000000 0.000171 -0.055568 -0.040487 -0.022446
187750.000000 -0.058158 0.014072 0.022019 0.108750
188250.000000 -0.006303 0.033485 0.015993 -0.021862
188750.000000 0.053994 0.086180 -0.015695 0.056104
189250.000000 -0.045839 0.018863 -0.058283 0.069305
189750.000000 -0.026704 0.020181 -0.066700 -0.050512
190250.000000 -0.039973 -0.091962 0.017368 -0.021644
190750.000000 -0.052570 -0.042793 0.026055 -0.007503
191250.000000 0.011031 0.000937 -0.027397 0.032753
191750.000000 0.040488 -0.023382 0.026450 0.046898
192250.000000 0.007315 -0.086215 -0.016440 0.058633
192750.000000 0.025922 0.039208 0.052923 0.054508
193250.000000 0.001986 0.076900 0.042201 0.044611
193750.000000 -0.048711 0.034525 -0.000381 0.094320
194250.000000 -0.019823 -0.026635 0.021049 0.028772
194750.000000 0.003388 0.001322 -0.029314 0.064908
195250.000000 0.092533 0.044092 0.013022 0.044745
195750.000000 -0.011619 0.017132 0.005821 0.095882
196250.000000 0.001229 -0.025627 0.043620 -0.071623
196750.000000 0.020676 -0.032247 -0.024922 -0.032936
197250.000000 0.022758 -0.075073 -0.043703 -0.009260
197750.000000 -0.026333 0.015140 -0.015381 -0.073274
198250.000000 -0.028516 0.027378 0.018118 0.047240
198750.000000 -0.066750 -0.012012 0.090320 -0.066110
199250.000000 -0.073161 0.025023 0.016914 0.032955
199750.000000 0.018796 0.000986 0.006633 -0.005214