2.413993
0.806245
0.726365
0.444780
0.327783
0.264589
0.297869
0.217973
0.220951
0.224970
0.249099
0.168270
0.216076
0.134411
0.094365
0.130317
0.124344
0.152344
0.124280
0.155644
0.134309
0.056421
0.058849
-0.026009
0.092195
0.068087
0.037335
0.105781
0.026153
0.035046
0.106381
0.089957
0.092824
0.096438
0.089622
0.086085
0.032599
0.061944
0.015349
0.024074
0.112868
0.022931
0.101492
0.085673
0.157853
0.096965
0.100730
0.097634
0.085808
0.172066
0.090003
0.031251
0.101518
0.090396
0.049412
0.083510
0.053282
0.032232
0.025081
-0.071123
-0.136646
0.011318
-0.005386
0.013465
0.071777
0.036346
0.025466
0.037284
0.043857
0.099001
0.003453
0.096016
0.080695
0.046171
0.062500
0.028154
0.085582
0.042784
0.006312
0.042957
0.056329
0.060692
0.066005
0.079176
0.070721
0.074986
0.044494
0.058573
0.031049
-0.016273
-0.016626
-0.010216
0.111397
0.057494
0.017613
-0.024145
0.046893
0.029657
0.045957
0.098612
0.001522
0.002921
0.070154
0.089173
0.001439
0.038593
0.044509
0.007287
0.086604
0.105387
0.076533
0.068591
0.089217
0.120854
0.107625
0.044202
0.042285
0.130401
0.049162
0.070645
0.029846
-0.065688
0.031240
0.012263
0.067762
0.105434
0.083733
0.106008
0.120862
-0.039675
-0.049228
0.096617
0.002071
0.024163
0.056288
-0.028450
-0.032432
0.003925
0.027997
0.008242
0.047700
-0.055146
0.008088
-0.013330
-0.012171
0.050653
-0.033260
-0.020921
0.035357
-0.060762
0.012722
0.065470
0.065266
0.089328
-0.012096
0.023780
-0.003926
0.044511
0.020673
0.022255
-0.009809
-0.039082
0.078901
0.111682
0.090651
0.108804
0.040337
0.003265
0.032324
-0.031796
-0.076882
-0.036149
-0.050915
-0.061460
0.003816
0.020645
-0.095106
0.002269
-0.006597
0.040750
0.037880
-0.030456
-0.014231
0.061800
0.054609
0.034188
0.077485
0.022227
0.010377
0.062121
0.043872
0.041724
0.081168
0.083541
-0.003610
0.131575
0.085013
0.078117
0.056659
0.075561
0.025485
-0.025462
0.059312
0.021113
0.000054
0.031717
0.115943
0.071267
-0.000729
0.017448
0.040681
0.019792
0.034239
0.046989
-0.040491
-0.078335
0.046233
0.067910
0.011674
0.012731
0.042815
0.025962
0.044119
0.055212
0.037605
0.070350
0.044479
0.094534
0.075371
0.041431
0.032679
0.064955
0.024988
0.015465
0.011620
0.052845
0.081180
-0.007913
0.041350
-0.008978
0.011856
0.037313
-0.025455
0.084180
0.040626
0.024831
0.090768
0.043886
0.042932
-0.064136
0.028507
0.031749
0.001832
0.024322
0.038165
0.063703
-0.116936
-0.053865
0.040984
0.019348
-0.020648
-0.003792
-0.102590
0.037521
0.092036
0.009830
-0.057999
0.023808
-0.033899
0.019715
0.014477
-0.106015
-0.099696
-0.084662
-0.099874
-0.053761
-0.037355
0.064565
0.012313
-0.044311
0.056303
0.053030
0.063093
0.018991
-0.028202
-0.025697
0.026043
0.034122
0.024469
0.041175
0.009557
-0.046165
-0.109923
-0.028468
-0.065833
-0.006525
0.034046
-0.075012
-0.072489
0.029204
0.022556
-0.064019
0.004194
0.059286
-0.023459
-0.028544
0.063720
0.062449
-0.044609
0.008624
0.055387
0.042698
0.049414
-0.069919
-0.048609
-0.018787
0.010111
-0.014607
-0.029689
0.060112
0.139514
0.116111
0.099460
0.071848
0.099719
0.001012
0.006770
0.080360
0.051302
0.027390
0.016591
0.012085
-0.031785
0.036377
0.062476
0.078036
0.019983
0.022603
0.038393
0.024289
0.123428
0.015062
0.016901
-0.057722
-0.037752
0.023456
0.088362
0.038754
0.056844
0.065912
-0.030398
-0.012641
0.058851
-0.042953
-0.020444
0.062121
0.071592
0.046137
0.069326
0.068091
0.050195
0.045793
0.094263
0.049641
-0.041884
-0.029858
0.085643
-0.000549
0.001015
0.086776
0.046748
0.037731
0.040532
0.111864
0.051840
0.097913
0.076391
0.049368
0.031289
0.033323
0.013245
0.078492
-0.012179
0.059234
0.110677
0.064972
0.080669
0.008543
0.100605
0.085499
0.049766
0.096605
0.107373
0.091310
0.071814
0.026296
-0.022708
0.054317
-0.015071
0.087182
0.122187
0.097457
0.063375
-0.018816
0.024348
0.018492
-0.063082
0.047764
-0.050704
-0.037974
0.011990
0.006961
0.041033
0.062171
0.030777
0.101186
0.051314
0.039468
0.081037
0.050376
0.004350
-0.021239
-0.004441
-0.035527
0.050917
0.040621
-0.123411
-0.100010
-0.013506
0.030025
0.065337
-0.055658
0.006840
0.004223
-0.001478
0.033331
0.074673
0.038576
0.023429
0.003540
-0.019875
-0.011005
0.039194
0.071306
0.083579
0.042828
-0.028102
0.004097
0.008093
-0.069745
-0.029683
-0.057934
-0.091279
0.025770
0.072778
0.071532
0.037218
-0.043285
-0.062526
0.001550
0.018077
-0.023603
0.068562
-0.018862
-0.008684
0.050979
-0.010662
-0.036282
-0.000878
-0.095135
-0.046793
0.085774
-0.029902
-0.043950
0.038704
-0.002111
0.013751
0.030089
0.017262
0.113235
-0.003951
-0.029313
-0.003263
0.033140
-0.038924
0.105901
0.019013
0.018268
-0.025549
-0.110492
-0.033164
-0.015136
0.061004
0.073785
0.053198
-0.034235
0.036237
-0.043121
-0.076792
-0.011537
-0.029474
0.016171
-0.025061
-0.022532
0.044637
-0.032402
-0.045045
-0.001232
-0.029713
0.046207
-0.003188
0.037485
-0.052905
-0.020408
0.030052
0.058694
0.062716
0.007207
0.040139
-0.050908
0.016053
0.023398
0.004759
0.033147
0.082252
0.026457
-0.031118
-0.059549
-0.051628
0.003982
-0.040050
0.047206
0.092656
-0.043075
0.011685
0.082458
-0.012014
0.022824
0.016790
0.001134
0.064112
0.083443
0.091859
0.057556
0.088038
0.018592
-0.014234
-0.022493
-0.019793
-0.004766
0.005741
0.024715
0.039787
0.069344
0.015141
-0.013651
0.007641
0.062907
0.032905
-0.033161
-0.020632
0.038724
-0.009272
0.053447
0.047869
-0.047264
-0.018552
0.042171
0.004761
0.028394
-0.003949
0.026650
0.084664
-0.011599
0.099036
0.013910
0.063746
0.031722
0.120596
0.086133
0.016087
0.023724
-0.037901
0.042081
0.048349
0.008216
0.050494
-0.018036
-0.026552
-0.017849
0.035279
0.000426
0.062239
0.051682
-0.082524
-0.023451
-0.051086
-0.031719
-0.001017
0.061395
-0.049497
0.002326
0.049764
0.009317
0.043485
0.029458
0.006313
0.078578
0.075725
0.090510
0.113110
0.037995
0.012843
0.039256
0.062731
0.062056
0.032690
0.015322
0.060233
0.034824
0.048474
0.040446
0.079126
-0.021325
-0.012496
0.005543
-0.054852
-0.003525
0.046034
0.102571
0.037901
-0.019122
0.027246
0.071532
0.023299
-0.051637
0.033327
-0.024054
0.048567
0.025366
-0.016233
0.032095
0.070708
0.011500
0.017806
0.075328
0.067341
0.043008
0.069399
0.014002
-0.076459
0.010810
-0.027354
0.092305
0.040376
-0.031813
-0.000889
0.051505
0.054202
0.052610
0.078182
0.009828
-0.018687
-0.021668
-0.040649
-0.016536
-0.060691
-0.011251
0.038473
-0.033868
0.022293
-0.074461
0.011329
0.031457
0.049802
0.092690
-0.011982
0.044360
-0.009605
-0.046055
-0.028147
-0.024807
0.026258
-0.030258
-0.040777
0.013860
-0.065594
0.016004
0.028472
-0.013658
-0.038310
-0.031806
-0.027312
0.023331
0.072048
0.037349
-0.020016
0.001392
-0.020178
0.009146
0.015814
0.008167
-0.073079
-0.040373
-0.022629
-0.073241
-0.008127
0.010831
-0.052811
0.034067
-0.059317
-0.023126
-0.037944
-0.046587
-0.024084
0.022066
-0.028990
0.003716
-0.015255
0.046345
-0.015111
0.070806
-0.013218
0.010578
0.051994
0.033588
0.089624
0.061585
0.149342
-0.008306
-0.081696
0.082897
0.027687
-0.001924
0.068901
0.008324
0.001964
-0.023471
-0.027154
0.015939
-0.012193
-0.001790
0.097640
0.077248
0.010246
0.030964
0.011019
0.066160
0.019848
0.055232
0.040655
0.024269
0.039813
0.029600
0.069615
0.064965
0.007286
-0.032923
-0.078935
-0.059652
0.005062
0.043311
0.018411
0.095822
0.047795
-0.002158
0.021282
0.099570
0.013584
0.011379
-0.033044
0.016542
0.013223
-0.013934
0.034047
0.009497
0.067864
0.037077
0.015463
-0.012619
-0.019481
0.026486
0.078900
0.116388
0.133119
0.070390
0.064000
-0.047410
0.005549
0.043350
-0.019982
0.060342
0.006142
0.049082
0.084779
-0.081967
0.038161
0.038230
0.125979
0.077928
-0.018879
0.079335
0.017925
0.015950
-0.032729
0.078758
0.020428
-0.050559
0.073582
-0.063079
0.004374
0.003874
-0.029700
0.060488
0.067090
0.024786
0.041660
0.066711
0.061403
0.055929
-0.007831
0.038757
0.022477
0.049999
0.017109
0.016139
0.019948
0.047464
0.038648
-0.028332
0.066685
0.070150
-0.049784
0.133998
0.151168
0.055075
0.135827
0.034531
-0.011015
0.023893
0.007702
0.033243
0.005217
-0.025282
0.008950
-0.080861
-0.020612
-0.051296
-0.022267
0.042816
-0.001200
0.027921
0.056099
0.090087
0.080137
0.082844
0.030037
0.031987
0.086891
-0.056505
-0.012876
-0.014475
-0.025654
-0.016386
0.057214
-0.038944
-0.057446
-0.028227
0.037949
-0.083454
-0.090169
0.040021
0.096144
0.056631
0.049072
0.048170
0.012493
-0.056203
0.029881
-0.025348
0.013584
0.027219
-0.065646
0.053507
0.070821
0.010686
0.052022
0.004977
0.055752
0.077539
-0.027368
-0.009831
0.040196
0.029254
-0.025413
0.024876
0.026357
0.085408
0.067982
0.016068
0.116523
-0.005590
0.016588
-0.000841
0.029347
0.101510
0.042023
-0.006017
-0.009377
-0.019704
-0.020288
-0.012253
0.031729
0.027407
0.024458
0.016037
0.019311
0.091512
0.041953
0.117187
0.126713
0.004653
-0.102210
0.024240
-0.013233
-0.058129
0.052160
0.006258
0.059044
0.001548
0.025178
0.108975
0.006222
0.023981
0.124642
0.081873
0.021775
0.046355
0.078073
0.072841
0.034815
0.094829
-0.003238
0.079235
0.083038
0.044079
0.089341
0.015062
0.023505
0.009192
-0.035192
0.090983
0.081117
0.129108
0.032914
0.022908
0.064629
0.019841
0.040897
0.108079
-0.021771
-0.021357
0.066384
-0.040456
0.009010
0.035772
0.069460
0.043099
0.031662
0.093239
0.004532
0.024997
0.054647
0.072109
-0.013897
-0.001188
0.079653
0.066762
-0.003480
0.038310
0.024154
-0.072632
-0.062064
-0.070911
-0.055205
-0.040605
0.026810
0.029309
-0.032460
-0.005512
-0.005390
0.053105
0.018901
0.023739
-0.006593
-0.115414
-0.087967
0.034575
-0.072476
-0.044584
0.057726
0.047221
-0.010362
-0.033273
0.034099
0.046190
-0.020263
0.000415
-0.024326
-0.015655
-0.000890
-0.013283
-0.044635
0.079793
0.063801
0.046803
0.011288
0.076254
0.111075
-0.029438
0.034056
0.034342
0.080127
0.004137
0.017479
0.048997
0.022325
-0.011247
0.011930
0.055488
-0.070650
-0.092471
-0.030421
0.003833
0.048206
0.004001
0.045686
0.067043
0.029692
0.027061
-0.015938
-0.042596
0.074919
-0.019750
0.054506
0.095573
0.031491
0.057001
0.018874
0.023243
0.051986
0.051782
0.054506
0.070249
-0.008690
0.064410
0.065789
0.115570
0.122915
-0.036175
-0.003388
0.115441
0.066349
0.065994
0.043716
-0.026778
0.001095
0.034873
0.031265
-0.033302
0.057599
0.118589
-0.021953
0.108481
0.067782
0.087994
0.088062
-0.040987
0.026575
0.032887
0.045875
0.061577
0.023576
0.007677
0.033537
0.046991
0.053552
0.051421
0.013770
-0.025116
-0.068895
0.006571
-0.114225
0.018728
0.029092
-0.027486
0.014729
0.083374
0.006437
0.021014
0.050093
0.004631
0.081249
0.012759
-0.027719
0.017387
-0.044007
0.013752
0.028637
-0.019689
0.050081
0.072400
0.037212
0.080965
0.079820
0.081308
0.072843
0.055731
0.010361
0.034858
0.018626
0.099247
-0.055920
-0.026278
0.089807
0.009836
0.069449
0.045057
0.094398
0.091710
0.127444
0.070059
0.009190
0.106919
-0.011010
0.006519
0.104988
0.014855
0.094598
-0.031058
0.075301
0.065034
-0.005208
0.035584
-0.022320
0.017996
-0.041366
-0.002716
0.086822
0.067527
-0.016280
-0.057298
0.076008
0.013531
0.076664
0.137484
-0.004081
-0.089031
-0.001874
-0.116593
-0.064097
0.017467
0.064037
0.059445
0.003005
0.074418
-0.005162
-0.047711
-0.044890
-0.041072
-0.000653
0.055596
0.013109
-0.045888
0.062329
-0.020540
0.084234
-0.011087
-0.000149
0.002706
0.031914
0.132617
0.050635
0.087570
0.028211
0.089037
0.066593
-0.005049
0.019826
0.067487
0.135118
0.037037
0.006311
0.059301
-0.002394
-0.040181
-0.020687
0.005501
-0.032029
0.024299
0.027253
-0.013800
-0.064781
-0.065752
0.047838
-0.035387
-0.033309
-0.038961
-0.033281
0.021101
-0.071864
-0.059970
0.045051
-0.009186
-0.024003
0.096823
0.095436
0.022893
0.039871
0.047031
0.076916
0.061046
0.070923
-0.022764
0.008977
-0.058733
0.096302
0.047820
-0.094773
0.009700
-0.047862
-0.084979
0.000764
-0.082593
-0.052137
-0.002230
0.015581
-0.018146
-0.004399
-0.037612
-0.054049
-0.095261
0.015839
0.002997
0.122812
0.048086
-0.041337
-0.057147
0.055289
0.038227
0.025302
0.054010
0.014029
0.007105
0.046075
0.008100
0.007944
-0.055258
-0.043469
0.071130
0.051031
0.066957
-0.001581
-0.032388
0.055893
-0.011228
-0.003448
0.052498
0.059265
0.128637
0.120422
0.013252
0.110005
0.029188
-0.025671
0.014392
0.050588
0.065489
0.081579
0.098832
0.055628
-0.025197
0.027765
0.079433
0.040039
0.090111
-0.056012
-0.070067
0.138698
0.019445
-0.051507
0.026725
0.003838
0.011912
-0.044971
-0.079743
-0.038531
0.016566
-0.034447
-0.090780
-0.064375
0.007415
-0.043200
-0.060538
0.058490
0.024225
0.005352
-0.023078
-0.039732
-0.002166
0.041351
0.011929
-0.079224
0.006328
-0.003807
0.035308
0.040630
0.051975
0.066240
0.127187
0.025968
-0.006184
0.074771
0.074267
0.012633
0.028635
0.011116
-0.030260
-0.023834
-0.010320
0.051106
-0.021763
-0.082238
0.087125
-0.036780
0.002392
0.006044
0.062997
0.136195
0.038581
0.112904
0.070599
0.083874
0.022732
0.013489
-0.027648
-0.035643
-0.059158
0.078395
0.089584
-0.053383
0.021012
0.048574
0.011348
0.027136
0.002562
0.034950
0.040176
0.103723
0.026814
0.106362
0.012862
-0.053803
-0.080139
-0.068529
-0.015627
0.071855
-0.008475
0.041997
0.052249
0.011785
0.038831
0.061596
0.002340
0.028209
0.026362
-0.027944
-0.046465
0.055712
0.034840
0.063649
-0.002737
0.094399
0.055853
0.050544
0.122787
-0.036759
0.006206
0.067422
0.110430
0.012759
-0.047454
0.026571
0.155989
0.031504
-0.095523
-0.007171
-0.010397
0.037264
0.086220
-0.001008
-0.034479
-0.003460
0.063008
0.103302
-0.012606
-0.065861
0.019710
0.076516
-0.031044
-0.130559
0.028262
0.027336
0.003631
-0.012425
0.025256
-0.017727
-0.015402
0.081349
-0.022739
0.015860
-0.108906
0.012330
0.014972
-0.070569
-0.038912
-0.021539
0.001554
-0.057232
-0.020616
0.012799
-0.059872
0.028633
0.069658
0.036910
0.054701
0.120021
-0.008599
-0.053417
0.017168
-0.024519
-0.061728
-0.005993
-0.003859
-0.013860
-0.038609
-0.066292
0.067681
0.010709
-0.008278
0.018588
0.053949
0.023370
0.056410
-0.048002
0.029473
0.078973
0.004567
0.027292
0.058020
0.020961
0.031232
0.068956
0.027177
-0.107005
-0.035517
-0.089037
-0.036545
0.042062
0.009142
0.030930
0.000871
0.006320
0.125926
0.040466
0.068731
-0.035989
-0.091877
-0.079211
-0.001825
-0.010518
-0.020354
0.006439
0.044998
-0.064993
0.039802
0.001196
-0.033065
0.097608
0.047917
-0.024925
0.045784
-0.005051
0.067928
0.036253
0.028692
0.116342
0.058175
-0.040111
-0.022076
0.021641
0.012486
0.039877
0.034371
-0.003165
0.013341
0.069095
0.039436
0.064635
-0.005727
0.037227
0.063164
-0.025808
-0.025215
0.106044
0.056207
0.014994
0.065503
-0.008773
-0.078532
0.014049
-0.000256
-0.050660
0.020236
0.012842
0.050398
0.018368
0.069933
0.009926
0.006451
0.081952
0.066391
0.024958
0.015800
0.041265
-0.020840
-0.044574
-0.012318
0.026270
-0.038459
0.032603
0.016913
-0.035012
0.015294
0.097219
0.040254
0.000927
-0.033906
-0.000570
0.032033
-0.069865
0.034454
0.100436
0.054509
-0.023815
0.011139
0.022795
0.026838
0.007670
0.015206
-0.005829
-0.013124
0.033856
0.115419
0.072437
0.113892
0.061897
0.006239
-0.011552
0.043126
-0.052353
-0.000936
0.098322
0.055547
0.010935
-0.040356
-0.002439
-0.063922
0.004358
0.053685
0.029002
0.033723
0.054017
-0.000255
0.066458
0.041655
0.004003
0.022747
0.041747
-0.001433
0.065905
-0.000502
-0.018292
0.003399
0.046069
0.029620
0.046033
0.124629
0.023400
0.066086
0.068160
0.073485
0.054632
0.007108
0.031383
0.118588
-0.035922
-0.037400
-0.015659
0.033181
-0.035202
0.023532
-0.018198
0.026806
0.036101
-0.064338
-0.012353
-0.030245
-0.094414
-0.009590
0.034979
-0.011306
0.033642
0.063556
-0.054822
0.070474
0.061725
0.042032
-0.002950
0.055059
0.068443
-0.016702
0.050898
0.083036
-0.143197
-0.056718
0.010374
0.041418
-0.027870
-0.047306
0.088294
-0.004088
-0.088968
-0.057660
0.006903
-0.009564
-0.014749
0.111341
0.023250
-0.031018
0.035744
0.037668
0.008879
-0.019118
0.033843
0.073820
0.051741
0.107806
-0.010606
-0.016534
0.061478
-0.038464
-0.004157
-0.023499
-0.018291
-0.018219
-0.055556
-0.027265
-0.000553
-0.095605
0.017618
-0.004304
-0.005923
-0.005639
-0.018834
0.011827
-0.068345
-0.008117
0.069021
0.025829
0.046592
0.046067
-0.005664
-0.039720
0.027714
-0.072518
0.032757
0.102550
-0.000789
0.046334
-0.028256
0.031254
0.060322
-0.076760
-0.009902
0.034332
0.036721
0.007016
0.012670
0.025597
-0.009337
0.037639
0.022113
-0.024641
-0.055151
0.008232
-0.054866
-0.063289
0.071793
-0.027679
-0.006556
-0.029149
0.010127
-0.096346
-0.023631
-0.010320
-0.055728
0.019162
-0.014465
0.111633
0.132682
0.011278
0.052131
0.003452
0.028032
-0.006899
-0.025545
0.014523
0.100380
0.037588
0.033336
0.029351
0.007941
-0.005586
-0.014551
-0.013089
-0.007622
-0.007808
-0.029621
0.018139
0.018517
0.004416
-0.017327
0.011229
-0.010034
-0.067510
0.137194
-0.015620
-0.012848
0.016557
0.030593
0.022684
0.012884
0.086402
0.096505
0.082541
0.073099
0.017671
0.028449
0.023145
-0.006625
-0.000153
-0.009062
-0.036948
0.011774
0.006020
0.025394
-0.003951
0.033524
0.042571
-0.057017
-0.045816
-0.009806
0.000717
-0.073837
-0.036770
0.118699
0.064918
-0.030469
0.027088
0.025137
0.006023
0.016297
0.027237
0.108148
-0.059505
0.107707
0.093320
-0.033906
-0.094500
0.047155
-0.033291
-0.041919
-0.061969
-0.026811
-0.063399
-0.060176
0.032621
0.019941
-0.056772
0.067318
-0.061202
-0.117403
0.030958
0.028981
0.093339
-0.073177
-0.070994
0.045878
0.017294
0.001721
0.067382
0.063473
0.031057
0.031185
-0.048627
-0.030537
-0.041070
-0.036547
-0.057819
0.016109
0.003378
0.036452
0.003486
0.050945
0.114933
0.090087
0.032549
0.044251
0.086964
0.101113
-0.022984
-0.046019
-0.041849
-0.006227
-0.012309
0.053733
-0.067880
0.007445
0.051525
0.030392
-0.059292
0.019120
-0.046090
-0.093259
-0.043444
-0.055987
0.033800
0.050244
0.036232
0.040171
0.010340
0.041203
-0.038093
0.008088
0.026573
-0.026165
-0.011836
0.097144
0.043780
0.019918
0.039898
0.003262
0.015449
0.089199
0.063543
0.031813
-0.043782
-0.000855
-0.084969
-0.108478
-0.005670
0.050676
-0.072143
-0.018078
-0.031687
0.104872
0.111667
-0.039585
-0.012741
-0.097933
-0.045480
-0.014511
-0.052951
-0.004141
-0.035911
0.032922
0.012464
0.049762
0.026975
-0.063429
0.087325
0.080051
-0.070425
0.049652
0.024256
0.026293
0.102508
0.003261
0.032131
0.089119
0.071902
0.050574
-0.005041
0.058434
0.039147
-0.032069
-0.006440
0.025925
-0.033717
-0.127170
-0.049227
0.009253
0.030577
-0.007296
0.011467
0.057311
0.019932
0.113756
0.079835
0.046211
-0.050544
-0.033483
0.062174
-0.027099
-0.043558
-0.007351
0.056324
0.002602
0.010023
0.076204
-0.039660
0.008675
0.129468
-0.063815
0.021550
0.070082
0.007869
0.050950
0.053183
0.043893
-0.002772
-0.085484
-0.027669
-0.038324
-0.035379
0.022150
-0.029892
0.016967
0.028437
-0.012591
-0.023863
0.076388
0.090064
0.000260
-0.054106
0.001846
-0.008204
-0.040984
-0.034242
0.003253
0.031486
-0.006005
-0.030869
-0.080956
-0.028597
0.022204
-0.030624
0.025278
0.053785
0.076601
0.090715
0.060533
0.042734
0.095209
-0.005170
-0.005153
0.070473
0.023959
0.066502
0.102835
-0.003296
-0.010937
0.011482
0.006534
0.015755
0.056272
0.022923
0.046015
0.021928
0.057885
0.074515
0.095527
0.067679
0.050912
0.034502
0.070659
0.015567
0.004722
0.066546
0.013632
0.041916
0.053835
0.034676
0.032108
-0.011764
0.049533
-0.020212
-0.029589
0.056030
-0.004468
0.049513
-0.040826
-0.127708
0.107837
-0.039708
-0.056662
0.012712
-0.036953
-0.107783
-0.082368
-0.035773
-0.134800
-0.084117
-0.042312
-0.082896
-0.016110
-0.020740
-0.049206
-0.012275
-0.062971
-0.098337
-0.005086
0.025457
-0.060099
-0.021073
-0.002641
0.135737
-0.014260
0.019523
0.071657
0.025846
0.035662
0.023817
-0.008675
0.042605
0.008405
0.065757
0.039661
0.018038
0.014538
-0.015944
0.052656
0.014382
-0.047656
0.030055
-0.003937
0.020751
0.074656
0.088568
0.037997
-0.071467
0.024256
-0.047557
-0.069436
-0.010240
-0.067303
-0.044217
-0.106110
0.040434
0.020139
-0.064453
-0.016842
0.088809
0.000860
-0.087663
-0.012201
-0.087364
-0.062940
-0.018560
-0.027077
0.110988
0.030144
0.060580
0.027023
-0.048990
-0.103532
-0.020384
-0.021391
0.011997
-0.045817
0.013025
0.042000
0.018973
0.018419
-0.015988
0.002547
0.064352
0.025309
0.027753
0.001158
0.045488
0.064936
0.043055
0.065289
0.015495
0.028129
-0.000470
0.114158
0.041897
-0.082164
0.020080
-0.020491
-0.044749
-0.005483
0.036708
0.027834
0.124784
0.025257
0.096067
0.062249
0.097633
0.051324
0.040895
0.045646
-0.007712
0.113722
0.117608
0.002403
0.033299
0.023833
0.087009
0.088784
0.049672
-0.008206
-0.020133
0.040409
-0.023008
-0.048859
0.019692
-0.024226
-0.073842
-0.028168
0.091788
-0.067033
-0.035719
-0.019880
-0.083061
0.006596
0.075473
-0.026312
-0.035364
-0.023580
-0.037207
0.054670
-0.068907
-0.004870
-0.031570
-0.030940
-0.010603
0.006403
-0.024505
0.001087
-0.003905
-0.000470
-0.043236
-0.060753
-0.043757
-0.100313
-0.071935
0.049661
0.105434
-0.032120
0.032436
0.039714
-0.120347
-0.058149
-0.050014
0.034726
-0.028741
0.012700
0.032823
-0.002780
0.050400
-0.048020
-0.027016
-0.020487
-0.028110
-0.029481
-0.016634
0.020020
-0.021302
0.072384
-0.029314
-0.124430
-0.037028
-0.019147
-0.030713
-0.032382
-0.011629
-0.039436
0.007687
0.015286
-0.005114
0.022513
0.099572
0.016757
-0.022582
0.020339
-0.060217
-0.036999
0.036906
0.038377
0.015293
-0.008236
-0.013875
0.011099
-0.034013
-0.090161
0.000667
-0.018949
-0.058454
-0.042650
0.008903
-0.056415
-0.002598
0.031235
0.005476
-0.037854
-0.132176
0.052416
0.030426
0.064231
0.024115
0.005176
0.002315
-0.024177
0.067917
-0.022703
0.037082
0.069452
0.097852
0.090297
-0.010169
0.007297
0.010045
0.020349
0.035924
-0.020652
0.032808
0.038552
0.015314
0.082276
0.036449
-0.009300
-0.022242
-0.034502
0.015376
0.020612
0.007456
0.027050
-0.039642
-0.000130
0.060896
0.014134
0.001521
-0.049802
-0.052322
0.012313
-0.010636
-0.003005
-0.045185
-0.126175
0.005471
-0.033079
-0.004773
0.036397
0.052506
-0.059337
0.089868
0.085655
-0.058701
0.046633
0.012958
0.015301
0.088929
0.056263
0.047520
0.111774
0.041907
0.020566
-0.010987
0.051424
-0.061282
0.080169
0.054195
0.021852
-0.007098
-0.059521
-0.003034
-0.046298
-0.042803
0.021360
0.043521
0.045179
0.017541
0.007310
-0.066324
-0.031584
0.013950
-0.040553
0.006706
0.000009
-0.042150
0.022662
0.058669
0.003314
-0.028107
-0.019074
-0.042540
-0.016267
-0.031489
-0.079528
-0.039819
-0.002298
-0.056562
-0.020594
0.032358
0.028046
-0.072133
-0.043594
-0.030700
0.022438
0.072227
-0.043845
0.016663
-0.016579
-0.085203
-0.004083
0.059733
0.038547
0.037658
0.005308
-0.109371
0.016335
0.132352
0.058590
0.098808
0.022557
0.055070
0.044680
-0.020990
0.014868
0.002813
0.072561
-0.076852
0.055079
-0.007483
-0.062896
-0.019741
-0.035834
-0.012966
0.030218
-0.041948
0.092815
0.008233
0.009176
-0.058265
0.003104
0.019936
-0.008677
0.005213
-0.035031
-0.044572
0.001828
-0.001456
-0.017359
0.049123
0.023936
0.030354
0.023340
-0.032748
0.000541
0.078183
0.061032
0.046064
0.013487
-0.001657
0.008375
-0.017959
0.100193
0.108494
0.041903
-0.009699
0.002046
0.025708
0.011025
-0.032696
0.004687
-0.017107
0.017552
0.069720
-0.002980
0.031983
-0.044273
-0.047792
-0.060955
-0.079827
0.037906
-0.062031
0.005395
0.056755
-0.012321
0.090598
-0.056292
-0.046270
-0.028347
0.003683
-0.060728
-0.061156
-0.062228
-0.061075
-0.073502
-0.085433
-0.001226
0.010135
-0.051600
-0.073170
-0.029997
-0.016249
-0.070170
0.001955
0.028446
-0.036843
-0.102112
0.037749
0.005418
0.037154
0.034596
-0.012780
-0.023776
0.014742
0.068356
0.060495
0.070947
0.064182
0.015578
-0.000691
-0.002229
-0.070037
0.029945
0.007989
-0.036750
-0.007880
-0.014140
-0.007930
-0.071892
-0.114152
0.041715
-0.017413
-0.024217
0.084829
0.044176
0.037417
-0.015041
0.015566
0.018419
-0.068314
-0.017250
-0.036140
-0.003005
0.048617
0.047820
0.017405
0.085142
0.079356
0.055212
0.076922
0.012340
0.019520
-0.081953
-0.026124
0.033293
0.014388
-0.003346
0.080929
0.096519
0.034744
0.021005
0.036959
0.005221
-0.036782
-0.017995
0.001507
0.034454
-0.084459
-0.019169
-0.022475
0.014048
0.056487
-0.032198
0.012857
-0.008887
-0.067504
-0.004306
0.097513
-0.002368
0.075839
0.015085
0.012318
0.006467
0.004928
0.075545
0.030307
0.028125
-0.021634
0.118040
-0.024635
0.034055
0.072218
0.021354
-0.028787
-0.004089
0.021612
-0.017964
0.057524
0.028969
0.009198
-0.028646
0.036424
-0.027244
-0.038531
0.015236
0.052610
-0.051280
-0.036500
-0.003909
-0.041457
-0.033389
-0.047956
0.035950
0.067674
-0.054869
-0.016764
0.057993
0.070154
0.053311
0.032144
0.068216
0.034306
0.071374
0.076191
-0.005551
0.072043
0.092864
-0.060888
-0.044931
0.019797
0.014067
0.026002
-0.069480
-0.021766
-0.012217
-0.069967
-0.040614
-0.070796
0.095106
0.095591
0.085325
0.064103
0.018891
0.049232
0.050347
0.068571
0.070634
-0.054741
-0.042303
0.009003
-0.027052
0.007259
0.017759
0.021312
0.023588
0.067212
-0.030221
-0.053142
-0.039288
0.041908
0.034621
-0.078104
-0.015593
0.006544
0.009829
-0.097273
0.008527
0.112878
-0.045691
0.015173
0.029650
0.029770
-0.033633
0.017137
-0.053224
0.004172
0.012373
0.044826
0.048798
0.007315
0.072727
0.019430
0.076605
-0.021979
0.015984
0.035168
-0.066681
-0.009687
0.001996
-0.009978
0.012626
0.081343
-0.059053
-0.013727
0.007570
-0.062378
-0.038279
-0.005132
-0.028811
-0.029861
0.044446
-0.046304
-0.036891
0.039483
0.064291
0.063402
0.031498
0.120351
0.093257
-0.015957
0.074057
0.000871
-0.086277
-0.043617
0.035850
0.019370
-0.025485
-0.078822
-0.002199
-0.042943
0.086655
0.062092
-0.053896
0.013713
-0.061030
-0.045841
0.019645
0.016429
-0.085669
-0.063604
-0.032720
-0.040591
0.047283
-0.030076
-0.008348
-0.042677
0.033857
0.037699
-0.020082
-0.063467
-0.023644
-0.011872
-0.004491
0.013280
0.017253
-0.031717
-0.017196
-0.031286
-0.048254
0.044775
-0.004440
0.022099
-0.011881
0.090386
0.006067
-0.067088
0.011153
0.064213
0.056936
-0.014739
0.065392
0.003663
-0.054414
0.024501
-0.029058
0.041485
0.042027
-0.018867
-0.065422
0.003325
0.021914
0.058157
0.034000
0.071176
0.046595
0.035161
0.006880
0.002399
-0.056803
0.049174
0.032831
-0.035718
0.003930
-0.069199
0.009549
0.016172
-0.000751
-0.061754
0.009928
0.060241
-0.003585
-0.007020
0.059096
-0.003203
0.029590
0.046002
-0.016518
-0.084427
-0.051575
0.002304
0.025366
0.066363
0.039291
-0.005137
0.000931
-0.055621
-0.041861
-0.014764
-0.074445
-0.017186
-0.067423
-0.010508
0.049827
-0.029363
0.041049
0.022969
0.152192
0.037479
-0.052353
0.097455
0.063905
0.030305
0.033950
0.036460
0.036911
-0.078490
-0.073887
-0.020042
-0.039080
-0.017199
-0.041662
0.064087
-0.066745
-0.088692
0.043524
-0.104616
-0.049985
0.068740
-0.023922
0.005953
0.096062
0.034530
-0.006083
-0.000745
-0.005688
-0.093976
-0.064004
0.039623
0.060328
-0.009542
0.006536
-0.020607
-0.054502
-0.018662
-0.054261
0.090924
0.098314
0.048271
-0.008370
-0.015986
0.077109
0.029120
-0.095971
0.031581
0.009216
-0.066707
0.065903
0.072098
-0.017371
0.063027
0.055284
0.014965
0.037967
0.047378
0.020872
-0.025017
-0.034735
-0.037015
0.035529
-0.010590
-0.021218
-0.008024
-0.025293
-0.059008
-0.013031
0.024029
-0.038936
0.021371
-0.033654
0.035403
-0.042766
0.011328
0.094862
-0.004764
0.093990
-0.009878
-0.049024
0.034472
0.016051
0.058087
-0.000346
0.070562
0.030603
-0.020124
-0.043786
0.009298
0.004257
-0.043711
0.011143
-0.063091
-0.010749
0.056254
-0.024104
-0.017380
-0.029723
-0.049543
0.015851
-0.003255
0.022830
0.000777
-0.055530
0.024821
0.010961
-0.019196
-0.007045
0.045669
0.100840
0.044864
-0.025559
0.011561
-0.085100
0.020092
0.013746
-0.075121
-0.134910
-0.023426
0.020371
0.003195
0.030283
-0.012884
-0.055577
-0.033176
0.042921
-0.019343
-0.050737
0.007592
-0.021751
0.023382
0.079060
-0.020440
0.035089
0.022416
0.046548
-0.026178
0.061012
0.002057
-0.022475
-0.021576
-0.071647
0.002806
-0.007944
-0.010051
0.092866
0.116571
0.073532
0.040801
0.063608
0.073828
0.033010
0.065762
-0.051346
-0.005625
-0.002779
-0.054586
-0.045174
-0.055902
-0.061442
-0.033163
-0.040567
0.041573
-0.070777
-0.084405
-0.106634
-0.106016
-0.048643
0.066428
0.031200
0.057394
-0.027766
-0.043077
0.025374
-0.028633
0.021815
0.036765
0.031209
-0.057371
0.010375
0.050732
-0.084493
-0.004618
0.023077
-0.041221
0.051519
-0.010235
0.070323
-0.003071
-0.038455
0.040369
0.049134
0.046356
0.035718
0.052264
-0.025922
0.072075
0.003367
-0.072655
0.006057
-0.046223
-0.052994
-0.043028
0.071386
0.086773
-0.020382
-0.044338
-0.001829
-0.093642
0.070156
0.033275
0.090386
0.077741
0.052185
0.036395
0.034663
-0.003209
-0.011696
0.031428
-0.014348
0.038439
-0.009640
0.107097
0.054312
0.015619
0.062188
0.012693
0.093263
0.115433
0.062689
0.104434
0.149413
0.083240
0.031242
0.091475
0.061125
-0.004831
-0.076483
0.027145
-0.078400
0.029556
0.075940
0.028243
-0.004673
0.070113
-0.040724
0.023618
0.108235
-0.004444
-0.013271
0.056834
-0.024331
-0.056029
0.006813
0.008903
0.124985
0.080764
-0.019817
0.024071
0.063296
-0.028733
-0.003352
0.001064
-0.020702
-0.006330
0.073631
0.099271
0.110848
0.056760
0.000032
-0.001725
0.095325
0.051077
0.040725
0.050809
-0.000854
0.050452
0.023633
-0.036854
0.027038
0.036330
0.046147
0.054779
0.018106
0.035318
-0.028561
0.017697
0.080653
0.023564
0.093204
0.059130
0.056625
0.107993
0.026633
-0.007618
0.000308
-0.043868
-0.048430
-0.125159
0.034106
0.019075
-0.008782
-0.026618
-0.120047
-0.003060
0.042518
0.047219
-0.006302
-0.042504
-0.001202
-0.031043
-0.058806
-0.043185
-0.039463
-0.008639
0.009851
-0.012327
0.021254
-0.034482
-0.048873
-0.132544
-0.004109
0.040307
-0.010261
0.119455
0.064808
-0.019810
0.069071
0.026064
0.000649
0.007497
0.018367
0.044403
-0.007257
0.046700
0.056303
0.009060
-0.007987
-0.022620
0.039044
0.038359
0.013402
-0.020618
-0.059303
0.132907
0.073188
0.026198
-0.017018
0.038097
0.116237
0.068948
0.077023
0.021346
-0.030748
-0.027040
0.071257
0.018152
0.044046
0.054487
0.056170
0.081022
0.166960
0.121645
0.006052
-0.044209
0.079416
0.132084
0.027444
-0.049287
0.087449
-0.009272
-0.067751
-0.046666
0.031802
-0.025343
-0.156752
-0.061458
0.001341
-0.097994
-0.053662
-0.064696
-0.147291
0.012166
0.027761
-0.029873
-0.002132
-0.071748
-0.084090
0.030412
-0.003143
-0.047642
-0.061299
-0.058522
0.005475
-0.048321
0.040587
-0.029664
0.011556
0.028042
-0.023924
-0.001966
0.047809
0.013713
0.038790
-0.021167
-0.008520
-0.045813
-0.006910
0.081329
0.090803
-0.001385
0.049955
-0.010018
-0.001899
0.037920
0.043894
0.042499
-0.089681
0.041928
0.020442
0.043993
-0.004363
0.029586
-0.062738
-0.014189
-0.059560
-0.133325
0.029521
0.040835
0.031822
0.080174
0.112525
0.053943
0.041844
0.022840
-0.016575
-0.019146
-0.093157
0.035431
0.158837
0.073975
-0.011562
0.031324
0.012801
-0.023332
0.017290
0.023557
-0.001660
-0.018212
-0.019403
0.016861
0.021379
0.037914
-0.007667
-0.083756
0.005648
-0.085830
-0.017141
-0.015395
0.006222
-0.024543
-0.063049
0.024656
0.008510
-0.002192
-0.002957
-0.044280
-0.045019
-0.012157
0.056418
0.092889
0.046243
0.013011
0.043361
-0.043028
0.094868
0.052037
0.041101
-0.050877
-0.058890
-0.098057
0.058243
-0.077163
-0.087215
-0.004779
0.042936
-0.050955
-0.108234
0.024066
-0.023177
-0.009672
-0.008248
0.015884
0.042180
0.053367
0.062474
-0.033795
0.099650
0.036503
0.071333
0.027575
0.024923
0.041155
0.047992
0.032664
0.030926
0.103122
0.002773
-0.020311
-0.039418
-0.111378
-0.017533
0.063461
-0.031454
0.015302
0.074962
0.009179
-0.001529
0.056140
-0.002406
-0.020714
0.025199
-0.016721
-0.051783
-0.034393
0.083832
0.013906
-0.115836
-0.032870
0.017799
-0.005268
0.001256
0.011576
-0.025915
-0.007428
0.035383
0.022030
-0.019467
-0.036304
0.061921
-0.015870
-0.015455
0.003692
0.022739
-0.045077
-0.055719
0.010109
0.049984
-0.015801
0.007462
-0.006375
-0.080497
-0.000082
0.080826
-0.023172
0.049863
0.089974
0.011150
0.028295
-0.009393
0.102312
-0.018910
0.055581
0.041406
-0.067447
0.014758
0.018902
-0.017983
0.070768
0.077152
-0.015116
-0.108811
-0.067746
0.061752
-0.017886
0.017242
-0.029095
0.026379
-0.034600
-0.048150
0.028800
0.028595
-0.049882
-0.080858
-0.038311
-0.001591
0.050054
-0.006162
-0.044671
0.053555
0.045573
-0.008704
0.017640
-0.079701
0.025917
-0.024340
-0.032735
0.126179
0.026335
-0.039682
-0.029328
-0.019593
0.034574
-0.040520
-0.013037
0.018388
-0.044501
-0.073031
-0.020278
0.009888
0.042021
0.034118
0.007233
0.125107
0.066725
0.011343
0.051925
0.187925
0.100371
0.016659
-0.020914
-0.069534
-0.024606
0.038302
-0.003274
0.060169
0.004124
0.013248
0.087328
0.024205
0.007480
0.053764
0.051090
0.087995
0.049935
0.062683
-0.031881
-0.019048
0.116059
0.070852
0.150727
0.093220
-0.010410
0.177376
0.096512
0.074400
-0.046795
0.031187
0.019061
-0.012262
0.036557
-0.062381
0.063976
-0.024179
-0.047695
-0.092302
-0.008504
-0.030102
-0.028731
0.019371
0.016072
-0.033523
0.045442
0.022320
-0.054103
-0.021109
-0.007928
-0.070793
-0.041286
0.009094
0.024021
-0.036547
0.007172
0.037602
0.000820
0.056825
0.033858
-0.024634
-0.102039
0.077714
0.019018
-0.054925
0.007271
-0.059260
-0.005466
0.023625
-0.068505
-0.013122
-0.009735
0.007752
0.002084
-0.021653
0.147874
0.059347
-0.004644
0.059759
-0.020421
-0.053496
-0.000447
-0.078360
-0.037432
-0.002063
0.035823
-0.023837
-0.059655
0.103350
0.104039
0.014649
-0.030704
0.041006
-0.049944
-0.047096
-0.035128
-0.057707
-0.016065
-0.002645
-0.033259
0.035941
0.091888
-0.052252
0.026882
-0.017340
0.009467
0.008248
-0.021431
0.016682
-0.076105
-0.001816
0.024439
-0.072247
0.000324
-0.042648
-0.006567
-0.093125
-0.038468
0.029235
0.007939
0.032255
-0.033741
-0.081436
-0.032268
0.030843
-0.033919
0.004442
-0.024451
-0.010658
-0.051755
0.044410
-0.019351
-0.081887
0.048371
-0.031772
-0.022455
-0.027877
-0.008384
-0.038627
-0.072414
0.013416
-0.023990
-0.019258
0.057423
-0.011434
0.000573
0.034805
0.012909
-0.068445
0.058067
0.075899
-0.016416
0.058067
0.038299
-0.002745
-0.076616
-0.030229
0.015600
0.013835
0.059824
-0.098231
-0.046582
0.015302
0.037917
0.046333
0.030342
0.069548
0.035142
-0.003610
0.070262
0.080853
0.054983
0.036557
0.054975
-0.014907
0.061845
-0.007494
-0.051499
-0.073153
-0.060816
0.038453
-0.024177
0.095011
0.022769
0.176831
0.105891
0.016155
0.053266
0.009515
0.088441
0.064101
0.045292
0.058743
0.045257
0.036567
0.022870
-0.032691
0.017052
0.050567
0.035001
0.018993
0.048455
0.006805
0.029571
0.048333
0.039329
0.070489
0.048943
0.050912
0.078460
-0.071389
-0.066518
-0.029138
-0.032363
-0.056312
0.002638
0.095090
0.052936
0.038688
0.088993
0.034912
0.055570
0.013906
-0.010512
-0.025205
0.002738
0.041187
0.073468
0.074217
-0.074247
0.066228
-0.009563
-0.093595
-0.029900
-0.030257
0.017312
0.083436
-0.006419
0.049963
-0.023554
-0.069116
0.039857
-0.021844
0.074079
0.037423
-0.022460
-0.016860
-0.016478
-0.045104
-0.023596
-0.017503
0.027288
-0.009203
0.017987
0.062867
0.013009
-0.045696
-0.039146
-0.046285
0.024022
0.036896
-0.012126
-0.055619
0.010788
0.005945
0.014903
0.015321
0.046688
0.118557
0.002335
0.011415
-0.008912
-0.003821
0.022653
0.045203
0.012395
0.068434
0.025158
0.054633
0.093854
0.060122
-0.031798
0.001572
0.022125
-0.039756
-0.046100
0.033345
-0.010076
0.008373
0.058681
0.090324
-0.050237
-0.020186
0.102805
0.001805
-0.068795
0.052827
0.009817
-0.045427
0.075277
0.050471
-0.022337
0.033637
0.024645
0.037486
0.004875
0.051741
0.103094
0.060023
0.087662
-0.017313
0.029484
0.055785
0.085274
0.046365
0.080227
0.071705
-0.046873
-0.001358
-0.020335
-0.086583
-0.058412
0.051305
0.029722
-0.095511
0.055261
-0.011890
-0.035215
0.056993
0.012749
-0.064915
-0.059948
0.006454
0.022711
0.013146
0.021471
0.110123
-0.056796
-0.010097
0.064348
-0.069127
0.086394
0.074852
-0.041264
0.002392
-0.014059
-0.001352
0.023064
-0.059180
-0.006921
-0.033385
0.035295
0.012907
-0.069174
0.025313
0.047509
0.015915
-0.027047
0.000859
0.069474
-0.059411
0.009968
0.066570
0.039578
0.055464
-0.026595
-0.022921
0.012834
0.017179
0.061927
0.017048
0.064839
0.100933
0.048200
0.014214
0.093312
0.094696
0.041454
0.070908
-0.000875
0.003569
-0.015542
-0.033569
0.017746
0.020591
0.073557
0.045651
0.010108
-0.038032
-0.015449
-0.029621
-0.002028
0.001616
-0.037842
0.007016
-0.024968
-0.004008
-0.035545
0.033418
0.006505
0.078952
-0.014292
0.019675
0.094652
0.030176
0.080561
-0.009908
-0.033098
-0.040646
-0.092323
-0.046680
-0.026963
-0.039140
-0.048053
0.009566
0.041219
0.028548
0.015815
0.006336
-0.044865
0.015634
0.047006
0.045917
0.065531
0.049038
0.036689
-0.002708
0.046843
-0.005625
-0.055080
0.038440
0.066943
0.047647
-0.033216
-0.042243
0.102352
-0.031904
-0.001890
0.041557
-0.012787
-0.041600
-0.047654
0.045504
0.045154
0.018901
0.017074
0.013150
-0.084308
0.020531
0.052403
-0.046061
0.031734
-0.002627
-0.007529
-0.048824
-0.054948
0.002129
0.031283
0.055026
-0.055306
-0.100033
-0.011115
-0.111615
-0.118582
0.001123
-0.098121
0.066361
0.073051
0.023817
0.022889
0.037745
-0.018083
-0.053996
0.045132
-0.074326
-0.057116
0.040712
0.015084
0.060357
0.046273
0.036753
-0.020784
0.005253
0.013808
0.001044
0.052328
-0.066557
-0.042885
-0.034377
-0.046334
0.082787
0.119303
0.043432
0.066182
0.032606
0.015473
0.013774
-0.062016
0.064070
0.029733
-0.038038
-0.067239
-0.069755
0.030467
0.006243
-0.068392
-0.021513
-0.020090
-0.004102
0.016320
0.026569
0.048292
0.046797
0.079810
-0.007779
0.031961
-0.058028
0.025167
-0.033804
-0.028114
0.044455
-0.022768
0.049459
0.088261
-0.087406
-0.030025
0.017040
0.014128
-0.047753
-0.026892
0.003131
0.023023
0.048020
0.017323
0.025808
0.046997
0.000806
-0.026741
0.076550
0.007644
-0.020272
-0.015538
-0.051430
-0.035786
-0.020661
0.009816
0.019028
0.055574
0.037928
0.004937
0.063756
0.044821
0.024681
0.067932
-0.054190
0.118740
0.022837
0.034429
0.039319
0.020988
-0.043941
0.033633
0.035388
-0.047387
-0.081837
-0.022802
0.004278
0.023869
-0.010274
0.066837
-0.054309
-0.093015
-0.004707
-0.089474
-0.027199
0.054971
-0.001129
-0.006898
0.026898
-0.011028
0.060864
-0.003283
-0.004677
0.069291
0.048971
0.071293
0.078643
0.058455
0.101000
-0.039454
-0.012845
-0.012137
0.050502
0.010587
0.028938
0.073074
-0.042053
0.055897
-0.072794
-0.035683
0.051161
-0.080579
0.047969
-0.045802
-0.038146
0.002634
-0.039348
0.025670
0.062686
-0.016624
-0.044696
-0.028796
-0.001725
0.033222
0.085580
0.004410
-0.024173
0.074995
0.043120
0.032262
0.006707
-0.005137
-0.041419
-0.003136
0.004654
0.001431
0.060697
0.025978
-0.053088
-0.043660
-0.076187
0.082005
0.024452
0.041165
0.018418
-0.031433
-0.036376
0.041214
0.100071
-0.067598
0.057322
0.115937
0.033213
0.062491
0.027054
0.075557
-0.003276
0.055678
0.104304
-0.036468
-0.008748
-0.052120
0.001974
0.022984
-0.018149
0.033695
0.035887
0.091984
0.014374
-0.074198
0.021944
-0.062654
-0.046172
-0.055741
-0.029383
0.030705
0.031452
-0.019378
-0.026309
0.077521
0.060826
0.024152
-0.034403
0.019762
0.037462
-0.002978
0.073807
0.035076
-0.019730
0.031187
0.070921
-0.004032
-0.001344
-0.003706
0.034925
0.020858
0.009626
0.049403
0.030594
0.079101
-0.048427
0.033860
-0.014596
0.007040
-0.004391
-0.130224
0.071352
0.014184
-0.037081
0.078505
0.027025
0.067851
0.170640
-0.031740
-0.017447
-0.000915
0.026668
0.029627
-0.057585
0.094783
-0.008545
0.015005
0.112654
-0.091046
0.051114
0.007678
-0.038923
-0.069119
0.023525
-0.057816
-0.044888
-0.010415
0.031394
-0.014172
-0.021442
-0.023294
-0.069734
-0.037369
-0.028464
0.014423
-0.055654
-0.009622
-0.000634
-0.036496
-0.031083
-0.007851
0.009296
0.000516
-0.031542
-0.050026
0.025276
0.030400
0.036014
0.006056
-0.014420
0.100958
0.044280
0.050621
0.045041
0.003828
-0.049178
0.004105
-0.036441
0.053516
0.016432
0.049928
-0.038521
-0.085744
-0.122810
0.026998
-0.016447
-0.009404
0.064067
-0.087301
-0.015533
-0.007692
0.035755
0.137976
0.008219
0.061290
0.024270
-0.018942
0.076556
-0.045419
0.000573
-0.080976
-0.080849
-0.015323
-0.035826
-0.024332
-0.110922
-0.016129
-0.015267
0.004717
0.046701
0.020039
0.005234
0.014546
0.049801
0.027762
0.076182
0.040678
-0.012391
0.032310
-0.018184
0.004293
0.040892
-0.064312
0.058236
0.059321
0.004795
0.003970
0.030919
-0.017293
0.036414
0.076705
0.022483
0.018558
0.037788
0.052219
0.009534
0.018295
0.045436
-0.041276
-0.033715
0.012383
-0.023595
-0.004932
0.002533
0.079618
-0.072480
-0.047456
-0.021958
-0.015846
-0.081140
-0.055619
0.048099
-0.024951
-0.055016
0.087523
0.024190
-0.010227
0.006100
-0.040322
-0.085047
-0.054231
0.043246
-0.035979
-0.028250
0.026262
0.018527
0.061188
0.004525
0.032684
-0.023456
0.021619
-0.005397
-0.001302
0.035002
0.029672
0.106034
0.013370
0.014521
0.000092
-0.015046
0.022931
-0.024768
-0.008675
0.015862
0.004442
0.039387
-0.027460
-0.016520
-0.023520
-0.044176
-0.038456
0.028204
0.050080
0.041351
-0.025428
0.052668
0.001759
-0.015600
0.033953
-0.054985
-0.004422
0.011082
-0.033619
0.016894
0.020475
0.027461
0.037854
0.003377
0.030243
0.051271
-0.019177
-0.020948
-0.039436
-0.045582
-0.045645
-0.050738
-0.054714
-0.020149
0.035409
0.051145
0.084319
-0.034617
-0.029250
-0.001127
-0.017023
0.006633
-0.060479
0.041641
-0.013684
-0.040936
0.021062
-0.013903
-0.090526
0.051182
0.065087
-0.100587
-0.028377
-0.047597
0.030462
-0.030234
-0.029528
0.020315
-0.038411
0.014371
0.014877
0.055877
-0.090541
-0.058668
-0.012123
-0.030349
0.044468
0.027004
-0.034560
-0.027439
0.020810
-0.016306
-0.054538
-0.139103
-0.030749
0.047702
0.016868
0.042622
-0.006101
0.008003
0.008104
-0.023820
-0.010242
-0.060008
-0.029399
-0.009378
-0.074170
-0.158834
-0.094330
0.001423
0.011197
-0.040950
0.059483
-0.025609
0.053545
-0.084920
-0.103564
-0.011535
-0.120723
-0.107488
0.059522
0.089004
0.029458
-0.005570
-0.053784
0.008544
0.011036
0.031199
0.000710
0.024987
-0.030284
0.027506
0.013249
0.090694
0.060139
-0.070157
0.046883
0.077550
0.051069
0.019784
0.063114
0.009103
-0.114926
-0.100277
-0.055182
-0.097849
-0.012310
0.043207
0.026776
0.019429
0.030632
-0.003337
-0.026952
-0.032893
-0.036321
0.038701
-0.053861
-0.079578
-0.071676
-0.034480
-0.040541
-0.005180
0.014475
-0.007657
-0.044304
-0.045904
-0.108129
-0.060625
-0.000700
0.079125
0.020407
0.014052
0.035024
0.036931
0.051549
0.033883
0.025802
0.005877
0.005053
-0.040012
0.005588
0.013152
-0.041941
0.041566
-0.058595
0.017882
0.096323
-0.030944
0.003594
0.079769
-0.015989
0.032551
-0.032734
-0.010890
-0.106112
-0.185491
-0.006858
-0.040027
-0.035230
-0.023938
-0.031300
0.045330
-0.045084
-0.034871
0.030448
-0.082458
-0.110129
-0.003235
-0.092145
-0.035359
-0.004077
-0.014343
0.005552
-0.024694
-0.026846
0.043863
0.048226
-0.020118
-0.010769
-0.023203
-0.031144
-0.032278
-0.048041
-0.079647
0.023553
-0.064809
-0.079258
-0.051401
-0.062809
0.019746
0.082578
-0.060053
-0.056200
0.028869
0.018988
-0.027639
-0.062959
0.064474
0.052524
0.018475
0.007305
0.019791
0.057431
-0.012148
-0.014354
0.056323
0.061968
0.078478
0.110798
0.088124
0.045124
-0.069842
-0.071688
-0.100493
-0.069778
-0.027552
-0.026139
0.014408
-0.042842
-0.027084
0.046764
0.036337
0.056518
-0.022856
0.041217
-0.020980
-0.003370
0.063121
0.027206
0.029321
-0.029294
0.035968
0.044492
-0.037929
-0.011652
-0.088569
0.051043
0.002810
-0.048425
0.022968
-0.073087
0.031749
0.038793
0.041203
0.061028
0.082123
0.047327
0.062228
0.012775
0.031532
0.045185
0.052243
-0.052182
-0.072621
-0.032868
0.002203
0.019052
0.026539
0.074254
0.017789
-0.040173
0.032044
-0.042589
-0.000921
-0.003329
0.051304
0.021696
0.018895
0.071084
-0.027433
0.111821
0.093848
-0.072197
0.030010
-0.007181
0.019283
0.033489
0.018688
0.085423
-0.097534
0.009219
-0.030964
0.031010
0.082182
0.002452
0.017508
0.074333
-0.002971
-0.012501
0.008186
0.030083
0.034757
0.051690
0.016131
0.059876
-0.018358
0.062659
0.047522
-0.010888
0.050248
0.005932
0.042913
0.043108
0.087052
0.131291
0.029234
-0.010163
-0.042640
-0.057273
0.000905
-0.041060
0.031014
0.012144
0.031185
0.037602
-0.005999
0.002110
0.059812
0.052633
0.022018
0.014449
0.073771
0.114144
-0.031652
0.000988
0.001761
0.056417
-0.016173
0.063903
0.122990
0.072915
0.003086
0.029377
0.019894
0.007233
0.098439
0.084740
0.034116
0.024786
-0.066939
0.033697
0.061022
-0.043965
-0.070844
-0.020133
-0.014927
-0.164714
-0.020140
-0.025963
-0.006591
-0.034394
-0.047052
0.034222
-0.036183
-0.030663
0.007535
-0.016960
-0.042030
-0.027775
0.057418
0.037504
-0.012561
0.086113
0.038185
-0.011437
0.057995
-0.000767
0.058825
0.071461
-0.042913
-0.022060
-0.083410
-0.108957
-0.032322
0.003917
-0.021676
0.019020
-0.019417
-0.063302
-0.014203
-0.021929
0.009956
-0.001243
-0.004538
-0.006960
0.003030
0.017394
-0.023502
-0.060612
-0.133050
-0.114807
0.045510
0.027778
-0.052620
-0.018851
-0.097874
0.003311
0.087961
0.050267
0.054911
0.062404
0.072130
0.042147
-0.049499
0.047716
0.045568
-0.066970
-0.008022
0.052265
0.051348
0.048095
-0.061339
0.072716
-0.019740
-0.071543
-0.004827
0.010234
0.054936
0.016656
-0.077818
0.035595
0.071216
-0.028071
0.086703
0.034633
0.004125
0.010622
0.017603
-0.020014
-0.027298
0.007974
-0.090389
0.048426
0.087799
-0.028600
-0.026418
0.013733
0.026467
-0.039641
0.012105
0.055165
-0.023654
-0.090241
0.025408
-0.002098
0.009977
-0.086089
-0.055659
0.027945
-0.073739
0.001261
0.077788
0.059819
-0.070672
-0.006494
0.088446
0.075070
0.002296
0.049324
0.036814
-0.083992
0.025656
0.022880
-0.041276
-0.094191
-0.043856
0.038601
0.017009
-0.012136
0.040659
0.003775
0.036795
0.117767
0.030143
0.076775
0.024972
0.015569
0.015679
0.111211
0.074135
-0.054233
-0.046711
-0.007815
-0.024932
-0.088193
-0.025173
0.049770
0.069216
0.026059
-0.047613
-0.032989
-0.074271
-0.063238
-0.062586
-0.025815
0.017196
-0.057355
-0.013183
0.055249
-0.032572
0.037903
0.092591
0.024125
0.041959
0.044604
-0.010510
0.046141
0.040343
-0.006161
0.092874
-0.007669
0.021242
0.080357
0.038028
0.095433
0.029468
-0.050421
-0.015482
-0.007832
-0.000440
0.002971
0.001454
0.035352
0.060672
0.035563
-0.073442
0.016372
-0.022306
0.029850
-0.008345
0.008051
0.026642
0.049660
0.026518
0.066170
0.034983
0.066374
-0.002381
-0.017037
-0.081794
-0.043244
0.012952
-0.065790
0.042302
0.009648
-0.012463
0.059455
0.011784
-0.028390
0.083670
0.064975
0.075096
0.095745
0.024837
0.027823
0.083605
0.007402
0.120007
0.022519
0.018184
0.090090
0.029979
0.030999
0.036322
0.060725
0.080570
0.019882
-0.026604
0.012163
0.033132
-0.016708
0.050726
0.080221
-0.052291
-0.026483
0.042562
0.036064
-0.004879
0.018023
0.038193
-0.058137
-0.022905
-0.066979
0.030377
-0.052907
0.075079
-0.115070
-0.011795
-0.023865
-0.117577
0.015489
-0.026506
0.001983
0.015882
-0.054653
0.038017
0.051023
0.015320
0.071317
-0.052609
0.005050
-0.048772
0.007741
0.062244
-0.059223
-0.062213
0.039227
-0.013406
0.057054
0.079213
0.086572
0.090260
-0.030822
-0.050849
-0.118106
-0.028286
-0.138300
-0.036102
0.035186
-0.034765
-0.005436
-0.054820
-0.013727
0.070441
-0.011518
0.077805
0.018329
-0.056773
0.046189
0.041207
0.046755
0.071000
0.035622
0.001963
0.006625
-0.065106
-0.038185
-0.033312
-0.029144
-0.012262
-0.106912
-0.050586
0.015907
-0.054365
-0.109566
-0.048514
-0.071527
0.004748
0.011278
0.020361
-0.031710
-0.072114
-0.014368
0.025076
-0.052120
0.036953
0.023910
0.032675
0.102460
0.010911
0.090395
0.052134
0.045974
0.028275
0.035683
0.032190
0.037366
0.072246
0.041647
0.017258
0.111220
-0.009612
-0.069338
0.075696
-0.026739
-0.018822
-0.004497
-0.010158
0.050465
0.040329
-0.005433
0.006998
0.071758
-0.019989
-0.092116
0.020665
0.068333
0.060417
0.016931
-0.031326
-0.040120
-0.032550
-0.079739
-0.081270
-0.048829
0.000285
-0.018145
0.016519
-0.014722
-0.056479
-0.012411
-0.044566
-0.035475
-0.029567
0.030803
-0.050303
0.044636
0.048518
-0.015450
-0.021280
-0.031655
-0.026254
-0.053356
0.088242
-0.008961
0.078306
0.094807
-0.031776
0.013980
-0.015308
0.017287
0.057854
-0.014586
0.009424
0.045535
-0.061805
-0.032962
0.071466
-0.064974
-0.071997
-0.057144
0.040332
0.031589
-0.104546
-0.025416
0.004813
-0.016813
-0.067552
-0.045756
-0.104842
-0.066393
0.012754
-0.111255
-0.109119
0.019514
0.030867
-0.073090
0.091349
0.080879
-0.022606
0.045245
0.037070
-0.071751
-0.043969
-0.007856
-0.072595
-0.076570
-0.011537
0.013173
0.081582
0.028822
-0.027052
0.004712
-0.033411
-0.001907
0.024027
0.013540
-0.029644
0.013082
-0.007164
-0.011345
-0.029002
-0.007236
-0.002983
0.023554
0.030112
-0.013774
-0.002044
0.055768
0.026071
0.034921
0.024319
-0.015218
0.000924
0.045028
0.060003
0.080296
0.015902
0.030575
0.012254
0.034116
-0.030259
-0.049110
-0.104781
-0.003190
-0.002340
-0.124306
-0.077158
0.010083
-0.027145
-0.074828
-0.019939
0.048990
0.009611
-0.066845
-0.019186
0.039824
0.039993
-0.070499
-0.010407
0.056520
0.051570
-0.054172
0.014821
0.042303
-0.015196
0.070373
0.089964
-0.048937
-0.003834
-0.030491
0.077708
0.019220
-0.057699
0.091030
0.068532
-0.007072
0.016671
-0.025294
-0.123260
0.048638
-0.041547
0.039032
0.030197
-0.069022
-0.061832
-0.034406
0.022679
0.063984
-0.004089
-0.016280
-0.016502
-0.034664
-0.111960
-0.054909
-0.041807
-0.095440
-0.034804
0.072747
0.068386
0.070482
0.030919
0.027819
0.032655
0.038990
-0.005867
0.046914
-0.014431
-0.035879
-0.047700
0.028843
-0.042274
-0.010267
0.018404
-0.020316
-0.011449
0.040294
-0.065198
-0.056843
-0.030124
-0.049703
0.014048
-0.045438
0.045962
0.053614
0.038466
0.039117
0.051404
0.060158
0.011547
0.105031
0.071304
-0.053002
0.029238
0.037994
-0.072775
-0.038683
-0.042568
0.031350
-0.030370
-0.012327
-0.015316
0.041310
0.014900
0.015937
0.126835
0.104858
0.046080
0.028963
0.011056
-0.048557
-0.016070
-0.090304
-0.027104
-0.067182
-0.090168
-0.057805
0.008906
-0.070240
-0.018524
-0.013118
0.008830
0.050354
-0.003728
-0.004486
-0.004374
0.017079
-0.033318
0.001585
0.011561
-0.030490
-0.099201
-0.022530
0.010497
-0.010581
0.052622
0.033482
-0.086513
0.016199
0.050935
-0.047204
-0.063648
0.016103
-0.007662
-0.013837
0.022370
-0.009648
-0.043259
-0.034590
-0.018020
0.006704
-0.100695
0.056809
0.005330
0.027965
0.163032
0.063936
0.119778
0.019269
-0.009518
0.056384
0.125373
-0.054615
0.016811
0.034120
-0.049930
-0.030560
-0.010886
0.018567
-0.064788
0.010345
0.046851
-0.010405
-0.015569
0.013018
-0.062675
-0.025689
-0.080339
-0.073709
-0.061303
-0.085352
-0.040423
0.001500
-0.041753
-0.029990
0.043885
-0.001379
0.007658
0.075593
-0.032772
0.033981
-0.014605
-0.030265
0.017575
-0.012727
0.012948
-0.053215
0.055357
0.071467
0.022859
0.091307
0.094024
0.015715
0.043899
0.066536
0.016536
-0.014235
-0.029723
0.007416
0.000235
-0.038190
0.001849
-0.006125
-0.015428
0.038843
0.014331
-0.020963
-0.027362
0.012267
0.033825
0.053252
0.066315
0.094607
0.035520
-0.050378
-0.029788
0.020601
0.062844
0.063559
-0.020660
0.073682
0.012518
0.035820
-0.010935
0.015208
0.066871
-0.002999
0.100783
0.010694
0.013492
-0.030216
-0.052217
0.071863
0.075236
0.042484
0.005852
0.030777
0.031299
0.055269
0.062600
0.019010
0.068626
0.014508
-0.039424
0.008964
0.063540
0.045142
-0.082964
0.034102
0.021961
0.019319
0.059902
-0.008773
0.025186
-0.020209
0.007843
0.092991
-0.041325
-0.112436
0.010360
-0.031686
0.001566
0.033612
-0.000069
-0.018591
-0.016189
-0.037599
0.013380
-0.079285
-0.018346
-0.000697
-0.089827
-0.032824
-0.013920
-0.014951
-0.004408
-0.051872
0.030815
0.078059
0.013083
0.073992
-0.063470
-0.022099
0.045321
0.029339
0.025642
-0.060604
0.019423
0.022044
0.036183
0.022863
0.011091
-0.030339
-0.007316
0.022465
-0.000069
0.053894
-0.007579
-0.047186
-0.049341
0.048672
0.107210
-0.065347
-0.046924
0.034493
0.065143
-0.003004
-0.030912
-0.026682
-0.025779
-0.065660
-0.081122
0.034500
0.033237
-0.046121
-0.000910
0.007803
-0.029727
-0.021365
-0.032333
-0.008598
0.035922
-0.052450
-0.126572
-0.006266
0.016660
-0.073749
0.024016
-0.057029
-0.077138
0.023485
0.000217
0.034150
-0.000276
0.002721
0.060289
-0.008271
-0.011159
0.007095
0.007874
0.023631
-0.048048
0.017452
0.045015
-0.008339
-0.009354
0.056319
0.005788
0.080024
0.033503
0.028691
0.111178
-0.035932
-0.015078
0.063176
0.034987
-0.049482
-0.051069
-0.096445
-0.073991
-0.057534
-0.034707
-0.000056
0.051387
-0.029845
0.054614
0.056149
0.085554
0.144692
0.052052
0.029051
0.033865
0.064199
0.004305
0.059518
-0.008087
-0.026421
0.015293
0.080940
0.054880
-0.016166
0.080290
-0.050522
-0.032590
-0.043801
-0.012687
-0.028572
-0.047761
-0.021905
-0.034632
-0.007168
-0.035300
-0.051860
-0.028282
0.014978
0.042637
-0.027572
-0.037913
-0.026528
0.033227
0.057152
-0.001153
-0.054963
-0.031094
-0.073061
-0.050028
-0.079146
-0.010083
0.013374
0.017043
0.044495
0.028154
0.044859
0.079831
-0.042010
-0.061910
-0.044715
-0.061706
0.004443
-0.146300
-0.086129
0.062231
-0.001782
-0.033540
-0.067881
-0.016465
-0.081867
-0.047580
-0.022847
0.001293
0.088782
0.000289
-0.075256
0.015254
0.006567
-0.030753
-0.047850
0.001939
-0.052204
-0.076615
-0.053909
-0.116630
-0.071193
-0.069094
0.016479
-0.065707
-0.049793
0.067811
-0.020374
-0.021664
0.060018
0.018981
0.027560
-0.034247
-0.002336
-0.130786
-0.038823
0.017526
-0.070923
-0.021551
-0.026059
-0.046495
-0.011439
0.000800
-0.008453
0.071536
0.000253
0.039468
0.043772
0.001103
0.066688
0.057103
0.018240
-0.004122
-0.110088
-0.060306
0.007838
-0.027627
0.009110
-0.037208
-0.068678
-0.035976
0.039783
0.050450
-0.067254
0.081771
0.034977
-0.004725
0.066022
0.028446
0.013715
0.021487
0.047278
-0.013734
0.032470
-0.020868
-0.017747
0.006465
-0.051222
-0.033374
-0.067658
-0.073645
-0.036290
0.065919
-0.065058
-0.017940
0.020125
-0.027126
0.028314
0.046399
-0.037047
-0.040282
0.006406
-0.106941
0.121806
0.075498
0.026995
0.050991
-0.062695
-0.038960
-0.012296
-0.032788
0.075611
0.088010
0.061166
-0.016498
0.023906
-0.010515
-0.018953
-0.058803
-0.093984
-0.036918
-0.035455
0.014276
-0.019051
-0.041246
-0.008479
0.035923
0.053637
0.081816
0.069610
0.073876
0.065635
0.057428
0.059834
-0.070745
-0.032304
0.004236
0.024563
-0.021613
-0.080970
0.025656
0.041880
0.009870
0.006006
0.032054
-0.136721
-0.004828
0.051163
-0.024677
0.005482
0.035333
0.062454
-0.016714
-0.026283
0.012579
-0.031289
0.031019
0.007964
0.001759
0.019830
0.062675
0.001128
-0.007686
0.095575
-0.039428
0.048340
-0.048148
0.018852
-0.031582
-0.121078
-0.019867
-0.050612
-0.023112
-0.024736
0.038490
0.007675
0.023748
0.106943
-0.001452
-0.088238
-0.061251
-0.000310
0.051762
0.055908
0.002062
-0.019182
0.028442
-0.011095
0.104094
0.067983
0.059719
0.078862
0.006191
-0.066847
-0.051158
-0.063227
-0.014158
-0.078403
0.010831
0.038895
-0.059494
-0.067807
0.068107
-0.000006
0.070417
0.026816
-0.009899
0.038565
0.025073
-0.063779
-0.107289
-0.063554
-0.031884
0.034393
-0.046616
-0.092761
-0.018487
-0.057472
-0.052194
-0.051946
0.003365
0.138808
0.018415
0.046222
0.092261
0.027414
0.029274
-0.011825
-0.013873
0.083380
-0.018535
-0.033067
-0.060228
-0.071702
0.064916
0.068318
0.036942
0.127300
0.104380
-0.039087
0.040471
0.013850
0.040055
0.001586
-0.032886
0.007195
0.035637
-0.074001
-0.061268
-0.046020
-0.002353
0.044797
-0.094876
-0.033214
-0.033341
-0.080958
0.026464
-0.060248
-0.032988
0.005037
-0.027111
0.005337
-0.034577
0.003644
0.022746
0.074050
0.067081
0.086171
-0.006610
-0.011969
0.086496
0.002533
-0.010661
0.019508
-0.073296
-0.040150
0.022552
0.075435
0.010178
0.042175
0.111656
0.029885
-0.051608
0.025041
-0.029348
-0.049919
0.006333
0.071066
0.062160
0.009243
-0.012844
-0.033561
0.047017
-0.019232
-0.078135
0.008191
0.014512
0.041653
-0.022345
-0.034718
0.085106
-0.012656
0.020972
0.007430
0.042447
0.031882
-0.001457
-0.042685
0.034868
-0.081119
-0.022958
-0.044888
-0.070997
0.092234
-0.008120
-0.005458
0.131812
-0.028336
0.035830
-0.007337
-0.105048
-0.059376
0.003581
-0.004099
0.067024
0.034381
-0.066919
-0.036042
0.064743
0.033901
-0.020255
0.026453
-0.080109
0.035392
-0.009934
0.025540
0.038521
0.064536
0.014668
0.014801
0.002083
-0.012617
0.040127
-0.027019
-0.051951
0.040210
-0.000015
-0.022993
-0.027543
-0.060053
-0.031941
-0.059376
-0.056642
-0.033245
-0.068553
-0.020864
-0.079598
-0.043016
0.025950
0.016671
0.077666
0.061602
0.016262
0.065313
-0.047629
-0.034209
0.022837
0.019328
0.033321
-0.027768
-0.075100
-0.015696
-0.039492
0.004782
0.014577
-0.068062
-0.004742
-0.056359
0.082060
0.037034
-0.005206
0.150971
-0.015090
0.108613
0.094854
0.093785
0.117089
0.061331
0.125819
0.078566
0.030462
0.071331
0.024670
0.081431
-0.029011
-0.033298
-0.046229
-0.012290
-0.076610
-0.119887
-0.049570
-0.067720
0.005528
0.062499
-0.037706
-0.043621
-0.005128
0.036397
0.020209
0.007249
-0.018970
0.047730
0.068316
-0.058973
0.027848
-0.078205
0.006472
0.015146
-0.011024
0.023926
0.021936
0.035072
0.021784
-0.110563
0.050377
0.052086
-0.098290
-0.008882
-0.070914
-0.061141
0.004366
-0.042353
0.005402
0.054288
-0.036029
0.029762
0.095140
0.066740
0.026611
-0.046980
0.002812
-0.049302
-0.016146
0.044249
0.019805
-0.019322
0.055534
0.102724
0.049615
0.037693
0.111699
0.099972
0.061628
-0.006317
-0.072531
-0.022135
0.049774
-0.028716
-0.036694
0.047554
-0.034859
0.042141
0.007551
0.015537
0.027192
0.083802
-0.009171
-0.024462
-0.006580
-0.014360
0.020050
-0.029032
0.040605
-0.024867
0.085210
0.052524
-0.002042
0.054452
-0.015910
-0.001353
0.016888
0.000919
0.050102
0.035854
-0.072210
-0.007821
-0.020099
-0.001874
0.044569
-0.005032
0.055372
-0.010763
-0.031741
0.025669
-0.031085
-0.007178
-0.028392
0.036925
0.058595
0.031376
0.017078
-0.008676
-0.026102
0.024975
-0.000602
-0.002687
-0.030996
-0.029944
0.005085
-0.084899
-0.074773
-0.097829
-0.001219
-0.041142
-0.048533
0.048660
0.032417
0.018899
-0.022855
0.037094
0.061568
0.062118
-0.032385
-0.043665
0.036097
0.003629
-0.010755
0.038507
0.036986
-0.026970
-0.008434
0.051316
-0.097645
-0.004097
-0.026233
0.028566
0.126157
-0.015331
-0.022132
0.027964
-0.053610
0.019325
0.039872
0.056392
0.001812
0.011429
-0.048090
0.013753
0.113876
-0.077164
0.113816
0.002093
-0.024663
0.026616
-0.024801
-0.029354
-0.057332
-0.020666
0.016595
-0.016846
-0.034668
0.008198
0.017146
0.083008
-0.045708
0.020903
0.077422
0.061465
0.023610
0.021351
-0.047612
-0.078992
0.012212
-0.013232
-0.004213
0.065178
0.010720
-0.043996
0.025127
0.052636
-0.029264
0.029183
0.059170
0.052029
0.031113
0.065456
0.024248
-0.029644
0.020253
0.062575
0.007539
0.046672
0.058282
-0.000395
0.077146
0.026145
0.096820
0.006895
-0.004284
0.082843
0.012204
0.007596
-0.020532
0.028649
0.031873
-0.062976
0.027511
0.052970
0.017441
0.026276
0.123319
0.027776
0.007805
0.007983
0.014039
0.078187
0.017924
0.075150
0.016425
0.065449
0.061374
0.002259
0.044645
-0.034711
0.039826
0.013392
-0.017425
0.012353
0.069538
0.051251
0.007380
0.058944
-0.028521
0.041128
-0.025175
-0.083237
-0.023422
0.077553
0.002499
0.002481
0.013477
0.003276
-0.008315
-0.056536
0.051215
0.012994
-0.024170
0.010338
-0.021540
0.015276
-0.038595
-0.033968
-0.005662
-0.029644
0.006888
-0.012873
0.124220
0.090630
0.083809
0.099871
0.059186
0.057052
0.024571
0.061831
0.001162
0.027599
-0.007261
0.030015
0.000939
-0.018400
-0.010298
0.002089
-0.002578
-0.039994
-0.035913
-0.028061
0.012464
-0.045014
-0.012721
0.039488
0.051041
-0.004863
-0.018584
0.005695
0.041180
-0.022505
-0.042167
0.017744
-0.007397
-0.016502
0.003442
0.138967
0.059315
-0.080306
-0.006554
-0.012900
0.033632
0.020352
-0.024035
0.039634
-0.075077
0.002034
-0.027193
-0.042124
-0.016098
-0.104578
-0.105469
0.015375
0.020433
-0.022118
-0.035707
0.026073
0.068944
-0.004083
-0.061168
-0.023837
-0.090996
-0.049134
-0.017808
-0.046326
0.084452
0.093029
0.038111
0.061740
-0.003534
-0.008158
-0.035799
-0.039238
-0.015527
0.034095
-0.012206
0.033965
0.006434
0.082486
0.031553
0.045949
0.085354
0.069828
0.069085
0.038739
0.048355
0.033084
-0.014096
0.078739
-0.055602
-0.026104
-0.032500
0.011644
0.130697
0.012439
0.038604
0.076178
-0.068016
0.032605
0.113355
-0.005076
-0.008317
0.084974
0.054739
0.076103
0.024912
0.030174
0.038791
-0.030736
-0.032506
-0.024814
0.010238
0.026507
0.021298
0.033549
0.051199
-0.011591
-0.087362
-0.036598
-0.050988
-0.072705
0.040850
0.027427
-0.006852
-0.011058
-0.057311
-0.089985
-0.008338
0.091906
-0.043053
-0.050146
-0.000173
-0.055527
0.020517
0.007348
-0.008270
0.059835
0.033593
0.078587
0.097197
-0.008125
0.012116
0.057312
-0.006710
0.000351
0.008426
0.101055
0.016093
0.028116
0.043144
0.019020
-0.004190
0.058003
0.075407
0.089586
0.070842
0.026702
0.028794
0.021176
0.028864
0.028575
0.064124
0.030719
0.035272
-0.002465
0.047900
0.078523
0.031228
0.007170
0.010736
0.009718
-0.010730
0.064867
-0.061777
-0.015775
0.045094
-0.041546
0.032643
-0.016018
0.034106
0.052462
-0.004611
-0.034292
0.015700
-0.036688
-0.019027
-0.051903
-0.002122
0.030633
-0.003001
0.050357
0.059430
-0.044500
0.016172
0.012468
0.055649
0.037481
0.032594
-0.084759
-0.083498
0.080639
-0.030542
-0.031251
0.014283
-0.057435
-0.044046
-0.007465
0.000569
-0.038494
0.004387
0.018087
-0.110097
-0.005642
0.083950
-0.093052
-0.046455
-0.049440
-0.066381
0.004054
-0.045009
0.011673
-0.137037
-0.037161
0.075521
0.053996
0.002232
-0.044457
0.014593
-0.047758
-0.131828
-0.006028
-0.040976
-0.015613
0.010156
-0.044654
0.014497
0.116447
-0.008206
-0.062412
0.031624
-0.073627
-0.067520
-0.111244
0.044620
-0.002982
-0.036484
0.006147
0.005780
-0.053938
-0.013314
0.023646
-0.028801
-0.064031
-0.033875
-0.011400
-0.072632
-0.019280
0.071632
-0.016090
0.019871
0.019633
0.060418
0.051245
-0.050357
0.041407
-0.010298
-0.012898
0.009890
-0.011088
0.073233
-0.016832
-0.049243
0.033447
0.019163
-0.053567
0.002306
0.043278
0.003486
0.049034
0.067729
0.061414
0.063627
-0.034910
-0.001168
0.018777
-0.046106
0.048399
-0.047853
-0.025542
0.001352
0.042733
-0.052447
-0.037515
-0.026732
-0.025384
-0.022419
-0.055344
-0.015409
0.029652
-0.024279
-0.005450
-0.007440
0.049382
0.021569
0.051232
0.000599
-0.069955
0.027787
0.017346
0.053702
0.001456
-0.016239
0.118355
-0.011994
0.026412
0.002495
-0.036339
0.058170
-0.043799
0.049624
0.065104
-0.022714
0.024717
0.037774
0.027075
0.072086
0.011404
-0.038500
0.021516
-0.008984
-0.047592
-0.133559
0.008244
-0.016256
0.037820
0.011003
-0.018808
0.016661
-0.055270
0.059418
0.027838
0.019209
0.054660
-0.073454
0.049058
0.015394
-0.181859
-0.031357
0.020532
0.072965
0.015821
0.028360
0.060733
0.007658
-0.037482
-0.057420
0.015621
-0.010226
-0.058222
-0.043786
-0.093276
-0.014534
-0.006237
-0.042241
0.048516
0.022840
0.033581
0.012558
-0.070633
-0.019906
0.012936
-0.031585
0.036650
0.045350
0.041144
-0.059525
-0.000635
-0.037497
0.004570
0.055300
0.064433
-0.021506
-0.084333
-0.026047
-0.030197
0.054179
-0.064788
0.038782
0.029491
0.011849
0.033892
0.004125
-0.012183
-0.038922
-0.049326
0.008301
-0.023432
-0.111758
-0.053954
-0.011197
-0.092077
-0.085658
-0.042487
-0.008611
-0.043183
0.030661
0.010880
0.006346
0.015171
-0.053254
-0.066548
-0.028559
0.068598
-0.026939
-0.036001
0.024687
-0.045872
-0.009294
0.042205
0.047594
0.038199
-0.040820
0.031445
-0.056610
-0.046894
-0.034977
0.008742
-0.029009
0.008504
-0.023926
0.001570
0.033717
-0.051923
-0.048414
0.081368
0.053673
0.123562
0.102657
0.064883
0.021863
0.005665
0.038190
0.061873
0.138261
0.122047
0.021507
-0.002510
0.007346
0.010796
0.054862
-0.099665
0.037522
0.011780
-0.048594
-0.022796
-0.049336
-0.064037
0.025317
0.058056
-0.099801
0.032475
0.052866
0.001955
0.064790
-0.013278
-0.081876
0.005457
-0.019987
-0.047285
0.010699
-0.041037
0.055814
-0.001794
-0.048179
0.042458
-0.005444
0.094386
0.030484
-0.018608
-0.004265
-0.022995
-0.049615
-0.015704
-0.032731
0.024513
-0.023628
-0.005051
0.022856
0.044260
-0.020894
-0.005710
-0.019142
0.011766
-0.068308
-0.030986
0.051126
0.042578
-0.025270
-0.014547
0.070027
0.013591
0.001098
0.010420
0.045859
0.017897
0.061227
0.018613
-0.010835
-0.035740
0.062020
0.047085
0.009046
-0.013337
0.024872
-0.011759
0.026122
0.085264
0.053867
-0.004380
-0.014914
-0.087010
-0.130537
0.013585
0.008717
-0.083389
-0.033834
-0.026985
-0.000216
0.037122
0.083961
0.043227
-0.004980
0.040821
0.053841
-0.029106
0.000218
0.064973
-0.093721
-0.075019
0.063460
-0.077970
-0.000520
0.093482
-0.014247
0.026338
0.001759
0.081851
0.013879
0.025891
0.095332
0.145357
0.067107
0.049640
0.068904
0.034176
0.013582
-0.020948
-0.029159
-0.036270
-0.045938
-0.004885
-0.048566
-0.015984
0.028380
-0.029055
-0.010568
0.000341
-0.022417
-0.089948
-0.009539
0.020500
0.033172
-0.021197
-0.076272
-0.024980
-0.073155
-0.012556
-0.006596
-0.009269
0.082448
0.022255
-0.000077
0.018315
-0.019095
-0.046804
0.007142
0.015944
0.083541
0.003471
-0.051165
0.060526
0.031614
-0.018584
-0.016532
-0.003544
-0.086999
0.090168
0.043654
0.025428
0.052243
-0.035332
-0.026426
0.020019
-0.054946
0.077281
0.019564
-0.107445
-0.053758
0.014240
-0.068149
0.008658
-0.015278
-0.066360
-0.064143
-0.051706
-0.040104
-0.050068
-0.022210
0.018004
-0.004023
-0.045338
-0.067148
0.051419
-0.019241
-0.076794
0.012448
-0.005386
-0.017828
-0.052715
0.032962
0.039864
-0.062633
0.051605
-0.000774
-0.038358
-0.070772
0.005506
0.005457
-0.071320
-0.029601
-0.048972
-0.006911
0.014156
-0.042249
0.047823
0.031542
0.047931
0.071602
-0.034719
0.003707
-0.063183
-0.010184
0.109106
0.023810
0.006735
0.051015
0.080785
-0.012552
-0.017453
-0.036125
0.058395
0.009562
0.008427
0.012501
0.016647
0.013348
0.092138
0.056396
-0.013783
0.079508
-0.035085
-0.030122
0.064365
-0.029722
0.054818
0.093918
0.062715
0.014454
-0.034839
-0.037536
0.021944
0.040519
-0.012989
0.019287
0.054316
0.051530
-0.008483
0.053338
0.080390
0.020443
0.100841
-0.023221
-0.005054
-0.005424
0.049825
0.029128
0.042984
0.012427
-0.018110
-0.048926
0.016214
0.064452
-0.024593
0.033859
-0.031841
-0.075158
0.008327
0.029531
-0.046814
-0.033033
0.002509
-0.048660
-0.037993
-0.051899
0.003176
-0.069944
-0.071780
-0.006235
-0.055675
-0.051408
-0.016517
-0.089537
-0.010866
-0.012737
0.008427
0.046498
-0.035680
-0.010664
0.065165
0.038777
0.064562
-0.042784
-0.103809
-0.119446
-0.032387
-0.011357
-0.016692
-0.006466
0.033560
0.028205
-0.090379
-0.032276
-0.043800
-0.059988
0.016491
-0.056821
-0.058286
-0.034496
-0.102264
0.003849
-0.002208
-0.047611
0.000523
-0.027782
-0.018078
-0.029352
-0.034958
-0.010645
-0.007198
-0.051061
-0.092431
0.003814
-0.073772
-0.167954
-0.060978
-0.044697
0.011853
-0.089742
-0.157991
-0.047671
-0.000747
-0.000869
-0.032597
-0.021610
0.064215
-0.040158
-0.102753
-0.020433
-0.064570
-0.013662
0.009472
0.055547
0.049472
-0.000973
-0.020147
0.046492
0.048912
-0.045802
0.028084
0.104150
-0.023068
0.023225
0.090112
0.044307
0.031434
-0.010647
0.051116
0.060088
0.028038
0.066980
0.060602
-0.063827
0.053584
0.006620
0.011788
0.003322
-0.000466
0.012111
-0.047492
-0.096609
0.010300
0.030669
0.029287
0.014220
-0.029114
-0.017838
-0.000972
0.004135
0.003298
0.006447
-0.027687
-0.013997
-0.025601
0.001993
-0.036439
0.012019
0.039718
0.021498
0.032225
-0.067895
0.055559
0.017527
-0.020317
-0.006294
-0.019800
-0.010915
-0.139184
-0.101139
0.012385
-0.043649
0.074521
0.008186
-0.025484
0.036671
-0.059176
0.000778
0.059242
0.057069
-0.053751
0.022081
0.003779
-0.028583
0.058861
0.114940
0.129940
0.083498
0.070598
0.023602
0.016379
0.047611
0.082378
0.006840
0.057955
0.125666
0.017633
0.066608
0.085861
0.032360
0.034798
0.041637
-0.022702
-0.124938
-0.019518
0.008753
-0.028909
-0.014498
0.024033
-0.050712
-0.059435
0.002874
-0.048676
-0.010373
0.044912
-0.046706
-0.000022
0.024627
-0.050578
0.052485
0.031368
0.016774
-0.056078
-0.034250
0.001812
0.067495
-0.102932
0.037336
-0.010640
-0.092227
0.023718
0.022340
-0.095687
-0.059477
-0.093348
-0.045507
-0.056249
-0.005034
-0.064178
-0.046566
-0.038976
-0.027306
-0.003189
0.043778
0.003586
0.020793
0.050207
-0.001382
-0.047483
0.034082
0.039327
0.051774
0.060949
-0.012932
0.090036
0.011970
-0.024228
0.014399
0.011866
-0.052052
-0.023133
0.072156
0.100219
-0.046207
0.016315
-0.012437
-0.072021
-0.022229
0.027369
-0.078059
0.063506
-0.033205
-0.058023
-0.001461
-0.042817
0.011993
-0.045417
-0.046168
0.056368
-0.015739
-0.034110
0.046378
-0.020421
0.037639
-0.001893
0.078094
0.053576
0.049398
0.017780
0.009621
0.103031
0.032003
-0.032184
0.024838
-0.006323
-0.060699
-0.048684
-0.050371
-0.001131
0.071548
-0.036968
-0.001341
0.061753
0.018116
0.181095
0.076585
0.000214
-0.042644
-0.053567
0.032409
0.034325
-0.031061
0.010557
0.049294
-0.072124
-0.021995
0.031521
-0.025733
0.001323
0.030271
-0.015345
0.024989
0.028888
-0.032315
0.077106
-0.013326
0.082324
0.042837
-0.038216
0.064531
-0.023497
0.038941
-0.007449
0.034407
0.064908
0.014175
-0.012366
0.025801
0.072316
0.049332
0.047213
-0.005333
-0.008133
0.117921
0.012699
-0.021891
-0.039702
-0.072671
-0.006426
-0.062908
-0.036411
0.029420
-0.007987
0.050208
0.009899
0.011040
0.041793
-0.039732
-0.037206
-0.027313
-0.064980
-0.085059
-0.104441
-0.031384
-0.036925
-0.018016
-0.059160
0.049419
0.006961
-0.046344
0.014459
0.098725
0.043622
-0.076236
-0.050184
-0.009250
-0.068053
-0.003877
0.021473
-0.000122
-0.005414
-0.034720
-0.043177
0.055688
-0.000436
0.025451
-0.040180
-0.054326
0.007302
0.029024
-0.013355
-0.050825
0.080219
0.040959
-0.000819
-0.042341
0.069447
0.082634
0.000113
0.000745
0.034655
0.047730
0.047694
0.084505
-0.037801
-0.003147
0.006368
-0.033626
-0.002161
-0.034516
0.061899
-0.004527
-0.083011
0.017588
0.019770
-0.040505
0.009336
-0.016208
-0.109962
0.009686
0.034140
-0.042009
-0.077674
-0.060736
0.005994
0.021874
-0.012914
0.044898
0.003092
-0.021519
-0.020040
0.046130
0.093224
0.039581
-0.056234
-0.064892
0.043812
-0.003472
-0.032457
-0.004066
-0.030186
0.029789
0.054074
0.045067
-0.017983
0.108806
0.108284
-0.051452
0.003034
-0.021210
-0.028851
0.043695
0.114136
-0.043864
-0.131638
0.041775
-0.011762
-0.074040
-0.005149
-0.046625
0.073235
-0.025634
-0.083098
0.009192
-0.062708
0.056262
0.050699
0.006069
0.080852
0.062771
-0.031168
0.005074
0.043439
0.078161
0.038626
0.076899
0.107349
0.050403
-0.058647
-0.002662
0.077398
-0.005231
-0.008099
-0.013294
-0.056926
-0.001892
-0.001764
0.032631
0.056543
0.023466
0.116480
0.094405
0.074293
0.091091
-0.034753
0.090070
-0.011888
-0.086618
-0.015740
0.041071
-0.059532
0.040486
-0.026282
-0.051654
0.002580
0.018113
0.093086
0.084562
0.021808
-0.028088
-0.012663
0.024594
-0.018924
0.075995
0.070562
0.020906
0.024745
-0.013157
-0.016733
-0.033221
-0.026116
-0.040527
-0.002792
-0.021450
0.021125
-0.035021
0.001867
-0.073327
-0.014143
0.078805
-0.078686
0.060906
0.120109
0.039293
-0.022098
0.012206
-0.091534
-0.157003
-0.000229
0.009031
-0.103524
-0.012460
-0.080746
-0.054926
-0.028919
-0.037040
0.103565
0.071177
-0.035912
0.003933
-0.051565
-0.068580
-0.008162
-0.023911
0.033882
0.007990
-0.044301
-0.024809
-0.086841
-0.029926
-0.038971
-0.056826
0.040708
0.046259
-0.019845
0.076867
0.060257
-0.012535
-0.011704
-0.074223
0.027755
-0.074512
-0.061823
0.017544
0.006463
-0.030421
0.003281
0.003272
-0.000985
-0.011590
-0.021325
0.039284
-0.051484
0.027054
0.004944
-0.014369
0.033005
0.084119
-0.006923
0.031306
-0.030454
-0.044017
0.064632
-0.040463
0.022873
-0.006763
0.020480
0.035323
0.065689
0.054902
0.014006
0.043579
-0.058787
-0.141063
-0.012600
-0.031851
0.005740
-0.027018
-0.003901
-0.011980
0.011938
0.009113
-0.059387
-0.057381
-0.013971
-0.006108
0.012389
-0.024591
-0.056858
0.013453
0.018873
0.037139
0.033456
0.038282
-0.020981
0.000646
0.022539
-0.064384
-0.015814
0.040560
0.021144
0.022746
0.014009
0.036493
0.062476
-0.000284
0.005624
-0.025185
-0.026755
-0.019114
0.018982
-0.006527
-0.137256
0.010500
0.058158
-0.000530
-0.044681
-0.029958
0.052349
-0.059241
-0.012153
0.068233
0.038978
-0.009803
0.013892
-0.058377
-0.029645
0.018310
0.025943
0.177846
0.147681
0.040784
-0.047106
0.015545
-0.013186
0.096769
0.007407
0.023136
-0.005713
0.001203
0.006885
0.022904
-0.003686
0.006331
-0.037003
0.001162
0.125843
-0.005270
0.001679
-0.062636
-0.048565
0.023781
-0.047018
-0.046593
-0.051678
-0.040426
0.007845
-0.043618
-0.023070
-0.044591
-0.085005
-0.041224
-0.008837
-0.008143
-0.032895
-0.109252
-0.071270
-0.053869
-0.021432
-0.025939
-0.096207
-0.027300
0.026055
-0.004974
-0.045444
0.013743
0.122632
0.052155
-0.039100
0.032754
-0.036120
-0.049927
0.023713
-0.001609
0.030363
-0.027596
0.004909
0.007570
0.026127
0.030399
-0.067735
-0.042624
0.007521
-0.052354
-0.080048
0.044381
0.013697
0.028273
-0.065894
-0.050220
-0.007676
-0.056078
0.033314
-0.093666
0.051062
0.060069
-0.093056
0.085685
-0.036573
-0.017986
-0.012722
-0.052930
-0.009678
0.036721
0.059040
-0.012038
-0.016246
-0.021737
-0.015254
-0.056878
-0.001991
-0.055126
-0.026361
0.041803
0.007103
-0.027446
-0.047053
-0.007390
-0.042979
0.059376
0.034650
-0.046452
0.016560
-0.007333
-0.064005
-0.023920
-0.008295
-0.025197
-0.050768
-0.064099
0.029155
0.068563
0.037966
0.060905
-0.052647
0.052600
0.068662
-0.033502
0.044098
-0.037031
-0.021370
0.081341
-0.011119
-0.047344
-0.011762
-0.011543
0.030632
-0.032030
-0.043743
0.031281
-0.033761
0.003775
0.044510
0.048032
0.041820
0.091475
-0.017939
-0.024559
0.061901
-0.037194
0.004088
0.049608
0.016479
0.027750
0.029505
0.003544
-0.020517
-0.090678
-0.065498
-0.032826
0.061198
0.029442
0.016992
-0.006444
-0.016099
-0.014161
-0.046557
0.012619
-0.044748
-0.044455
-0.005218
0.048223
0.013431
0.016203
0.000364
-0.014793
0.002609
-0.001513
0.104058
0.043730
0.101047
-0.007778
0.001833
0.002886
-0.053727
-0.039546
0.000996
-0.026325
-0.013420
-0.014277
-0.002218
-0.028704
-0.026820
0.061414
0.089311
-0.069413
0.010565
0.039386
0.008219
0.080819
0.036028
0.010232
0.039600
-0.032542
-0.022890
0.003819
-0.020612
0.036654
-0.019932
-0.060451
-0.027563
-0.119445
-0.104909
-0.056385
0.035806
0.088189
0.079430
-0.028114
-0.067901
0.035912
-0.062451
0.028439
0.055703
-0.054489
0.026361
-0.005983
-0.037100
-0.032695
-0.013877
-0.011239
0.106932
-0.000883
0.114252
0.043908
0.013285
0.028780
-0.073960
-0.036650
0.027115
-0.046641
0.009550
0.010986
-0.020733
-0.083336
0.027316
0.144698
-0.007020
-0.013896
0.035308
0.059906
-0.031450
-0.035353
-0.010020
-0.096769
0.051245
0.056651
-0.077693
-0.006349
-0.062284
-0.000214
0.009560
0.055749
0.064644
0.017923
0.069944
0.030786
0.021222
0.003726
0.029602
-0.022355
-0.064640
-0.042420
-0.005226
0.062563
-0.054270
0.055005
0.048377
0.060607
0.088294
0.075180
0.057653
-0.007846
0.044093
0.112100
-0.047104
0.045027
0.041047
0.030899
0.068213
0.040883
-0.075612
0.053591
0.072055
-0.104809
0.007148
0.005599
-0.035227
0.008393
-0.019196
0.065555
0.022021
-0.012599
0.056495
0.047717
-0.012499
-0.021583
0.115943
0.057220
0.078563
0.025361
0.016767
0.140962
-0.044289
0.069865
0.061759
0.045621
0.112600
-0.046718
0.039175
0.028352
0.022127
-0.036041
-0.003254
0.006458
-0.034488
-0.107734
-0.048342
0.069275
0.003076
0.067253
0.038442
-0.055560
0.008744
0.049073
-0.067980
0.021306
0.087414
0.052886
0.106152
0.024546
-0.058896
0.008487
-0.073669
-0.000762
0.034204
0.044102
-0.003395
-0.016498
0.077345
0.039054
0.104740
0.065669
-0.029468
0.000083
-0.069341
-0.047504
-0.041417
0.065998
-0.018438
-0.047361
-0.043082
-0.005028
0.010867
0.017186
0.020920
0.097134
0.000935
0.036025
0.020543
0.013697
0.001533
-0.000718
0.018916
0.088792
0.054433
0.044120
0.014438
-0.004477
-0.033848
0.009776
0.032136
0.004578
0.044011
0.010291
0.069700
0.019735
0.005190
0.014244
0.087717
-0.027217
0.011277
-0.007312
0.011830
0.001748
0.014852
0.067156
0.040168
0.001473
0.082021
0.079560
0.038920
0.086870
0.016525
-0.018499
-0.074956
0.026679
0.080312
-0.054992
0.064525
0.089978
0.142200
0.020161
-0.007753
0.046555
0.025939
-0.036288
-0.085646
-0.051802
-0.074163
0.006418
0.018256
0.049933
0.062311
-0.012528
-0.026966
0.026570
-0.034146
0.018857
0.027049
0.025365
0.035398
0.091728
-0.015809
-0.004487
-0.032412
-0.053864
-0.068962
-0.036764
-0.054633
-0.048932
-0.008105
0.005533
-0.032776
0.027156
0.030941
-0.002025
0.023540
0.031001
0.008521
-0.009228
-0.028924
-0.022920
-0.025861
0.057681
-0.058731
-0.005577
0.006444
-0.007756
-0.041251
-0.107178
-0.032449
-0.035517
0.013907
-0.002626
-0.049488
0.006699
-0.034634
-0.046357
0.086386
0.042684
0.006950
0.041562
0.008609
0.019153
0.026797
0.052764
0.039384
-0.109255
0.013485
0.023748
-0.094672
0.027826
-0.031398
-0.110069
-0.077506
-0.034684
-0.020138
-0.019377
0.018295
-0.028982
0.052022
0.033982
0.030080
0.065223
0.021968
0.016039
0.055448
-0.036642
0.014154
0.011719
0.019782
0.059522
-0.011674
-0.034024
-0.024015
-0.055396
-0.082305
0.102025
0.125696
-0.003493
0.061648
-0.015459
-0.074679
0.089236
0.081046
0.096670
0.037033
0.035609
-0.012738
-0.042835
0.024196
0.044814
-0.088366
0.011775
-0.057730
-0.016143
0.019396
0.020213
0.110463
-0.073998
-0.088065
-0.046614
-0.005468
0.030589
-0.105502
0.001544
-0.079450
-0.045477
0.039013
-0.014225
0.016831
0.019408
0.009610
0.007875
0.031374
0.005878
0.037051
0.075246
0.076146
0.030154
-0.031183
-0.024779
0.056155
-0.012557
-0.062750
-0.074204
0.014574
-0.044414
-0.012080
-0.010149
-0.061107
-0.036700
-0.024098
0.025500
-0.071806
-0.091924
0.047316
-0.066132
-0.113283
0.037180
0.006001
-0.011399
-0.105628
-0.033241
-0.034184
-0.030272
-0.084546
-0.025006
-0.005492
-0.064873
0.005760
0.039241
0.083964
0.020078
0.010187
0.045448
0.052216
-0.023315
0.087040
-0.077208
0.013113
-0.019284
-0.106292
-0.021461
0.052940
-0.015864
-0.007953
0.081848
0.107058
0.016181
-0.040965
-0.056302
-0.002068
-0.029560
0.030280
-0.049016
-0.007380
-0.002490
-0.114579
-0.026772
-0.043930
-0.128659
-0.070959
0.043662
-0.015702
-0.011702
0.035743
0.013005
0.067061
-0.032554
-0.018864
-0.022151
-0.053246
0.009950
0.011289
0.036643
0.036503
0.013105
0.005912
0.033826
0.005396
0.045627
0.018618
0.016711
-0.047483
-0.055961
0.016492
-0.004340
0.041023
0.021705
-0.031500
0.003525
-0.075130
-0.000765
0.003403
-0.002465
0.027415
0.002170
0.018267
0.016934
-0.035782
-0.023983
0.078905
0.051982
0.045469
0.028894
0.055583
0.043586
0.070903
0.133767
0.124253
0.083249
0.032549
0.056390
0.012581
0.013400
0.001628
-0.027731
0.056550
0.096415
0.053482
0.136994
-0.003851
0.086171
0.060264
-0.073727
0.007241
0.023818
0.053353
-0.020905
-0.021892
-0.001772
-0.029899
-0.057504
0.003386
-0.022845
0.036938
0.013890
-0.107187
-0.007085
0.134616
-0.000226
-0.061266
0.008332
0.006848
-0.038663
0.019512
0.027266
0.011149
-0.103721
0.008039
0.065294
-0.011226
0.040950
0.013345
-0.031376
-0.036088
0.017672
-0.025018
0.006314
-0.024434
0.037991
-0.004733
-0.007572
0.033563
-0.035684
-0.045790
-0.019537
-0.040433
-0.040618
-0.116372
0.019092
0.040228
-0.018392
0.084714
-0.047169
0.009238
-0.008301
-0.080545
-0.047597
-0.027230
0.081150
-0.017782
-0.061703
0.058713
0.005813
0.013232
0.127691
0.012013
0.021322
0.047988
0.033474
0.039595
0.038674
-0.034364
-0.041819
-0.016583
-0.169525
0.049423
-0.012033
-0.072224
-0.043369
-0.013992
0.033121
-0.025913
-0.034675
0.010015
0.006997
-0.060338
-0.103622
-0.056347
-0.074240
-0.042758
-0.017964
-0.007941
-0.026224
-0.054817
0.009456
0.089614
-0.007225
0.032512
-0.032032
0.048713
0.066342
-0.015769
0.049379
-0.038476
-0.062610
-0.011580
-0.084658
0.046068
-0.048673
0.022851
0.032504
0.041350
0.023952
-0.005793
-0.056625
0.020980
-0.046834
0.013447
0.010774
0.000354
0.063021
0.007805
-0.023451
-0.024503
0.009071
0.022374
-0.114230
-0.085909
0.017188
-0.033519
-0.036958
-0.103252
0.001964
-0.108487
-0.110319
-0.089740
-0.121413
-0.064695
-0.010188
-0.044254
-0.008386
-0.000069
0.035988
0.034104
0.028318
0.016122
0.076278
0.043295
0.007973
-0.002084
-0.062367
0.003408
0.009146
0.059241
0.025594
0.052030
0.014160
-0.024645
-0.035453
-0.026978
-0.108801
-0.155174
-0.012843
-0.041522
-0.008031
0.026545
0.097390
-0.013061
0.062841
0.087727
-0.021065
-0.019947
-0.110941
-0.040260
-0.090101
-0.030491
0.025666
0.024927
-0.001004
-0.026380
0.030841
0.018150
0.060623
0.022110
0.049201
-0.043673
-0.055160
0.041940
0.052271
-0.021722
0.070935
0.111385
0.033719
0.057792
0.086206
0.101989
0.008499
-0.004952
0.016829
-0.042195
-0.008440
0.041158
-0.033640
-0.011112
-0.003457
-0.031334
-0.012191
-0.024739
0.064057
0.024291
0.065615
0.027472
0.045363
0.044539
-0.002330
0.066670
0.077568
0.065990
0.063059
0.077253
0.071872
0.024825
-0.015070
-0.044834
0.073939
0.018932
0.011062
0.085687
0.070399
0.131090
-0.046750
0.041848
0.021766
0.028145
0.039739
0.001535
0.050294
-0.007008
-0.012742
-0.025114
0.023945
0.029052
-0.014612
0.009058
-0.031766
0.018611
0.017463
0.034941
-0.036313
0.020595
0.121091
0.054839
-0.009221
-0.067668
0.037464
0.044454
-0.049598
0.096058
0.041265
-0.073796
0.008634
0.002169
0.043261
0.049960
0.071018
0.164267
0.152293
-0.044384
-0.004197
-0.024572
0.003520
0.010036
-0.057077
0.020033
0.084613
-0.013045
-0.019791
0.002543
-0.009867
-0.006837
0.003238
-0.016749
-0.004961
-0.005886
0.109617
0.082868
-0.009783
0.000710
0.042890
0.009865
-0.013303
-0.015183
-0.068582
-0.003714
0.062494
-0.063573
0.005817
0.081608
0.042349
-0.060226
-0.048484
0.002578
-0.015113
0.011788
-0.007493
-0.035937
0.114845
0.093888
0.043195
0.056147
0.012064
0.112383
0.119323
0.141392
0.048501
0.085680
0.069518
0.041691
0.109851
-0.026009
0.052482
0.017277
-0.100780
-0.036675
0.051054
0.057216
0.000696
0.002553
-0.003586
-0.100864
-0.034282
-0.005983
0.048858
-0.034514
-0.045315
0.022474
0.024615
0.002641
0.021446
0.070957
-0.012484
0.055060
0.029656
-0.001568
0.060257
-0.013860
-0.026654
-0.017268
0.062248
0.062292
0.016283
0.117775
-0.022716
-0.067512
-0.028989
0.000121
-0.021081
0.029245
-0.022972
0.002092
-0.031870
0.003317
-0.085222
-0.011023
0.044119
0.005328
-0.001043
0.049778
0.039256
0.016431
-0.002601
-0.022453
-0.001737
-0.075621
-0.052273
0.071359
0.006492
-0.067451
-0.066253
-0.008855
-0.033424
-0.051767
-0.088857
0.006108
-0.009884
0.054141
0.071353
-0.060605
-0.040581
-0.012534
-0.041477
-0.016389
0.055657
-0.049666
-0.074641
-0.028759
0.056563
0.040416
-0.024676
-0.098770
-0.030818
-0.034019
0.021006
-0.012436
-0.016993
-0.001272
-0.003224
-0.078680
-0.039285
-0.070913
-0.057310
-0.077022
-0.147645
0.004124
-0.093349
-0.019672
-0.005461
-0.029503
0.016701
0.013162
-0.062185
-0.040717
-0.024126
-0.027868
0.031483
0.066264
0.017175
0.044791
-0.056144
-0.074468
0.040048
-0.029799
0.024772
-0.001190
-0.010601
0.056629
-0.024763
-0.064161
0.004461
-0.084390
0.022655
-0.027131
-0.032769
0.015352
-0.010700
0.007920
0.090571
0.005575
-0.138044
0.046203
0.038648
-0.015696
0.035062
0.025048
0.014449
0.003619
0.034309
0.011958
-0.092036
-0.066127
0.015500
-0.047529
-0.014766
-0.014383
-0.001291
-0.026426
-0.055107
-0.031470
0.021505
-0.052217
-0.080684
0.067891
0.020483
-0.023113
0.005145
0.010836
-0.009152
-0.052810
-0.006134
0.031702
0.036671
0.034981
-0.039650
-0.007294
0.076960
-0.038811
-0.081631
0.027291
-0.059547
-0.051288
0.017065
0.031558
0.091303
0.075833
0.039864
0.081279
0.045865
0.078276
0.116518
-0.024208
-0.033419
0.066733
0.058448
0.031845
0.002684
-0.029628
0.013813
0.037208
-0.002323
-0.041025
0.092708
0.017667
-0.005060
0.054685
-0.025881
0.042549
0.093202
0.071776
0.069837
0.105589
0.124587
0.083149
-0.030922
-0.008658
0.030742
-0.033152
-0.086205
0.056434
-0.044562
0.004577
0.039278
-0.043444
-0.063794
0.000887
-0.011855
0.056620
-0.067636
-0.025283
-0.032746
0.006158
0.010533
-0.042327
-0.036112
-0.018572
0.005908
-0.058212
-0.052806
-0.021717
-0.121532
-0.134943
-0.061155
-0.076754
-0.027985
-0.055216
-0.046595
-0.035393
-0.013369
0.044139
-0.069459
-0.073732
-0.043668
0.001275
0.071155
-0.042915
-0.015495
-0.015794
-0.003664
0.009923
0.054999
-0.016696
-0.099625
0.013655
-0.062987
0.030640
0.066133
0.031799
-0.021544
-0.057858
0.068733
-0.003044
0.006810
-0.053820
-0.038236
0.010433
0.003396
0.029613
0.049171
-0.023012
-0.045613
0.029570
0.003400
0.046436
-0.051859
-0.019338
-0.046216
0.023323
-0.030127
-0.051173
-0.003339
-0.000378
0.049638
0.018037
0.061775
-0.047456
0.011540
0.017943
-0.045134
-0.043992
-0.038687
-0.000448
-0.057042
0.053463
-0.009766
-0.027948
0.014458
0.026310
-0.025451
0.010186
-0.052968
-0.105181
-0.011226
-0.000105
0.069064
0.033938
-0.047867
-0.056879
0.033195
0.083043
0.074151
0.065991
0.038083
0.072610
-0.018625
0.049251
-0.011193
-0.026880
-0.024474
0.015393
-0.035593
-0.026813
0.017418
0.000991
-0.021297
0.037115
-0.029001
0.043056
0.050723
-0.082993
-0.004087
0.034056
-0.063839
-0.029468
-0.075443
-0.075250
0.015143
-0.055565
-0.007677
0.038955
-0.019567
-0.023850
0.028437
0.045523
0.065667
0.038305
0.078043
0.034411
-0.072648
0.017929
0.008684
0.031657
-0.006273
-0.030286
-0.085307
-0.009702
-0.032470
0.019121
-0.012399
0.096608
0.020321
0.027942
0.013006
-0.026566
0.047767
-0.090319
-0.059883
0.022633
0.005065
0.023164
-0.019449
-0.028575
0.007209
0.037272
0.011056
0.063187
0.023994
-0.007175
0.059832
-0.039476
0.026310
0.115876
0.068716
0.053420
-0.006961
0.078847
0.085666
-0.000889
0.057073
0.043654
0.048373
-0.013134
-0.068444
-0.045172
-0.031232
0.029529
0.022161
-0.050617
-0.035147
0.006232
0.017863
0.053646
0.058750
0.085838
0.057365
-0.001368
-0.017987
-0.042316
0.064705
-0.012946
0.019588
0.026030
-0.038418
0.032736
0.003925
-0.066271
0.007974
0.043899
0.076727
-0.052642
-0.065230
-0.044780
-0.063824
-0.010268
-0.032820
0.048485
0.030611
-0.044311
0.042746
0.004191
-0.063327
-0.105801
-0.098465
-0.046696
-0.138111
-0.065726
-0.080420
-0.042377
0.010387
0.026005
0.002268
0.014022
-0.007878
-0.013271
-0.031077
-0.058880
0.004411
-0.056953
-0.077369
0.059646
0.047224
-0.040818
0.015714
0.097108
-0.023658
-0.018952
-0.020468
0.014324
0.012047
-0.060752
0.011690
0.031488
-0.052025
-0.014028
-0.048793
-0.021142
-0.026450
-0.038349
-0.057875
-0.013563
-0.046311
-0.014443
-0.013077
0.008742
-0.011266
-0.029271
0.043563
0.050873
0.010705
0.024693
0.021402
0.057952
-0.017909
-0.033079
-0.115602
-0.067895
-0.034646
-0.078142
-0.026611
0.118520
-0.004211
0.023854
0.070517
0.003274
0.047625
-0.017354
0.014046
0.021251
-0.064705
-0.034157
-0.059593
0.055302
0.014704
0.017642
-0.004619
0.082290
0.110316
-0.025642
-0.042458
-0.029062
-0.018755
-0.061513
-0.100916
-0.056716
-0.020485
-0.031439
0.018269
0.059321
-0.049042
-0.013991
0.030845
-0.089725
0.021669
-0.054016
-0.044248
0.117482
-0.084209
-0.018216
0.012776
0.021369
0.080240
0.071716
0.141196
0.012991
0.117122
-0.016057
-0.031544
0.076716
0.100463
0.066541
0.039222
0.045314
0.005204
0.024528
0.012446
-0.032058
0.036956
-0.007737
-0.006819
0.008261
-0.027314
-0.015133
0.020092
-0.048081
-0.116662
0.015410
-0.032153
0.029943
-0.004558
0.072309
0.009512
-0.028460
0.045754
0.051918
0.096708
0.005396
-0.072749
-0.031675
-0.051350
-0.078042
0.093174
0.017113
-0.059714
-0.035292
-0.013158
-0.072961
-0.117016
-0.058139
-0.034428
-0.030535
-0.007502
-0.069389
-0.052763
0.004701
-0.054060
0.003901
-0.028907
-0.005381
0.059218
0.144352
0.052275
0.160079
0.106820
-0.020004
0.058016
-0.001422
-0.079492
-0.062961
-0.090355
0.011036
-0.056868
0.033607
0.028561
-0.070148
0.032113
0.058801
-0.026747
-0.065483
-0.063294
-0.025777
-0.031476
-0.022923
-0.041133
0.021940
-0.015576
-0.029972
-0.006468
-0.053564
-0.041014
0.041537
-0.032056
-0.031151
0.036570
-0.020478
-0.078448
-0.012666
0.013366
-0.042222
0.004458
-0.010810
-0.126326
-0.145163
-0.017798
-0.014661
0.081421
-0.042202
0.034726
0.072927
-0.042996
-0.014784
0.035874
-0.010656
0.131637
0.027829
0.039402
-0.021333
-0.090035
-0.106368
-0.083847
0.016086
-0.010077
-0.023130
-0.011098
-0.126339
-0.025967
0.034762
-0.000905
0.019867
-0.003054
-0.019381
-0.044037
-0.129073
-0.068340
-0.072811
-0.118882
-0.085316
0.013933
0.017504
0.030244
-0.026168
0.023092
0.096286
0.003196
-0.026342
0.056531
0.073234
0.085569
-0.004809
-0.087407
0.008825
-0.023541
0.052541
-0.007760
0.006092
0.016595
0.028711
-0.026430
-0.002224
-0.039118
-0.092679
-0.033001
0.022059
0.016202
0.089444
-0.015262
0.023772
0.037031
0.020068
0.025911
0.071842
0.037528
0.021286
0.065349
0.088643
0.023821
0.093723
0.012149
0.052426
0.113216
0.014598
-0.003249
-0.024275
0.065222
0.006514
-0.026558
-0.001522
-0.026756
0.053334
-0.016407
0.019210
-0.020292
-0.049314
0.036667
-0.081787
-0.043333
-0.068434
-0.093060
-0.016766
-0.041682
0.000193
-0.031241
-0.018129
-0.069800
0.044042
0.035263
-0.007507
0.066524
0.068910
-0.035484
-0.010510
-0.029858
-0.085298
0.057759
-0.068952
-0.065690
-0.011286
0.030390
0.087544
0.015325
-0.009638
-0.032977
-0.083257
-0.044343
0.004295
0.008506
0.058703
-0.007486
-0.057261
0.009005
-0.034414
-0.025946
-0.023405
0.005829
0.030133
-0.082053
-0.058262
-0.022638
-0.013743
0.033474
-0.099210
-0.021256
0.039104
0.027785
0.069018
-0.011313
0.033642
-0.035103
-0.035642
0.029237
-0.014750
-0.044694
-0.008754
-0.104046
0.026619
-0.012872
-0.020814
-0.035214
0.046717
0.024932
-0.033516
0.005639
0.020467
0.012816
-0.022627
-0.056413
-0.032491
-0.023127
-0.037469
-0.002840
0.003354
-0.023721
-0.010890
-0.010070
0.028732
0.009761
0.029807
0.061350
0.053086
-0.016204
0.001397
-0.016004
0.009821
-0.036480
-0.007984
-0.106786
-0.036230
-0.061912
-0.049097
0.075222
-0.018528
-0.037472
-0.025198
-0.110491
0.017164
0.000454
-0.046664
-0.043523
-0.024963
-0.019259
-0.025432
-0.021526
0.004025
-0.005797
0.016861
-0.033017
-0.048742
0.026934
0.021702
0.017497
-0.059298
-0.066511
0.057354
-0.059196
-0.035009
0.006841
0.053626
-0.007522
0.025288
-0.032481
-0.036734
-0.063931
-0.054150
-0.058256
-0.001720
0.043768
0.012816
0.011270
-0.088697
-0.031908
-0.120023
-0.083957
0.050656
0.027366
-0.096221
0.024892
-0.076930
0.041963
0.013852
0.013182
0.002555
-0.031720
0.014220
0.009761
0.004536
-0.034218
0.035294
0.006066
-0.008785
-0.002191
0.031635
0.006704
0.009297
0.019641
0.032849
0.056506
0.039402
0.082175
0.001061
0.016189
0.049460
0.016312
0.001526
-0.033924
-0.008298
0.004791
0.076289
-0.041567
0.058397
0.079048
0.065818
0.013414
0.010124
0.018464
0.017358
0.048055
-0.065369
0.019243
-0.017145
0.028503
0.004574
-0.066833
-0.027459
-0.068079
0.002994
-0.029744
0.063306
0.040253
-0.004273
-0.036612
0.002553
-0.003387
0.047988
0.048943
0.059898
0.011928
0.007003
-0.024801
-0.020079
-0.069865
-0.038543
-0.000945
-0.022477
0.033902
0.002565
-0.000372
0.009544
-0.096416
-0.031165
-0.012378
0.015772
-0.017533
0.000525
-0.017922
-0.010620
0.083230
-0.002588
0.084373
0.024807
-0.141107
-0.030010
0.031665
-0.012205
-0.027237
0.085157
-0.021323
-0.010567
0.022497
0.011196
-0.010538
0.041363
0.043639
-0.001632
-0.079847
-0.007138
0.027365
-0.012382
0.010283
-0.093588
-0.051445
-0.059687
-0.106283
0.078600
0.033574
-0.098886
-0.077011
0.042488
-0.025849
-0.090619
-0.024030
0.026980
-0.063861
-0.052072
-0.049797
-0.059556
0.017926
-0.006330
0.013880
-0.042033
-0.117291
-0.024649
-0.031089
-0.033904
0.074276
0.000940
-0.069590
0.040930
-0.015655
-0.073621
0.044322
-0.017538
-0.009030
0.045022
-0.048071
0.015477
-0.013141
-0.053205
-0.015459
-0.080917
0.003669
-0.011835
0.004046
-0.050315
-0.069268
-0.064854
-0.048986
0.054152
0.035428
0.001249
-0.012214
-0.068473
-0.049923
-0.077983
-0.021113
0.017259
-0.047736
0.062682
0.034714
0.074420
0.050542
-0.030288
0.054889
-0.062122
0.070619
-0.014847
-0.104478
-0.067732
-0.080751
-0.068360
0.029201
0.035077
0.007774
-0.064776
-0.025432
0.003335
-0.003298
0.006054
0.025594
-0.023219
-0.032950
0.004884
0.012520
0.037195
-0.010667
0.024705
0.003153
-0.044515
0.023561
-0.013830
-0.001280
0.045139
0.093638
0.095129
0.037345
0.110721
0.079434
0.050026
-0.019190
-0.031272
0.008401
0.051601
0.053395
0.023543
0.073237
0.035843
0.000278
0.050170
-0.007331
0.036649
0.043007
0.046763
0.112395
0.017475
0.025765
-0.032843
0.017729
-0.006081
0.023527
0.077522
-0.032894
-0.000158
0.034288
0.025678
-0.020340
-0.094550
-0.084962
-0.071288
-0.033571
-0.091448
-0.007277
0.004302
0.071120
0.050698
0.092859
-0.007850
0.033711
0.050809
-0.061167
-0.055260
0.012424
-0.011895
-0.041136
0.084132
0.053691
0.028440
0.026802
0.040102
0.058069
0.016446
0.081497
0.036664
0.017047
0.011074
0.100938
0.056143
0.047555
0.038726
0.036830
-0.031818
0.009261
0.057832
-0.037220
-0.076980
-0.024490
-0.068482
0.000621
0.003186
-0.075961
0.080382
0.035901
0.005852
0.075205
0.074592
0.103555
0.021592
0.047009
0.021232
0.103087
0.058674
-0.078852
0.079089
0.049529
-0.060080
0.008158
0.069869
0.020573
-0.083275
0.044890
0.036769
0.055233
-0.018382
0.063353
0.047031
-0.089512
-0.043255
0.021995
0.013418
0.057274
0.030801
0.063153
0.043361
0.036749
0.115459
0.042323
0.104603
0.087032
0.003631
-0.007840
-0.046023
0.046207
0.004507
-0.045215
-0.048806
0.022308
0.047305
0.038722
0.025942
-0.069370
0.034536
-0.045840
-0.053873
0.007830
-0.014569
-0.009304
-0.003237
-0.006374
-0.035414
-0.034773
0.000489
-0.062870
0.013549
-0.040503
-0.039983
0.076682
0.115132
0.030497
0.050436
0.033555
0.068302
0.019255
0.004382
0.041750
0.041037
0.024652
0.027985
-0.000678
0.096068
0.073189
0.138008
0.085754
0.016736
0.092048
-0.033541
-0.035220
-0.048237
-0.014743
-0.004306
-0.036987
0.044374
0.086887
0.000334
-0.102881
0.008821
-0.011959
-0.009448
0.055751
0.022485
0.020402
0.048549
0.031847
0.036660
0.096650
-0.064598
0.008949
0.021735
0.017003
0.058888
-0.058197
0.049981
0.032961
0.037846
-0.007035
0.064237
-0.111460
-0.116355
-0.059480
-0.088347
-0.078245
-0.089426
-0.020900
-0.048909
-0.042915
-0.075330
-0.002661
0.096083
-0.079484
0.059389
0.027773
-0.063478
-0.074047
-0.069014
-0.038412
-0.070830
-0.032653
0.025395
0.042083
0.058355
0.009561
0.043733
-0.048137
-0.027363
-0.070184
-0.032522
-0.019564
0.011790
0.009468
-0.031652
-0.098899
-0.040693
0.000414
-0.006891
-0.111259
-0.140383
-0.006591
-0.040565
-0.026574
-0.011871
0.021656
0.020562
0.005349
0.002532
-0.051434
0.014211
0.053810
-0.047031
0.044837
0.092959
-0.061866
-0.027370
0.013485
0.012888
-0.074946
-0.030251
-0.044527
-0.065433
0.074065
0.040243
0.019538
0.013047
0.040689
0.037002
-0.051888
-0.120030
-0.078830
0.007054
-0.089859
-0.038641
-0.074764
0.003818
0.015351
0.000842
0.035886
0.029245
0.109731
-0.016596
0.007794
-0.075137
-0.065391
0.030641
-0.005332
-0.068722
-0.122322
-0.087440
-0.077251
0.018574
-0.066874
-0.002239
0.010289
-0.072675
0.044002
0.055213
0.022450
0.015963
-0.046924
0.029613
0.018229
-0.031580
-0.023191
0.003391
-0.052924
-0.020455
-0.061200
0.021717
0.065886
0.058966
-0.018113
0.002618
0.068154
0.042174
-0.079717
-0.070245
0.037546
-0.004957
0.052791
0.103791
0.029416
0.073818
0.041640
-0.039335
0.018604
0.020766
-0.053703
-0.079047
-0.008458
-0.007069
0.004477
-0.014271
0.014818
0.038635
0.047884
-0.008696
-0.000249
-0.008172
0.036228
0.001773
-0.014661
0.020208
-0.037801
0.051110
0.045278
-0.021533
0.006027
-0.028818
0.018446
0.032985
-0.054146
0.024115
-0.031465
-0.074270
0.064774
-0.025500
0.013938
0.073051
0.028843
0.041556
0.047274
0.049823
0.031570
0.060383
-0.011097
0.043784
0.021324
0.072663
0.037355
-0.058440
0.058583
0.014711
-0.044571
0.000864
0.053609
-0.040432
-0.074067
0.014528
-0.038053
0.046532
-0.040142
-0.022343
0.017125
-0.024435
0.077748
-0.060943
0.019090
0.003388
-0.029387
0.070456
-0.054515
-0.067073
-0.010740
-0.070292
-0.055992
0.029659
0.034620
0.042960
-0.022178
-0.134112
0.044402
0.069857
-0.049462
0.036550
-0.011155
-0.005945
0.009397
0.005797
0.038035
0.057990
-0.076869
0.015441
0.040041
-0.003302
0.064335
-0.031959
-0.016997
0.010168
-0.030952
0.026417
0.015002
-0.026200
0.062025
-0.055043
-0.043924
-0.032045
-0.058869
-0.045687
-0.024523
0.049327
0.040361
-0.019024
-0.041078
0.034885
0.009379
0.001185
0.014286
-0.038009
0.079110
0.017621
-0.056118
0.080630
-0.008952
0.028852
0.061991
-0.068873
0.014492
-0.076551
-0.076139
-0.005238
-0.043954
-0.060863
0.040003
-0.028151
-0.001764
0.074303
0.049566
-0.077361
-0.068575
0.017492
0.020999
-0.002630
0.043050
-0.073556
0.080234
0.082973
0.018277
0.084174
0.005311
-0.045016
0.005404
0.003761
-0.061108
-0.122934
0.023472
-0.001999
0.024903
0.040325
0.007716
-0.020576
-0.009510
-0.067225
-0.031696
-0.064238
0.018863
-0.053286
-0.046195
-0.009279
-0.033365
0.022543
-0.036044
-0.075755
-0.001202
-0.058310
-0.022772
-0.049814
0.006853
-0.013691
-0.066896
0.049455
-0.034648
0.000283
0.100756
0.010242
-0.008934
0.063060
0.063263
0.005726
0.076377
-0.025314
0.029352
-0.062677
-0.146853
-0.094413
-0.058276
-0.148802
-0.063724
0.056522
0.003728
-0.006653
0.025985
0.104562
0.016001
0.034894
0.065335
0.014191
0.059668
0.029316
-0.003257
0.061001
0.012316
