# Time-averaged data for fix rgnetA
# TimeStep c_gyrA
10000 29.5566
20000 29.5483
30000 29.5332
40000 29.5211
50000 29.5186
60000 29.5135
70000 29.5132
80000 29.5131
90000 29.5118
100000 29.5135
110000 29.5165
120000 29.5224
130000 29.5271
140000 29.5299
150000 29.5311
160000 29.5297
170000 29.5288
180000 29.5296
190000 29.5321
200000 29.5352
210000 29.5381
220000 29.5407
230000 29.5429
240000 29.5454
250000 29.5481
260000 29.5507
270000 29.5532
280000 29.5557
290000 29.5575
300000 29.5596
310000 29.5634
320000 29.567
330000 29.5704
340000 29.5739
350000 29.5762
360000 29.5774
370000 29.5784
380000 29.5794
390000 29.5805
400000 29.5816
410000 29.5826
420000 29.5839
430000 29.5864
440000 29.5887
450000 29.5909
460000 29.5931
470000 29.5957
480000 29.5982
490000 29.6009
500000 29.6033
510000 29.6062
520000 29.6093
530000 29.6119
540000 29.614
550000 29.6159
560000 29.6175
570000 29.6188
580000 29.6204
590000 29.622
600000 29.6235
610000 29.6249
620000 29.6267
630000 29.6282
640000 29.6292
650000 29.63
660000 29.6309
670000 29.6316
680000 29.6319
690000 29.6315
700000 29.6315
710000 29.6319
720000 29.632
730000 29.6318
740000 29.6319
750000 29.6322
760000 29.6323
770000 29.6323
780000 29.6318
790000 29.6312
800000 29.6307
810000 29.6302
820000 29.6294
830000 29.6288
840000 29.6286
850000 29.6286
860000 29.6287
870000 29.6288
880000 29.6288
890000 29.6284
900000 29.6283
910000 29.6284
920000 29.6287
930000 29.6288
940000 29.6289
950000 29.6288
960000 29.6287
970000 29.6287
980000 29.6288
990000 29.6285
1000000 29.6283
1010000 29.628
1020000 29.6275
1030000 29.6269
1040000 29.6264
1050000 29.6264
1060000 29.6267
1070000 29.6267
1080000 29.6267
1090000 29.6267
1100000 29.6268
1110000 29.627
1120000 29.6272
1130000 29.6275
1140000 29.6279
1150000 29.6282
1160000 29.6281
1170000 29.6277
1180000 29.6275
1190000 29.6273
1200000 29.6271
1210000 29.6269
1220000 29.627
1230000 29.6272
1240000 29.6274
1250000 29.6274
1260000 29.6275
1270000 29.6278
1280000 29.6282
1290000 29.6284
1300000 29.6285
1310000 29.6288
1320000 29.6292
1330000 29.6295
1340000 29.63
1350000 29.6304
1360000 29.6311
1370000 29.6316
1380000 29.6322
1390000 29.6327
1400000 29.6331
1410000 29.6337
1420000 29.6341
1430000 29.6344
1440000 29.6349
1450000 29.6353
1460000 29.6356
1470000 29.6361
1480000 29.6366
1490000 29.6371
1500000 29.6376
1510000 29.6381
1520000 29.6386
1530000 29.639
1540000 29.6395
1550000 29.6399
1560000 29.6404
1570000 29.641
1580000 29.6419
1590000 29.6426
1600000 29.6433
1610000 29.6439
1620000 29.6444
1630000 29.6447
1640000 29.6451
1650000 29.6455
1660000 29.6459
1670000 29.6464
1680000 29.6468
1690000 29.6472
1700000 29.6475
1710000 29.648
1720000 29.6484
1730000 29.6489
1740000 29.6493
1750000 29.6496
1760000 29.6499
1770000 29.65
1780000 29.6504
1790000 29.6506
1800000 29.6508
1810000 29.6509
1820000 29.6509
1830000 29.651
1840000 29.6512
1850000 29.6515
1860000 29.6521
1870000 29.6526
1880000 29.6528
1890000 29.6532
1900000 29.6536
1910000 29.654
1920000 29.6545
1930000 29.6548
1940000 29.655
1950000 29.6552
1960000 29.6554
1970000 29.6556
1980000 29.6558
1990000 29.6558
2000000 29.6557
2010000 29.6555
2020000 29.6555
2030000 29.6556
2040000 29.656
2050000 29.6565
2060000 29.6571
2070000 29.6578
2080000 29.6584
2090000 29.6589
2100000 29.6595
2110000 29.66
2120000 29.6605
2130000 29.661
2140000 29.6614
2150000 29.6619
2160000 29.6623
2170000 29.6625
2180000 29.6626
2190000 29.6627
2200000 29.6629
2210000 29.663
2220000 29.663
2230000 29.6629
2240000 29.663
2250000 29.6632
2260000 29.6635
2270000 29.6639
2280000 29.6641
2290000 29.6643
2300000 29.6644
2310000 29.6646
2320000 29.665
2330000 29.6655
2340000 29.666
2350000 29.6665
2360000 29.667
2370000 29.6672
2380000 29.6675
2390000 29.6679
2400000 29.6682
2410000 29.6685
2420000 29.6687
2430000 29.6689
2440000 29.6692
2450000 29.6695
2460000 29.6698
2470000 29.6701
2480000 29.6702
2490000 29.6703
2500000 29.6705
2510000 29.6708
2520000 29.6711
2530000 29.6714
2540000 29.6716
2550000 29.6719
2560000 29.6721
2570000 29.6723
2580000 29.6726
2590000 29.6729
2600000 29.6732
2610000 29.6735
2620000 29.6739
2630000 29.6745
2640000 29.675
2650000 29.6754
2660000 29.6756
2670000 29.676
2680000 29.6763
2690000 29.6766
2700000 29.677
2710000 29.6775
2720000 29.678
2730000 29.6786
2740000 29.6792
2750000 29.6796
2760000 29.6799
2770000 29.6802
2780000 29.6803
2790000 29.6807
2800000 29.681
2810000 29.6814
2820000 29.6816
2830000 29.6819
2840000 29.682
2850000 29.6822
2860000 29.6823
2870000 29.6824
2880000 29.6826
2890000 29.6828
2900000 29.6831
2910000 29.6835
2920000 29.6838
2930000 29.6842
2940000 29.6845
2950000 29.6849
2960000 29.6852
2970000 29.6855
2980000 29.686
2990000 29.6864
3000000 29.6867
3010000 29.687
3020000 29.6874
3030000 29.6879
3040000 29.6882
3050000 29.6885
3060000 29.6889
3070000 29.6892
3080000 29.6895
3090000 29.6899
3100000 29.6903
3110000 29.6908
3120000 29.6914
3130000 29.6919
3140000 29.6925
3150000 29.693
3160000 29.6936
3170000 29.6942
3180000 29.6947
3190000 29.6953
3200000 29.6959
3210000 29.6964
3220000 29.697
3230000 29.6976
3240000 29.6983
3250000 29.699
3260000 29.6998
3270000 29.7007
3280000 29.7015
3290000 29.7022
3300000 29.7027
3310000 29.7032
3320000 29.7037
3330000 29.7043
3340000 29.705
3350000 29.7056
3360000 29.7063
3370000 29.7069
3380000 29.7075
3390000 29.7081
3400000 29.7086
3410000 29.7092
3420000 29.7098
3430000 29.7103
3440000 29.7109
3450000 29.7114
3460000 29.7119
3470000 29.7125
3480000 29.713
3490000 29.7137
3500000 29.7143
3510000 29.715
3520000 29.7156
3530000 29.7162
3540000 29.7167
3550000 29.7172
3560000 29.7178
3570000 29.7184
3580000 29.719
3590000 29.7196
3600000 29.7203
3610000 29.7209
3620000 29.7217
3630000 29.7224
3640000 29.7231
3650000 29.7239
3660000 29.7246
3670000 29.7253
3680000 29.7261
3690000 29.7269
3700000 29.7276
3710000 29.7282
3720000 29.7289
3730000 29.7295
3740000 29.7302
3750000 29.7309
3760000 29.7315
3770000 29.732
3780000 29.7325
3790000 29.733
3800000 29.7336
3810000 29.7342
3820000 29.7347
3830000 29.7351
3840000 29.7354
3850000 29.7358
3860000 29.7362
3870000 29.7366
3880000 29.737
3890000 29.7373
3900000 29.7378
3910000 29.7383
3920000 29.7387
3930000 29.7391
3940000 29.7395
3950000 29.74
3960000 29.7405
3970000 29.7409
3980000 29.7415
3990000 29.742
4000000 29.7426
4010000 29.7431
4020000 29.7436
4030000 29.7442
4040000 29.7447
4050000 29.7452
4060000 29.7458
4070000 29.7464
4080000 29.747
4090000 29.7477
4100000 29.7483
4110000 29.7488
4120000 29.7494
4130000 29.7501
4140000 29.7507
4150000 29.7514
4160000 29.7521
4170000 29.7528
4180000 29.7534
4190000 29.754
4200000 29.7546
4210000 29.755
4220000 29.7554
4230000 29.7558
4240000 29.7562
4250000 29.7567
4260000 29.7572
4270000 29.7577
4280000 29.7582
4290000 29.7587
4300000 29.7591
4310000 29.7595
4320000 29.7598
4330000 29.7602
4340000 29.7605
4350000 29.7608
4360000 29.7611
4370000 29.7614
4380000 29.7617
4390000 29.7621
4400000 29.7624
4410000 29.7628
4420000 29.7631
4430000 29.7635
4440000 29.7639
4450000 29.7643
4460000 29.7646
4470000 29.7648
4480000 29.7651
4490000 29.7655
4500000 29.7659
4510000 29.7663
4520000 29.7668
4530000 29.7674
4540000 29.7681
4550000 29.7686
4560000 29.7692
4570000 29.7697
4580000 29.7703
4590000 29.7709
4600000 29.7715
4610000 29.7721
4620000 29.7726
4630000 29.7731
4640000 29.7736
4650000 29.774
4660000 29.7745
4670000 29.7751
4680000 29.7755
4690000 29.7759
4700000 29.7764
4710000 29.7769
4720000 29.7775
4730000 29.778
4740000 29.7784
4750000 29.7788
4760000 29.7793
4770000 29.7798
4780000 29.7803
4790000 29.7809
4800000 29.7813
4810000 29.7819
4820000 29.7824
4830000 29.7829
4840000 29.7834
4850000 29.7839
4860000 29.7844
4870000 29.7849
4880000 29.7853
4890000 29.7858
4900000 29.7863
4910000 29.7868
4920000 29.7873
4930000 29.7879
4940000 29.7884
4950000 29.789
4960000 29.7896
4970000 29.7901
4980000 29.7906
4990000 29.791
5000000 29.7915
5010000 29.792
5020000 29.7925
5030000 29.7929
5040000 29.7934
5050000 29.7939
5060000 29.7944
5070000 29.7951
5080000 29.7957
5090000 29.7963
5100000 29.7969
5110000 29.7976
5120000 29.7982
5130000 29.7988
5140000 29.7995
5150000 29.8001
5160000 29.8008
5170000 29.8015
5180000 29.8022
5190000 29.8027
5200000 29.8032
5210000 29.8037
5220000 29.8042
5230000 29.8048
5240000 29.8053
5250000 29.8058
5260000 29.8064
5270000 29.8069
5280000 29.8075
5290000 29.8082
5300000 29.8089
5310000 29.8096
5320000 29.8102
5330000 29.8109
5340000 29.8115
5350000 29.812
5360000 29.8126
5370000 29.8131
5380000 29.8135
5390000 29.814
5400000 29.8146
5410000 29.8151
5420000 29.8157
5430000 29.8162
5440000 29.8167
5450000 29.8172
5460000 29.8178
5470000 29.8183
5480000 29.8188
5490000 29.8194
5500000 29.8201
5510000 29.8208
5520000 29.8215
5530000 29.8221
5540000 29.8227
5550000 29.8234
5560000 29.824
5570000 29.8246
5580000 29.8251
5590000 29.8257
5600000 29.8262
5610000 29.8268
5620000 29.8273
5630000 29.8279
5640000 29.8285
5650000 29.8291
5660000 29.8297
5670000 29.8302
5680000 29.8308
5690000 29.8313
5700000 29.8319
5710000 29.8325
5720000 29.833
5730000 29.8336
5740000 29.8342
5750000 29.8348
5760000 29.8353
5770000 29.8358
5780000 29.8364
5790000 29.8369
5800000 29.8375
5810000 29.838
5820000 29.8386
5830000 29.8392
5840000 29.8397
5850000 29.8403
5860000 29.8409
5870000 29.8415
5880000 29.8422
5890000 29.8429
5900000 29.8436
5910000 29.8442
5920000 29.8449
5930000 29.8455
5940000 29.8461
5950000 29.8468
5960000 29.8475
5970000 29.8481
5980000 29.8488
5990000 29.8494
6000000 29.8499
