10.000000 2.109516 2.053504 2.159847 1.910613
20.000000 0.735918 0.708569 0.919617 1.073575
30.000000 0.732172 0.537603 0.661112 0.805679
40.000000 0.483973 0.252949 0.383786 0.402755
50.000000 0.372717 0.225003 0.248531 0.236884
60.000000 0.342182 0.184779 0.208915 0.373328
70.000000 0.204921 0.141608 0.208536 0.206405
80.000000 0.296277 0.130493 0.176734 0.224001
90.000000 0.116708 0.179201 0.157947 0.149792
100.000000 0.113668 0.194773 0.191465 0.202237
110.000000 0.207389 0.061941 0.200640 0.316682
120.000000 0.113791 0.196417 0.256404 0.270101
130.000000 0.133682 0.065056 0.145724 0.267027
140.000000 0.119792 0.164333 0.171561 0.239138
150.000000 0.144202 0.258404 0.152701 0.185979
160.000000 0.157216 0.193925 0.244216 0.169120
170.000000 0.071323 0.199313 0.251475 0.291284
180.000000 0.184975 0.163428 0.071574 0.231179
190.000000 0.040423 0.137643 0.161115 0.231025
200.000000 0.050453 0.158920 0.200278 0.252434
210.000000 0.031061 0.000283 0.142978 0.269890
220.000000 0.062339 0.044156 0.096612 0.167234
230.000000 0.067580 0.271853 0.072657 0.225289
240.000000 0.134248 0.085159 0.124083 0.221888
250.000000 0.122654 -0.008976 0.096189 0.202033
260.000000 0.030769 0.167543 0.059859 0.162631
270.000000 0.120405 0.057696 0.051584 0.015507
280.000000 0.118158 0.113132 0.061724 0.049721
290.000000 0.059117 0.089835 0.006626 0.023000
300.000000 -0.011962 0.089027 0.122433 0.092500
310.000000 -0.022417 0.121303 0.058520 0.157158
320.000000 0.054644 0.146607 0.061916 0.195083
330.000000 0.090889 0.100810 0.059617 0.180604
340.000000 0.115451 0.098062 0.047833 0.160533
350.000000 0.085386 0.181819 0.098247 0.047836
360.000000 0.092059 0.190303 0.160353 0.192301
370.000000 0.025751 0.117449 0.053584 0.120175
380.000000 0.065100 0.102131 0.135516 0.103199
390.000000 0.088016 0.050517 0.167328 0.187370
400.000000 0.091597 0.048996 0.057809 -0.005725
410.000000 0.111326 0.023382 0.139873 0.138899
420.000000 0.110303 0.025101 0.117239 0.010206
430.000000 0.245830 0.070037 0.005960 0.054397
440.000000 0.189458 0.092834 0.010481 0.123828
450.000000 0.084423 0.075045 0.014616 0.021569
460.000000 0.101924 0.072412 0.025936 0.048707
470.000000 0.047062 0.091008 0.162720 0.070571
480.000000 0.160412 0.040922 0.034631 0.085133
490.000000 0.051883 0.095820 0.051504 0.051931
500.000000 0.054241 0.139573 0.123687 0.119963
510.000000 0.063772 0.150769 -0.038635 0.098244
550.000000 0.108259 0.075018 0.039220 0.128901
600.000000 0.084709 0.055394 0.094877 0.132074
650.000000 0.069214 0.042364 0.077302 0.077978
700.000000 0.059206 0.091979 0.005039 0.093229
750.000000 0.005559 0.075325 0.073777 0.064133
800.000000 0.017928 0.178910 0.039021 0.140272
850.000000 0.088562 0.022450 0.027816 0.143940
900.000000 0.042260 0.040467 0.076771 0.085838
950.000000 0.047386 0.001698 0.086096 0.061905
1000.000000 -0.009083 0.054493 0.088425 0.058487
1050.000000 0.019319 0.020547 0.059993 0.047269
1100.000000 0.075470 0.033399 0.013930 0.050382
1150.000000 0.041990 0.051914 0.048746 0.129121
1200.000000 0.023635 0.091929 0.053504 0.090424
1250.000000 0.017210 0.003139 0.036582 0.067089
1300.000000 0.005201 0.025484 0.031911 0.057216
1350.000000 0.005757 0.047376 0.021915 0.069923
1400.000000 0.054560 0.074799 0.034976 -0.016828
1450.000000 0.016631 -0.011735 -0.006693 0.063924
1500.000000 -0.018918 0.051608 0.059946 0.010764
1550.000000 0.062807 -0.018207 0.056047 0.022306
1600.000000 0.056670 0.042318 -0.003156 0.043193
1650.000000 0.015929 0.050671 0.030465 -0.036337
1700.000000 -0.030795 0.064895 0.027546 0.004646
1750.000000 0.049891 0.009592 0.052832 -0.005881
1800.000000 0.059494 0.065011 0.107013 0.003551
1850.000000 -0.000268 0.044470 0.076833 0.029362
1900.000000 0.064821 0.049529 0.068871 0.005375
1950.000000 0.024538 0.029651 0.047802 -0.068526
2000.000000 0.051099 0.010031 0.053467 0.000767
2050.000000 0.079804 0.057557 0.038419 -0.002737
2100.000000 0.056743 -0.001349 0.037848 0.020296
2150.000000 0.025995 0.042460 0.090542 0.094438
2200.000000 0.044065 0.082953 0.095549 0.015689
2250.000000 -0.001700 0.065387 -0.010015 0.017958
2300.000000 -0.014331 0.069609 0.041816 0.057445
2350.000000 0.035150 0.003505 0.013990 0.042117
2400.000000 0.038863 0.038967 -0.027008 0.048296
2450.000000 0.005477 0.039116 -0.009841 0.108921
2500.000000 -0.016822 0.051452 0.026725 0.054641
2550.000000 0.050797 0.040596 0.089853 0.079719
2600.000000 -0.003226 0.032801 0.005028 0.021503
2650.000000 0.034097 0.044665 0.043849 0.059197
2700.000000 0.072695 0.032915 0.057755 0.004332
2750.000000 0.015071 0.017006 0.078950 -0.012025
2800.000000 -0.018642 0.040277 0.011124 -0.000298
2850.000000 0.020185 -0.010249 -0.013598 -0.004806
2900.000000 0.025849 0.061999 -0.027892 0.069818
2950.000000 0.040175 -0.011327 0.003056 0.015451
3000.000000 0.017369 -0.037763 0.062964 0.030345
3050.000000 0.041115 -0.004957 0.024198 0.091518
3100.000000 0.033445 0.029786 0.035076 0.072152
3150.000000 0.005202 0.061719 -0.014249 0.064063
3200.000000 0.025255 0.039270 0.023884 0.087806
3250.000000 0.030774 0.036791 0.038159 0.083703
3300.000000 0.082906 0.029066 -0.017939 0.056918
3350.000000 0.059720 0.027394 0.005141 0.061048
3400.000000 0.051192 0.025261 0.074915 0.010002
3450.000000 0.022094 0.025131 -0.004028 -0.068500
3500.000000 0.041177 0.060512 0.050177 0.028605
3550.000000 0.002528 0.040598 -0.000139 -0.013416
3600.000000 0.018040 0.065531 0.005185 0.003897
3650.000000 0.038345 0.010787 0.088442 0.020749
3700.000000 -0.002811 -0.031853 0.055086 0.030352
3750.000000 0.018029 0.026519 0.046514 0.046653
3800.000000 -0.024429 0.006930 -0.013823 0.026496
3850.000000 0.013464 0.026146 -0.064614 0.061992
3900.000000 0.036645 0.000370 0.089936 0.058239
3950.000000 0.014701 -0.002955 0.023519 0.008188
4000.000000 0.013632 -0.042687 0.043477 0.051968
4050.000000 0.061223 -0.018964 -0.025320 0.041059
4100.000000 0.036880 0.013190 0.096633 0.051755
4150.000000 0.011770 -0.080840 0.040931 0.029636
4200.000000 -0.000177 0.047489 0.056449 -0.011407
4250.000000 0.016240 -0.002033 0.064376 -0.040156
4300.000000 0.042868 0.037089 0.004792 0.034552
4350.000000 0.042526 0.024759 0.034436 0.098227
4400.000000 -0.029401 0.009215 -0.010185 0.030659
4450.000000 -0.036851 -0.087406 0.015333 0.042498
4500.000000 0.075356 0.015989 0.006874 -0.021845
4550.000000 0.092329 0.051171 0.027928 -0.022727
4600.000000 0.099210 0.027070 -0.058982 0.069813
4650.000000 0.017687 0.037421 -0.038892 0.025578
4700.000000 0.024221 -0.046588 0.008672 0.133950
4750.000000 0.020126 -0.019040 0.058940 0.035104
4800.000000 0.049256 -0.039627 -0.000346 0.038772
4850.000000 0.048822 0.045658 0.014714 0.005980
4900.000000 0.030778 0.044325 0.045209 0.017480
4950.000000 0.013446 0.038866 0.046972 0.009035
5000.000000 -0.015641 0.019219 0.030162 0.036019
5050.000000 -0.001872 0.010436 0.047958 0.084190
5100.000000 -0.006207 0.028600 0.008836 0.012081
5150.000000 0.025702 -0.012945 0.010708 0.044427
5200.000000 -0.003815 0.035112 0.029386 0.066877
5250.000000 0.032342 0.023848 0.037013 0.035026
5300.000000 0.013649 -0.024959 0.019784 0.092784
5350.000000 0.029654 -0.022154 0.008920 -0.008404
5400.000000 -0.013880 0.047207 -0.010592 -0.024399
5450.000000 0.012598 0.009102 0.077724 0.039996
5500.000000 0.024710 -0.001422 0.047379 0.024935
5550.000000 0.014137 0.009531 0.061806 0.068132
5600.000000 0.003930 0.037732 0.045562 0.064554
5650.000000 0.055577 0.013522 0.026005 -0.040470
5700.000000 0.064654 -0.021949 0.014164 -0.015577
5750.000000 -0.016526 0.049969 0.002246 -0.015991
5800.000000 -0.017331 0.009463 0.055162 -0.003689
5850.000000 0.009825 0.051971 0.002088 0.020255
5900.000000 0.042028 -0.029062 0.025887 0.031128
5950.000000 0.043841 0.005582 -0.019909 -0.020051
6000.000000 0.013208 0.019777 0.025063 0.069050
6050.000000 0.012744 0.014313 -0.027121 0.010711
6100.000000 -0.006542 0.065667 -0.002602 0.060167
6150.000000 0.061510 -0.011853 -0.017817 0.040139
6200.000000 0.025641 -0.011796 0.038422 0.068245
6250.000000 -0.006216 0.034365 -0.010309 0.011608
6300.000000 -0.001663 -0.004477 0.034759 0.017016
6350.000000 0.035525 0.020362 0.058983 0.000486
6400.000000 0.027315 -0.041696 0.020946 -0.005870
6450.000000 0.017325 -0.014475 0.031032 0.044599
6500.000000 0.024417 0.017563 0.023162 0.039036
6550.000000 0.022453 0.020820 -0.040264 0.044508
6600.000000 0.010261 0.021621 0.059250 0.026560
6650.000000 0.005029 0.037022 0.107017 0.009257
6700.000000 -0.001952 0.048033 -0.041605 -0.020204
6750.000000 -0.004797 -0.062345 0.017497 0.018021
6800.000000 -0.013958 0.024808 0.004897 -0.018091
6850.000000 -0.019071 0.060496 -0.062981 -0.014504
6900.000000 0.012290 0.032946 -0.007460 -0.033144
6950.000000 0.002592 0.025218 -0.045852 0.017475
7000.000000 0.036771 0.061873 -0.019428 -0.006155
7050.000000 -0.026730 0.022895 0.032845 0.032110
7100.000000 -0.004102 0.022793 0.060118 0.047304
7150.000000 -0.014318 0.051588 0.071621 0.024746
7200.000000 0.013737 -0.001591 0.006864 -0.020545
7250.000000 0.011130 -0.022821 -0.027914 0.043686
7300.000000 0.059603 -0.011973 0.063574 0.032449
7350.000000 -0.021483 0.044089 -0.004824 -0.000117
7400.000000 0.065828 0.017942 -0.011850 0.065440
7450.000000 0.028242 0.003903 -0.047562 0.027217
7500.000000 0.035997 -0.004548 -0.005799 0.076607
7550.000000 0.005417 -0.016377 -0.007710 0.018754
7600.000000 0.007533 0.044570 0.040004 0.001799
7650.000000 0.054413 -0.024268 0.001636 -0.009977
7700.000000 0.019806 -0.007600 -0.017707 0.041513
7750.000000 0.019057 0.008561 0.036255 0.025495
7800.000000 0.050155 0.034167 -0.036561 0.047105
7850.000000 0.066149 0.008000 0.029504 0.050335
7900.000000 0.001250 0.010738 0.010158 0.056960
7950.000000 0.016182 0.034327 -0.065973 0.029769
8000.000000 0.017729 -0.003391 -0.024445 0.042322
8050.000000 0.050252 0.026502 0.029390 -0.032513
8100.000000 0.006279 -0.005449 0.037308 -0.005459
8150.000000 0.094652 0.022980 0.056814 0.007223
8200.000000 0.024726 0.077776 -0.020245 0.023666
8250.000000 0.013256 -0.006499 0.002035 0.088479
8300.000000 0.010356 -0.013629 0.012303 0.021619
8350.000000 0.014773 -0.024095 -0.003696 0.039350
8400.000000 0.035916 0.017921 0.018256 -0.057156
8450.000000 0.042147 0.032692 -0.020664 0.030629
8500.000000 0.030785 -0.020434 -0.039700 0.026337
8550.000000 0.012988 0.027051 -0.014042 0.068255
8600.000000 -0.001614 -0.002096 -0.061939 0.038750
8650.000000 -0.005443 0.039135 0.000130 0.093730
8700.000000 0.093949 0.003104 0.034481 0.015187
8750.000000 0.002753 0.038873 -0.005230 0.013272
8800.000000 0.071759 0.044726 0.069450 0.001795
8850.000000 -0.000198 0.014508 0.003134 0.000788
8900.000000 0.055171 -0.044916 0.031820 -0.026716
8950.000000 0.069378 -0.051677 0.059132 -0.020256
9000.000000 0.048424 -0.087969 0.017427 -0.022273
9050.000000 0.021776 -0.010726 0.020784 0.003997
9100.000000 0.017583 0.012483 0.066239 0.026250
9150.000000 0.086251 0.048354 -0.024124 0.016346
9200.000000 -0.010463 0.010663 0.005539 0.023068
9250.000000 0.008236 0.038569 -0.007464 0.071344
9300.000000 0.076503 0.027909 -0.015957 -0.000836
9350.000000 0.044790 0.051434 -0.056394 0.034073
9400.000000 0.015737 0.040845 -0.007404 0.041093
9450.000000 0.036197 0.064124 0.015577 0.021015
9500.000000 -0.027309 0.032117 -0.007653 0.063246
9550.000000 0.039069 0.023866 0.017352 0.008507
9600.000000 -0.032381 0.010267 0.032279 0.071794
9650.000000 -0.020022 0.038143 -0.002051 0.007496
9700.000000 0.021789 0.012867 0.066849 -0.008982
9750.000000 0.008200 -0.012873 0.069694 -0.021208
9800.000000 0.016182 -0.034044 0.062327 0.041086
9850.000000 0.043641 -0.005916 0.019805 -0.010674
9900.000000 0.053108 -0.012449 0.049993 0.063065
9950.000000 -0.059599 0.022351 0.043785 -0.024506
10000.000000 -0.032055 -0.029884 0.035804 0.017496
10090.000000 -0.001237 -0.009723 0.033043 0.002561
10240.000000 0.042593 0.030953 -0.015771 0.018057
10390.000000 -0.001297 -0.007703 0.013771 0.045313
10540.000000 -0.009339 0.033000 0.002661 0.033163
10690.000000 -0.009924 -0.010041 0.025071 0.020585
10840.000000 0.010846 0.016491 0.045572 0.059592
10990.000000 0.049963 0.010031 -0.017031 0.034498
11140.000000 0.030166 0.007638 0.059988 0.044732
11290.000000 0.025552 0.000319 0.023912 0.035382
11440.000000 -0.009771 0.019561 -0.019787 0.039214
11590.000000 -0.004151 0.054225 0.000319 0.015260
11740.000000 0.022183 0.000171 -0.026132 0.039163
11890.000000 0.038474 0.007272 0.006870 0.034584
12040.000000 0.001987 0.013390 0.033855 0.020600
12190.000000 0.008724 0.027248 0.025547 0.004364
12340.000000 0.008613 -0.001577 -0.000441 -0.029270
12490.000000 0.020555 0.033593 -0.003777 0.015331
12640.000000 -0.002020 0.026184 -0.002604 0.010651
12790.000000 0.013435 0.020491 0.012518 -0.002037
12940.000000 0.008626 -0.015204 0.008742 -0.028731
13090.000000 -0.009303 0.029718 -0.002196 0.027990
13240.000000 -0.069244 0.003168 0.051105 0.070237
13390.000000 -0.020440 0.030071 0.008843 0.017540
13540.000000 0.027976 0.013217 -0.028300 0.029312
13690.000000 -0.011453 0.038047 0.018512 0.053181
13840.000000 -0.005128 -0.006730 0.026346 0.043771
13990.000000 -0.008907 0.032870 0.042243 0.048450
14140.000000 0.023054 0.007127 0.009317 0.023139
14290.000000 0.025942 0.002658 -0.005227 0.053195
14440.000000 0.008662 0.011978 0.014041 0.014795
14590.000000 0.002684 0.008695 0.023149 0.055308
14740.000000 -0.011528 0.015650 -0.004501 0.028180
14890.000000 -0.006236 0.020673 0.028634 0.023353
15040.000000 0.030796 -0.028812 0.018400 0.026031
15190.000000 -0.019880 -0.027075 0.015323 0.076126
15340.000000 0.010809 -0.011471 0.021401 -0.008549
15490.000000 0.008405 -0.016180 0.006204 0.040034
15640.000000 0.002264 0.018282 0.001699 0.028858
15790.000000 0.023200 0.029983 -0.006629 0.038860
15940.000000 0.000479 0.019682 -0.004744 0.055347
16090.000000 0.051850 0.013175 -0.001267 0.019521
16240.000000 -0.012872 0.018483 0.047879 0.041701
16390.000000 0.009480 -0.008550 0.037302 -0.024176
16540.000000 0.012912 -0.003033 0.014823 -0.022330
16690.000000 0.015249 -0.006811 0.028691 0.010475
16840.000000 0.004959 -0.006830 0.038104 -0.020484
16990.000000 0.002749 0.039223 0.032527 0.003485
17140.000000 0.001186 0.016416 0.004847 0.004934
17290.000000 0.024854 -0.027252 -0.006430 0.035241
17440.000000 0.004398 0.022611 0.005367 0.009843
17590.000000 0.030762 -0.009388 -0.002763 0.008726
17740.000000 0.023153 -0.001877 0.011458 0.006631
17890.000000 -0.000478 0.023530 -0.013637 0.064536
18040.000000 -0.018674 0.000971 0.012022 0.016220
18190.000000 0.022655 0.010328 -0.007508 -0.006099
18340.000000 0.000915 0.032205 0.011434 -0.016743
18490.000000 -0.027660 0.049020 -0.030572 0.053695
18640.000000 -0.008959 0.026677 -0.007405 -0.016104
18790.000000 -0.001974 -0.012099 0.017037 0.012598
18940.000000 -0.005868 0.019050 -0.015621 0.019909
19090.000000 -0.021286 0.014624 0.023570 0.053164
19240.000000 -0.009775 0.015515 0.013420 0.004391
19390.000000 0.005283 0.016011 0.015147 0.006433
19540.000000 -0.001989 -0.023697 0.042714 0.038891
19690.000000 0.008786 -0.021141 0.040528 -0.027041
19840.000000 0.042209 0.003494 0.033260 0.012103
19990.000000 0.008334 0.008826 0.029452 0.026993
20140.000000 0.036632 -0.012766 0.010380 0.029536
20290.000000 0.003735 0.030525 -0.016103 -0.028755
20440.000000 -0.007436 0.006760 -0.027856 -0.000749
20590.000000 0.006665 -0.001324 0.016287 -0.014046
20740.000000 -0.001205 0.027245 0.037523 0.007399
20890.000000 -0.010001 0.007020 0.013793 0.034405
21040.000000 -0.001551 -0.031535 0.010032 -0.000688
21190.000000 0.047910 0.009565 0.014450 0.047596
21340.000000 0.020447 -0.010852 0.004183 0.043599
21490.000000 -0.023227 0.007452 -0.002294 0.014133
21640.000000 -0.001387 -0.016918 0.006094 0.019032
21790.000000 0.015822 -0.027041 0.033769 0.056953
21940.000000 0.038062 0.010648 0.031958 0.048891
22090.000000 0.016514 0.041743 -0.009627 0.007840
22240.000000 0.011612 -0.002335 0.018819 0.044234
22390.000000 -0.022006 -0.006130 0.020605 0.003646
22540.000000 0.006191 -0.015449 0.039904 0.009004
22690.000000 0.010206 0.021821 0.029366 0.032410
22840.000000 0.000935 -0.010419 -0.002368 0.014403
22990.000000 0.026427 0.015277 0.013392 0.047601
23140.000000 -0.002266 -0.005291 0.009962 0.003931
23290.000000 0.008122 -0.001800 -0.012158 0.029278
23440.000000 0.007962 0.026951 -0.041507 -0.008104
23590.000000 0.009071 -0.007116 0.014625 0.024274
23740.000000 -0.012369 0.023094 0.015422 0.008048
23890.000000 0.023783 0.015092 0.008177 0.034417
24040.000000 0.008188 -0.006026 -0.006562 -0.014933
24190.000000 0.023272 0.046833 0.016113 0.041793
24340.000000 -0.002185 0.001956 0.050265 0.045190
24490.000000 -0.022517 0.001202 0.037580 0.018563
24640.000000 -0.024194 0.002540 -0.016331 0.007850
24790.000000 -0.005929 -0.003248 -0.012014 -0.009353
24940.000000 0.032110 0.019399 0.018353 -0.007340
25090.000000 0.003477 0.030044 0.000911 0.020721
25240.000000 0.032293 -0.000222 0.016374 0.006161
25390.000000 0.023363 -0.006227 0.018985 0.006434
25540.000000 0.007798 0.039130 -0.010228 0.038343
25690.000000 0.008665 0.007623 -0.003433 0.034002
25840.000000 -0.028532 -0.001185 0.027074 -0.010167
25990.000000 -0.025486 0.028697 -0.006796 0.022383
26140.000000 0.014870 0.022098 -0.038492 0.009256
26290.000000 -0.010215 0.022954 -0.033293 0.014325
26440.000000 -0.004061 -0.001429 0.024416 0.011300
26590.000000 -0.001447 -0.027874 0.034988 -0.050591
26740.000000 0.005294 0.011325 -0.002365 -0.025525
26890.000000 0.019474 0.027411 0.002484 -0.006681
27040.000000 -0.032013 -0.003434 0.018419 0.027603
27190.000000 0.029175 -0.000972 0.026720 0.052579
27340.000000 -0.030165 0.014413 0.015238 -0.001885
27490.000000 -0.036354 0.010494 0.004578 0.026205
27640.000000 0.032134 0.010187 0.013919 0.009127
27790.000000 0.030801 0.007550 0.007931 0.007452
27940.000000 -0.014284 0.016409 0.012965 -0.011247
28090.000000 0.004396 0.004735 -0.013508 0.039226
28240.000000 -0.012670 -0.018889 0.018125 0.012236
28390.000000 -0.011518 0.029387 0.018373 0.034271
28540.000000 -0.003024 0.005089 0.030713 -0.027307
28690.000000 0.002983 0.014481 0.000283 0.016717
28840.000000 0.022315 0.001334 -0.011368 0.030092
28990.000000 0.010767 -0.007063 -0.019425 0.006617
29140.000000 0.032092 -0.000533 -0.031644 -0.005820
29290.000000 0.005246 0.001380 -0.015683 -0.008594
29440.000000 0.003974 0.044535 0.018169 0.000878
29590.000000 0.028533 0.040369 0.024323 0.001954
29740.000000 0.017415 0.008724 0.008414 -0.003431
29890.000000 0.009993 0.015590 0.013251 0.033983
30040.000000 0.003832 0.003411 -0.022212 0.046896
30190.000000 0.001840 -0.011025 -0.023332 0.031380
30340.000000 -0.015211 0.021029 0.002653 0.020435
30490.000000 0.017141 0.018065 -0.009433 0.011446
30640.000000 -0.013886 0.025835 0.012476 -0.002161
30790.000000 0.019024 -0.000857 0.001567 -0.006476
30940.000000 -0.014749 0.016681 -0.009288 -0.019312
31090.000000 0.005041 0.034264 -0.008649 0.039779
31240.000000 0.002799 0.039450 -0.005893 0.024565
31390.000000 0.017787 0.015386 0.006506 -0.009882
31540.000000 -0.000701 0.022948 0.015652 0.051502
31690.000000 0.018342 0.009261 -0.012904 -0.032513
31840.000000 0.009275 0.017969 -0.005239 0.025557
31990.000000 0.026040 0.017526 0.023178 -0.005497
32140.000000 0.015689 0.042454 0.005456 0.009603
32290.000000 0.002814 0.006314 -0.008245 -0.048666
32440.000000 -0.002436 0.046752 -0.033322 0.037169
32590.000000 -0.018294 -0.042167 -0.009207 0.008948
32740.000000 0.001280 -0.010183 0.004130 0.019790
32890.000000 -0.013535 0.012332 -0.002265 0.016310
33040.000000 0.044429 0.018237 0.004875 0.008687
33190.000000 0.009780 -0.018871 -0.024473 0.035282
33340.000000 0.016856 0.013343 -0.023582 -0.006481
33490.000000 0.051963 0.014146 0.025836 0.009359
33640.000000 0.045762 0.003518 0.026184 0.013238
33790.000000 0.021175 0.063453 0.000160 0.039668
33940.000000 0.003299 0.010476 0.051081 0.034527
34090.000000 0.005149 -0.010611 0.024130 0.037023
34240.000000 0.014234 -0.008512 0.031848 0.012884
34390.000000 -0.000537 0.024157 0.000191 -0.001851
34540.000000 0.006150 0.042283 0.010543 0.053149
34690.000000 0.033679 -0.002602 0.031552 0.020973
34840.000000 0.002275 0.026807 0.002760 0.029770
34990.000000 0.032620 0.015230 0.007738 0.019365
35140.000000 -0.018511 0.010327 0.027170 0.008476
35290.000000 -0.009905 -0.002962 -0.014214 -0.011965
35440.000000 0.003202 -0.012154 0.001180 -0.007503
35590.000000 0.010295 0.012965 0.017999 0.022924
35740.000000 0.003933 -0.005793 -0.021482 0.009645
35890.000000 0.041019 -0.002545 -0.017765 0.005076
36040.000000 -0.004777 0.007046 -0.023850 -0.019636
36190.000000 0.001563 0.031532 -0.019162 -0.049987
36340.000000 0.021405 -0.014030 0.013546 0.011925
36490.000000 0.003386 0.004836 0.010689 0.013126
36640.000000 0.013180 0.024735 0.008413 0.017420
36790.000000 -0.003153 -0.005199 -0.005710 -0.000280
36940.000000 -0.026622 -0.010925 0.008778 0.069189
37090.000000 -0.011068 -0.022255 -0.031958 0.021452
37240.000000 -0.013740 0.001140 -0.009085 0.004333
37390.000000 0.014614 0.006534 0.002391 -0.021231
37540.000000 0.000615 0.018914 -0.008332 -0.020354
37690.000000 -0.016410 -0.010803 -0.006468 0.013834
37840.000000 0.012814 0.060127 0.033048 0.007073
37990.000000 0.018855 0.021469 -0.027249 0.000410
38140.000000 -0.000020 0.021598 0.036699 -0.018842
38290.000000 0.013782 0.027505 -0.005933 0.025331
38440.000000 0.027183 0.005922 0.015594 0.012020
38590.000000 0.016070 -0.015769 0.007283 -0.002557
38740.000000 -0.016298 -0.011926 0.012360 0.018584
38890.000000 -0.021485 -0.015125 -0.015027 0.022367
39040.000000 -0.009469 0.000815 0.051429 0.040073
39190.000000 -0.010434 0.018337 0.056291 -0.007791
39340.000000 0.011039 -0.001585 0.019778 -0.026207
39490.000000 0.012003 0.011924 0.045388 -0.053987
39640.000000 -0.005898 -0.000201 -0.001909 -0.014973
39790.000000 0.036674 0.030390 0.005480 -0.021721
39940.000000 0.000336 -0.025717 0.021156 -0.019108
40090.000000 0.014586 0.002362 0.041200 0.011265
40240.000000 0.005533 0.015702 0.027772 -0.003125
40390.000000 0.008143 0.016548 0.015651 0.045712
40540.000000 0.007794 0.000275 0.019787 0.061002
40690.000000 0.025408 0.027337 0.020122 0.032761
40840.000000 0.004879 0.020961 -0.020365 0.006964
40990.000000 0.002730 -0.018947 -0.010599 0.029232
41140.000000 0.028850 -0.007023 -0.012742 -0.003806
41290.000000 0.010080 0.035459 0.003700 0.030627
41440.000000 -0.012772 -0.019438 -0.000275 0.010353
41590.000000 -0.008693 -0.042011 0.034041 0.009566
41740.000000 -0.023214 0.021017 0.000824 0.040507
41890.000000 -0.003792 0.022356 -0.001584 0.006977
42040.000000 0.001789 0.003036 0.009209 0.024842
42190.000000 -0.018386 -0.026767 0.021490 0.049003
42340.000000 -0.030738 0.011678 0.000108 0.018897
42490.000000 0.006277 -0.003064 0.033201 0.000214
42640.000000 -0.021004 -0.010668 -0.005632 0.015086
42790.000000 0.004966 0.009960 -0.008763 0.023869
42940.000000 -0.004751 0.080234 -0.008232 -0.030426
43090.000000 -0.025816 0.002139 0.048156 -0.042998
43240.000000 -0.001094 0.019261 0.030656 -0.000389
43390.000000 0.031751 0.023508 0.016563 -0.017247
43540.000000 0.006890 0.003733 0.010753 0.006629
43690.000000 0.065571 0.048963 0.022535 0.052630
43840.000000 0.008260 0.006061 0.021801 0.029000
43990.000000 0.004027 -0.005526 -0.010898 -0.002201
44140.000000 0.026269 -0.023118 -0.021837 -0.026506
44290.000000 0.000631 0.011544 0.013087 0.019106
44440.000000 0.023353 0.063856 0.006011 0.015658
44590.000000 0.034915 -0.016939 0.011874 0.043484
44740.000000 0.036087 0.015755 -0.011021 0.030637
44890.000000 0.024433 0.015972 -0.016605 0.024882
45040.000000 -0.008449 0.026059 -0.022993 -0.026885
45190.000000 0.002194 -0.029282 0.025908 0.050759
45340.000000 0.024939 0.004972 0.023404 0.018880
45490.000000 0.011761 -0.012977 -0.023454 0.004463
45640.000000 0.004396 -0.003381 -0.002226 -0.019701
45790.000000 0.001151 0.053795 -0.005095 0.043584
45940.000000 -0.017563 0.040066 0.012896 0.016686
46090.000000 -0.018214 -0.021583 0.002336 -0.007579
46240.000000 0.007844 0.006561 -0.007027 -0.034235
46390.000000 -0.007797 0.012747 0.028683 -0.019598
46540.000000 -0.018701 0.020396 -0.022855 0.001026
46690.000000 -0.010203 0.009220 -0.035373 0.001917
46840.000000 0.016845 0.011658 -0.029276 0.011025
46990.000000 0.025659 -0.011713 -0.033447 0.022061
47140.000000 -0.004096 0.032482 0.003090 0.025571
47290.000000 0.002110 -0.027223 0.019359 0.012674
47440.000000 -0.017276 -0.001961 0.002459 -0.002193
47590.000000 -0.004483 -0.024818 -0.009810 -0.019147
47740.000000 0.015213 -0.005493 -0.003043 -0.035967
47890.000000 0.010415 -0.001648 0.041130 0.023171
48040.000000 0.002919 -0.013508 0.010283 0.011195
48190.000000 0.016984 0.001010 0.022860 -0.012571
48340.000000 0.015594 0.054527 -0.014651 0.000715
48490.000000 0.023510 0.008666 0.029102 0.009185
48640.000000 -0.007146 -0.023914 0.002226 0.013686
48790.000000 -0.006594 0.014156 0.014285 -0.012690
48940.000000 0.000064 0.021077 0.050278 0.021641
49090.000000 -0.018146 0.012573 0.011505 -0.029666
49240.000000 0.023698 0.013040 -0.003206 0.010875
49390.000000 -0.000893 0.015401 0.037266 0.015250
49540.000000 0.000216 0.017455 0.006844 0.036800
49690.000000 -0.007111 0.018245 0.005750 -0.004669
49840.000000 0.010361 -0.024058 0.026635 -0.005220
49990.000000 0.022130 -0.000695 0.045496 -0.006718
50140.000000 0.008543 0.010474 -0.010054 0.001215
50290.000000 -0.002601 0.041138 -0.011563 0.008160
50440.000000 0.045170 -0.003810 -0.023398 0.035720
50590.000000 0.033509 0.017602 0.012819 0.004089
50740.000000 0.001519 0.035830 0.001347 0.061555
50890.000000 -0.034741 0.021631 -0.014170 0.056839
51040.000000 -0.015941 0.007722 0.039772 0.051722
51190.000000 -0.036579 0.012029 0.029884 0.006087
51340.000000 -0.006726 0.031561 -0.011704 0.038710
51490.000000 0.001276 0.016251 0.003305 0.029923
51640.000000 0.019937 0.003132 0.021319 0.010351
51790.000000 0.014626 -0.001662 0.040676 0.024545
51940.000000 0.012951 0.016639 -0.002449 0.049546
52090.000000 -0.001012 -0.011141 -0.001617 -0.043057
52240.000000 0.011108 -0.005942 0.003711 -0.026789
52390.000000 0.018353 -0.019892 0.006470 0.027155
52540.000000 0.007289 -0.013762 0.003580 0.037415
52690.000000 -0.004054 -0.010592 -0.003787 -0.000906
52840.000000 0.002365 -0.024573 0.006382 0.015830
52990.000000 0.004051 0.003813 0.014969 0.028468
53140.000000 0.016222 -0.004107 -0.005553 0.010609
53290.000000 0.031182 0.019329 -0.030850 -0.015764
53440.000000 -0.017839 0.012118 0.010745 0.023630
53590.000000 -0.037595 0.011102 -0.018277 0.000287
53740.000000 -0.034969 0.006517 0.010394 -0.004447
53890.000000 0.016227 0.033203 0.015535 0.043281
54040.000000 -0.009977 0.024928 0.011209 0.014592
54190.000000 0.010311 0.031532 -0.006148 0.032774
54340.000000 -0.004738 -0.024305 0.020301 0.006734
54490.000000 0.010426 -0.009518 -0.006492 0.000236
54640.000000 0.029132 -0.014882 0.031411 0.050879
54790.000000 -0.013169 0.013557 0.012909 0.019385
54940.000000 -0.018952 -0.027609 0.017972 -0.003752
55090.000000 0.016615 0.003914 0.020260 -0.010337
55240.000000 0.038729 -0.035180 0.006727 0.039990
55390.000000 -0.006322 -0.007305 -0.000078 -0.001278
55540.000000 0.048710 -0.001132 0.030319 -0.005569
55690.000000 0.005822 0.000150 -0.025921 0.011182
55840.000000 0.004177 -0.039368 0.012892 0.016319
55990.000000 0.026034 -0.036253 -0.005851 0.022558
56140.000000 0.004244 0.028587 0.025931 0.035052
56290.000000 0.007124 0.022030 0.022085 0.024472
56440.000000 0.001251 0.019427 -0.009879 0.009439
56590.000000 -0.014412 0.019223 -0.005318 -0.017654
56740.000000 0.009091 0.017153 -0.017830 0.005130
56890.000000 0.017104 0.031131 -0.033664 0.010075
57040.000000 0.024601 0.029266 -0.004174 0.013801
57190.000000 0.026767 -0.012539 -0.023405 0.029069
57340.000000 0.003189 -0.005999 0.034371 -0.014387
57490.000000 -0.011860 0.004111 -0.018674 0.031034
57640.000000 0.015662 0.023080 -0.029239 -0.012271
57790.000000 0.014913 0.002726 0.002657 0.018026
57940.000000 0.005414 0.007245 0.015827 0.038838
58090.000000 -0.000756 -0.009646 0.007990 0.002088
58240.000000 0.013327 -0.009216 -0.006607 0.027384
58390.000000 0.012434 0.018880 0.001215 0.035921
58540.000000 0.005675 0.011920 -0.017516 0.049215
58690.000000 0.008420 0.028446 -0.040240 0.030499
58840.000000 0.007518 -0.005645 -0.022695 0.019919
58990.000000 -0.001304 0.018174 -0.036050 0.012908
59140.000000 -0.011850 0.007553 0.001890 -0.023271
59290.000000 0.001889 0.033598 -0.027720 -0.004958
59440.000000 0.016881 -0.002023 0.007146 -0.016122
59590.000000 0.000970 0.001962 -0.018102 -0.011812
59740.000000 -0.009901 0.005909 -0.044397 0.011190
59890.000000 0.014556 -0.009620 0.013214 0.019794
60040.000000 -0.007270 0.027967 -0.000499 -0.030948
60190.000000 0.020716 0.023890 0.009238 0.047093
60340.000000 -0.005780 0.001147 0.009986 0.010299
60490.000000 0.023088 0.042981 -0.014291 0.066914
60640.000000 -0.001374 0.050725 -0.019727 0.029526
60790.000000 -0.018746 0.011433 -0.007753 0.002781
60940.000000 -0.011694 -0.003288 0.019145 -0.055617
61090.000000 -0.016249 -0.011631 0.045016 0.040654
61240.000000 0.021220 -0.011242 -0.014228 0.006383
61390.000000 0.011027 -0.003466 -0.023238 0.008787
61540.000000 -0.012202 0.001799 -0.023086 -0.000231
61690.000000 -0.009253 0.001524 0.004720 -0.023787
61840.000000 -0.012404 0.012184 -0.000423 0.045224
61990.000000 -0.042810 -0.019907 0.020260 0.014099
62140.000000 -0.013449 -0.022429 0.014827 -0.012062
62290.000000 -0.026809 -0.042344 -0.000783 0.051529
62440.000000 -0.008143 0.010016 -0.004397 -0.028444
62590.000000 -0.049885 0.021892 -0.005137 0.000300
62740.000000 0.007129 -0.036483 -0.000090 -0.002103
62890.000000 0.030022 -0.038955 -0.005027 -0.006351
63040.000000 0.001710 0.006469 -0.017416 -0.000243
63190.000000 -0.015209 0.001797 0.002776 0.017308
63340.000000 -0.001346 -0.003943 -0.011233 -0.020423
63490.000000 0.003567 -0.008268 -0.035197 0.010185
63640.000000 0.030570 0.016040 0.012198 0.009926
63790.000000 0.010689 0.004761 0.041164 0.023898
63940.000000 -0.019571 -0.007439 0.010758 -0.000790
64090.000000 0.007412 0.025645 -0.003071 0.001418
64240.000000 0.003743 0.011462 0.005451 0.029829
64390.000000 0.006991 0.024785 0.023084 0.008685
64540.000000 -0.014519 0.023050 -0.005843 0.019900
64690.000000 -0.007079 -0.013394 0.016303 0.005134
64840.000000 0.007749 0.022163 0.002911 0.030576
64990.000000 0.040225 0.042072 0.028235 -0.016871
65140.000000 -0.009064 -0.018771 -0.003323 0.014347
65290.000000 0.044226 0.000586 -0.012826 0.000466
65440.000000 0.026286 -0.013797 -0.013858 0.008941
65590.000000 -0.009500 -0.026275 -0.018894 0.045646
65740.000000 0.012338 0.001100 0.001347 0.030214
65890.000000 0.012459 0.030815 -0.027982 0.009847
66040.000000 0.005375 0.027884 0.044687 0.009078
66190.000000 0.037383 -0.010831 0.021686 -0.043338
66340.000000 0.012477 0.031852 -0.023150 0.012677
66490.000000 0.011409 0.010427 -0.025067 0.012689
66640.000000 0.031469 0.015729 0.006128 -0.042377
66790.000000 0.013954 -0.020602 -0.014518 0.004130
66940.000000 0.009785 0.031976 -0.025944 0.022177
67090.000000 0.011447 -0.024246 0.027429 0.034560
67240.000000 -0.006400 0.037396 0.010881 0.003455
67390.000000 0.003284 -0.000957 0.018051 -0.020558
67540.000000 0.009577 0.039345 0.000521 0.033259
67690.000000 0.019709 0.045243 0.050171 -0.002585
67840.000000 0.008500 0.007772 0.032785 0.014581
67990.000000 -0.031733 0.011773 -0.000651 0.023464
68140.000000 -0.008159 -0.001856 0.002115 0.020092
68290.000000 0.019352 0.027617 0.015093 0.030471
68440.000000 0.022082 0.011448 -0.009142 0.036947
68590.000000 0.006208 0.000812 -0.038036 0.002751
68740.000000 -0.012785 0.040806 0.010119 -0.007755
68890.000000 0.017081 0.034738 0.021472 -0.021390
69040.000000 0.007058 0.008241 0.027592 -0.056187
69190.000000 0.005345 -0.046751 0.010038 -0.013012
69340.000000 -0.023864 -0.017042 -0.021905 -0.015597
69490.000000 0.008015 -0.004556 -0.002574 -0.006649
69640.000000 0.021889 0.041459 -0.000425 0.016681
69790.000000 -0.006361 0.006635 -0.033667 -0.011348
69940.000000 -0.016499 0.031036 0.003975 0.008617
70090.000000 -0.019348 0.026836 -0.006515 0.017762
70240.000000 -0.029582 -0.009844 -0.028481 0.007699
70390.000000 -0.017483 -0.004582 -0.005166 -0.000088
70540.000000 0.030911 -0.015110 0.017757 -0.007387
70690.000000 0.020664 -0.026734 -0.020604 -0.000781
70840.000000 0.001985 -0.006844 -0.018855 0.045513
70990.000000 0.013975 -0.004705 -0.006742 0.032310
71140.000000 0.021196 0.018875 0.001618 0.064606
71290.000000 0.009382 0.037974 0.016847 0.009608
71440.000000 0.003883 0.013869 -0.002739 0.053518
71590.000000 -0.035759 -0.009049 0.009493 0.012959
71740.000000 0.012317 -0.000985 -0.024406 0.008722
71890.000000 0.004783 0.001874 -0.026957 -0.037435
72040.000000 0.026333 -0.009713 -0.011906 0.019565
72190.000000 0.023872 -0.025227 0.009726 0.032015
72340.000000 0.017178 -0.007076 0.016330 0.014742
72490.000000 0.023092 0.025048 0.002917 0.020146
72640.000000 0.010324 0.046614 0.001385 0.014910
72790.000000 -0.024579 -0.021622 0.008564 -0.011779
72940.000000 0.004618 -0.014167 -0.033100 0.027964
73090.000000 0.046481 -0.031380 -0.007429 -0.007446
73240.000000 0.040005 0.009046 0.006137 -0.040611
73390.000000 0.030864 0.028533 -0.006538 -0.034479
73540.000000 -0.000509 0.031224 -0.000949 0.034170
73690.000000 -0.022592 0.019460 -0.071851 -0.000474
73840.000000 -0.030214 0.039290 -0.023358 0.027818
73990.000000 -0.000279 0.002379 0.027411 0.006523
74140.000000 0.032840 -0.006692 0.066409 -0.012597
74290.000000 -0.004592 0.002483 -0.025738 0.015866
74440.000000 0.033498 -0.014603 -0.012359 0.022676
74590.000000 0.016323 0.004775 0.013491 0.005066
74740.000000 0.008131 -0.012558 -0.015899 0.017029
74890.000000 0.021506 -0.022848 -0.013562 0.000251
75040.000000 0.012548 -0.006603 -0.021700 0.005767
75190.000000 0.031565 -0.001203 -0.063816 -0.012444
75340.000000 0.013068 -0.013573 0.005997 0.048659
75490.000000 0.003692 0.010409 0.044707 0.003319
75640.000000 0.042062 0.015862 0.016237 0.030555
75790.000000 0.005388 0.016984 -0.040512 -0.000012
75940.000000 -0.001083 -0.019133 -0.026438 0.047338
76090.000000 0.015669 0.030836 -0.036369 -0.035392
76240.000000 0.020028 0.022942 -0.013191 -0.022551
76390.000000 0.022059 0.001773 0.022677 -0.024446
76540.000000 0.045393 0.002829 -0.018823 -0.002127
76690.000000 -0.026000 -0.009562 0.032603 -0.028874
76840.000000 -0.000539 0.025540 -0.023742 0.011701
76990.000000 0.016845 0.033120 -0.001046 -0.001299
77140.000000 -0.011515 -0.029000 0.026854 0.024151
77290.000000 -0.026217 -0.044955 0.013224 0.043224
77440.000000 0.002821 0.000312 -0.035677 0.035301
77590.000000 -0.017059 0.006397 -0.019661 0.006549
77740.000000 -0.004584 -0.033252 -0.029792 0.000733
77890.000000 -0.018778 -0.032794 0.005891 0.026642
78040.000000 0.002214 -0.022574 -0.009143 -0.014778
78190.000000 -0.000489 -0.012753 -0.004520 -0.000978
78340.000000 0.027543 0.013021 -0.014536 -0.010729
78490.000000 -0.006911 -0.029915 -0.011427 0.038366
78640.000000 -0.026149 0.005649 -0.025498 0.036996
78790.000000 -0.007325 0.029190 -0.016528 0.005126
78940.000000 -0.004302 -0.011165 -0.060897 0.031589
79090.000000 0.004759 0.002833 0.024239 0.006428
79240.000000 0.003992 0.015983 0.009391 -0.024864
79390.000000 0.006574 0.007034 0.018335 0.021537
79540.000000 0.019154 -0.019103 -0.010100 0.039122
79690.000000 -0.040615 -0.047893 -0.015912 0.029124
79840.000000 0.002288 -0.005266 -0.000890 0.016336
79990.000000 0.023981 0.017736 0.006157 0.020141
80140.000000 0.035275 -0.022936 0.034644 0.006066
80290.000000 0.042914 0.007310 0.016847 0.046200
80440.000000 -0.003048 0.010257 0.025367 0.019944
80590.000000 0.042391 0.046458 -0.011779 0.010471
80740.000000 0.023670 0.051426 -0.018209 0.047903
80890.000000 0.023264 0.023930 0.004234 0.007975
81040.000000 -0.024030 0.001154 0.073817 0.005851
81190.000000 -0.010506 0.004336 0.003257 0.028607
81340.000000 -0.003790 -0.002447 -0.013690 0.039739
81490.000000 0.014657 0.003148 0.032023 0.044323
81640.000000 -0.027877 -0.039063 0.029975 0.045317
81790.000000 0.026927 -0.007937 0.007563 0.000392
81940.000000 -0.009343 -0.012288 -0.027993 0.013715
82090.000000 0.021488 -0.031955 -0.017662 0.024580
82240.000000 0.039931 0.008886 -0.004620 -0.006347
82390.000000 0.010033 -0.011757 -0.018315 0.009950
82540.000000 -0.002954 0.041412 -0.008511 0.022396
82690.000000 0.011363 0.055817 0.023675 0.002510
82840.000000 -0.008846 -0.002335 -0.019067 0.005003
82990.000000 0.027366 -0.004544 -0.004147 0.025267
83140.000000 -0.002183 0.008226 -0.023918 0.001381
83290.000000 0.008632 0.019195 -0.004606 0.005438
83440.000000 0.028881 0.035235 -0.018660 -0.008024
83590.000000 0.013385 0.022555 -0.023758 0.038623
83740.000000 0.025387 0.014907 -0.026023 0.019350
83890.000000 0.006677 0.036824 -0.016887 0.024791
84040.000000 0.017870 -0.020267 0.009894 0.032048
84190.000000 0.024687 -0.030556 -0.006193 0.042426
84340.000000 0.040347 0.010256 0.022228 0.000646
84490.000000 0.009280 0.016643 -0.080370 0.017048
84640.000000 0.009184 0.012816 -0.016551 0.001978
84790.000000 -0.022689 -0.011925 0.014064 0.019371
84940.000000 -0.019449 -0.023364 0.013188 0.040512
85090.000000 -0.006467 0.029257 0.030136 -0.041456
85240.000000 -0.021585 -0.022130 0.024574 -0.033080
85390.000000 -0.008909 0.020604 0.020320 0.008841
85540.000000 -0.003345 0.001926 0.026290 -0.015282
85690.000000 -0.000804 0.008470 0.014835 0.016777
85840.000000 0.034686 0.014994 0.005187 -0.009523
85990.000000 -0.001733 -0.008649 -0.012085 0.015243
86140.000000 0.029635 0.017951 -0.000274 -0.014198
86290.000000 0.002822 0.002500 0.007909 0.027693
86440.000000 -0.004543 0.006807 0.008036 -0.006827
86590.000000 0.017711 -0.001380 0.024185 -0.004677
86740.000000 0.020247 0.002798 -0.034298 0.008203
86890.000000 0.001590 0.027242 0.012117 -0.007038
87040.000000 0.005473 -0.027254 0.034647 0.024493
87190.000000 0.034993 -0.008570 0.039802 -0.009650
87340.000000 0.018843 -0.000840 0.000529 0.009647
87490.000000 0.048742 0.026613 0.018960 -0.022680
87640.000000 0.015416 0.033362 0.050854 -0.045866
87790.000000 -0.013441 0.021572 0.016754 0.007454
87940.000000 -0.010547 -0.010177 0.026129 -0.025729
88090.000000 0.003443 -0.017248 -0.011704 -0.038224
88240.000000 -0.006310 -0.021835 0.010008 0.026546
88390.000000 0.035148 0.003938 -0.032049 -0.013930
88540.000000 -0.026022 0.016804 0.002253 -0.009650
88690.000000 0.009932 -0.017402 0.013645 -0.000573
88840.000000 0.010555 -0.011452 0.000166 -0.012939
88990.000000 0.009735 -0.025023 0.013967 0.014407
89140.000000 0.015727 0.014551 -0.007450 0.007169
89290.000000 -0.001735 0.012927 0.000734 0.033251
89440.000000 -0.039306 -0.013713 -0.015454 0.003560
89590.000000 0.044707 -0.012671 -0.020521 0.021121
89740.000000 0.019387 0.007089 -0.007234 0.035863
89890.000000 0.002909 0.036933 -0.009652 0.004978
90040.000000 -0.016643 -0.004120 0.002903 0.016958
90190.000000 -0.007621 0.004857 0.057585 -0.016025
90340.000000 -0.001865 0.014710 0.002815 0.014968
90490.000000 -0.002571 0.012673 -0.008464 -0.007474
90640.000000 0.003907 -0.019572 -0.007899 0.010693
90790.000000 -0.015319 -0.036904 0.004552 -0.007816
90940.000000 -0.016834 0.012674 -0.042150 -0.010883
91090.000000 0.007018 0.027481 -0.000066 0.004243
91240.000000 0.002281 -0.006864 -0.019314 0.009445
91390.000000 -0.003809 0.034191 -0.018129 0.002259
91540.000000 -0.006622 -0.001429 -0.015524 0.002058
91690.000000 -0.009555 -0.022100 -0.003096 -0.013399
91840.000000 0.007940 -0.012177 0.021139 0.015705
91990.000000 0.037593 -0.000601 -0.009012 -0.003165
92140.000000 0.014056 -0.016781 0.011641 0.039915
92290.000000 0.017609 0.005905 -0.021344 0.010700
92440.000000 0.045605 0.014700 0.030478 0.021983
92590.000000 0.028692 0.016964 0.007426 0.007116
92740.000000 -0.011845 -0.001695 0.035747 0.004764
92890.000000 -0.002362 0.007535 0.008272 0.008113
93040.000000 -0.001911 0.026730 0.009759 0.002490
93190.000000 -0.003567 -0.003445 0.023368 -0.003823
93340.000000 0.012996 -0.007072 0.003786 0.025191
93490.000000 -0.002253 0.012871 0.030912 0.015116
93640.000000 -0.038209 -0.017241 0.000545 -0.034913
93790.000000 -0.002280 0.008514 0.005590 0.017220
93940.000000 -0.018651 -0.019043 -0.006368 0.001620
94090.000000 0.051243 0.004857 -0.035081 0.003919
94240.000000 -0.011324 0.012961 -0.003856 0.006413
94390.000000 0.011501 0.018508 -0.004127 0.024235
94540.000000 -0.012031 0.021582 0.007480 0.019261
94690.000000 0.000095 0.013909 -0.027547 -0.020968
94840.000000 0.018707 -0.014798 0.023669 0.013614
94990.000000 -0.008176 0.006786 0.019928 0.000931
95140.000000 0.020990 -0.011611 0.024444 -0.000318
95290.000000 0.011180 0.011540 0.044276 0.001713
95440.000000 0.009899 0.019001 -0.029102 -0.006057
95590.000000 -0.023787 0.023084 0.027193 -0.022649
95740.000000 -0.002868 -0.025216 -0.046262 0.011397
95890.000000 0.020659 0.007230 0.038313 0.012516
96040.000000 0.022752 0.048952 0.002766 0.008794
96190.000000 0.022011 0.013808 0.014007 0.045124
96340.000000 -0.017089 0.017020 0.031523 0.029421
96490.000000 0.019634 -0.008918 -0.011177 -0.028617
96640.000000 0.017394 0.009865 0.013185 -0.001489
96790.000000 0.010759 0.012031 0.026454 -0.008833
96940.000000 -0.009656 0.004143 0.007332 0.008686
97090.000000 0.022121 0.015403 0.009630 0.034497
97240.000000 0.032931 0.000150 0.013387 0.020147
97390.000000 0.016974 0.049418 -0.005774 -0.016188
97540.000000 0.044976 -0.014299 -0.004010 -0.026309
97690.000000 0.003791 -0.002059 0.015670 0.010340
97840.000000 0.004154 0.005818 0.047173 0.026838
97990.000000 0.027403 -0.033144 0.060569 -0.010476
98140.000000 0.002226 0.011265 0.013491 0.032033
98290.000000 0.022092 -0.025943 -0.009760 0.014948
98440.000000 0.017862 -0.017703 -0.021067 -0.006946
98590.000000 -0.014752 -0.012545 0.014512 0.033736
98740.000000 -0.007080 -0.015777 0.004363 -0.021069
98890.000000 -0.023609 -0.038822 -0.001339 0.006882
99040.000000 0.017887 0.017323 0.002189 0.003398
99190.000000 -0.004382 -0.009249 -0.029585 0.028055
99340.000000 0.004980 0.003086 0.036463 -0.046779
99490.000000 0.033009 -0.000814 0.020047 -0.022202
99640.000000 0.027444 -0.029472 -0.027761 0.021121
99790.000000 -0.001991 0.035256 -0.013831 0.023240
99940.000000 -0.004390 -0.023936 -0.040209 0.000238
