1.910613
1.073575
0.805679
0.402755
0.236884
0.373328
0.206405
0.224001
0.149792
0.202237
0.316682
0.270101
0.267027
0.239138
0.185979
0.169120
0.291284
0.231179
0.231025
0.252434
0.269890
0.167234
0.225289
0.221888
0.202033
0.162631
0.015507
0.049721
0.023000
0.092500
0.157158
0.195083
0.180604
0.160533
0.047836
0.192301
0.120175
0.103199
0.187370
-0.005725
0.138899
0.010206
0.054397
0.123828
0.021569
0.048707
0.070571
0.085133
0.051931
0.119963
0.098244
0.039581
0.081737
0.180117
0.185628
0.157443
0.206585
0.100497
0.146952
0.121151
0.085187
0.061516
0.119142
0.070959
0.038835
0.099439
0.091018
0.058691
0.122954
0.104775
0.088708
0.052768
-0.002599
-0.020431
0.110192
0.180737
0.091591
0.195402
0.166698
0.103159
0.144510
0.111550
0.173760
0.168295
0.110930
0.155166
0.161069
0.056051
0.072203
0.084908
0.054958
0.037823
0.082623
0.066736
0.116993
0.005348
0.088582
0.035192
0.020806
0.060402
0.087455
0.100476
0.037879
0.080749
0.065866
-0.048625
0.015257
0.022798
0.060311
0.041575
0.111967
0.165880
0.170019
0.101325
0.160318
0.048063
0.087408
0.125110
0.142563
0.105418
-0.008378
0.036141
0.099998
0.051679
0.041222
0.106407
0.106868
0.027533
0.045638
0.067640
0.038402
0.187237
0.071660
0.014482
0.058727
0.017509
-0.074374
-0.011410
0.031182
0.025183
-0.054723
0.044319
0.011794
0.127700
0.052669
0.083139
0.015887
0.050254
0.051162
-0.054259
-0.009224
0.000929
0.122469
0.022773
0.003732
-0.038372
0.017098
0.061307
0.052107
0.075050
0.010404
-0.038237
-0.027712
-0.055698
-0.129259
0.069220
-0.011453
-0.084972
0.006488
0.054195
0.058970
-0.072213
-0.003106
0.033480
0.014154
-0.001718
0.010816
-0.052433
0.011267
0.031060
0.017047
-0.007316
-0.013770
0.059712
0.037739
0.070443
0.025710
0.017440
0.010113
0.004451
-0.030841
-0.085509
-0.057111
0.012608
-0.086497
-0.126120
-0.022821
-0.031357
-0.037724
0.030415
0.065322
-0.007463
-0.055747
0.050235
0.037318
-0.038027
0.008601
-0.014748
0.054833
-0.040070
0.092865
0.173690
0.153427
0.135355
-0.028524
0.038244
-0.040201
-0.010587
-0.033505
0.067460
0.095279
0.046363
-0.033197
-0.012123
0.009276
0.079470
0.020288
0.044632
0.025945
0.112668
0.083693
0.071179
0.099281
0.063430
-0.039134
0.015828
0.041192
0.074534
0.083808
0.056828
-0.014884
0.067752
0.117739
0.112678
0.112190
0.134244
0.046739
-0.046761
0.077501
0.096052
0.099675
0.114525
0.099904
0.125299
0.071661
-0.012792
0.042032
0.011849
0.084147
-0.005430
-0.025083
0.055411
0.062448
0.115315
0.056924
0.005887
0.032837
-0.007153
0.024036
0.040499
-0.068557
-0.036655
-0.025482
-0.082746
0.074328
0.010431
0.004090
-0.073749
-0.022442
0.075064
0.015545
0.051612
-0.041227
-0.033517
0.031247
-0.032146
0.031517
0.015215
0.043599
0.103822
0.154935
0.010163
0.089365
0.055308
-0.056969
-0.020614
0.039538
0.015007
-0.032686
0.087845
0.042021
0.156861
0.064614
0.083918
0.081851
0.070345
0.138029
0.104904
0.045001
0.082208
-0.009382
0.002404
0.068023
0.033897
0.148129
0.067862
0.054875
0.054439
0.048914
0.074902
0.205899
0.133903
0.097270
0.062138
0.047994
0.077212
-0.032536
0.085972
0.103604
0.058467
0.069081
0.043288
0.124529
0.097523
-0.007548
0.047446
0.070019
0.027861
0.012287
0.000403
-0.060558
-0.090950
-0.068146
-0.053817
-0.079906
-0.049679
0.036670
0.035388
0.060710
0.039246
-0.028989
-0.087174
-0.060240
0.030062
0.007465
0.042806
0.023508
-0.032475
-0.015181
0.013248
0.030383
-0.027178
0.035736
0.037414
-0.006220
0.063995
0.037373
0.052669
0.028308
-0.053537
0.086947
0.136105
0.102411
0.000952
-0.002883
-0.003321
0.000669
0.005877
0.057057
0.016402
0.052474
0.076809
0.102284
0.014114
0.042466
0.074287
0.105816
0.062798
0.021499
0.045677
0.055407
-0.014416
-0.040452
0.024425
0.068117
0.003264
-0.014758
0.111781
0.054719
0.008662
0.099437
0.014433
0.014726
0.059426
0.059606
0.057105
0.004323
0.044081
0.065801
0.055850
0.088719
0.037460
0.039409
0.054091
0.034015
-0.016795
-0.013547
0.008998
0.016316
0.017945
-0.086749
0.040628
-0.064960
-0.039523
-0.037650
-0.099277
0.080348
0.022825
-0.019100
0.060246
0.028443
0.076473
0.151090
0.095788
0.069954
0.097829
0.042879
0.037394
0.073093
0.004448
-0.004520
-0.044880
0.004600
0.079558
0.058769
0.114445
0.007332
0.058458
-0.055473
-0.056646
-0.062897
0.001408
0.017793
-0.033176
-0.092680
-0.006982
0.054524
0.043539
0.112795
0.103541
0.034667
0.068867
0.013385
-0.037814
0.031337
0.052114
0.193972
0.102506
0.161462
0.081219
0.130592
0.056797
0.032442
0.035059
0.075432
-0.024208
-0.092431
0.015945
0.088469
0.067971
0.113907
0.121493
-0.043776
0.013394
-0.049181
-0.012032
0.001744
-0.010034
0.023197
0.027302
0.045191
-0.005859
-0.023051
-0.002128
0.027224
0.048987
0.027992
0.003652
0.071750
0.017914
0.058788
0.058631
0.032283
0.111574
0.108647
0.109814
-0.053544
0.022254
0.023407
0.028229
0.040059
0.014367
0.071495
0.073593
-0.023952
0.086634
-0.014762
0.088922
0.097468
0.045834
0.116922
-0.026496
0.021816
0.098410
0.038751
0.042647
0.076120
0.076882
0.080169
0.094852
0.135895
0.102371
-0.076301
-0.047148
0.034961
-0.055904
-0.010861
-0.011632
-0.060944
-0.056114
0.017556
0.054889
0.111847
0.024720
0.000711
0.007814
-0.010905
-0.014083
0.061686
0.086412
0.001566
0.080061
0.121280
0.070716
0.001941
0.066661
0.088920
0.091074
0.048165
0.120874
-0.026264
0.037711
0.032612
-0.058514
-0.022744
-0.191416
-0.050262
0.038499
-0.037711
-0.034569
0.006157
-0.012931
0.045209
-0.017739
-0.099726
0.005232
0.046131
-0.003992
0.008864
-0.012520
-0.056926
0.015666
0.013152
0.023606
0.099911
-0.051061
-0.014328
0.096534
0.006432
-0.021280
0.088284
0.029650
-0.016395
-0.037906
-0.055593
-0.020011
0.052134
0.089117
0.180582
-0.006364
0.029781
0.030109
-0.039138
-0.005183
0.040834
0.026931
-0.064956
0.126944
0.112895
0.066091
0.059863
0.151987
0.043153
-0.012841
0.001884
0.016510
0.068852
0.056814
0.026514
0.100047
0.088997
0.078577
-0.048695
0.039936
0.001293
-0.013071
0.068235
0.060386
-0.029961
-0.035001
0.021422
0.060170
0.072905
-0.056377
0.008505
-0.082773
-0.002612
0.003176
-0.017439
-0.000734
-0.011739
0.035836
-0.024228
0.014650
0.098088
0.098651
-0.040163
0.069868
0.094725
0.015222
0.055530
0.116803
-0.011531
0.032695
0.061642
0.022931
-0.007113
0.013919
0.075545
0.034936
0.015513
-0.063303
-0.051324
0.064264
0.046752
0.049895
0.026996
-0.013026
-0.040848
-0.077266
0.003123
-0.015413
0.046939
0.016183
-0.008734
0.051130
-0.016367
0.020087
0.074427
-0.123030
-0.045572
-0.040271
-0.018461
-0.034643
-0.044113
0.064970
-0.040695
0.002235
-0.073483
-0.029248
-0.024528
-0.051573
-0.016217
0.115536
0.070752
-0.031121
-0.011381
-0.031140
-0.007522
-0.048892
0.068162
0.066492
0.097048
0.008641
-0.044731
0.033099
0.009329
0.044990
0.042829
0.094354
0.045019
0.061324
0.045177
-0.017084
0.030153
0.004159
-0.010090
0.004608
-0.094945
0.045245
-0.047545
0.059464
0.014708
0.022958
0.108981
0.012317
0.021825
0.043051
-0.012642
0.019389
0.090621
-0.067752
0.028538
-0.020136
0.028527
0.030239
0.074720
0.109381
0.072148
0.034723
0.036226
0.019333
0.008852
0.076781
-0.039360
0.070480
0.127300
0.099389
0.039117
0.077203
0.040024
0.118171
0.047654
-0.000560
-0.031670
-0.039826
0.054326
0.083884
-0.019728
-0.071952
-0.037535
-0.045432
-0.066665
0.010566
0.045569
0.006077
0.041283
0.025264
0.102730
0.033174
0.005116
-0.022368
0.088977
0.022199
0.001699
0.036966
0.017543
0.047137
0.038547
0.054875
0.077424
0.042914
0.134002
0.060183
-0.008242
0.022816
0.058429
0.009875
-0.015506
0.107298
0.124703
0.067574
-0.011794
-0.018084
0.033908
0.077239
0.038505
0.089857
0.032139
0.026303
0.024804
-0.075656
-0.002088
-0.034637
0.001876
-0.052062
-0.101909
-0.050659
0.008274
0.102746
0.014252
-0.056689
0.030211
-0.053581
0.050880
0.065295
-0.039026
0.050801
0.077590
-0.035246
0.064212
0.125926
0.102670
-0.033764
0.135145
0.112417
0.105788
0.069223
-0.079241
-0.007318
0.019641
0.053794
-0.037762
0.051164
0.078276
0.051278
0.016181
-0.061803
-0.122229
-0.062232
-0.055696
-0.031728
0.040780
0.048410
0.051480
0.044202
0.083379
0.035736
-0.049059
0.008471
0.053157
0.102061
0.038268
0.094436
0.070875
0.035637
0.043523
0.027364
0.089585
0.024693
0.008587
0.047881
0.150157
0.103530
0.097886
0.069194
0.033752
0.025732
-0.028188
0.028170
0.016469
0.003058
0.006681
0.003252
0.061614
-0.008243
-0.061520
-0.032229
0.037263
0.046215
0.019248
-0.060374
-0.023502
0.016219
0.081578
-0.009982
0.016824
0.001730
-0.048902
-0.065324
-0.037908
0.002816
0.014203
0.001887
-0.102419
-0.017769
-0.056079
-0.116033
-0.023106
0.042788
0.041067
-0.008218
0.027692
0.045538
-0.000161
-0.044867
0.003705
0.076188
-0.022696
0.082919
-0.008868
0.016830
0.053665
0.022900
-0.011735
0.000071
0.000587
-0.020258
0.070730
0.070686
-0.006407
0.059586
0.095962
-0.002778
0.087580
0.116372
0.019149
0.096083
-0.027036
-0.091877
-0.000497
-0.075012
0.073277
0.041177
0.059844
0.071078
0.007179
0.019608
0.113319
-0.003376
0.068736
-0.051103
-0.022207
0.065945
0.053407
0.059033
0.084201
0.084198
0.032192
0.081074
0.034567
-0.001806
0.020220
0.007770
0.041349
-0.024998
0.002022
0.080185
0.037423
0.105767
0.133574
0.036298
0.083701
-0.016583
-0.084712
0.018778
-0.071069
-0.027060
-0.026308
0.028619
0.050908
-0.033415
-0.015519
-0.042334
-0.013248
-0.001523
-0.011354
0.129262
0.028636
-0.013802
0.072686
-0.000536
-0.035125
0.038501
0.028231
-0.084442
0.019418
0.095511
0.115674
0.054366
0.030358
0.013044
-0.009360
-0.031238
-0.031342
-0.063635
0.002243
-0.010303
-0.027671
0.087066
0.036144
-0.082857
-0.118614
-0.056020
-0.024536
0.004212
0.169775
0.045306
0.035558
0.022296
0.003308
0.081945
0.003293
-0.082387
0.000998
-0.043632
0.038164
0.089070
-0.011181
0.003271
0.065575
-0.050131
0.011081
0.016303
0.074416
0.087900
-0.037798
0.001198
0.017720
0.008905
0.028397
-0.067631
-0.012688
0.100744
0.053716
0.067374
0.153516
0.116297
0.086077
0.094082
-0.018606
-0.036094
0.040786
0.016380
0.057342
-0.020275
0.055050
0.068647
0.033839
0.081463
0.063089
0.089000
0.069866
0.026170
0.010848
0.014111
0.147596
0.027140
-0.040053
-0.129051
-0.084234
0.005207
-0.076180
0.056519
0.061992
0.075886
0.002900
0.037935
0.016765
-0.011159
0.103925
0.057201
0.063654
-0.007394
0.005754
0.136535
0.028973
0.041977
0.075871
0.055597
0.040933
0.068525
0.038085
0.068237
0.059489
0.034009
0.094947
0.090446
0.040199
0.020058
0.038565
-0.011538
0.073330
0.012110
0.028773
-0.091099
-0.011400
0.134173
0.090029
0.057357
0.031414
-0.011215
0.063125
0.105861
0.007987
0.007846
0.034764
0.044635
0.048845
0.118453
0.075584
0.043901
-0.001472
-0.022178
0.041793
0.071903
0.070332
0.062800
0.041850
0.031927
-0.024834
0.060989
-0.007079
-0.001725
0.037168
0.030071
-0.001737
0.039299
-0.002777
0.047097
0.129226
0.070819
0.038986
0.083360
0.031863
0.000916
-0.013148
0.075661
0.136179
0.068517
0.038878
-0.087259
0.085675
0.055618
-0.011264
0.094406
0.095836
0.042102
0.075665
-0.069578
0.012457
0.006990
0.018740
-0.009357
0.066957
-0.001599
0.048622
-0.002266
-0.009689
0.025363
-0.082032
0.062104
0.020247
0.050257
0.022112
0.026949
0.075144
0.086321
0.139480
0.058751
0.092322
0.048387
-0.040150
-0.006727
0.066694
0.012418
0.049966
0.092187
0.010161
-0.124460
0.060084
0.007127
0.026274
0.080646
0.086867
0.070349
0.013977
0.033805
-0.052709
0.041371
0.061699
0.039134
0.020371
-0.034155
0.063924
-0.048673
0.029754
0.109648
-0.054450
0.020621
-0.037142
0.038140
-0.019638
0.020496
-0.007235
-0.021420
0.043152
0.037276
0.086530
0.111944
0.044624
0.013138
0.025360
-0.071040
-0.048925
-0.010497
0.046175
0.083340
0.076418
-0.053574
-0.032708
0.035916
-0.036699
0.008406
-0.014481
-0.010209
-0.060849
0.003688
-0.020976
0.017849
-0.014915
-0.014680
-0.017101
-0.037149
-0.022728
0.048820
-0.062966
-0.118493
-0.059525
-0.069823
0.009133
-0.010643
-0.031334
-0.011231
0.047308
0.097525
-0.002228
0.101337
-0.022961
-0.002662
0.021796
-0.020954
-0.021872
0.002192
0.074566
0.053800
0.021160
0.034808
0.020901
-0.079104
0.031078
0.041752
-0.021957
-0.010107
0.002367
0.077842
0.053383
-0.031257
0.010365
-0.045262
-0.062388
0.047149
0.038052
0.084642
0.123693
0.073020
-0.024402
0.020507
0.000438
-0.021078
-0.073033
-0.004991
-0.089147
-0.092021
-0.051003
-0.021428
-0.106587
-0.003053
-0.040903
-0.077610
-0.032443
0.012841
-0.129417
-0.037303
-0.058676
-0.104384
-0.011501
0.008201
0.105445
0.065858
0.044004
-0.007322
-0.082709
0.041602
0.005687
0.082711
0.061022
-0.029529
0.008193
0.045988
0.039892
0.008068
0.085765
0.101071
0.015405
0.094538
0.050533
0.015784
0.061107
0.085102
0.037202
0.094643
-0.027419
0.063475
0.186082
0.065012
0.100616
0.017103
0.170764
0.039020
-0.017552
0.087981
-0.011758
0.030651
0.068487
0.046997
0.029829
0.023626
0.013258
0.052681
0.056346
-0.006260
-0.045028
-0.011180
-0.054976
-0.005307
0.003632
-0.021729
0.062584
-0.040400
0.002601
0.068524
-0.016598
0.067900
0.119553
0.053391
0.060856
0.038949
0.030373
0.015356
-0.009246
0.057775
0.145508
0.082451
0.079726
-0.005572
-0.005244
0.049467
-0.055303
-0.034176
0.007764
0.026944
0.137066
0.182845
0.137706
0.090363
-0.031229
-0.031260
-0.003429
-0.019946
0.055949
0.090597
0.063367
0.055346
0.017826
0.072938
0.076255
0.105719
0.067279
0.046785
0.176332
0.139398
-0.045225
-0.029055
0.021297
0.107889
-0.003861
0.058627
0.065965
0.017359
0.109319
-0.029248
0.029390
0.060083
0.048478
-0.053616
-0.052952
0.008999
-0.035251
-0.027526
0.054137
0.023051
0.065748
0.110495
0.094649
0.086547
0.018065
0.048022
-0.006170
0.012894
0.003782
0.081340
0.038926
0.034411
0.025190
0.085829
0.058020
0.075781
0.125609
0.096470
0.077401
0.057294
0.057705
0.054669
-0.074495
-0.058867
0.056853
-0.025289
-0.031155
-0.044216
0.022367
0.062624
0.100480
0.086635
-0.001782
-0.035796
0.011508
0.001722
-0.048757
0.125592
0.109611
0.022317
0.119498
0.056294
-0.015635
0.087222
0.058276
0.096925
0.039259
-0.041064
-0.013882
0.166290
-0.014177
0.058237
0.100445
0.124816
0.071526
-0.005533
0.069770
0.158027
0.057383
0.083421
0.186152
0.008864
-0.066077
-0.065584
-0.041843
-0.071831
-0.037677
-0.048711
-0.030196
0.002610
0.053765
0.129200
0.014454
0.014680
-0.057482
-0.020734
0.021051
0.004453
0.028454
0.081228
0.086834
0.061851
-0.039876
-0.031393
0.027474
0.027331
-0.048255
0.076680
0.051164
-0.011263
-0.023246
-0.035622
0.059503
0.086324
0.046854
0.021893
0.016953
0.126063
0.105741
-0.042519
-0.008511
0.080064
0.086118
0.093408
0.131670
0.047409
0.084075
0.082376
0.086153
0.170839
0.063165
0.022801
0.139099
0.039367
0.027623
-0.002330
-0.046836
-0.070651
0.044491
-0.030550
-0.123137
-0.086848
0.017913
0.063242
-0.020605
-0.004069
-0.017623
0.081778
-0.021052
-0.073093
0.022068
0.030087
-0.043043
-0.020907
0.089126
0.071957
0.105930
0.088971
0.085528
0.078569
0.116091
0.080062
-0.009789
-0.045338
0.021489
0.011057
0.019958
-0.037629
0.057616
-0.026293
0.030674
0.174011
0.108173
0.081986
0.056337
0.048089
-0.020483
-0.046783
-0.036091
0.005269
0.031505
0.174653
0.097795
-0.017265
-0.004972
0.018647
0.051715
0.045436
0.008962
0.023279
0.082731
0.051524
0.049719
0.077059
0.103698
0.131470
0.163139
0.115459
0.013532
0.005344
0.008062
0.032582
-0.008648
0.011885
0.006598
0.082276
0.074066
0.013685
0.043199
0.051141
0.033704
-0.045364
0.001546
0.031832
0.025005
0.039207
0.046227
0.053349
0.057546
-0.022092
-0.051881
0.016794
0.012599
0.035988
0.075102
0.118434
0.134623
0.076627
0.079396
-0.032174
-0.044156
-0.005355
0.120604
0.097600
0.011470
0.029200
-0.040494
-0.031346
0.088715
0.018045
0.017827
-0.006661
-0.041955
-0.079567
-0.006425
-0.027509
-0.100571
-0.003216
-0.109009
-0.083809
0.032225
-0.119414
0.058689
0.062608
-0.015930
0.034802
-0.055961
-0.037697
0.055754
-0.020206
-0.078926
-0.066026
-0.103521
-0.011592
0.015365
-0.007151
-0.046689
-0.059778
-0.012715
0.077345
0.088241
0.047432
0.061489
0.038650
-0.020081
0.023605
-0.039922
0.023144
0.085296
-0.078228
-0.033206
-0.058870
-0.045056
-0.007782
0.064324
0.006184
-0.121254
-0.011359
-0.025509
-0.006802
0.009402
-0.027174
-0.000992
0.002923
0.010116
-0.069604
-0.082186
-0.047549
-0.056167
0.003286
0.057565
-0.058829
0.011397
0.048914
-0.000086
-0.047247
-0.054660
-0.007281
0.053282
0.069000
0.029440
0.015896
-0.012235
-0.025317
-0.040939
0.008930
-0.006257
-0.006351
0.112986
-0.013529
0.037149
-0.096878
-0.099329
-0.024435
0.091676
0.075418
-0.003247
0.064139
0.055192
0.015506
0.075075
-0.012584
0.046896
0.061068
0.004717
0.016402
0.067239
0.017064
0.022227
0.024508
0.022215
0.058856
0.054238
0.059161
-0.097841
0.047168
0.047167
0.111202
0.026685
0.035413
-0.030724
0.061213
-0.013110
0.009085
0.019272
-0.109193
-0.026776
0.008926
0.008181
-0.060584
-0.058076
0.055118
0.066085
0.005487
0.032145
-0.026244
0.012091
-0.040499
0.049488
0.033956
0.042655
0.047673
-0.036580
-0.124240
-0.014535
-0.052001
0.002209
0.025256
-0.025533
0.031329
-0.016408
-0.037305
0.043572
0.034046
0.005087
0.074148
0.054341
0.099504
0.201138
0.182349
0.063675
0.006099
0.039462
0.023611
0.067192
0.113851
0.078758
0.053499
0.047644
-0.046862
0.024828
0.086030
0.026764
0.004777
0.049173
0.067289
0.024589
0.050483
0.048314
0.081011
0.081315
-0.031127
-0.035603
-0.015114
-0.116635
0.009710
0.024088
0.001036
0.005962
0.071854
0.043648
0.049054
-0.035756
-0.002747
0.037469
-0.053213
0.029838
0.003498
0.026114
-0.016978
-0.065140
-0.084372
-0.100711
0.044601
0.016823
-0.028771
-0.019732
0.113844
-0.029454
0.030579
0.016303
0.062015
-0.075483
0.003294
-0.058909
-0.127588
-0.111352
-0.087312
0.005026
0.067746
0.113367
0.055308
0.110535
0.051194
0.036091
-0.009129
0.092248
0.070367
0.053022
0.018893
0.075022
0.109746
-0.044004
0.030545
-0.090941
-0.014112
-0.027555
0.004648
-0.078872
-0.063887
0.004305
-0.044951
0.036219
-0.027418
0.020842
0.016735
0.004824
-0.011943
0.043096
0.024590
0.004531
0.058468
0.037541
-0.032751
-0.006043
0.052243
0.003704
0.064608
-0.079484
-0.019257
-0.060312
-0.018134
0.116165
0.142046
0.023515
0.024185
-0.011090
-0.026340
0.028608
-0.036620
-0.039338
0.007880
0.056112
0.023165
0.031651
0.040520
-0.013546
0.047891
0.171883
0.121414
0.094729
0.103851
0.088440
0.023200
-0.013677
0.062424
-0.013142
0.026600
0.047567
0.052024
-0.059383
0.055312
0.036222
0.133436
0.111670
0.064365
0.017698
-0.034586
-0.057409
-0.065651
-0.056785
0.034281
-0.149685
-0.042287
0.049774
-0.008103
0.014863
0.054286
0.047311
0.058784
-0.055301
-0.069770
-0.082731
0.035377
-0.035611
0.018181
-0.019586
0.006757
0.054660
-0.043115
0.028586
0.037001
0.115945
0.066953
0.093199
-0.011505
0.085403
0.027984
0.010069
0.092838
0.040095
-0.034133
0.000467
0.024005
0.055726
0.020279
0.035051
0.076933
0.030727
-0.069877
-0.058232
0.076537
-0.021857
0.010330
-0.039106
-0.107573
-0.094873
-0.037829
-0.055648
-0.033993
-0.003709
0.022904
-0.023419
-0.012534
0.000423
0.009680
0.003056
0.051941
0.021584
0.057303
0.007851
0.114636
-0.032527
0.044351
0.034755
-0.068852
-0.082392
0.032271
-0.010915
-0.022589
0.070178
0.044659
0.069279
0.047165
0.023913
0.033595
0.040307
-0.020318
0.022363
0.013774
-0.009682
0.043502
0.059662
0.031853
0.112094
0.005959
0.006164
-0.053719
-0.040855
0.045552
0.069354
0.003665
0.084221
-0.005981
-0.090956
0.069811
0.049518
0.156365
0.011246
-0.101634
0.014332
0.009878
0.002417
-0.007566
-0.063709
-0.113789
-0.117794
-0.096276
-0.034872
-0.024544
0.039229
0.005881
0.045872
-0.013495
-0.044800
-0.012053
0.010009
0.079209
0.036240
-0.018936
0.005304
0.041943
0.011496
-0.079771
-0.059232
-0.031102
0.029972
0.033987
-0.005663
0.023205
-0.031871
0.030587
0.057583
-0.021444
0.011499
-0.041581
0.015168
-0.041849
-0.086765
-0.125211
0.016401
0.046654
-0.057408
-0.044258
-0.043070
0.023154
0.019694
0.062200
0.048582
-0.045700
-0.038710
0.012580
0.050053
0.023739
-0.012218
0.014653
0.001035
0.039250
0.027224
0.042714
0.072664
0.021571
0.038065
0.169347
0.099323
0.008099
-0.013892
0.004050
-0.026092
-0.020180
0.043933
0.050923
-0.001679
0.005315
-0.054537
-0.063383
-0.020637
-0.065297
-0.036708
-0.041667
0.044833
0.107727
0.001206
0.001147
0.011634
0.029030
0.050880
0.020142
-0.004721
0.004457
0.056706
0.014823
0.068750
0.050267
0.113776
0.046480
0.081647
0.070038
0.050113
0.027483
0.097914
0.019303
0.016909
0.049813
0.123037
0.024175
-0.013772
-0.017027
0.055747
0.023089
0.073883
0.070614
0.019682
-0.032033
0.050148
0.050723
0.062251
0.113650
0.056284
0.081381
-0.009680
0.002780
0.027018
-0.023608
0.050571
-0.037971
0.037308
0.039913
-0.005738
0.016408
-0.025121
0.019948
-0.017491
-0.025043
0.144522
0.031819
0.028882
-0.002903
-0.002922
-0.012959
0.004847
-0.002905
0.141653
0.003575
-0.007394
0.063509
-0.043112
-0.036088
0.105654
0.050167
0.054946
0.093441
0.069944
0.080065
0.046001
-0.032833
0.162665
0.060854
-0.021372
0.069711
0.095789
-0.014230
0.033487
0.085805
0.101145
0.034250
0.077122
0.118376
0.030986
0.003567
-0.016781
-0.037618
0.017459
0.036629
0.037853
0.108708
0.110840
0.025018
0.026202
0.001490
0.012497
-0.076742
-0.031951
-0.018691
0.001876
0.061654
0.084380
0.062905
0.008696
-0.034874
-0.007752
-0.049673
0.077588
-0.023655
0.035441
0.022011
-0.026043
0.134848
0.021446
0.013969
0.006431
0.059820
0.113154
0.090404
0.037095
0.035264
0.049890
0.093438
0.064034
-0.035928
-0.018428
0.034845
0.078030
0.019075
-0.000102
0.069608
0.091808
0.063796
-0.041431
-0.086615
-0.085989
-0.095623
-0.002395
0.011322
0.009095
-0.036713
-0.044085
0.048817
0.070207
0.050957
0.021446
0.017772
0.013682
-0.034149
0.006216
0.027614
-0.031027
0.003907
0.075138
-0.010787
-0.061994
0.064614
-0.036405
-0.024640
0.076292
0.062148
0.083945
0.024736
0.126889
0.056338
0.008500
-0.010062
0.051444
-0.027575
0.023979
-0.047855
0.004074
0.045260
0.054627
0.026222
0.065480
0.051166
-0.043333
0.033897
0.004209
-0.062875
0.070514
0.018257
-0.010320
0.053514
0.123933
0.062842
0.157439
0.068264
0.093381
0.015527
0.048303
0.039598
0.027630
-0.019087
-0.050927
0.034443
0.069475
0.137506
-0.031544
-0.000501
0.064100
0.038870
0.052642
-0.033853
-0.025820
-0.077537
-0.042122
-0.023366
-0.032164
0.015679
0.020689
-0.003609
-0.016739
-0.004028
0.026622
0.063338
0.147030
0.007872
0.066640
0.040511
0.029930
0.028584
0.030683
0.066404
0.006737
-0.005370
-0.049046
-0.083415
-0.041177
-0.078558
0.002596
0.016644
0.012894
0.028648
-0.011844
0.022377
0.015946
-0.016886
0.016422
0.016360
-0.019902
-0.001658
-0.007428
0.033333
-0.044341
-0.016510
0.023238
0.005608
0.033109
0.077562
0.111046
0.040621
-0.084981
0.003576
0.067370
0.013659
0.108243
0.054040
0.017536
0.097639
0.000225
-0.052254
-0.062718
-0.043994
0.008219
0.001454
0.021141
-0.035626
-0.048755
-0.020430
0.065357
0.118883
0.035811
0.073248
-0.034613
-0.046281
0.015943
0.038391
-0.007781
0.064992
0.057027
0.007070
0.038917
0.049758
0.077868
0.112854
0.033050
-0.015225
-0.033855
0.019622
-0.058908
-0.064823
-0.013767
0.017585
-0.023311
0.017269
-0.045734
-0.090947
-0.074916
0.028122
0.098931
0.015960
-0.069878
0.002367
0.106915
0.062004
0.100916
0.058447
0.010130
0.062159
0.121919
0.059536
0.066123
-0.005138
-0.003236
0.037195
0.017442
0.023291
0.027388
-0.013702
-0.041215
-0.028790
0.041823
0.087991
0.075440
0.041429
0.128406
0.117036
0.047315
0.055980
0.081684
0.033773
0.042963
0.062307
0.100700
0.113261
0.015848
0.020640
0.048444
-0.028014
-0.001173
-0.030131
-0.019979
-0.003051
-0.020867
0.016615
-0.039122
-0.058294
0.055895
0.105577
0.050273
0.042301
0.012196
-0.036754
-0.049845
-0.007571
-0.030607
0.027909
0.008606
0.026802
-0.001814
-0.026931
0.010735
-0.013738
-0.020794
0.019521
0.013178
-0.031043
-0.091569
-0.071948
-0.094394
-0.044999
-0.007318
0.061363
0.052593
0.045347
0.032773
0.015489
0.052967
-0.007356
-0.046673
-0.102619
-0.036698
0.062138
0.031062
0.057196
-0.054654
-0.075396
-0.039696
0.002650
-0.052929
0.084413
0.047990
-0.054241
0.097698
0.050573
0.104877
0.117053
0.002179
0.076533
0.060411
-0.035841
-0.027164
0.024868
-0.015218
-0.075410
-0.063489
-0.047681
0.008077
-0.026755
0.035838
-0.032959
0.058714
-0.115428
-0.051040
0.102031
0.030739
0.047156
0.005827
-0.000487
0.048964
0.029419
-0.005759
-0.017483
0.003837
-0.021820
-0.016141
-0.015643
0.000298
0.134011
0.014540
0.102800
0.058164
-0.028839
-0.084797
0.019279
-0.045933
0.126886
0.103326
0.015531
0.036982
0.005759
0.001476
-0.001192
0.042959
0.009244
-0.002715
-0.025313
0.019073
0.105070
0.059406
0.078659
0.068548
0.043268
0.102615
0.098963
0.139014
-0.007857
0.018896
-0.010796
-0.064109
0.005247
-0.013946
0.073955
-0.032862
0.069601
0.019489
-0.076064
0.042556
0.002105
-0.110154
-0.002479
0.050928
-0.039089
-0.003962
-0.017157
-0.047062
0.060379
-0.049456
-0.015832
0.021815
0.030969
0.014320
0.001435
-0.017821
-0.010286
-0.005959
0.045356
0.047996
0.066963
0.137996
0.022692
0.093947
0.070313
0.017585
-0.115995
-0.032802
0.021601
-0.017689
0.043016
-0.005700
0.022307
-0.118718
-0.017545
0.092402
0.117265
0.054370
-0.055555
0.017012
-0.092238
0.022289
0.056026
0.003079
0.080407
0.040945
0.066066
0.015012
-0.011298
-0.016231
0.007442
0.046875
-0.014133
0.011128
0.025224
-0.030935
-0.012967
0.004268
-0.005769
-0.003546
-0.118621
-0.039120
0.034695
-0.034680
0.008818
0.047905
0.098609
0.028212
-0.062991
0.058961
0.054073
-0.011256
0.114207
-0.034157
-0.074798
-0.123843
-0.036615
-0.066541
-0.060953
-0.103601
-0.100638
0.032830
0.011089
-0.022548
0.052699
-0.023228
-0.081763
-0.126803
-0.095710
-0.049192
-0.150541
-0.090154
0.030556
0.007147
0.010679
-0.034267
-0.043027
-0.033848
0.023437
0.004636
0.022531
-0.031662
0.046537
0.007619
0.060446
0.047281
-0.023965
-0.019530
-0.080679
0.036913
0.045105
0.018502
-0.023050
-0.117006
-0.011346
0.006932
0.039734
-0.087178
-0.019068
-0.043858
-0.019242
-0.064899
0.107591
0.058350
0.145586
0.114872
0.032877
0.061568
0.000516
-0.064546
-0.004492
0.057250
0.051535
0.040676
-0.067282
0.096534
0.060054
-0.014415
0.068463
0.046248
0.081534
0.065548
0.082982
0.037494
0.036454
0.025705
0.138782
0.089910
0.033220
-0.016624
0.006353
-0.026603
-0.072740
0.010045
0.077466
0.056891
0.035938
0.010878
-0.059597
-0.021413
-0.043439
0.009509
-0.028160
0.042528
-0.018611
0.082216
0.080057
0.064134
0.042440
-0.006494
0.047597
-0.015937
-0.069674
-0.001060
0.039102
0.030184
-0.004310
0.080903
0.068304
-0.033183
0.084734
0.078213
-0.039677
-0.003638
0.064462
0.057016
0.039430
0.044482
0.031486
-0.006080
-0.088450
-0.108131
-0.052060
-0.028208
0.025670
0.076469
0.051860
0.047238
0.051997
0.014038
-0.004775
-0.096709
-0.050640
-0.064106
0.016477
0.091524
-0.024989
0.005933
-0.032879
-0.003109
0.117942
0.044163
-0.064841
-0.072896
0.033086
0.025164
-0.026619
0.060836
-0.032467
-0.017473
-0.043074
-0.080232
-0.076302
0.026616
0.049007
0.070639
0.065506
0.051406
0.079131
0.001771
0.068111
0.076561
0.058275
-0.028626
-0.005302
0.053079
0.010247
0.011975
-0.068764
-0.041017
0.038837
0.052161
0.043968
0.031041
0.017801
-0.033909
0.051937
0.083596
0.132466
0.007675
-0.056099
-0.082513
0.006353
0.120012
0.026555
-0.066103
0.058702
0.087391
0.032614
-0.013256
-0.039622
0.050551
-0.016839
-0.000547
0.082864
0.084099
0.118237
-0.010595
-0.008872
-0.149294
-0.062147
-0.056358
-0.048639
-0.003210
0.048452
-0.035874
0.019865
0.056915
0.000583
-0.092384
-0.000543
-0.024885
-0.053216
-0.131988
0.045412
-0.008307
-0.045647
-0.053543
-0.067246
0.074981
0.024813
0.088694
0.073464
0.044354
0.068185
0.057277
0.018166
0.062144
0.071801
0.019364
-0.012220
0.078714
-0.007663
0.035739
0.073619
0.056156
0.060176
0.101518
0.028270
-0.036032
0.055522
-0.050010
-0.023569
-0.090051
0.003132
0.045537
-0.021940
-0.093274
-0.029157
-0.057630
0.035409
0.035009
0.027625
0.030654
0.074573
0.029983
0.073314
0.036073
0.067696
0.013783
-0.093580
-0.078059
0.001612
0.025427
-0.080375
-0.145964
0.043095
-0.019906
-0.016169
-0.022399
0.049147
0.118996
0.049398
-0.013242
0.034046
0.159285
-0.029176
-0.001539
-0.036111
0.016665
-0.078564
-0.065393
-0.037815
-0.008773
0.011207
-0.065369
-0.009619
-0.004505
-0.068453
0.041672
-0.040087
-0.052164
-0.080818
-0.011877
0.054721
-0.020112
0.013346
-0.020786
-0.070700
0.049362
0.025816
0.027238
0.166006
0.069666
-0.024523
0.006757
-0.014357
-0.010391
-0.084802
-0.038700
-0.032307
-0.101615
0.042720
0.052284
0.047721
0.114987
0.000696
0.001172
-0.066536
-0.030331
-0.085604
-0.054454
-0.021067
-0.025130
0.014862
-0.001101
0.092317
0.094513
0.009341
0.031605
-0.001041
-0.010279
0.001436
-0.063235
0.035897
0.089365
0.038455
-0.002430
0.075187
0.019366
0.056412
0.096406
0.063471
0.060125
0.028328
-0.016095
0.022962
0.005524
-0.020903
0.006652
0.122876
0.106704
0.036502
0.013250
-0.035050
0.054620
0.090416
0.158293
0.051636
0.040431
0.092741
0.067586
-0.082309
0.026816
0.108934
0.081563
0.000514
0.074809
0.020313
0.007800
-0.033417
-0.036326
0.001661
0.104354
0.067424
0.063892
-0.015574
-0.002061
0.064324
0.140599
0.133123
0.026788
-0.010985
0.021994
-0.003925
-0.012690
-0.020908
-0.011009
-0.004315
0.003812
0.059884
-0.050632
-0.029533
-0.015900
-0.086253
-0.043986
0.027952
-0.017582
-0.111713
0.005707
0.037867
0.015980
0.067799
0.108203
0.021433
0.090287
0.074991
-0.003095
-0.025151
-0.101474
-0.041458
-0.037422
-0.101001
0.029818
-0.031913
0.031233
-0.104010
0.034261
0.048436
0.009447
0.007323
0.102587
0.146909
-0.011751
0.071325
0.009294
0.008126
-0.022608
-0.097122
-0.094098
0.003811
0.031770
0.103103
0.105917
-0.049464
-0.087446
-0.083715
0.015721
-0.039706
0.054479
0.025696
-0.031568
0.028132
0.028486
-0.024455
-0.040759
-0.011511
-0.058501
-0.027345
-0.032928
-0.092430
-0.119041
0.051766
0.030370
0.046808
0.065769
0.125158
0.053487
0.033448
0.102995
0.049999
0.035984
0.019499
-0.020080
-0.043985
0.022864
-0.011750
0.086120
0.081593
0.062465
0.002772
-0.003289
-0.037098
0.111914
0.042131
-0.024239
0.066352
-0.022550
0.084065
0.053931
-0.030478
0.036070
-0.055163
-0.025760
0.085432
0.076265
-0.028091
0.016783
-0.035456
0.008486
0.034776
-0.093020
0.007528
0.043775
-0.080837
0.022226
-0.096498
-0.083836
0.080330
0.065724
0.106247
0.155346
-0.001799
0.009873
-0.034048
0.037953
-0.001215
0.056177
0.101934
0.051729
0.085491
0.059060
-0.000269
-0.040029
-0.092557
-0.105285
-0.045447
-0.098645
-0.130315
-0.062303
-0.044458
0.016854
-0.017905
0.057370
0.002547
0.078004
-0.005893
0.000362
0.099953
0.057332
0.120129
0.109085
0.020410
-0.007750
0.026732
0.007902
0.040091
-0.041211
-0.008549
-0.056844
-0.042928
0.047465
0.011544
0.106601
-0.032094
0.011867
0.034868
-0.090518
0.011436
-0.049193
0.066747
0.053060
-0.051551
-0.097719
-0.022165
0.051710
-0.035076
-0.040423
-0.073513
-0.005976
0.034515
0.034803
-0.006249
0.039311
0.012491
0.004408
0.015796
-0.072922
-0.002673
0.159737
0.045710
-0.059697
0.018301
-0.134398
-0.031095
-0.059151
-0.023130
-0.017848
-0.024291
0.007323
-0.114818
-0.018513
-0.079892
-0.086677
-0.004222
-0.029820
-0.060107
-0.053351
-0.067327
-0.071631
0.005167
-0.017073
-0.066944
0.046273
0.061017
0.116795
0.143757
0.028966
0.080320
0.076662
0.071275
0.107934
0.042343
-0.065498
-0.055200
-0.005503
-0.081644
-0.023238
0.036519
0.086736
0.034052
-0.037933
0.055012
-0.010795
0.109733
0.050786
0.007156
0.034031
0.028354
0.059443
0.080516
0.091791
0.030985
-0.029987
0.042060
-0.037537
0.022418
-0.046532
0.080237
0.063891
0.025152
-0.051276
-0.062662
0.040080
0.034860
0.018762
0.050829
-0.061278
0.002431
0.059615
-0.021656
0.047444
-0.012209
0.016203
0.012415
-0.026863
-0.022645
0.106659
0.059627
-0.017124
-0.016433
0.010945
-0.058987
-0.029847
0.032303
-0.007180
0.121002
0.018734
-0.001797
0.067568
-0.089497
0.020925
0.020067
0.001732
0.091216
0.043995
0.057728
0.039471
-0.009156
-0.007774
0.115823
-0.121029
-0.020746
0.001994
0.042608
0.172545
0.061214
0.059608
0.031056
0.062429
0.023507
-0.021602
-0.067757
-0.022203
0.017798
0.012707
-0.032101
-0.017999
-0.077073
-0.026052
0.037030
0.016818
-0.033767
-0.033850
0.029688
0.005079
0.046666
-0.031193
0.009574
-0.009927
-0.009469
-0.038261
0.026748
-0.028238
0.051305
0.098841
0.054818
-0.031403
-0.012805
-0.009027
0.032660
0.085538
0.092323
0.000123
0.011033
0.124842
-0.123738
-0.041134
0.001758
-0.003183
0.039288
-0.062139
0.063031
0.075451
0.028600
0.047977
-0.003167
-0.025242
0.062567
0.100950
0.060277
0.073761
-0.008686
0.068325
0.057489
0.024036
0.019786
0.012901
0.048703
0.054302
0.002444
0.028706
0.119732
-0.034532
0.022579
-0.052553
-0.016012
0.000859
0.028314
0.127143
0.116316
0.024055
0.047847
0.048586
0.022861
0.112553
0.008435
0.058048
0.081480
0.063771
0.060843
-0.008395
-0.046541
0.016639
-0.016284
0.021034
0.064118
0.068190
-0.027309
-0.033394
-0.014669
-0.016155
-0.066617
-0.046908
0.092240
0.006463
0.127402
0.029797
0.103018
0.018988
0.036353
-0.014521
-0.001433
0.004458
0.058364
-0.040285
0.060166
0.054765
-0.001971
-0.025086
0.094437
0.045817
-0.101918
-0.058503
-0.053160
-0.031647
0.035005
-0.068201
0.061860
0.041272
0.034506
0.049426
0.059965
0.062541
-0.008872
0.083827
0.085423
0.077793
0.090937
0.011152
-0.001335
0.044772
0.103971
-0.014661
0.078321
0.067056
0.008372
0.064180
-0.007928
0.055504
0.100558
0.028060
-0.037927
0.048235
-0.065639
-0.047430
-0.033582
0.071470
0.078795
0.081186
0.112274
-0.064775
0.024505
-0.068105
-0.036671
-0.023020
0.018996
-0.019605
0.040686
0.057530
0.011775
0.138155
0.094823
0.113866
0.064640
0.051550
0.015450
-0.021215
0.049809
-0.014190
-0.030707
-0.051303
0.008806
-0.016007
-0.044787
0.028569
0.058424
0.077573
0.013970
0.049579
0.057185
0.047154
0.011891
-0.025585
0.048233
0.026643
-0.001406
0.010541
-0.075421
-0.046086
0.082391
-0.020029
-0.051918
0.096726
0.041037
-0.068278
-0.061647
0.078253
-0.042510
-0.059319
-0.032286
-0.057053
-0.007341
-0.068019
0.072060
-0.015506
-0.065746
0.010147
-0.042746
0.014266
0.026196
-0.029687
-0.019033
-0.041769
0.013856
0.045157
0.061921
-0.129342
-0.018595
-0.002397
-0.039965
-0.010117
0.059716
0.054145
-0.009918
0.045374
0.003110
0.065775
0.006617
0.022221
0.042766
0.012155
0.095813
0.063366
0.049256
0.032764
-0.066223
-0.073361
-0.016196
0.011978
0.006670
-0.002629
-0.006656
0.027401
-0.009978
0.044300
0.068031
0.016206
-0.088910
-0.032785
0.068892
0.065997
-0.007639
-0.026642
-0.002615
0.007763
0.054266
0.066100
0.045485
0.051860
0.035750
0.088137
-0.069778
-0.045961
-0.020821
-0.042582
-0.037319
-0.027501
-0.058591
0.095943
0.028611
-0.009131
-0.038025
-0.082501
-0.030351
-0.093676
-0.084240
-0.017726
-0.019228
0.009225
0.042399
0.016942
-0.054185
-0.059307
-0.186279
-0.055580
-0.109511
-0.066418
-0.012778
-0.046394
-0.048170
0.004606
-0.084652
-0.049964
0.048560
-0.024808
-0.104267
0.045156
0.090325
0.007358
0.083001
0.071397
-0.046538
-0.017239
0.048243
-0.004071
0.043792
-0.013871
0.032564
-0.024569
-0.064730
-0.016854
-0.009932
0.047590
0.030755
-0.006310
-0.032827
-0.059323
-0.094059
0.033640
0.066319
0.047190
0.049039
-0.026128
0.034880
-0.020421
0.068563
0.057976
-0.019246
0.017950
0.096610
0.065298
0.023936
0.097500
0.060749
0.003338
-0.005570
-0.019361
-0.050005
0.025657
0.018448
-0.026945
-0.027063
-0.020021
-0.013344
0.078859
0.050088
0.043128
0.051646
0.095308
-0.043985
-0.037365
0.038602
-0.052517
-0.108765
0.025308
-0.043401
-0.067734
0.030227
0.011105
0.096602
0.104306
-0.012436
0.202978
0.092293
-0.055749
0.156241
0.053759
0.035485
0.075607
0.066414
0.025309
0.155692
0.114292
0.002053
0.082422
0.084368
0.086504
0.097836
-0.084170
0.004546
0.020883
-0.090619
-0.027004
0.009931
0.009102
-0.027721
0.039356
0.024642
-0.024046
-0.065989
0.033131
-0.006987
0.071200
-0.032900
0.060163
0.063211
-0.020156
0.024344
-0.060973
0.002661
-0.035829
0.032526
-0.053231
-0.070883
-0.024501
-0.078094
-0.065896
-0.013299
-0.018859
0.037297
0.030119
-0.010012
0.008708
-0.067172
-0.009960
-0.059555
0.076870
0.022097
0.070506
0.014868
-0.070894
-0.109470
-0.071067
-0.045145
-0.064172
-0.028058
0.036323
-0.029836
0.077993
-0.040346
-0.022728
-0.045382
-0.036428
0.026091
-0.029440
0.084100
0.132329
0.048354
0.045964
0.069673
-0.125051
-0.007911
-0.015162
0.064834
-0.020788
0.011471
-0.040526
-0.072003
-0.048874
0.069646
-0.039073
0.050800
0.035940
0.009973
0.071605
0.007228
-0.065976
-0.044978
0.016240
0.033788
-0.036834
0.118611
0.027955
-0.011375
-0.019225
0.009951
0.073443
0.032280
-0.055874
-0.080843
-0.052660
0.002007
0.041525
-0.073761
0.036669
0.039039
0.037019
0.078851
0.044733
-0.074098
-0.041495
-0.050163
-0.050526
-0.084772
-0.036066
0.000088
-0.016106
0.005882
0.003245
-0.016357
0.023494
-0.069342
-0.002128
0.001653
0.077289
0.058972
0.042641
-0.007657
-0.020594
0.164370
0.030407
0.021026
0.007833
0.030082
-0.004333
-0.071463
0.051868
0.010533
-0.061575
0.052780
0.128739
-0.014958
-0.028857
-0.073425
-0.004488
-0.018477
-0.023270
-0.039519
0.023126
0.135943
-0.037215
0.130962
-0.012702
-0.065048
0.068536
-0.007584
0.010167
0.026554
0.039001
-0.000784
0.034554
-0.033270
0.002799
-0.044420
-0.041560
-0.042785
0.028184
0.161226
-0.036554
-0.024593
-0.047728
0.021882
-0.102077
-0.048427
-0.020853
0.064729
-0.001410
0.012156
0.126927
0.097686
0.021611
0.054190
0.011108
-0.015792
0.028769
-0.017198
-0.053899
0.072489
-0.017857
0.069969
0.049398
0.098003
-0.037438
-0.050640
0.104515
0.030822
0.063254
0.141709
0.111719
0.031188
0.071349
0.055674
-0.007574
0.085399
0.076168
-0.100492
-0.109364
0.078335
-0.018033
0.051714
0.048680
0.084630
0.041023
-0.004390
0.034169
0.037327
0.018767
0.056861
0.077870
-0.023303
-0.020497
-0.075264
-0.141201
0.037674
-0.074412
-0.056709
-0.024779
0.047283
0.011088
-0.018035
0.001602
-0.002573
-0.014846
-0.021458
0.011183
-0.007841
-0.096257
-0.011078
-0.122602
-0.083521
-0.062014
-0.024031
-0.049964
-0.057013
0.040671
-0.094373
-0.042537
-0.074238
-0.059693
-0.072319
-0.031597
-0.049398
-0.070331
-0.038643
-0.006008
-0.084311
-0.120058
-0.024304
-0.077076
0.027079
0.032305
-0.010552
-0.011106
-0.013240
-0.025300
-0.023162
-0.040902
-0.036822
-0.036909
0.009683
0.019504
-0.013789
-0.054195
0.010945
0.012608
-0.006360
-0.051300
-0.052408
-0.096448
-0.073953
0.016883
-0.024246
0.042326
-0.044863
0.013378
-0.021012
0.002828
0.048921
0.009870
0.020047
-0.049857
-0.049502
-0.033546
-0.010569
-0.095373
0.001082
-0.077181
-0.022397
-0.063776
-0.051859
0.056141
0.031374
0.071307
-0.011653
0.012683
0.040038
0.029752
0.107113
-0.000280
0.037391
0.087330
0.066135
0.004779
-0.077397
-0.059883
-0.090732
-0.047609
0.003444
-0.100436
-0.003630
-0.079853
0.014119
0.033081
0.016192
-0.000689
0.030130
0.105313
0.061922
0.005589
0.013587
-0.042029
-0.103610
-0.091709
0.033783
0.011447
0.077245
0.054748
-0.026638
-0.003175
0.032106
0.061408
0.101377
0.073301
-0.027141
0.107816
0.120082
0.161033
0.109125
-0.028420
0.015193
0.065518
0.104053
0.165988
0.150427
0.057284
0.099684
0.107092
-0.033392
0.023184
0.021155
0.012942
0.045203
0.000320
0.020986
0.078392
0.065940
0.045942
0.034683
0.083370
0.007698
-0.005696
-0.054513
0.036503
0.094170
-0.054324
0.078673
0.059264
0.095725
0.042471
0.115149
0.038816
0.057682
-0.059096
-0.005867
0.048233
-0.018303
0.055786
-0.077341
-0.081040
-0.030052
-0.018402
-0.059296
0.033343
0.058766
0.152237
0.117389
0.007769
0.021122
0.022689
0.058900
0.034897
0.013100
-0.020235
0.022406
0.013779
-0.057449
-0.040234
-0.055571
0.030546
-0.021947
-0.057543
0.038556
-0.006079
0.056156
-0.000480
0.055879
-0.002429
0.054248
-0.030887
-0.000143
-0.105695
-0.011703
0.056924
0.078674
0.013927
-0.012035
-0.007481
-0.072837
0.045073
0.124735
0.024057
0.064430
-0.006011
0.043182
-0.045827
0.082650
0.069943
0.074545
0.115467
0.001886
-0.002098
-0.070311
-0.084471
0.056780
0.070633
0.008576
-0.000890
-0.045903
0.025044
-0.013349
0.002981
0.016412
-0.037632
-0.033114
-0.067215
-0.066948
-0.067318
0.019036
0.115567
0.051983
0.057213
0.138656
0.034237
0.056236
-0.008230
-0.049682
0.000704
0.038313
0.096540
0.128243
0.091029
0.056920
-0.022876
0.031902
0.012831
0.007149
0.037653
-0.017940
0.013964
0.051886
0.016926
0.065063
0.109017
-0.011471
0.033109
-0.051910
-0.048287
0.058191
-0.022060
-0.008861
-0.044561
0.072188
0.071196
-0.077152
0.001302
0.014168
0.009784
0.013387
0.061764
0.132416
0.064996
0.073523
0.120204
-0.022534
-0.037628
-0.032071
-0.077170
0.024634
-0.038926
-0.026701
0.027485
0.089255
0.005690
0.043629
0.040053
0.033733
0.041020
0.008910
0.053093
0.136578
0.114145
0.034224
0.087959
0.112573
0.040462
-0.062863
0.045837
0.046804
0.014687
0.020145
0.026801
0.070246
0.004719
0.068099
0.055373
-0.015646
0.063544
-0.013461
-0.020159
-0.046937
0.008440
0.000798
-0.015760
-0.022131
0.008940
0.084166
0.035495
0.033111
-0.008322
0.008877
0.013229
-0.111581
0.036246
-0.037067
0.027236
0.007449
-0.056673
-0.065426
-0.066605
-0.033469
0.017581
0.138708
0.076391
0.065131
-0.003051
0.094523
0.014811
-0.077851
0.017258
0.010888
-0.049309
0.086713
0.081728
0.117980
0.065267
-0.042662
-0.006960
-0.140405
0.011776
0.138138
0.035489
0.102435
0.020555
-0.048696
0.044371
-0.011997
-0.008978
-0.000037
-0.052807
-0.071334
-0.035562
-0.043593
-0.061679
-0.058872
-0.004796
0.018380
-0.102623
-0.019279
0.056341
-0.013549
-0.022047
-0.044938
-0.026345
-0.107963
-0.063412
0.054417
0.010176
0.013406
-0.009659
-0.113809
-0.113465
-0.061136
-0.118321
-0.105084
-0.041860
-0.010131
0.048219
0.064072
0.036782
0.074938
0.074483
-0.012842
-0.004541
-0.047966
-0.058513
-0.025184
-0.024187
0.023806
0.008815
0.036045
-0.099300
-0.052237
0.011679
-0.073353
-0.024879
-0.025013
0.013762
-0.067889
-0.080928
0.044133
0.010666
-0.067176
-0.042219
0.000953
0.024221
-0.019403
0.036746
0.010451
0.110223
-0.029802
-0.021466
0.038826
-0.054086
0.073311
0.023454
-0.036352
0.008929
-0.012381
0.044153
-0.014007
-0.049983
0.008158
0.069233
0.126805
0.012856
-0.020669
0.109588
0.179977
0.047706
-0.022400
-0.031947
0.073252
0.014443
0.052018
0.097666
0.035268
0.045653
0.122964
-0.061739
0.021673
-0.021590
0.014441
0.044367
0.002714
0.063387
0.053065
0.014360
-0.016034
0.026827
0.034153
0.090479
0.045931
0.082268
0.071163
0.054040
-0.004214
-0.043115
-0.055989
0.035539
-0.058825
-0.068466
-0.049546
-0.060937
0.037774
-0.014037
-0.024853
0.066186
-0.060386
0.021150
0.095714
-0.039541
0.016803
-0.046683
-0.077249
-0.039348
-0.106736
-0.047973
0.002464
-0.044658
0.026516
-0.079281
-0.018376
0.049959
-0.008337
-0.054901
0.041590
0.002347
0.002515
-0.004127
-0.021276
-0.009563
0.110422
0.042057
0.047906
0.052473
0.010160
0.025358
0.030155
0.031167
-0.030407
-0.059354
0.065017
-0.044340
-0.011942
0.036728
0.079367
-0.051986
0.060676
0.010967
0.040956
0.115791
-0.037927
-0.028908
0.011483
0.027714
0.102603
0.007531
0.054317
0.072052
0.137229
0.083113
0.058234
0.040458
0.041265
0.020944
0.019668
0.004560
0.011134
0.063465
0.075437
0.026172
0.153183
-0.005689
0.004209
0.072568
-0.070209
-0.018662
-0.024750
0.072522
0.026091
0.052397
0.021688
0.097501
0.069944
-0.033382
-0.051522
-0.019319
-0.099963
0.091771
0.060741
0.052781
0.071509
0.048998
0.027719
0.054834
0.069523
-0.067912
-0.003378
-0.061286
-0.012614
-0.008949
-0.009113
0.035022
-0.017376
-0.033691
-0.094299
-0.016313
0.035689
0.036346
-0.079416
-0.095245
-0.078646
0.067985
0.083547
0.020594
0.042467
-0.014855
0.009288
0.115221
0.153760
0.035810
0.078492
0.106394
0.149805
0.006946
-0.118438
0.024374
-0.038491
0.111168
-0.017683
0.008800
-0.041421
0.005529
0.000697
-0.073911
0.049642
0.036960
0.086303
0.063031
0.007365
0.073643
0.011574
-0.076238
-0.033470
-0.018985
0.001235
0.066097
0.080579
0.018560
0.000903
0.021957
0.031453
-0.041806
-0.025403
-0.004207
-0.016923
0.063199
-0.019931
0.000914
-0.068880
-0.055005
-0.097575
0.035412
0.033042
-0.073115
-0.026330
-0.027975
-0.018158
0.123318
0.039183
-0.066967
-0.073449
-0.017941
0.074626
0.118760
0.128202
0.106936
0.029131
0.063271
0.065775
0.031472
-0.093331
0.023284
0.103434
-0.096347
0.103513
0.012969
-0.023706
0.033194
0.041148
-0.002189
0.050503
0.019519
-0.042454
0.022859
0.016277
-0.016475
-0.088616
0.006793
0.067512
0.039042
0.126888
0.000064
-0.042516
-0.050308
-0.038039
-0.078780
-0.015387
0.031701
-0.076249
-0.025882
-0.010148
0.030696
0.071294
0.013661
0.002231
0.073980
-0.058636
-0.080554
-0.106109
-0.019821
-0.113031
-0.095327
-0.055012
-0.035612
0.026702
0.073598
-0.051935
0.008413
0.009721
-0.014854
-0.001070
-0.139348
0.027849
0.026248
-0.064791
-0.008475
0.014137
-0.000857
-0.022704
0.076768
0.065860
0.081793
-0.098041
-0.071691
-0.091474
-0.089237
-0.053425
0.011611
-0.073117
-0.037778
0.024725
0.049715
0.002846
0.038297
-0.012182
-0.046473
0.014798
0.032982
0.017393
0.038442
0.007562
0.060729
0.011530
0.121279
0.024409
-0.096259
0.022338
-0.011049
-0.043380
-0.116787
0.007686
-0.012112
0.045706
-0.022636
-0.016981
0.054282
0.018801
0.085617
0.072226
-0.047990
0.008563
0.025892
-0.019920
-0.030086
-0.003719
-0.094131
0.002327
-0.043393
0.008494
0.108606
0.074090
0.041078
0.141515
-0.030817
-0.004436
0.067876
0.011723
-0.105994
0.013147
0.071047
0.056691
-0.049304
-0.003178
0.058527
0.053922
0.009121
-0.021978
-0.023282
0.038612
0.096091
0.092776
0.131465
-0.015485
-0.003533
0.007881
0.023256
-0.042880
-0.058209
0.089342
0.079563
-0.010054
-0.016636
0.046904
-0.036826
-0.048349
0.068770
0.024189
-0.055675
0.011832
-0.004826
0.040925
0.104786
0.065864
-0.014906
-0.006085
0.010147
-0.007718
0.025611
-0.031467
0.038231
0.066238
0.038980
0.030582
-0.043345
-0.016684
-0.072359
-0.052889
-0.017691
-0.051335
0.051715
0.009234
-0.088356
-0.012806
-0.049052
-0.007171
-0.015003
-0.010506
-0.086648
-0.064616
0.006995
0.019607
0.036410
-0.000657
-0.082696
0.040304
0.026994
-0.116474
-0.077846
-0.023538
0.070186
0.082984
0.057030
-0.010897
0.011043
-0.105353
-0.192182
-0.094592
-0.048451
-0.031179
-0.018456
-0.041786
-0.062955
-0.035435
-0.011557
-0.028340
0.090995
0.012627
0.032620
0.028143
0.053326
0.129345
0.049198
0.034580
-0.011958
0.100485
-0.033510
0.060584
0.070434
-0.081985
-0.063341
-0.044753
-0.062532
0.034509
-0.030235
-0.050229
-0.002550
0.095655
0.045019
0.135013
0.036940
0.025395
-0.075516
-0.031910
0.043665
0.012227
0.027371
0.064206
0.110563
0.089481
-0.065277
-0.074641
-0.045382
-0.076979
-0.046326
-0.110100
-0.009946
-0.030044
-0.047298
0.018056
0.056616
0.081640
-0.030148
-0.010383
-0.035728
0.036910
0.047963
-0.098872
0.033940
-0.028483
-0.012194
0.028750
0.054291
0.081563
-0.004594
0.020399
0.053132
0.004901
-0.061391
-0.043667
-0.048811
0.012679
0.124490
-0.008319
-0.041226
0.049726
-0.055397
0.001528
0.008070
0.033650
0.087377
0.067232
0.057076
-0.045420
0.017480
-0.131756
0.002658
0.002339
-0.015267
0.039288
0.107524
-0.026494
-0.058000
0.031851
-0.072937
-0.069479
-0.089208
-0.102147
-0.093653
-0.075179
-0.075038
0.084090
0.112846
0.085798
0.043215
0.032799
0.054697
0.058822
0.041109
-0.058315
0.040022
0.025817
-0.024122
0.028652
0.001899
0.049386
-0.019331
0.000752
-0.036698
0.045916
0.114180
0.056531
0.029084
0.043358
-0.002364
-0.075414
-0.113773
0.010554
0.011387
-0.162971
-0.034004
-0.027586
-0.123402
-0.043381
-0.000379
0.015449
0.028446
-0.020084
0.039547
0.038878
0.030409
-0.020894
-0.008399
0.028241
0.021325
0.009390
0.028909
0.028098
0.082791
0.000897
-0.030399
-0.065578
-0.109089
-0.066269
-0.007695
0.039987
0.077823
0.053834
0.067150
0.054366
0.064143
0.055595
-0.003056
0.004450
-0.075085
0.029929
0.042662
-0.000459
0.053726
0.110012
0.032065
0.081908
0.043260
-0.012991
0.072081
-0.000570
0.037490
0.062002
-0.002314
0.072811
0.008986
-0.006005
0.066888
-0.003611
0.051926
-0.040623
-0.010678
-0.040001
-0.084681
-0.055671
-0.036351
-0.011900
0.014138
0.013435
0.064989
-0.013230
0.015335
-0.003875
-0.029746
-0.130955
0.015004
0.042414
0.104584
0.040211
-0.048387
-0.011883
-0.057728
0.009733
0.064455
-0.075340
0.014614
-0.011403
-0.165803
0.010912
0.003983
-0.060037
0.090126
0.093663
0.029115
-0.042698
-0.034537
0.033337
0.003570
-0.025782
-0.038244
0.023871
-0.022249
0.084003
0.039919
-0.026513
0.073257
-0.118754
-0.013051
0.053834
0.007158
0.003210
-0.081163
-0.011983
-0.023721
0.013267
0.051385
-0.032630
0.043620
0.074519
0.006773
0.037426
-0.050465
0.006358
0.082436
-0.121911
-0.036838
0.003025
-0.056060
0.027656
0.012997
0.076358
0.016513
0.018729
0.017090
0.054249
0.087038
0.035176
0.021548
-0.032595
0.049799
0.086741
0.126065
0.002206
0.066862
0.038771
-0.052611
0.016738
0.021753
-0.072135
0.095970
-0.053955
-0.054341
-0.047441
-0.054615
-0.011824
-0.003226
-0.036199
0.045758
0.042537
0.079713
0.104492
0.004850
0.030014
0.129210
0.095397
-0.030833
0.093393
0.054236
0.062025
0.100573
0.057074
-0.014453
0.119450
0.063723
0.066998
0.030105
0.066411
0.123149
0.082378
0.050635
-0.014197
0.026691
0.018191
0.062211
0.074687
0.035509
0.096775
0.057239
0.048000
0.052538
0.038293
0.100489
0.090800
0.034294
0.007699
0.022124
0.059340
0.045493
-0.003552
0.089628
0.121879
0.050407
0.067184
0.078081
0.024605
0.033267
0.054574
0.009723
0.003116
-0.085677
-0.089947
0.020059
0.032033
0.123222
-0.040924
-0.025187
0.009192
0.077490
-0.011558
0.009195
0.085054
-0.024482
-0.002609
-0.006020
0.022015
0.125063
0.103333
-0.091059
-0.032556
0.080353
0.089238
0.023294
0.037501
0.074047
0.052733
0.061232
0.044088
0.116612
0.124300
0.024526
-0.000584
0.099504
0.010254
0.018115
0.066968
-0.025092
-0.058007
-0.008743
0.009936
0.023029
0.037406
0.010624
0.112270
0.004667
-0.022262
0.021088
-0.038672
-0.079239
0.006377
0.095353
0.026235
0.084470
0.018897
-0.028136
0.003928
-0.067362
0.017651
0.021572
0.042391
0.037266
0.096019
0.031983
0.035237
0.025577
-0.004794
0.036981
0.016697
0.065986
-0.024316
-0.045961
0.050943
-0.017400
0.136534
0.115398
0.092340
0.115429
-0.024420
0.065171
0.104337
-0.072023
0.068699
0.035872
-0.033631
0.004957
0.041047
0.035832
0.057643
0.002390
0.022946
0.029110
-0.113106
0.008577
-0.081867
-0.075455
0.006112
-0.056039
-0.006818
-0.102053
-0.084099
-0.058339
-0.069198
-0.068018
-0.094149
-0.036006
-0.035752
-0.028293
-0.001263
0.005978
-0.016878
-0.034793
0.031216
-0.043055
-0.076994
-0.064469
-0.049429
0.037348
0.004702
0.075935
0.039710
0.048395
0.065476
0.029520
0.024317
0.024066
-0.004593
-0.024292
-0.032018
-0.022002
0.057809
0.029791
0.081842
0.013362
0.100465
0.105580
0.107186
-0.003409
0.046481
0.072416
0.022416
0.068971
0.031634
0.018908
0.052343
-0.033714
-0.035934
0.005570
0.002306
0.007625
0.090198
-0.024412
-0.090119
-0.073370
-0.005886
-0.025469
0.064335
0.081107
0.029858
0.038670
-0.061779
-0.038966
0.002868
-0.008250
0.026019
0.089616
-0.034619
-0.029297
0.007066
-0.055276
-0.074524
0.009725
-0.001514
0.027176
0.030200
0.053959
0.086570
0.003666
0.098678
0.106999
0.119893
0.152063
-0.084594
-0.037555
-0.079781
-0.114588
0.033153
-0.025433
-0.025400
0.089498
0.143110
0.056261
0.020665
0.072723
-0.082769
0.071563
0.030427
0.022215
0.043428
-0.090712
0.035844
0.074763
0.014541
0.049511
0.003068
-0.057298
-0.003362
0.023744
0.024167
-0.073254
0.019074
-0.053070
-0.025593
0.083446
0.014576
-0.036514
-0.064645
-0.033204
-0.070201
0.035531
0.054472
-0.124792
-0.009111
0.046820
-0.006622
0.065281
0.048012
0.005096
0.019255
0.035835
0.062296
0.102354
-0.013494
-0.064355
0.002171
0.016620
-0.010886
0.020127
0.072758
0.072772
0.005144
-0.053915
-0.078985
0.039640
-0.064450
-0.015824
0.056955
0.031560
0.008080
-0.032095
0.071271
-0.002671
-0.079864
0.046681
-0.038975
-0.085613
0.011040
-0.143166
0.045431
0.023263
-0.074743
0.025975
0.070416
0.011521
0.087971
0.045504
0.072003
-0.028462
-0.088875
0.034285
-0.013965
0.003875
0.107353
0.042854
-0.001964
-0.020840
0.167309
0.037327
-0.003859
0.094804
0.097800
0.038096
0.086258
-0.020114
0.052218
0.011879
0.027938
0.040844
0.083152
0.020976
0.045293
0.006152
-0.038544
0.020440
0.046150
-0.019075
-0.017186
-0.091872
0.030509
0.027494
0.058672
0.047715
0.058126
0.096303
0.021571
0.031343
-0.028254
0.039972
0.055439
0.031780
0.047868
0.070438
-0.035261
-0.031603
0.012504
0.067742
0.090325
-0.015992
-0.003456
-0.028780
-0.046627
0.001607
0.018838
0.020695
-0.027023
-0.057706
0.046850
0.003525
0.018514
0.056377
-0.039623
0.029372
-0.039843
-0.003163
0.012305
-0.023575
0.064766
0.007943
-0.001440
0.033418
-0.024776
-0.076186
-0.027142
0.035110
0.019238
0.125069
0.116373
0.063843
0.103960
-0.026065
0.050110
0.061110
0.007428
0.042247
-0.024312
0.098662
0.060181
0.019885
0.045453
0.004073
0.019166
0.018267
0.053889
-0.045860
-0.027694
0.023114
-0.000281
0.118976
-0.024847
0.051937
0.069441
-0.047886
0.052654
0.025822
0.043082
0.078465
0.035511
-0.030118
-0.019604
-0.144716
-0.122844
-0.046914
-0.099461
0.057020
0.040690
-0.018140
0.058867
0.084523
0.027359
-0.035939
0.054450
-0.015100
0.062164
0.039342
0.045035
-0.026088
0.060686
-0.047758
-0.103852
0.049753
-0.068756
-0.070345
-0.051246
-0.047408
0.000988
0.026216
0.123637
0.139283
0.013145
0.108405
0.183670
0.024646
0.042409
0.015388
0.014676
-0.054606
-0.051838
0.030192
-0.016366
-0.056830
0.050435
-0.015432
0.053242
0.091053
0.062922
-0.040362
0.022260
0.074065
-0.066012
-0.027159
-0.067817
-0.107539
-0.018894
0.026900
0.024695
0.174059
0.086604
0.038552
-0.001299
0.036198
-0.052545
-0.026376
0.000097
-0.060675
0.040171
-0.145337
-0.097929
-0.062583
-0.037164
-0.020554
-0.074670
0.042065
-0.006068
0.014534
0.094583
-0.010439
0.029750
0.064314
-0.069728
0.084350
0.037239
0.028808
-0.021585
-0.024869
0.025319
0.049262
0.036284
0.011656
-0.029440
-0.018569
-0.024955
0.011439
-0.066673
0.024349
0.045044
0.021416
0.007855
0.018974
0.132820
0.060633
0.093514
0.000151
0.031819
-0.000808
-0.035624
0.042037
0.029754
-0.071389
0.025362
0.045788
0.053600
0.046876
0.052903
-0.036239
-0.044682
0.031777
0.051378
-0.030060
-0.000931
0.026014
0.027153
0.036313
0.140858
0.063431
0.063369
0.117670
0.006684
0.019025
0.017781
0.101889
0.040771
-0.037054
0.056375
0.099720
0.057799
0.045958
-0.028502
-0.001876
0.035639
0.029868
-0.020481
0.101981
-0.002257
-0.112752
-0.025897
0.056354
0.052924
0.026317
0.067601
0.084810
0.047514
-0.014074
-0.122609
0.045856
0.011754
-0.072215
0.012064
0.007449
-0.036259
0.014766
0.053745
-0.026602
0.061023
-0.023535
-0.070959
0.009518
-0.005724
0.019343
-0.035322
-0.063049
0.004603
-0.056228
-0.112203
-0.034193
0.074980
0.047477
-0.036611
-0.031179
-0.034246
-0.052121
0.126231
0.067838
0.085564
0.057971
-0.073330
-0.025929
-0.071166
0.002521
-0.061050
0.073116
-0.010243
0.079104
-0.012420
-0.066414
0.039584
-0.010156
0.074219
-0.064101
0.098250
-0.028742
-0.028057
0.018849
-0.037809
0.025942
-0.006787
0.036382
0.097881
0.110546
0.072310
0.020648
-0.004166
-0.068114
-0.012291
-0.027248
-0.079081
0.030891
-0.010600
0.024402
0.022237
0.007599
0.055316
0.028996
0.053607
-0.011797
0.085299
0.109850
-0.011526
0.071658
0.056521
0.097603
0.064177
0.074938
-0.076038
-0.170173
-0.039832
-0.004702
0.023776
0.009282
0.053584
-0.109621
-0.023006
-0.083250
0.008371
0.069681
-0.089741
-0.038932
-0.055326
-0.004774
0.068686
0.007565
0.086748
0.009123
0.027297
0.110066
0.122152
0.149610
0.057296
-0.002646
-0.113656
-0.024576
-0.053758
0.094993
0.009686
-0.014397
-0.048989
-0.056984
-0.026518
-0.056508
-0.121101
-0.108844
-0.029871
0.090423
0.076848
-0.035492
0.093850
0.042612
0.021619
0.020705
-0.045809
-0.119571
-0.040880
-0.003563
-0.035023
-0.031564
0.024868
0.091503
0.002419
0.033753
0.052627
0.075597
0.105465
0.082421
0.083060
-0.050720
0.043328
0.032858
0.054553
-0.038902
-0.045426
0.074887
0.085685
0.042776
0.049630
0.031998
-0.039905
0.053105
0.025380
0.136725
0.075874
-0.019643
-0.007991
-0.018589
0.032161
0.070323
0.017303
-0.051890
-0.088463
-0.042965
-0.052191
0.074684
-0.040049
0.047668
0.019261
0.091705
0.022120
-0.002578
-0.033533
0.056677
0.026479
0.039917
-0.012666
0.043793
-0.004733
0.091915
0.078415
0.021355
0.013302
0.030525
0.039768
0.025704
0.036014
0.031081
0.033177
0.057306
0.053254
0.000864
-0.013587
-0.023818
0.025986
0.061042
0.119689
0.134866
0.045923
-0.048693
0.024841
0.058583
0.096797
0.105460
0.064653
0.053413
0.043688
0.024764
0.081882
0.089627
0.018512
0.006765
0.026454
0.021338
0.021449
0.080273
0.043326
-0.016784
0.024252
0.068350
0.096569
0.069258
0.025818
-0.009155
0.071023
-0.013440
0.009541
-0.044996
0.027570
0.025873
-0.004507
0.047067
0.010203
0.028720
-0.024666
0.038316
0.069762
0.079816
-0.048143
-0.055703
0.026552
-0.041338
0.012438
0.071935
0.088337
0.039628
0.064198
0.157798
-0.027486
-0.044064
-0.087633
0.043866
-0.041342
0.011551
-0.014294
-0.032402
0.026418
0.037253
0.010090
0.050033
-0.091838
0.040184
0.016509
-0.050462
-0.046428
-0.079754
0.007050
0.124972
0.023465
0.016208
-0.012815
-0.086991
-0.061831
-0.066192
-0.081139
0.102546
0.146294
0.069058
0.004536
-0.036455
-0.079845
0.089473
-0.014127
0.026429
-0.016847
-0.101983
-0.074315
-0.065121
-0.089582
-0.034424
-0.028717
-0.021441
-0.032653
-0.042254
-0.049727
-0.066176
0.025828
0.064524
0.049701
-0.055510
-0.032250
0.027054
-0.035949
-0.045156
0.000897
-0.024251
0.041385
0.010770
0.039745
0.075878
0.029027
0.025286
0.054265
-0.053233
-0.013053
-0.087854
-0.061549
-0.044207
-0.109324
-0.060064
0.021653
0.002961
0.092897
0.008515
-0.010366
-0.017873
-0.021536
0.072221
0.031262
-0.013806
-0.002231
-0.021556
0.014105
0.018546
-0.006937
-0.017617
0.034917
0.067408
0.023570
-0.022586
0.033708
0.015476
-0.051304
0.021419
0.047802
0.023990
0.085029
-0.004515
-0.034744
0.074353
0.000563
-0.016101
-0.030332
-0.093474
-0.023134
0.044565
-0.113131
-0.054004
-0.017765
-0.000732
0.080313
-0.071512
-0.019285
-0.067666
-0.082526
0.029253
0.119644
0.083600
0.024316
0.063929
0.046523
0.030160
0.012424
-0.019722
0.010315
-0.103361
0.019369
0.131718
0.076737
0.181497
-0.029142
0.018391
-0.068024
0.025106
0.003161
0.051053
0.085385
0.014578
0.007005
0.026397
-0.085872
-0.037817
0.080937
0.003403
0.059917
-0.098334
0.076255
0.099734
0.094600
0.092672
0.007675
-0.047680
0.116922
0.084477
-0.020330
0.017715
0.160573
0.220899
0.111660
0.086872
0.050786
0.074070
0.060457
-0.028915
0.025911
0.127326
0.008237
-0.041131
-0.032263
0.002751
-0.066179
0.054311
0.108543
0.005324
0.093663
-0.008435
-0.043849
0.090246
-0.061990
0.019716
0.006775
-0.023677
0.011522
-0.056251
0.040285
-0.064788
-0.014970
0.061523
0.021098
0.064509
-0.077574
-0.049697
-0.062981
-0.066181
0.004537
-0.079546
-0.019310
-0.026765
-0.028249
-0.078897
-0.156413
-0.055743
-0.027895
-0.073989
-0.035554
0.062565
0.020444
-0.003285
0.003389
0.024884
0.045240
0.020749
0.057828
-0.014515
0.042933
0.080361
0.095940
0.070028
0.044160
0.059087
0.016064
0.088805
-0.001851
0.009686
0.027700
-0.081287
-0.076050
0.060879
-0.063780
0.010125
-0.007833
-0.026712
0.031771
0.039918
0.068311
0.038842
0.057299
0.027561
-0.036955
0.020473
0.038004
-0.013413
0.052871
0.044187
0.110631
-0.009472
-0.000954
-0.106847
-0.070660
-0.019758
-0.011006
-0.007586
0.012392
0.014451
-0.003456
0.010301
-0.018907
-0.001314
0.022601
0.049076
0.007450
-0.083211
-0.019510
-0.007676
0.032926
0.048464
-0.062621
-0.034888
-0.055752
-0.122397
-0.066876
0.013542
-0.033769
-0.008648
-0.030233
-0.051726
0.013815
0.050370
0.011342
-0.027433
-0.082912
-0.052985
-0.054352
0.129844
-0.071212
0.060474
0.055139
0.091372
0.064369
-0.003707
0.021155
0.063056
0.146253
0.142939
0.168922
0.044549
-0.034905
0.057236
-0.054638
-0.051098
-0.027027
0.059748
-0.112609
0.011607
0.079205
0.043028
0.076797
0.068321
0.028636
0.022641
0.039761
-0.034873
-0.125183
-0.048748
-0.127928
-0.045687
-0.036143
-0.075040
-0.032089
-0.016357
0.038493
0.071186
0.061418
0.089186
0.061074
0.067507
0.043945
-0.006547
-0.023220
0.006817
0.086282
0.090464
0.038601
0.145278
0.080669
0.103659
0.059656
0.047723
0.019181
0.012920
0.003311
-0.080403
-0.025863
-0.048911
0.021368
0.087719
-0.009875
-0.055918
0.011138
-0.017336
-0.039099
-0.007176
-0.100686
-0.054924
-0.109998
-0.056285
0.039696
0.031443
0.100346
0.070312
-0.001660
0.010205
-0.013294
0.005750
0.064505
0.006259
-0.144205
-0.015036
-0.028628
-0.064903
-0.109018
-0.024791
0.013982
-0.104589
0.003213
0.021858
-0.025738
-0.059953
-0.042896
0.004917
0.097719
0.037933
0.067230
0.089435
-0.000851
0.015620
0.023055
-0.033864
0.056897
-0.010165
-0.051582
0.033351
0.004208
-0.039045
-0.023013
-0.003783
-0.100570
0.007535
0.030730
-0.004633
0.039847
0.015511
0.072949
0.023376
-0.049922
0.048166
0.061800
-0.078164
-0.010649
-0.016560
-0.099351
0.021356
0.018717
-0.045952
-0.004767
0.008385
0.012472
0.076110
-0.028816
-0.034058
-0.024633
0.078119
0.041757
0.040560
0.015305
0.035549
0.002628
0.015839
0.085952
-0.065555
0.033464
0.007736
-0.059973
0.093587
-0.061044
-0.010080
0.066713
-0.006634
0.069761
-0.036097
-0.127904
-0.063900
-0.061404
-0.061502
-0.089070
-0.097696
-0.010045
-0.011115
0.028286
0.032739
-0.024185
0.023419
0.020212
0.036936
0.002671
-0.034522
0.014183
0.049437
0.149175
-0.026717
0.051844
0.022418
-0.023949
0.088340
-0.019707
0.066379
-0.010542
-0.063005
-0.074935
-0.108750
-0.029961
0.058622
0.046602
0.086395
0.059133
-0.002752
0.028123
0.065269
0.052808
0.032867
0.015173
-0.019494
0.041254
-0.068968
-0.066178
0.043448
0.048723
0.072443
0.067302
0.048456
-0.011399
-0.033120
0.080961
-0.045021
0.054784
0.067033
-0.017416
-0.031160
0.036234
0.065046
0.064434
0.027927
-0.128333
-0.131324
-0.010495
-0.078685
-0.092510
-0.100431
-0.012774
-0.014480
-0.027344
0.071255
0.069046
-0.004283
0.084238
0.029421
0.031530
-0.005267
-0.004118
0.075674
0.026567
-0.039191
-0.004367
0.137735
-0.021746
0.116364
0.118253
-0.013749
-0.000310
-0.019785
-0.033568
0.019506
0.044558
0.016379
0.100785
-0.028178
-0.029790
-0.002702
-0.013410
-0.024673
-0.005771
0.135800
0.038557
0.049768
0.040965
-0.024369
-0.016267
0.027745
0.008997
-0.026392
0.004032
0.017178
0.025059
0.049043
0.011713
0.007764
0.053045
0.068222
-0.051396
0.125783
0.038122
0.031778
-0.059989
-0.017969
-0.003888
0.035065
0.010359
-0.011099
-0.012456
0.075392
-0.027832
-0.064681
-0.006326
0.045628
0.034560
-0.042145
0.044596
-0.023258
0.005540
0.013667
0.048582
0.030840
0.051778
0.125059
0.069183
0.065784
-0.023664
0.010755
-0.009804
-0.027176
0.086904
0.057976
-0.015127
-0.003601
-0.008851
-0.018109
-0.030946
-0.005504
0.053980
-0.026210
0.040115
0.009621
-0.086186
-0.096049
-0.087319
-0.026614
-0.076719
0.029811
0.000277
0.066792
0.103707
0.026568
0.030844
0.063582
-0.020702
-0.014147
0.007937
-0.013212
-0.022230
-0.066259
0.018146
0.021025
-0.014102
0.059517
0.034536
0.081058
0.000717
-0.081742
-0.050452
-0.064546
-0.020439
0.015494
0.024116
0.045936
-0.041456
0.023838
-0.066387
0.024075
0.038271
0.078508
0.063164
0.013733
-0.004227
-0.009608
0.034463
0.015353
0.037977
0.006328
-0.049789
0.058927
0.005855
0.024694
-0.012653
-0.020391
-0.029707
0.034916
0.140571
0.078229
0.131093
0.103913
0.035261
0.041389
0.029092
-0.037818
0.034291
0.002591
0.024291
0.101689
0.028310
-0.063132
0.007987
0.029226
-0.048955
0.046130
-0.012789
0.040089
-0.034644
0.048694
0.041101
0.016417
0.053703
0.105133
0.016984
0.045307
0.098823
0.063171
0.074893
0.032250
0.039242
0.061861
-0.024876
0.064718
0.034124
-0.034249
-0.013278
-0.004120
-0.065226
-0.047944
-0.004695
-0.028166
0.069906
-0.084013
-0.028438
0.111614
0.070345
0.071627
-0.054410
0.041358
-0.042946
-0.013050
0.057140
-0.015622
0.003502
-0.022719
-0.028124
-0.052479
-0.074256
-0.089069
-0.157340
-0.121287
-0.074095
-0.033045
-0.006777
0.029984
-0.022346
-0.008960
-0.022247
0.043036
-0.030729
-0.030458
-0.032992
0.115248
0.021019
-0.051440
0.076745
-0.052007
0.007097
0.025522
0.025313
0.072024
0.018840
0.051179
-0.014536
-0.063965
-0.007894
-0.008957
0.019649
0.081360
-0.038995
-0.016286
-0.147155
-0.080493
0.003775
-0.003637
0.020053
0.092484
0.048655
0.106294
0.042038
0.071556
0.014977
0.033802
-0.019375
0.042214
-0.059829
-0.064853
-0.066915
-0.134609
-0.032862
-0.006666
-0.095614
-0.073500
-0.041063
-0.098932
-0.032436
-0.059383
0.040716
0.021575
0.009805
-0.004860
0.032233
0.034156
0.123541
0.064808
-0.054774
0.120093
-0.020931
-0.076360
-0.038098
-0.130576
-0.053223
-0.059799
0.014053
0.017301
-0.032435
-0.093479
-0.024796
0.084559
0.015240
0.048351
0.040678
0.115926
0.132430
0.120929
0.006918
0.070059
0.067354
0.021361
0.011978
0.043794
0.034158
-0.035045
0.020784
0.017590
0.039284
0.111413
0.075883
-0.048314
-0.003387
0.091494
-0.007892
-0.022267
-0.058231
0.050649
-0.016865
0.003015
-0.008686
-0.008825
0.034674
-0.047599
-0.013579
-0.001163
0.075603
-0.013272
0.086257
0.112173
0.018395
-0.079209
-0.135368
-0.092716
-0.103624
-0.076267
-0.025221
-0.008391
-0.134359
-0.022778
0.032611
0.040233
0.067743
0.098409
0.120917
0.080069
0.092493
0.033031
0.050485
0.113070
0.007403
0.023573
0.075194
-0.066303
-0.053552
-0.034131
0.035560
0.073024
-0.051944
-0.082025
-0.008909
0.047228
0.001627
0.002133
0.025165
0.022304
0.004196
0.034692
-0.037097
0.041299
-0.062427
0.033873
-0.008811
-0.052020
-0.012881
-0.011843
-0.078871
0.007525
0.029189
0.037757
0.115143
-0.028503
-0.040765
-0.042016
-0.007276
0.061694
0.018484
0.110324
0.060747
0.051245
0.003466
0.000150
0.044865
-0.023280
-0.030074
-0.003818
-0.042737
0.082787
0.037040
0.003995
0.104739
0.061302
0.006892
0.055389
-0.021851
-0.050565
0.010108
-0.005250
0.001232
-0.023569
-0.004665
0.051957
0.125347
0.143658
0.075238
0.054381
0.003725
-0.106029
0.047660
0.062287
0.083165
0.090422
0.082276
0.056022
0.035773
0.014015
-0.034634
-0.042772
-0.056074
-0.050787
-0.019469
0.063911
0.027968
0.144969
0.095785
0.072654
0.125869
0.125333
-0.025777
-0.000313
0.097015
0.076109
0.007019
0.041080
-0.011079
-0.103333
-0.059528
0.057820
0.055554
0.001021
0.082514
0.045707
-0.086227
0.015896
-0.044373
0.052492
-0.026999
-0.072274
0.037772
0.006493
-0.025277
0.000999
0.003008
0.050509
0.015426
-0.042123
-0.030997
0.002742
-0.106666
0.017058
-0.003383
-0.064213
0.003345
-0.054693
-0.011065
0.075687
0.027602
0.038464
0.016484
0.003145
-0.008841
0.021959
-0.078071
-0.005755
-0.146008
-0.008668
0.033571
-0.032430
-0.000181
0.007971
-0.063031
-0.105776
0.004686
0.056574
-0.016723
0.010087
0.036665
0.045222
-0.111966
-0.103464
-0.063899
-0.182853
-0.150006
-0.158095
-0.054329
-0.088954
-0.090438
0.052719
0.033226
0.096186
0.056351
-0.009106
-0.071352
-0.024073
0.013792
-0.001237
0.066858
-0.036152
-0.152183
-0.110278
-0.035999
-0.009474
-0.070329
0.091821
0.078587
0.020727
0.060511
-0.043277
-0.027129
-0.039512
-0.073287
-0.010193
-0.038658
-0.050235
0.045236
0.053312
-0.046715
-0.155277
-0.008051
0.028485
-0.008757
-0.011320
-0.021769
0.058957
0.112897
0.000545
0.037714
-0.089706
-0.057557
-0.002707
0.006262
-0.069692
-0.001876
-0.081211
0.010871
-0.006968
-0.065266
-0.008668
-0.038109
-0.054424
0.006877
0.057827
0.126723
0.180508
0.052327
-0.002591
0.026583
0.014861
-0.050329
0.002213
-0.025583
-0.077968
0.030357
0.021799
0.063331
-0.060386
-0.025577
-0.058594
-0.039274
0.050135
-0.027780
-0.035969
0.085502
-0.072420
-0.024815
-0.017584
-0.018967
-0.037345
-0.012752
0.061730
0.078405
0.060230
0.020939
-0.043270
-0.000217
-0.036505
0.049832
0.046157
0.003420
-0.033911
0.000460
-0.006826
0.059066
0.083803
0.135981
-0.041004
0.044187
-0.027503
-0.033696
-0.017109
0.036337
0.153722
-0.047713
-0.039358
-0.015142
-0.013160
-0.048470
-0.081466
-0.007089
0.025770
0.059113
0.046931
-0.051404
0.068391
0.017912
-0.008559
0.007252
0.042414
0.072997
0.005588
0.005283
0.034969
-0.009518
0.050299
-0.095428
-0.000021
-0.024230
-0.006403
0.074791
0.047029
0.032376
-0.014505
-0.010609
-0.090947
0.001306
-0.035062
-0.022175
0.069183
-0.037009
-0.006244
0.020077
-0.042033
-0.049322
-0.016289
-0.018732
0.087288
0.007316
-0.068087
-0.001023
0.036556
0.006170
-0.085607
-0.106425
0.008584
-0.009253
-0.006579
-0.005023
-0.005875
0.014973
0.054056
0.060743
0.034250
0.002236
-0.010515
0.134933
0.001912
0.002732
0.051160
0.011808
-0.036775
0.050587
-0.011858
0.003819
0.047661
0.015781
0.027654
0.149628
0.153302
0.080344
0.111804
0.059635
0.093062
0.033003
0.006403
-0.026065
-0.015935
0.040337
0.003583
0.063602
0.139281
0.057376
-0.015416
0.007062
-0.073078
-0.030705
0.047235
0.049522
0.063090
0.139154
0.133461
0.077859
0.015993
0.116009
0.034525
0.089053
0.053631
0.084770
0.040394
0.055102
0.057709
0.047320
0.001907
-0.023090
-0.032293
0.059876
0.078933
-0.041044
-0.013221
0.025661
-0.022408
0.028689
0.014089
-0.052146
0.014139
0.074868
0.038903
0.087199
0.096709
0.051148
0.063766
0.102671
0.108895
0.129908
0.053908
-0.048113
0.021498
0.032447
-0.058006
0.046970
0.082424
0.104670
0.003253
0.005652
0.041082
-0.005651
0.003406
0.029410
-0.076798
-0.020217
-0.013745
0.032268
-0.015579
-0.030682
0.054885
0.018129
0.002431
0.007825
-0.051661
-0.045156
-0.036074
-0.036827
0.018041
0.056278
0.011482
0.137728
-0.000198
0.014747
0.010026
0.024052
-0.047467
0.012631
0.023188
-0.074791
-0.036805
-0.039229
-0.065636
-0.055518
-0.102945
-0.134270
-0.024128
0.021294
-0.104505
0.044925
0.021730
0.010617
0.123566
-0.022986
0.026380
-0.016631
0.019004
0.112217
-0.018867
-0.017034
-0.006714
0.006303
-0.036532
-0.040603
0.028876
0.125880
0.031972
-0.016753
0.065918
0.010229
-0.014240
-0.014323
0.063634
0.068264
-0.001778
-0.017051
0.049834
0.184502
0.052099
-0.029177
0.047093
-0.041104
-0.047922
0.029934
0.022404
-0.036833
0.066091
-0.085009
-0.018559
0.065383
0.065932
-0.006491
0.010633
0.093291
0.088547
0.014836
0.075191
0.041976
0.064471
0.021997
0.032870
0.092086
-0.032765
-0.024308
-0.035621
-0.085127
-0.034827
0.077785
-0.025306
0.078757
0.055007
-0.044739
0.081179
0.125820
0.088097
0.079763
-0.044074
-0.049012
-0.059374
0.080783
0.000541
-0.022758
0.031702
-0.016137
-0.003971
-0.024169
0.082299
-0.028215
-0.012774
-0.076251
-0.007022
0.050241
0.018479
-0.048131
-0.014286
-0.034663
-0.015052
-0.043379
-0.102417
0.037784
0.016698
0.105545
0.080603
0.067950
-0.016645
-0.112504
-0.064166
-0.005307
0.016942
0.027621
0.046058
0.081310
0.009274
0.021762
0.025835
0.135184
0.020813
0.080217
0.014349
0.025051
0.054500
0.053499
-0.044143
-0.064038
-0.015587
-0.057140
-0.020991
0.027934
-0.108640
-0.092019
0.014501
0.063775
-0.024590
-0.095152
0.021567
-0.085540
-0.118355
-0.046568
0.005086
-0.039256
-0.031071
-0.051104
-0.056123
-0.065257
-0.029238
-0.057335
-0.066665
-0.114084
-0.004427
-0.022595
0.008439
0.032286
0.010556
-0.071627
-0.115015
-0.035904
-0.098605
-0.052607
-0.030676
-0.002998
0.046732
0.028683
0.099082
0.044380
-0.073919
-0.022004
0.000237
0.096434
0.028453
0.082023
0.050486
0.043206
-0.032836
0.086597
0.066200
0.015526
0.083204
-0.002417
0.079879
0.016727
0.007147
0.031006
0.071063
-0.101171
-0.053409
0.003906
-0.104535
-0.075888
-0.017697
0.014050
0.041018
0.100829
0.077347
0.044789
0.023814
0.041778
0.095145
-0.032927
0.015789
0.020152
-0.036981
0.021193
-0.009665
0.037541
-0.026031
0.044494
0.013398
0.107851
-0.065666
-0.024182
0.057940
0.020963
0.043634
0.017971
-0.025922
0.004668
-0.060510
-0.095379
0.021536
0.049189
0.032349
0.034252
0.030735
0.025132
0.014934
0.110205
0.034958
-0.023282
-0.015335
-0.034251
-0.063292
-0.020910
-0.006167
-0.052990
-0.123461
-0.099484
-0.015605
0.031611
-0.002056
-0.013641
-0.027378
0.038360
-0.004878
0.022846
0.020232
-0.013008
0.036622
0.137406
-0.031967
0.036345
0.023104
-0.002826
0.001246
-0.000224
0.019794
0.041266
0.146840
0.118378
0.042102
0.000081
-0.020612
-0.025784
-0.001165
-0.025062
0.041629
0.004483
-0.098464
-0.044270
-0.026289
0.030200
0.056977
0.022304
-0.003103
0.021056
0.107483
-0.039891
-0.007954
-0.016083
-0.049110
0.051953
0.071187
0.069538
0.091734
-0.032876
-0.048644
0.109759
0.117365
-0.017089
0.015896
0.031417
0.030151
-0.066592
-0.048978
-0.008134
-0.003438
0.015332
0.069372
0.055051
0.002870
0.026772
0.010605
-0.079190
0.010578
-0.000626
0.049211
-0.033205
-0.093904
-0.095904
-0.052015
0.056515
0.077628
0.045779
-0.065667
0.006266
0.023403
-0.040003
-0.050679
-0.019893
-0.013001
0.010728
-0.000808
-0.010126
0.077525
0.082126
0.085616
-0.044758
0.035648
0.069583
-0.047437
0.032552
-0.055650
-0.005484
0.035699
-0.061408
-0.025706
-0.049536
0.023392
-0.019573
-0.068387
-0.028392
-0.021966
-0.064757
0.047985
-0.003918
0.010279
0.103865
-0.001925
0.097320
0.045635
0.041289
0.129188
-0.030921
0.030390
0.073457
0.149816
0.102180
0.070408
-0.049497
-0.019111
-0.089918
0.026020
0.035167
0.051406
0.010855
-0.061465
-0.006310
0.015404
-0.062086
0.046309
0.035622
0.046977
0.006993
-0.014227
0.069364
0.087067
0.054546
0.013704
-0.036048
0.040393
0.078993
0.012519
0.071559
0.025660
0.040799
-0.049348
0.056349
-0.039111
-0.014755
0.062666
-0.035436
0.050996
0.111756
0.018359
-0.014817
0.037182
-0.098545
-0.009169
0.008528
-0.047102
-0.003660
-0.027075
-0.030651
-0.027445
0.039792
0.101890
0.113524
0.062775
0.079472
0.127443
0.042765
0.047124
-0.035154
0.023915
0.072692
0.044213
0.047721
-0.059950
0.008899
0.012701
0.038034
-0.050461
-0.011272
-0.004254
-0.132441
-0.070680
-0.054185
-0.132262
0.036732
-0.106658
-0.036620
0.031536
0.070050
-0.004120
-0.009883
-0.065857
-0.035846
0.017074
0.020432
-0.009967
0.018369
0.067474
-0.026137
-0.002556
-0.100560
-0.102789
-0.173956
-0.114710
-0.143291
-0.035252
-0.030009
0.010868
-0.049163
0.010316
0.105200
0.020063
0.109490
-0.018226
-0.039982
-0.045996
-0.061614
-0.084385
0.038773
0.063915
0.028864
0.051953
-0.037760
-0.060506
-0.118151
-0.001171
0.002303
-0.075341
-0.041556
0.037675
0.043566
-0.001134
0.036670
0.018791
-0.089983
-0.024089
-0.070890
-0.080814
0.038975
-0.043206
0.037242
-0.092750
-0.026213
-0.037269
-0.037580
0.057422
-0.063830
-0.018916
0.103142
0.003392
0.063645
0.074039
0.004864
0.081846
-0.027346
-0.050249
-0.063007
-0.051514
0.056837
0.024470
0.009635
-0.032160
-0.022072
0.025805
0.050510
-0.029818
-0.033205
0.004359
-0.107962
0.057155
0.061570
0.067639
0.050364
-0.023921
-0.006349
-0.025524
-0.080587
-0.029514
-0.016483
-0.006359
-0.052917
0.033406
0.044260
0.037076
0.065652
-0.052536
0.058301
0.075868
0.071831
0.100972
0.028387
-0.006624
-0.018563
-0.015964
0.027863
0.128358
0.050423
0.084659
0.053471
-0.068847
0.095372
0.020832
0.034817
0.012691
0.109534
0.044949
-0.004480
0.074689
-0.030076
0.013198
0.041026
0.113361
0.083540
-0.039560
0.075851
0.054585
0.028052
-0.007398
0.089894
-0.054869
0.082313
0.038818
0.040776
-0.027710
-0.054173
-0.005517
-0.014691
0.000679
0.116821
-0.003531
-0.032510
-0.035566
-0.019811
0.070770
0.050841
0.066748
-0.026496
0.012376
0.005256
0.029642
-0.073152
-0.008166
-0.089511
-0.012041
0.013004
0.034578
0.027512
-0.072518
0.015333
-0.023953
0.007403
0.071822
0.085790
-0.009533
-0.044600
0.032536
0.025838
-0.084210
0.050970
-0.019036
-0.077137
0.087649
0.076217
0.095152
0.085920
0.069760
0.057480
0.052624
0.074072
-0.006923
0.078404
-0.067251
-0.054624
-0.056969
-0.059985
0.024970
-0.051202
-0.035198
-0.054891
-0.072536
0.071835
0.019647
-0.031019
-0.001391
-0.021310
-0.006674
-0.057961
-0.019049
0.029715
-0.016817
-0.039103
0.030563
-0.027836
0.107811
0.013779
0.027926
-0.004590
-0.029726
0.006604
0.018397
-0.050383
-0.058399
0.014673
-0.035862
-0.032728
0.004776
0.089561
-0.080444
0.062637
0.017715
-0.026223
-0.094926
0.003672
0.064574
0.067370
0.015106
0.125516
0.064303
-0.044240
0.042178
0.034210
-0.000322
-0.017538
-0.031174
0.021685
-0.011674
0.116465
0.129037
0.120714
0.137372
0.120691
0.041643
-0.009452
0.089772
0.067955
0.005186
-0.011447
0.086384
-0.078959
-0.042343
-0.024433
-0.003258
0.055108
0.017491
-0.001068
-0.063229
0.015980
-0.000977
-0.154966
-0.101559
0.009797
-0.086205
-0.021174
0.020457
0.081008
0.162983
0.118434
0.079913
0.014225
0.107158
0.039525
-0.085394
0.015485
0.072413
0.044885
-0.007012
-0.004964
0.045228
-0.000779
0.067178
0.021095
0.133053
0.011734
-0.075694
-0.060337
-0.058823
0.000752
0.076234
-0.071391
0.002242
0.068031
0.032125
-0.037155
0.099439
0.042619
-0.039096
0.047692
0.069781
-0.070578
0.034424
-0.047995
-0.100775
-0.166147
-0.084871
-0.000706
-0.023266
-0.071808
-0.028554
-0.024425
0.031896
0.063738
0.071432
0.044668
0.059586
0.075421
-0.016842
-0.100928
-0.033797
-0.084965
0.088389
0.098594
-0.046637
0.061989
0.085510
-0.029547
-0.018646
0.093669
0.091253
0.076006
0.006668
0.001884
-0.004234
0.086344
0.025726
0.046403
0.072032
-0.058102
-0.006330
0.001400
-0.036650
0.028704
0.166740
0.180236
0.211024
0.067628
0.149644
0.089158
0.025202
-0.039956
0.021132
0.039448
0.048260
-0.019085
-0.059370
-0.008495
0.013853
-0.049291
-0.052295
-0.026306
-0.074151
0.040509
-0.046664
0.064907
0.166672
-0.036155
0.011205
-0.005884
-0.000173
0.035966
0.041005
0.041815
-0.005236
0.037532
-0.010760
-0.065510
-0.058208
0.067785
0.035000
0.035945
0.025216
0.042188
0.093311
0.008532
0.021879
0.071842
-0.015185
0.029723
0.020361
0.056913
0.105731
0.092847
0.089223
0.066045
0.067106
-0.092859
-0.036301
-0.108645
-0.166045
-0.067555
-0.003177
-0.021148
0.118967
-0.010118
0.063086
0.023653
0.096094
0.025533
0.072006
0.060575
-0.004803
0.032136
0.086007
0.015756
0.011637
0.056296
0.023173
0.095844
0.036013
0.135376
0.012623
0.034299
0.030607
-0.106095
-0.006580
0.015825
0.040573
0.014875
0.065323
-0.046514
0.056854
0.043120
0.048236
-0.039357
-0.020136
-0.001625
-0.138743
-0.005331
-0.001266
-0.037063
0.032033
0.049897
0.080491
0.086619
0.145358
0.055028
-0.033930
-0.028797
-0.025473
0.049505
0.072993
0.114598
0.142467
0.018914
0.081441
0.115392
0.091847
-0.048089
-0.058159
0.014750
-0.014352
0.029460
0.049118
0.058664
0.005297
-0.045020
-0.028734
0.052398
-0.003883
-0.049860
0.036029
0.006073
0.014759
-0.012958
0.023655
0.019959
0.041401
0.018512
0.042001
0.019564
0.092067
0.012506
0.079153
-0.126780
-0.041898
0.131522
0.065647
0.028913
-0.055596
0.020458
-0.003483
-0.039904
-0.030910
-0.063493
-0.056523
0.064491
0.031637
-0.004474
0.041590
0.113078
0.065249
-0.025592
-0.020827
0.059246
0.046281
0.075941
0.006159
0.003204
0.029642
0.038967
0.030470
0.134545
0.043904
-0.064956
0.064504
-0.012191
0.083837
0.117337
0.079328
0.053639
-0.008662
0.058214
-0.024569
0.001722
0.026175
-0.009261
0.036778
0.053768
-0.007522
-0.053896
0.070063
0.197339
0.039623
0.082324
0.026789
-0.033275
0.109814
0.129540
-0.003414
0.130119
0.085147
0.044079
0.117287
0.036555
0.003720
0.067620
0.027964
0.048687
0.078549
-0.004931
0.094176
0.013041
-0.025489
-0.036773
-0.035389
0.052423
0.031115
-0.051844
0.045138
-0.040556
0.054399
0.016759
-0.075538
0.060166
0.068356
0.079597
-0.041512
-0.098257
-0.058970
-0.067976
-0.012499
0.011850
-0.048835
-0.005041
-0.019573
0.018670
-0.043436
0.050339
0.056714
-0.010000
0.119187
0.036213
0.040599
0.079506
-0.038454
0.060333
0.065644
0.040697
0.067864
-0.028081
0.012841
0.020653
0.037572
-0.070891
0.015105
0.119496
-0.017076
0.044251
0.038749
-0.095979
0.021970
0.007454
0.021090
-0.023413
0.041637
0.078820
-0.041750
0.069608
0.060405
-0.001596
-0.047026
-0.046606
-0.098434
-0.041386
-0.039843
0.018590
0.033812
0.027100
0.061879
0.004234
-0.003500
0.117342
0.006043
-0.054158
-0.039594
0.025592
-0.037633
0.030148
-0.000760
-0.051000
0.022300
-0.190906
0.008164
0.072505
0.003400
-0.040145
-0.000267
0.072233
0.111435
0.072530
0.095847
0.085475
0.059495
0.014875
0.013428
-0.018268
-0.042340
0.020354
0.028191
0.036090
-0.025342
0.003759
0.026656
0.075337
-0.025927
0.000611
-0.035516
-0.028668
0.009284
0.023892
0.006994
0.032598
-0.004802
-0.015312
0.023514
0.079732
-0.049169
0.068385
0.124049
-0.006224
-0.036273
-0.065709
-0.004312
-0.102318
-0.043921
-0.045561
0.053515
0.059644
0.069260
-0.015715
-0.025290
0.091167
0.020987
0.137356
0.095589
0.054241
-0.011020
-0.018865
-0.042377
0.006269
-0.054156
-0.050332
-0.069211
-0.038432
0.048443
-0.022570
0.032525
0.090441
-0.055058
-0.063010
0.091436
0.012815
0.085825
0.005726
-0.044387
0.029552
-0.004193
0.091269
0.047153
-0.068528
0.046520
0.026586
-0.043904
-0.052713
-0.056688
-0.098643
0.084889
0.062678
0.061975
0.060054
-0.051049
-0.078883
-0.002676
-0.074074
-0.011391
0.060073
-0.033427
0.052203
0.046635
-0.061067
-0.044889
0.055125
-0.034647
-0.002350
0.052497
-0.026140
0.069734
-0.014810
0.051157
0.111324
0.080691
0.018425
-0.021517
0.104337
0.018439
0.025902
0.090302
0.011431
0.007576
0.058966
-0.000471
-0.113162
0.003438
0.090615
0.133278
-0.061603
-0.008300
-0.010728
0.030948
0.067610
0.083659
0.030124
-0.000115
-0.014016
0.048228
-0.039463
0.035253
0.001109
0.051651
0.026553
-0.078593
-0.017171
-0.083727
0.001815
0.027963
0.025331
0.159415
0.104393
0.109111
0.025279
0.099516
0.040528
0.048764
0.097008
-0.059063
-0.053387
0.051361
-0.009059
0.057020
0.076258
0.018553
-0.009136
0.060196
0.036887
-0.046262
0.064676
0.027863
0.040923
0.116348
0.020546
-0.025285
0.001411
0.114197
0.193591
0.041382
0.099962
0.085038
-0.002749
-0.095257
-0.100706
-0.051902
-0.099187
-0.011662
-0.000252
-0.021120
0.013522
0.073635
0.119398
0.057334
0.002763
0.012062
-0.010991
0.000428
0.026361
0.049229
-0.015284
-0.002302
0.045421
0.005094
0.072393
0.013806
-0.006300
0.044153
0.040872
-0.005861
0.096116
0.004536
-0.043582
-0.042570
0.073697
-0.028154
-0.058144
-0.035731
-0.015343
-0.055560
-0.025422
-0.011257
0.054583
0.079221
0.024380
0.010781
0.027843
0.002469
-0.013697
0.037408
0.032716
0.069938
-0.062270
0.094476
0.085118
0.022571
0.031727
0.023381
0.060439
-0.008949
-0.026503
0.041121
-0.049643
-0.060960
0.028593
0.184606
0.083826
0.014042
0.110251
-0.028593
0.054173
-0.067885
0.042864
0.090949
0.035614
0.056614
0.056839
0.040914
-0.095131
-0.047137
-0.049008
-0.067081
-0.029825
-0.068855
-0.093383
-0.068084
0.002642
-0.043638
-0.034628
0.034547
-0.051823
-0.029837
0.019206
-0.094942
-0.065981
-0.081154
-0.002064
-0.011581
-0.003363
-0.020709
-0.026503
-0.041269
0.022950
0.000161
-0.056979
-0.101462
-0.108254
-0.004037
0.004052
-0.001364
-0.018429
-0.126750
-0.098689
0.043582
0.050802
-0.088125
0.057596
0.140583
0.075103
0.024032
0.026400
0.019511
0.046567
-0.018204
-0.034127
-0.059705
-0.075981
0.014883
-0.009916
-0.076797
-0.032927
-0.137580
-0.051352
-0.002263
0.013503
0.088051
0.081833
0.073909
-0.020764
0.005342
0.001308
-0.011894
0.055828
-0.043085
0.017783
-0.042119
-0.043529
0.063742
0.066969
0.091849
0.065097
-0.038322
0.000923
0.061766
-0.008629
-0.022928
-0.077570
-0.031268
0.021689
0.013056
-0.027074
-0.070013
-0.011041
0.007465
0.056293
-0.027633
-0.045458
0.017726
0.062533
0.018015
0.036311
-0.072119
0.004179
0.005161
-0.062184
-0.085665
0.081041
0.049133
0.066133
-0.060740
0.062845
0.093384
0.065650
0.027501
-0.010226
-0.038125
-0.024028
-0.010063
-0.014098
-0.098618
0.004311
0.044201
-0.020330
-0.031652
0.050697
0.026566
-0.066712
-0.035482
0.010595
0.060320
0.067808
0.029021
-0.061966
0.027391
0.002727
0.059214
0.060339
-0.018222
0.034357
0.054168
0.016433
0.135102
0.024172
-0.075475
0.012941
-0.056653
0.100413
0.009397
-0.001772
0.015630
-0.003969
0.038613
-0.036695
-0.132295
-0.010223
-0.041437
-0.016190
-0.035157
0.054997
0.023876
0.065469
-0.028785
0.039406
-0.004598
-0.079744
0.048939
-0.018800
0.008894
0.024484
-0.038239
-0.026671
-0.035322
-0.046008
-0.003051
-0.022056
0.038424
0.034089
-0.017730
-0.066314
-0.008563
0.052201
-0.023016
-0.027935
-0.019709
-0.000034
-0.084595
0.062632
0.025060
0.180586
0.090152
0.025556
0.033069
-0.002556
0.040661
-0.008688
-0.119823
-0.030276
-0.086550
0.001531
0.057366
-0.036090
-0.029886
-0.021724
-0.018305
0.078611
-0.039143
-0.023159
0.031350
0.067515
0.048798
-0.034834
0.050595
-0.022521
-0.049935
0.072511
0.077425
0.079052
0.021692
0.009440
-0.042255
0.019726
-0.006706
0.016170
-0.011251
0.034331
0.003037
0.019100
-0.072294
-0.040967
-0.020367
-0.041813
-0.049428
0.032729
0.015235
0.007204
0.033147
0.094024
-0.142657
0.007936
0.008303
0.013582
-0.020035
0.004882
0.011366
0.056342
0.073765
-0.049926
0.027158
0.019617
0.022040
0.029741
0.016915
-0.020253
0.079942
-0.010863
-0.031613
-0.042778
-0.013753
-0.112019
-0.169049
-0.137691
-0.034293
-0.001854
0.085330
-0.096412
-0.026234
-0.088095
-0.088980
0.040010
0.023025
-0.100006
-0.029651
-0.076633
0.035096
-0.040773
-0.143278
-0.141696
-0.041261
0.086898
0.037403
-0.038366
0.010418
-0.062607
-0.039260
-0.041796
-0.019328
0.075493
0.019352
0.035774
0.091116
0.097917
-0.045583
0.004981
-0.013697
-0.122204
-0.059508
-0.015707
-0.025660
0.014882
0.049507
0.012123
-0.022564
-0.027050
-0.010467
-0.013933
0.065363
-0.043387
-0.198746
0.011419
-0.035895
-0.037867
-0.010641
-0.058678
0.059043
0.052233
0.019783
-0.034512
-0.147572
-0.065154
-0.037973
-0.047574
-0.037314
-0.154429
-0.036807
-0.057373
0.050915
0.111465
-0.059897
0.045138
0.068132
0.007100
0.012175
0.002981
0.015184
0.109980
-0.006857
0.031617
0.038500
0.029130
-0.092059
-0.081877
-0.011844
-0.025720
0.026004
-0.027903
-0.034697
0.081302
0.025995
0.060904
0.030542
0.008021
0.000128
-0.098676
-0.069067
-0.072274
0.005124
0.036689
-0.135428
-0.011407
-0.053653
-0.019262
0.084443
0.044853
0.046328
-0.023015
0.031661
0.037490
-0.049995
-0.066298
-0.006085
-0.028630
0.009676
0.065657
-0.022606
0.004283
0.084796
-0.015370
-0.058675
0.055229
-0.063441
-0.005715
0.026006
-0.018323
-0.035403
-0.086489
-0.124424
-0.015700
0.019755
-0.040007
0.010741
0.029882
0.016220
-0.008909
-0.100325
-0.007009
0.034357
0.097425
0.069024
-0.088625
-0.032490
-0.035289
-0.044557
0.049047
0.055601
0.030669
0.097187
-0.016717
0.050108
-0.025760
-0.037602
0.072249
0.067538
0.063198
-0.077080
-0.017166
0.003982
0.036760
-0.055481
0.022959
0.073994
-0.051639
-0.041589
-0.000624
0.009086
0.109753
-0.034935
-0.001636
0.022331
0.031746
-0.004688
-0.030252
0.004882
0.018139
-0.004921
0.108807
0.049538
0.037381
0.009786
0.076352
0.012603
0.040905
0.040271
0.090429
0.049530
0.031985
0.016813
0.097045
-0.019525
-0.073846
0.058450
0.025084
0.062503
-0.000272
-0.015486
-0.054063
-0.022549
0.014993
-0.035778
-0.031957
0.012389
-0.016240
0.008150
-0.017319
0.084118
0.052685
0.049035
0.116675
0.125660
0.106518
-0.063806
-0.114399
-0.058541
-0.040652
0.072547
0.084889
0.093975
0.047459
0.024655
0.019041
-0.013762
0.048468
-0.027958
0.058564
0.026839
0.094526
0.081765
-0.028316
0.040645
-0.012852
-0.021584
-0.002618
0.087548
0.062135
-0.014005
0.049441
0.016384
0.004576
-0.068320
0.001066
-0.034268
-0.056660
-0.011992
0.002940
0.060021
0.073467
0.008635
0.052480
-0.108082
0.047581
0.090484
-0.016944
0.056105
-0.089546
-0.029111
0.024654
-0.050181
0.078601
0.120503
-0.004279
-0.008193
0.042301
0.037152
-0.002884
-0.033063
-0.057028
-0.155404
-0.135714
-0.044704
-0.023414
-0.050704
0.091874
0.090196
0.017589
-0.008384
0.045227
0.017529
-0.077263
0.006649
0.028143
-0.006297
0.028577
0.041364
0.054982
0.065408
0.062107
-0.018727
-0.035198
0.031724
-0.019702
0.025225
-0.016829
-0.026735
-0.003448
-0.100145
-0.108643
-0.022189
0.069138
0.065922
0.097272
-0.048313
0.038239
-0.050876
-0.058317
0.027596
0.016112
-0.034903
-0.119637
-0.048099
-0.007625
0.005983
0.034183
-0.008272
0.108766
0.053743
0.050561
0.127909
-0.011270
-0.009944
0.002894
-0.053889
-0.083619
-0.116588
0.002628
0.081010
0.041545
0.049386
-0.043380
0.015043
0.017236
-0.011564
0.015572
0.008107
-0.003274
-0.035457
0.017043
-0.026149
0.003588
0.010645
-0.003064
-0.065997
-0.124654
-0.091748
-0.048544
0.066767
-0.090347
0.002949
0.060264
0.047845
0.078151
0.054750
0.038567
0.069255
-0.064730
-0.004670
0.044141
-0.015905
-0.032592
-0.041195
-0.066406
0.090616
0.020192
-0.014562
-0.010507
-0.003307
0.024199
-0.035017
-0.050698
-0.110980
-0.106042
0.025918
-0.056535
0.057760
0.015440
0.095889
0.059878
-0.001642
-0.013987
0.083898
0.153594
0.016130
0.012986
0.057845
-0.053955
-0.025608
-0.023764
-0.004550
0.059532
-0.063763
-0.002126
0.079800
-0.021989
0.057997
-0.029660
-0.024993
0.071316
0.026397
0.074110
-0.008440
-0.045651
-0.079562
-0.020943
0.017701
0.015700
-0.024475
-0.008096
0.001588
-0.030847
0.060416
-0.018344
-0.030195
0.018388
-0.014513
-0.080866
-0.042893
0.044918
-0.048570
-0.049235
-0.006841
0.009907
-0.057598
-0.016996
0.004373
0.056118
0.013019
-0.049712
0.097077
0.025469
0.015548
0.031522
0.016938
0.022345
-0.062855
0.076054
0.077125
0.064638
0.073569
0.010659
-0.074541
-0.088260
-0.033782
0.001530
0.032404
0.030278
0.068888
-0.023371
-0.003148
-0.025913
-0.054644
0.028117
-0.080021
-0.120478
0.035904
0.034357
0.062411
0.020223
-0.051860
0.088467
0.033853
0.043313
0.055147
0.040324
0.087397
0.098683
-0.021544
0.017581
0.006122
0.090932
0.000932
0.089157
-0.019718
0.051120
0.130863
0.015550
0.040356
0.035923
-0.073295
-0.091543
0.036358
-0.019625
-0.013675
0.030732
0.041662
0.005719
-0.009930
0.007781
-0.011023
0.050398
0.050495
0.006523
-0.011258
0.021641
0.131855
-0.004923
0.116427
-0.009249
0.013682
-0.015169
0.025185
-0.042626
-0.041136
0.027392
0.017302
0.017990
0.020987
0.006252
-0.127924
-0.021379
0.067681
0.061952
0.011586
-0.016747
0.008964
0.018502
0.055319
-0.049576
0.041068
-0.008870
-0.001903
0.045503
-0.017791
0.026001
0.047257
-0.028182
-0.028159
0.005635
0.041453
0.010268
-0.047098
0.035855
-0.002874
0.018029
0.012551
0.011485
0.002150
0.001038
0.065542
0.033030
0.060922
0.076445
-0.036544
-0.045793
-0.039080
-0.080064
0.044859
-0.040473
-0.095180
0.016312
0.022112
0.104761
-0.018377
-0.030430
-0.098223
-0.069840
0.031566
0.106314
0.022106
-0.038806
0.074425
0.051088
0.038868
0.030608
-0.052042
0.035968
-0.007457
-0.063555
-0.017797
-0.041408
-0.030585
-0.045533
-0.005288
-0.044182
-0.036141
0.083823
0.097372
-0.024412
-0.064285
0.010491
0.026514
0.036025
0.060974
0.133969
0.048951
0.047023
0.068230
0.126000
-0.037736
0.003356
-0.006330
-0.050909
-0.012376
0.074409
0.027215
0.045312
0.039734
0.019432
-0.033730
-0.037573
-0.024083
-0.077006
0.088266
0.093743
0.004059
-0.050491
0.069829
-0.063986
-0.102849
-0.089437
-0.000395
0.005535
0.023479
-0.066649
-0.096507
-0.037239
-0.005957
-0.028851
-0.034992
-0.054995
-0.061015
0.090166
0.040637
-0.000498
0.003718
-0.016108
-0.039788
-0.003232
0.030611
0.110726
0.086825
0.017591
0.059357
0.020312
0.009726
0.027157
-0.088735
-0.028878
0.008983
-0.010959
0.033710
0.029171
0.020584
-0.003481
-0.082377
0.018425
0.039405
-0.020663
0.018728
-0.054384
0.030544
0.025499
-0.057458
-0.009554
-0.039187
0.037240
0.092325
0.106263
-0.010689
-0.102185
-0.015118
-0.044277
0.031503
-0.024851
0.064516
0.038145
-0.007892
0.094471
-0.056400
0.025356
-0.016665
-0.047881
0.010029
-0.003768
0.004498
0.011940
0.020559
-0.068654
0.000892
-0.019367
0.046559
0.094623
-0.003061
0.048634
-0.019830
-0.059413
-0.008897
-0.002721
0.060585
0.089933
0.103163
0.049366
-0.014198
-0.020009
0.073123
0.017617
0.049229
0.051395
0.068608
0.036541
-0.035136
0.048647
0.069674
0.004595
0.051879
0.024394
0.015466
-0.018460
-0.040803
-0.013165
0.000124
0.025160
-0.040158
-0.092818
0.046809
-0.032558
-0.033997
-0.046122
0.014275
-0.044322
0.014340
0.029447
-0.089056
-0.000049
-0.078805
0.019231
0.019268
0.041487
-0.030523
0.005107
0.036619
-0.059037
0.018844
0.062011
0.138924
0.010918
0.022608
-0.031163
-0.012956
0.035203
0.027479
-0.061309
-0.001855
-0.012407
0.044506
-0.028818
0.031028
0.033262
-0.012670
-0.042002
0.035209
0.015416
-0.000429
-0.057320
-0.010563
-0.012161
0.032763
0.036210
-0.008796
-0.006876
0.043672
0.044748
-0.022449
-0.008512
-0.086630
-0.050246
0.034052
-0.073369
-0.020452
0.021346
0.057609
0.034918
-0.014818
0.040569
0.069046
0.020280
0.041854
0.018401
-0.123027
-0.032447
-0.024378
0.010691
-0.030974
0.028109
0.055934
-0.012608
-0.020940
-0.063965
-0.002702
0.060415
0.063786
0.018184
0.054368
-0.000304
-0.082798
-0.056838
-0.095890
0.031002
0.037426
-0.016198
0.016127
-0.053472
-0.035076
0.015158
-0.002132
-0.017573
-0.036429
-0.071980
-0.049247
0.050115
0.030866
-0.068367
-0.050553
0.030185
-0.083050
-0.041464
-0.010188
0.014076
0.034055
0.009568
-0.091672
-0.038178
0.004693
0.026262
0.044794
0.056206
0.067774
0.065773
0.005752
0.005185
0.006173
-0.039506
0.022300
-0.028321
0.088198
0.074417
-0.007767
0.011529
-0.094445
-0.001313
-0.036286
-0.019506
0.030173
-0.001893
0.008046
0.075826
0.066782
-0.038723
0.063334
0.022735
-0.129599
-0.019423
-0.024844
0.090740
0.060189
0.018077
0.023370
-0.013025
0.030261
0.067428
-0.001580
-0.017023
0.032798
-0.045676
0.053271
0.021689
0.085963
-0.019879
-0.024786
0.081816
0.121396
0.165865
0.092615
-0.016262
0.032250
0.037513
0.058280
0.015520
-0.050988
0.016900
0.015824
-0.027157
0.056670
0.165346
0.061112
0.105941
-0.023872
-0.056495
0.064232
0.019891
0.005321
0.073071
0.089717
-0.022060
-0.034708
-0.047181
0.031372
-0.057000
-0.054396
0.012791
0.019349
-0.013262
-0.030420
-0.101793
-0.063594
-0.082220
-0.075853
0.002312
0.000128
0.045128
0.047652
0.063933
0.081976
-0.079126
0.025137
-0.006206
-0.103575
-0.009124
-0.012165
-0.038371
-0.074152
0.034120
-0.017863
-0.009498
-0.043352
0.050345
0.029689
-0.016718
0.021610
0.038332
-0.012605
0.018724
-0.047310
-0.057519
-0.041718
-0.016810
-0.027807
-0.077327
0.000982
0.071442
-0.004709
0.033430
0.012856
-0.025329
0.006128
-0.055516
0.102152
-0.025823
0.050412
-0.033709
0.038132
0.037176
0.079717
-0.023368
0.026627
0.075633
0.029726
0.172817
0.026502
0.080450
0.007093
-0.065914
-0.005749
-0.053488
0.083230
0.016765
0.067411
-0.025349
-0.028609
0.014648
-0.003156
-0.009735
0.039076
-0.020591
-0.031574
0.008618
0.095482
0.151687
0.073432
0.003487
0.046168
-0.011375
0.025063
-0.086969
-0.066048
-0.039429
-0.123844
-0.118800
-0.004245
-0.038075
0.044680
-0.027422
0.111984
-0.005865
0.002444
0.040485
0.043219
-0.017674
-0.042214
-0.011013
-0.134691
-0.010656
-0.004434
-0.022582
-0.049428
-0.077473
-0.027097
-0.017955
-0.047784
-0.041369
0.108082
0.001659
0.044528
0.093678
-0.013271
0.043995
-0.000227
-0.052292
-0.016456
0.061176
0.064065
0.102287
-0.010996
-0.061832
-0.054510
-0.006931
-0.038113
0.099554
0.088647
0.018014
0.089625
0.026754
0.066959
0.015670
-0.151946
-0.017441
-0.014846
-0.005979
0.074765
0.110003
0.037257
-0.034473
0.050656
-0.086121
-0.013344
-0.032131
-0.057910
-0.011520
-0.003548
0.055954
-0.036542
-0.058751
-0.074181
0.026860
-0.051844
0.008386
0.126889
0.083949
0.117386
0.016070
0.047310
-0.010494
-0.024982
-0.015032
0.011235
0.081690
0.015686
0.049114
-0.086225
0.121277
0.051671
0.021837
0.065659
0.029210
-0.007465
0.056006
0.003192
-0.029460
0.026762
-0.019298
-0.044533
0.011340
-0.033658
-0.003747
0.112104
0.083150
-0.025036
-0.009212
-0.079320
0.013275
0.072172
-0.076143
-0.061526
0.018018
-0.051404
-0.079078
0.062091
0.041612
0.049991
0.038598
-0.036683
-0.006583
-0.045146
-0.066755
-0.134494
-0.067884
-0.016006
0.040420
0.134814
0.080280
0.155257
0.099970
0.069613
0.154270
0.052994
0.040651
0.008061
-0.057769
-0.033562
-0.055969
-0.013240
-0.079663
-0.026105
-0.030214
-0.030537
-0.003975
-0.017567
0.070408
-0.026012
-0.031689
-0.013988
0.033851
0.053269
0.006218
0.053010
-0.043137
-0.015584
-0.044426
0.046266
0.043290
0.064176
-0.006845
-0.066087
-0.052793
-0.037689
0.114198
-0.010639
-0.054544
-0.027847
-0.036393
0.050024
0.123701
-0.028297
-0.020283
0.049627
0.000819
0.032419
-0.010918
-0.023477
-0.035406
0.045699
-0.014150
-0.061776
0.110258
0.017486
0.036906
0.025267
0.008158
0.075011
0.042650
-0.038032
0.054837
0.060169
-0.039897
0.055422
0.070795
0.003577
-0.022015
-0.054178
-0.106663
0.013645
-0.135933
-0.117873
-0.060667
-0.024543
0.031597
-0.059749
-0.073219
-0.049948
-0.046827
-0.038950
0.043639
0.077277
-0.032368
0.040625
-0.002479
-0.024017
-0.031526
-0.058028
-0.018057
-0.047050
-0.018185
-0.039364
-0.048082
-0.111301
-0.053783
0.033303
-0.007286
0.052900
0.093956
0.053048
0.071539
-0.001323
-0.108088
-0.071847
0.024486
0.001313
-0.030255
0.046657
0.155837
0.019766
0.016118
0.026512
0.010097
-0.023294
0.037076
0.096090
0.033686
-0.041071
0.049516
-0.021541
0.071277
0.128395
0.029828
0.018657
-0.061521
-0.005101
0.017476
0.044410
0.012471
0.011161
-0.004205
-0.009460
-0.125680
-0.066170
-0.008698
0.081554
0.036658
0.039018
0.095194
-0.002967
-0.117186
-0.029394
