10.000000 1.983619 2.413993 2.781286 2.353033
20.000000 0.746757 0.806245 0.692250 0.819616
30.000000 0.697436 0.726365 0.660161 0.629961
40.000000 0.584232 0.444780 0.387834 0.423197
50.000000 0.304590 0.327783 0.326487 0.292084
60.000000 0.200376 0.264589 0.304309 0.233823
70.000000 0.192803 0.297869 0.155024 0.274314
80.000000 0.124040 0.217973 0.198133 0.379602
90.000000 0.202486 0.220951 0.187456 0.225375
100.000000 0.146472 0.224970 0.193823 0.202600
110.000000 0.109244 0.249099 0.179887 0.239924
120.000000 0.206803 0.168270 0.201174 0.195661
130.000000 0.206486 0.216076 0.146159 0.122262
140.000000 0.111965 0.134411 0.090910 0.190009
150.000000 0.164592 0.094365 0.138477 0.169348
160.000000 0.248715 0.130317 0.122546 0.046143
170.000000 0.102375 0.124344 0.134132 0.107326
180.000000 0.205683 0.152344 0.132115 0.098502
190.000000 0.225534 0.124280 0.091031 0.178441
200.000000 0.131234 0.155644 0.128741 0.143779
210.000000 0.089057 0.134309 0.142474 0.156144
220.000000 0.078385 0.056421 0.089226 0.148756
230.000000 0.135770 0.058849 0.137434 0.096914
240.000000 0.146816 -0.026009 0.187409 0.115992
250.000000 0.085508 0.092195 0.105654 0.259573
260.000000 0.160560 0.068087 0.094259 0.207071
270.000000 0.143457 0.037335 0.096719 0.113864
280.000000 0.121716 0.105781 0.137322 0.144832
290.000000 0.188887 0.026153 0.194739 0.045141
300.000000 0.064119 0.035046 0.189866 0.068478
310.000000 0.081513 0.106381 0.185232 0.116479
320.000000 0.037237 0.089957 0.175920 0.132157
330.000000 0.087569 0.092824 0.066866 0.200883
340.000000 0.026419 0.096438 0.042794 0.141718
350.000000 0.112404 0.089622 0.052685 0.185885
360.000000 -0.020168 0.086085 0.104337 0.164311
370.000000 0.065784 0.032599 0.067701 0.132115
380.000000 0.142976 0.061944 0.119190 0.219371
390.000000 0.114963 0.015349 0.048254 0.203865
400.000000 0.135346 0.024074 0.108132 0.248461
410.000000 0.118369 0.112868 0.114158 0.148112
420.000000 0.003099 0.022931 0.055868 0.125355
430.000000 0.047434 0.101492 0.111540 0.099964
440.000000 0.076238 0.085673 0.075543 0.150729
450.000000 0.152371 0.157853 0.067394 0.150372
460.000000 0.112984 0.096965 -0.013276 0.101013
470.000000 0.084661 0.100730 -0.031332 0.206315
480.000000 0.114152 0.097634 0.075039 0.141084
490.000000 0.130395 0.085808 0.074175 -0.013153
500.000000 0.022735 0.172066 0.081092 0.044159
510.000000 -0.017416 0.090003 0.031759 0.140143
550.000000 0.003255 0.071217 0.008406 0.068811
600.000000 0.049522 -0.019435 0.082135 0.045196
650.000000 0.039367 0.025504 0.083221 0.092366
700.000000 0.086336 0.041812 0.057467 0.035683
750.000000 0.067567 0.062707 0.110741 -0.012992
800.000000 0.030779 0.046793 0.017019 0.097494
850.000000 0.062020 0.070316 0.043241 0.076304
900.000000 0.047389 0.020243 0.034356 0.086124
950.000000 0.030146 0.030429 0.013983 0.036912
1000.000000 0.076645 0.044528 0.059181 0.123704
1050.000000 0.091583 0.040456 0.027281 0.090756
1100.000000 0.081612 0.064064 0.076202 0.028895
1150.000000 0.062548 0.086098 0.048348 0.069486
1200.000000 0.043578 0.064468 0.081060 0.063210
1250.000000 0.047810 0.030202 0.026762 0.006769
1300.000000 0.094460 0.044340 0.021545 0.006878
1350.000000 0.031557 0.030138 0.006952 0.027072
1400.000000 0.008417 0.011086 0.117745 0.036968
1450.000000 0.063559 -0.004381 0.105410 0.010054
1500.000000 0.016079 -0.013373 0.108484 0.056508
1550.000000 0.032528 0.046350 0.043713 0.007191
1600.000000 0.016045 0.014741 0.043071 0.049852
1650.000000 0.006614 0.070191 0.045100 0.057437
1700.000000 0.016623 -0.006550 0.025097 0.086074
1750.000000 0.040131 -0.024813 0.034475 0.013862
1800.000000 0.057469 -0.004161 0.000890 0.028416
1850.000000 0.022797 0.021182 0.023902 0.032897
1900.000000 0.042471 0.043216 0.005753 0.027208
1950.000000 0.019988 0.066880 0.004953 0.038335
2000.000000 0.039726 0.064167 0.068242 0.030667
2050.000000 0.010203 0.017347 0.055848 0.074993
2100.000000 0.039110 0.048922 0.053978 0.009751
2150.000000 0.042383 -0.003561 0.030000 0.068852
2200.000000 0.021480 0.036273 0.042932 0.062171
2250.000000 0.022686 0.046650 0.012713 0.079847
2300.000000 0.016794 0.057699 0.053597 0.007153
2350.000000 0.020827 0.033975 -0.020956 0.020531
2400.000000 0.032735 0.023499 -0.003219 0.036199
2450.000000 0.013075 0.032299 0.023093 0.003885
2500.000000 -0.044505 0.028391 0.028876 0.029814
2550.000000 0.012366 0.031954 0.015329 -0.021753
2600.000000 0.055878 -0.026223 -0.008562 0.011074
2650.000000 -0.017237 0.006601 0.024781 0.014122
2700.000000 0.028648 -0.006780 0.014912 -0.025474
2750.000000 0.026826 -0.088802 0.037018 0.021473
2800.000000 0.036473 0.010303 0.013841 0.021380
2850.000000 0.017155 0.016243 0.026597 0.018153
2900.000000 0.052056 0.027073 0.004912 0.032729
2950.000000 0.016283 -0.051383 0.053820 0.044928
3000.000000 0.014171 -0.012339 0.054991 0.019110
3050.000000 0.013056 -0.010508 0.086230 0.022805
3100.000000 0.029726 0.029114 0.066507 0.067743
3150.000000 0.073397 -0.009041 0.077257 0.047927
3200.000000 0.083972 0.033088 0.011134 -0.012284
3250.000000 0.043811 0.077630 0.014797 -0.001364
3300.000000 -0.004039 0.036483 -0.031012 -0.031556
3350.000000 0.056050 0.031438 0.061266 0.032042
3400.000000 0.011348 0.045739 0.029249 -0.011269
3450.000000 0.032068 -0.008011 0.014429 0.022681
3500.000000 -0.010815 0.043895 0.033668 0.049503
3550.000000 0.015586 0.008987 0.017453 0.078153
3600.000000 0.041911 0.061068 -0.015172 0.060827
3650.000000 -0.002634 0.023591 0.036021 0.020818
3700.000000 0.010976 0.043927 0.034933 0.024432
3750.000000 0.016401 0.067976 0.000714 0.061901
3800.000000 0.042709 0.040723 0.053098 0.034645
3850.000000 0.033319 0.060239 0.043164 0.003259
3900.000000 0.017323 0.065016 0.002062 0.043027
3950.000000 0.031737 0.078680 -0.016303 0.078406
4000.000000 0.039947 0.045181 -0.046497 0.055668
4050.000000 0.034730 0.036971 -0.008855 0.006029
4100.000000 0.044759 -0.018401 0.022060 0.057872
4150.000000 0.016949 0.048426 0.011471 0.076464
4200.000000 0.056230 0.045309 -0.009149 0.028401
4250.000000 0.082958 0.006066 -0.039135 0.092067
4300.000000 -0.005938 -0.028313 0.026238 -0.016693
4350.000000 -0.012296 -0.002548 0.045003 0.041252
4400.000000 0.033361 0.024069 0.096142 0.014165
4450.000000 0.001917 0.045180 -0.001801 0.029039
4500.000000 -0.030980 -0.023068 0.036896 0.030146
4550.000000 -0.105510 0.004173 -0.000569 0.055555
4600.000000 -0.048443 -0.009793 0.044157 0.009964
4650.000000 0.023788 0.013678 0.048784 0.036477
4700.000000 0.024885 -0.037950 -0.004541 0.009584
4750.000000 0.004067 0.009703 0.006289 0.054928
4800.000000 -0.030466 0.034077 0.008709 0.051649
4850.000000 0.007339 0.013508 -0.027627 0.039527
4900.000000 -0.004584 -0.026385 -0.006120 0.049779
4950.000000 0.031011 0.027723 -0.015803 0.110974
5000.000000 -0.024035 -0.024937 0.030184 0.055442
5050.000000 -0.002731 -0.003837 -0.004870 0.010112
5100.000000 0.013661 -0.006594 0.036823 0.039857
5150.000000 -0.016954 0.010584 -0.036861 0.021493
5200.000000 -0.042494 0.015041 -0.017868 -0.018241
5250.000000 0.036863 0.034003 -0.025517 0.070570
5300.000000 0.024558 -0.035673 -0.043420 0.029410
5350.000000 0.041278 0.038186 -0.016344 -0.020098
5400.000000 0.040004 0.018569 0.022152 -0.036810
5450.000000 0.040204 0.067898 0.011512 -0.027025
5500.000000 0.016457 -0.011109 0.073797 0.045665
5550.000000 -0.034548 0.027067 0.041863 -0.007136
5600.000000 -0.019964 0.009932 0.037807 0.051315
5650.000000 0.004653 0.016701 0.019390 0.020504
5700.000000 -0.029416 0.010565 0.049874 0.043074
5750.000000 0.039330 0.042532 0.054311 0.036667
5800.000000 0.076407 0.063657 -0.000715 0.040437
5850.000000 0.078171 0.016894 0.005855 0.026285
5900.000000 0.062423 0.004667 0.045321 -0.003870
5950.000000 0.022534 0.001674 0.023833 0.013752
6000.000000 -0.034020 -0.014385 -0.008203 -0.004429
6050.000000 -0.014874 0.026870 0.068759 0.038503
6100.000000 0.006544 0.072847 -0.034859 0.008551
6150.000000 -0.023995 0.042976 0.009372 0.033548
6200.000000 -0.044101 0.038309 0.046393 0.024869
6250.000000 0.002420 0.018259 -0.033583 0.035578
6300.000000 -0.004585 0.025626 0.001202 0.036805
6350.000000 0.060039 0.010264 -0.016224 0.075217
6400.000000 0.027233 0.013395 0.002294 -0.002509
6450.000000 0.009551 0.041487 0.035747 -0.014540
6500.000000 0.003085 0.023458 0.029847 0.025603
6550.000000 0.028842 0.016865 -0.008770 -0.007547
6600.000000 -0.003961 0.047122 -0.050470 -0.014371
6650.000000 0.020978 -0.017542 -0.024125 0.028254
6700.000000 -0.010048 -0.009009 0.003023 -0.006629
6750.000000 0.041785 0.022163 0.002336 0.015480
6800.000000 0.038041 -0.010286 0.031446 0.026859
6850.000000 0.016823 -0.011145 0.017082 0.033506
6900.000000 -0.006674 -0.014617 0.066216 0.043420
6950.000000 -0.023578 0.014722 0.042115 0.084240
7000.000000 -0.001316 -0.002768 0.053177 0.026737
7050.000000 -0.052448 -0.040231 -0.032389 0.058155
7100.000000 0.026183 -0.015071 -0.010637 0.038359
7150.000000 -0.019297 -0.021935 -0.027248 0.040754
7200.000000 0.016540 -0.001859 -0.030656 -0.055911
7250.000000 0.025306 0.030750 0.030368 0.009892
7300.000000 0.090650 0.042110 -0.012997 0.005825
7350.000000 0.046557 0.037177 0.019310 0.014844
7400.000000 -0.003268 -0.008983 -0.008448 0.043556
7450.000000 0.024855 0.042862 0.005156 -0.005476
7500.000000 0.036104 0.038583 0.006368 0.035805
7550.000000 0.034168 0.045652 -0.015622 0.041723
7600.000000 0.033558 -0.031832 0.085514 0.061184
7650.000000 0.042394 0.040636 0.044539 0.021978
7700.000000 0.003556 0.022554 -0.023550 -0.008956
7750.000000 0.007237 0.011875 -0.019945 0.053760
7800.000000 0.034762 0.017661 0.032068 0.026382
7850.000000 0.007950 0.085057 -0.033478 0.076660
7900.000000 -0.017701 0.009101 -0.009793 0.008486
7950.000000 -0.002411 0.023676 -0.002601 0.041717
8000.000000 -0.026151 0.052284 0.009068 0.044297
8050.000000 0.000638 0.031848 0.003915 -0.021309
8100.000000 -0.002805 -0.003051 0.036661 -0.008793
8150.000000 0.007691 0.025308 -0.000392 -0.002690
8200.000000 -0.000946 0.043574 0.033318 0.006432
8250.000000 -0.050998 0.028896 -0.002194 -0.051682
8300.000000 0.032364 0.028883 -0.011019 0.040596
8350.000000 0.010796 0.072121 0.007715 -0.018677
8400.000000 0.001282 0.038188 0.045055 0.051023
8450.000000 -0.010838 -0.011747 -0.009948 0.008761
8500.000000 0.023172 -0.010512 -0.022784 0.010032
8550.000000 0.038329 0.067418 -0.028541 0.016486
8600.000000 0.008649 0.015907 -0.044433 0.076259
8650.000000 0.010200 -0.007649 0.013791 0.008432
8700.000000 0.032404 -0.044269 0.045528 -0.029726
8750.000000 0.033899 0.058008 -0.001486 0.033562
8800.000000 -0.003919 -0.005119 0.006331 0.028564
8850.000000 0.032413 0.019317 0.040918 -0.028989
8900.000000 -0.005742 0.032584 0.022492 0.057148
8950.000000 0.024460 0.011816 -0.045676 0.040533
9000.000000 -0.002772 0.062468 0.026699 -0.061401
9050.000000 0.010881 0.028203 0.008658 -0.018849
9100.000000 -0.004376 -0.002673 -0.050631 0.015092
9150.000000 0.023127 0.017476 0.041558 -0.017723
9200.000000 0.001267 0.079335 0.036210 0.002789
9250.000000 0.003958 -0.028936 0.017049 0.082722
9300.000000 0.039628 0.028838 0.020334 -0.015642
9350.000000 -0.003717 0.069139 -0.018331 -0.003544
9400.000000 0.049472 0.050772 0.022040 -0.004116
9450.000000 0.017090 0.059589 -0.044479 0.019971
9500.000000 -0.007651 0.020382 0.005546 0.052707
9550.000000 0.020178 0.071406 0.004602 0.110970
9600.000000 -0.011095 0.042335 0.004255 0.012966
9650.000000 0.033347 0.009871 0.006963 0.024773
9700.000000 0.038426 0.048398 -0.023092 0.011834
9750.000000 0.032298 0.027334 -0.014183 0.047443
9800.000000 0.001234 0.041080 -0.003855 -0.004723
9850.000000 0.059461 -0.060283 0.078573 0.008428
9900.000000 0.034709 0.002551 0.035469 0.018382
9950.000000 0.027870 -0.005252 0.036731 0.026480
10000.000000 0.062258 -0.022545 0.015963 0.023624
10090.000000 0.021942 0.011104 0.007549 0.028468
10240.000000 -0.008876 0.034241 0.012748 0.022285
10390.000000 0.011032 0.005541 -0.027454 0.047631
10540.000000 0.036022 0.051902 -0.011193 -0.040525
10690.000000 0.012545 0.041718 -0.009004 0.008321
10840.000000 0.029252 0.033826 -0.032408 0.061468
10990.000000 0.007489 0.006023 -0.005970 0.004774
11140.000000 0.013479 0.038111 0.003903 0.006060
11290.000000 0.011585 0.049236 0.004027 -0.003298
11440.000000 -0.000558 0.031104 0.013514 -0.001517
11590.000000 0.001829 0.006559 0.045032 0.002169
11740.000000 0.019547 0.005016 0.028502 0.005551
11890.000000 0.043096 0.053614 0.007361 0.012672
12040.000000 -0.018786 -0.016812 0.021869 -0.001603
12190.000000 0.021841 0.025145 0.038916 -0.004500
12340.000000 0.010641 -0.020886 0.001087 0.047791
12490.000000 0.015364 0.012132 0.033297 0.002523
12640.000000 0.014658 0.023606 0.033775 -0.023179
12790.000000 0.028066 0.049050 -0.011775 0.016990
12940.000000 0.022534 -0.010584 0.013369 -0.005683
13090.000000 -0.023548 -0.010735 0.044446 0.017483
13240.000000 -0.024028 0.031875 0.033445 -0.017309
13390.000000 -0.000461 0.036484 0.027838 -0.018929
13540.000000 0.010364 0.020563 0.000399 -0.011853
13690.000000 0.012340 0.013434 0.008113 -0.028585
13840.000000 -0.020696 0.038287 0.008330 0.002085
13990.000000 0.054729 0.021142 0.022303 0.040665
14140.000000 0.044659 -0.003087 -0.015109 0.003957
14290.000000 0.030103 -0.012329 0.028209 0.034514
14440.000000 0.020028 -0.000992 0.003388 0.029114
14590.000000 0.021718 0.022931 -0.014213 0.025797
14740.000000 -0.008100 -0.003037 -0.034255 0.021105
14890.000000 -0.008938 0.015268 -0.009007 0.014908
15040.000000 0.010836 0.028467 0.010580 0.010298
15190.000000 -0.005161 0.013401 0.009321 -0.021391
15340.000000 -0.029759 0.019701 0.016357 0.013377
15490.000000 -0.004109 0.017432 0.031841 0.050019
15640.000000 -0.003523 0.033334 0.048337 0.010282
15790.000000 0.020632 0.016386 0.018956 0.012085
15940.000000 0.015236 0.033004 0.026703 0.012447
16090.000000 0.005697 0.022040 0.037853 0.018583
16240.000000 -0.006708 0.005430 0.018447 0.004752
16390.000000 -0.004775 -0.006210 0.020240 0.029961
16540.000000 0.015991 0.025500 0.013245 0.001449
16690.000000 0.046660 -0.015814 -0.001178 0.039803
16840.000000 0.015070 0.014236 0.010845 0.011308
16990.000000 0.007938 0.004241 -0.028137 0.020507
17140.000000 0.025677 -0.010739 0.016091 0.007513
17290.000000 0.023392 0.026541 -0.005585 -0.007184
17440.000000 0.007841 0.001638 -0.007136 -0.004796
17590.000000 -0.007022 0.028864 0.022423 0.043367
17740.000000 -0.015096 0.004084 -0.009961 0.019934
17890.000000 -0.010327 0.005275 0.003392 0.034939
18040.000000 -0.016809 -0.011120 -0.001551 0.017904
18190.000000 -0.036447 0.006039 -0.004458 0.005128
18340.000000 -0.000461 0.025689 0.022051 0.043607
18490.000000 0.020574 -0.004438 0.019724 -0.003516
18640.000000 0.020186 0.017531 -0.002684 0.014157
18790.000000 0.000431 -0.015746 0.018689 0.037925
18940.000000 0.001469 0.023856 0.013821 0.037608
19090.000000 -0.032554 0.007598 -0.027007 0.022593
19240.000000 0.002310 0.019840 0.013349 -0.018117
19390.000000 0.000564 0.013610 0.035245 0.023137
19540.000000 0.000151 -0.000210 0.029548 0.030188
19690.000000 0.024358 0.021650 0.019445 0.012846
19840.000000 0.008581 0.028008 0.017430 0.008987
19990.000000 0.011143 0.047645 -0.025563 0.000627
20140.000000 0.015861 -0.013337 0.005280 0.048736
20290.000000 -0.023714 -0.050776 0.019909 0.032884
20440.000000 0.001303 0.029337 0.034833 0.019954
20590.000000 0.006970 0.006791 0.019292 0.039069
20740.000000 0.018520 -0.028510 0.012899 0.030421
20890.000000 0.013469 0.004397 0.013109 0.032409
21040.000000 -0.006595 0.034874 0.019426 0.072329
21190.000000 -0.000385 0.031706 0.000503 0.017820
21340.000000 0.012736 0.031234 0.021878 0.015188
21490.000000 0.010461 -0.015058 0.036736 0.017975
21640.000000 0.007021 -0.032552 -0.004897 -0.013103
21790.000000 -0.021970 0.001182 0.038406 0.037839
21940.000000 -0.004535 -0.022351 0.011274 0.009212
22090.000000 0.009733 0.006676 -0.002582 -0.021497
22240.000000 -0.014407 -0.028651 -0.008086 0.036664
22390.000000 -0.002770 0.032768 0.018815 -0.016355
22540.000000 0.001313 0.015231 -0.004165 -0.014465
22690.000000 0.013142 -0.015906 0.001357 -0.009029
22840.000000 0.002966 0.037527 0.006864 0.026325
22990.000000 0.030655 0.007150 0.017930 -0.001649
23140.000000 0.000058 -0.009345 -0.020742 0.027475
23290.000000 0.016912 -0.018784 0.002575 0.009517
23440.000000 -0.002418 0.021759 -0.029015 0.019794
23590.000000 -0.002058 0.002288 -0.027436 0.042644
23740.000000 0.020633 -0.000964 -0.003050 0.001201
23890.000000 0.049490 0.028106 -0.000062 0.006204
24040.000000 0.003572 -0.009939 0.008874 0.031636
24190.000000 -0.006358 -0.026143 -0.003973 0.011746
24340.000000 0.023978 -0.015831 0.030423 0.023760
24490.000000 -0.026337 0.011782 0.039328 0.037571
24640.000000 -0.019293 -0.008682 0.002139 0.017553
24790.000000 -0.005582 0.025039 0.039246 0.022873
24940.000000 0.007939 0.013400 0.038005 0.068068
25090.000000 -0.007560 0.016248 0.016568 0.020040
25240.000000 -0.002567 0.018243 -0.003761 0.028384
25390.000000 0.002512 -0.008162 0.019985 0.038445
25540.000000 0.004924 0.034607 0.040537 0.021547
25690.000000 0.006729 0.020864 0.031172 0.012356
25840.000000 -0.019989 -0.006813 0.005081 -0.013572
25990.000000 0.040491 0.000043 0.000065 0.001602
26140.000000 0.017687 0.020566 0.026487 0.007717
26290.000000 -0.011141 -0.004650 0.011860 -0.001976
26440.000000 0.017968 0.013147 0.001320 0.030610
26590.000000 -0.000551 -0.022235 -0.012917 -0.001142
26740.000000 0.011728 -0.008090 0.019826 0.012771
26890.000000 -0.028102 0.015243 0.004955 -0.006461
27040.000000 0.031754 0.012320 -0.007156 -0.012691
27190.000000 0.007756 0.004832 0.016521 -0.022644
27340.000000 0.038423 -0.019246 -0.002232 -0.014796
27490.000000 0.022035 0.024561 0.002595 -0.011943
27640.000000 0.022285 -0.009270 -0.018630 0.011053
27790.000000 -0.015640 -0.002156 0.011319 0.007855
27940.000000 0.012836 0.017478 -0.000406 0.008264
28090.000000 -0.001849 -0.007139 0.008638 0.019112
28240.000000 0.007970 0.019713 0.031238 -0.026437
28390.000000 0.017547 -0.011654 0.021359 -0.007758
28540.000000 -0.022880 0.005782 0.055095 0.018679
28690.000000 -0.023187 -0.020588 0.019180 0.004766
28840.000000 0.021427 0.006137 0.014848 -0.009116
28990.000000 0.014535 0.018875 0.030152 0.016779
29140.000000 -0.015985 -0.024514 -0.009598 0.031826
29290.000000 0.015431 0.003757 -0.006439 -0.011413
29440.000000 0.026305 0.014845 0.007580 -0.009394
29590.000000 0.031776 0.015786 0.023327 0.019881
29740.000000 0.018693 0.067460 -0.014155 -0.007725
29890.000000 0.033978 0.013410 0.009272 -0.004195
30040.000000 -0.026001 0.013829 0.002808 0.023298
30190.000000 0.009288 0.042678 -0.007759 0.032409
30340.000000 0.056432 0.041333 -0.007790 -0.000560
30490.000000 0.004017 -0.018850 -0.001988 0.027042
30640.000000 -0.005206 -0.015524 0.007746 0.023089
30790.000000 0.012437 0.021619 0.024459 -0.001809
30940.000000 -0.001792 0.030065 -0.009450 0.011811
31090.000000 0.035430 0.056846 0.019245 0.042937
31240.000000 -0.022653 -0.045846 0.013203 0.011488
31390.000000 0.043561 -0.020961 0.039092 0.009195
31540.000000 -0.015411 0.017509 0.000808 0.003095
31690.000000 0.006023 -0.002622 0.028807 0.004309
31840.000000 0.003537 0.030661 0.007721 0.027403
31990.000000 0.044119 -0.008013 -0.011651 0.013816
32140.000000 0.024464 0.003191 -0.015132 0.017135
32290.000000 0.018914 -0.016406 0.031543 -0.022621
32440.000000 0.016312 0.033599 0.029224 0.030451
32590.000000 0.001310 0.008789 0.027075 -0.018621
32740.000000 0.001939 -0.010491 -0.009285 0.016668
32890.000000 0.022384 0.000642 -0.007795 0.055766
33040.000000 0.012939 0.016902 -0.011881 -0.003977
33190.000000 -0.013336 -0.003496 0.006493 -0.015005
33340.000000 0.033398 -0.003983 0.017650 -0.056760
33490.000000 0.011232 -0.008112 0.059643 -0.033474
33640.000000 0.001277 0.037560 -0.010713 -0.012673
33790.000000 -0.014886 0.042534 -0.000131 0.019856
33940.000000 -0.032027 0.035953 0.007766 0.031050
34090.000000 0.046789 -0.018405 -0.000527 -0.015926
34240.000000 0.030141 -0.001238 -0.011626 0.008847
34390.000000 -0.029986 0.002004 0.025543 0.006814
34540.000000 0.033712 -0.004051 0.011258 0.029568
34690.000000 0.041572 -0.004237 0.011008 0.018653
34840.000000 0.023255 -0.018772 0.024805 -0.001252
34990.000000 0.045018 -0.020149 0.014404 0.002985
35140.000000 0.006281 0.009717 0.012078 -0.008210
35290.000000 -0.009661 0.026832 0.037873 0.000002
35440.000000 -0.006902 0.026210 0.004067 0.028563
35590.000000 0.037539 0.034331 -0.000503 0.020457
35740.000000 -0.013483 0.017399 -0.020977 0.024292
35890.000000 0.017822 0.018452 0.005006 0.000308
36040.000000 0.005817 0.004345 -0.033262 0.009404
36190.000000 0.005681 -0.007481 0.011815 0.000634
36340.000000 -0.001860 0.025804 0.024128 0.027352
36490.000000 0.074809 0.014992 0.020958 -0.012154
36640.000000 0.015127 0.027461 0.000858 0.013878
36790.000000 0.011525 0.022464 -0.046600 0.022431
36940.000000 -0.000708 0.000290 0.012204 0.006521
37090.000000 -0.028112 0.004258 0.001348 0.013091
37240.000000 -0.001779 0.009222 -0.002980 -0.019996
37390.000000 -0.008647 0.038553 0.013538 0.003969
37540.000000 0.002173 -0.000747 0.009896 0.004100
37690.000000 0.032090 0.002726 0.011405 -0.025402
37840.000000 0.014142 0.020834 0.038616 -0.014431
37990.000000 -0.014595 0.004696 0.023134 0.012728
38140.000000 0.032673 -0.000796 0.026386 -0.009857
38290.000000 0.019906 -0.019123 -0.006582 -0.021463
38440.000000 0.027954 0.003672 0.022465 -0.004275
38590.000000 0.008811 0.009973 0.047066 0.018591
38740.000000 0.021850 0.008781 0.008704 0.002260
38890.000000 0.007433 0.000717 0.020919 -0.000488
39040.000000 0.026585 0.005941 0.011591 0.001266
39190.000000 0.009251 0.030084 0.010651 -0.017728
39340.000000 -0.031026 -0.019272 0.030612 0.004611
39490.000000 0.009986 0.032166 0.011817 0.005042
39640.000000 0.023383 -0.003898 0.040452 0.012650
39790.000000 0.031694 0.012027 -0.005549 -0.008677
39940.000000 0.007838 0.003742 -0.022137 0.024894
40090.000000 -0.019372 0.031026 -0.032478 0.013090
40240.000000 0.013081 -0.001510 -0.001585 -0.000086
40390.000000 0.019975 0.022795 0.009707 0.026460
40540.000000 0.024568 0.009973 0.008647 0.004385
40690.000000 0.027538 0.031296 -0.033402 -0.005611
40840.000000 -0.002750 -0.024300 0.053378 0.023720
40990.000000 0.007581 -0.009030 0.009573 0.032866
41140.000000 -0.023501 0.010031 0.017632 0.004414
41290.000000 0.006837 0.010467 0.019422 -0.028928
41440.000000 0.013827 -0.022216 -0.006406 -0.015365
41590.000000 0.011677 0.022285 -0.029879 0.012610
41740.000000 0.015192 0.013934 0.023183 -0.001426
41890.000000 -0.002879 -0.009109 0.043505 0.010567
42040.000000 0.007677 -0.004396 0.011036 -0.003874
42190.000000 0.042631 0.012590 0.028039 -0.016568
42340.000000 0.025231 -0.001407 0.014990 0.003390
42490.000000 0.023528 -0.007254 0.005938 0.019136
42640.000000 0.052196 -0.004089 0.011231 -0.029911
42790.000000 0.049062 -0.011451 0.018754 0.011991
42940.000000 0.013503 -0.010120 -0.017241 -0.014503
43090.000000 -0.005320 -0.029235 -0.013607 0.005185
43240.000000 0.033523 -0.013638 0.004666 0.000245
43390.000000 0.023898 0.011229 0.007079 0.007416
43540.000000 -0.010828 -0.020748 0.004408 -0.000145
43690.000000 -0.017041 -0.009834 0.018383 -0.023313
43840.000000 0.014639 0.008585 0.028793 0.002889
43990.000000 -0.035464 -0.027392 -0.030902 0.035376
44140.000000 0.010154 -0.019739 0.020534 0.012601
44290.000000 0.056821 -0.028940 0.017828 0.023043
44440.000000 0.034545 0.028630 0.001354 0.007570
44590.000000 0.031456 -0.011400 -0.043178 0.016568
44740.000000 0.058203 0.003664 -0.013386 0.004405
44890.000000 -0.010135 0.022084 -0.056221 -0.028184
45040.000000 -0.015873 0.014332 -0.008046 0.005978
45190.000000 -0.015649 0.018644 -0.002352 0.036489
45340.000000 -0.014278 0.024032 -0.009433 0.001727
45490.000000 0.000651 0.020926 0.003331 0.007349
45640.000000 0.031247 0.029719 0.001076 0.013116
45790.000000 0.024667 0.027370 0.025981 0.033045
45940.000000 0.027870 -0.029718 0.011117 0.007324
46090.000000 0.016151 0.006205 -0.003957 0.006746
46240.000000 -0.034620 -0.012271 -0.001606 0.000574
46390.000000 0.002803 -0.001352 0.018001 0.024084
46540.000000 0.008316 0.011140 0.013069 0.005373
46690.000000 0.001657 0.010740 -0.020024 0.018188
46840.000000 -0.017612 -0.012107 -0.011048 -0.010174
46990.000000 0.026174 0.010879 -0.003636 0.004063
47140.000000 0.016059 0.025251 -0.019586 0.021552
47290.000000 0.014210 -0.020572 0.042327 -0.007736
47440.000000 0.021871 0.016968 0.005052 0.001180
47590.000000 0.000783 0.025067 0.015883 -0.002954
47740.000000 0.010360 0.015778 0.008831 0.003284
47890.000000 -0.024325 0.016586 0.005244 0.014754
48040.000000 0.020016 0.040911 -0.000931 -0.018355
48190.000000 -0.007873 0.005394 -0.003176 -0.012269
48340.000000 0.007664 -0.007884 0.001719 0.027037
48490.000000 0.029794 0.007298 0.048727 0.039096
48640.000000 0.023780 -0.016659 -0.007233 0.008894
48790.000000 -0.008606 -0.011386 0.003188 -0.013228
48940.000000 0.019981 -0.009497 0.027221 0.012101
49090.000000 -0.026682 0.038136 -0.007845 -0.019394
49240.000000 0.005879 0.010543 -0.011839 -0.053577
49390.000000 0.005112 -0.033893 -0.033212 -0.018095
49540.000000 0.042405 0.010684 0.031770 0.004408
49690.000000 -0.007674 -0.009989 0.008166 -0.008946
49840.000000 -0.007452 -0.025337 -0.029007 0.000991
49990.000000 0.030210 -0.010450 -0.017831 0.017974
50140.000000 -0.026742 0.003666 0.010127 -0.013910
50290.000000 0.029630 0.011003 -0.029468 0.001105
50440.000000 -0.002216 -0.022462 0.041578 0.030116
50590.000000 0.009508 0.013450 0.009234 0.012416
50740.000000 0.014729 0.001222 0.014140 0.004700
50890.000000 0.026243 -0.007163 0.001095 0.031610
51040.000000 -0.005762 -0.009119 -0.018747 0.026571
51190.000000 0.021614 0.022775 0.008400 -0.022783
51340.000000 0.026001 0.015746 0.003229 -0.002511
51490.000000 0.027219 -0.028244 -0.020095 0.007916
51640.000000 0.031121 -0.009898 -0.021362 -0.007084
51790.000000 0.017432 -0.012021 0.040235 -0.015847
51940.000000 -0.003014 0.032648 -0.004754 0.001569
52090.000000 -0.010142 -0.032686 -0.011818 -0.015366
52240.000000 -0.029219 0.009567 -0.025981 -0.004146
52390.000000 -0.006636 0.017112 0.007356 0.023707
52540.000000 -0.001659 0.024498 0.007156 0.000110
52690.000000 0.007196 0.023943 -0.007345 0.025980
52840.000000 0.012726 0.023986 -0.029121 -0.008138
52990.000000 -0.001473 0.003883 0.043276 -0.020151
53140.000000 -0.031629 -0.017084 0.015324 -0.023223
53290.000000 -0.005586 0.007677 0.015814 0.032353
53440.000000 0.022853 0.003656 0.040206 -0.006985
53590.000000 0.005424 -0.025278 0.033428 0.015118
53740.000000 -0.000907 -0.004350 -0.026560 0.027711
53890.000000 0.010585 0.019515 0.027661 -0.045345
54040.000000 -0.003586 0.006495 0.012375 -0.045969
54190.000000 0.005036 0.022707 -0.030834 -0.033843
54340.000000 -0.023731 -0.023091 0.005012 -0.011403
54490.000000 -0.011520 0.001240 -0.018241 0.012612
54640.000000 0.007670 -0.043204 -0.009156 0.023891
54790.000000 -0.018574 -0.031959 0.004251 0.001283
54940.000000 0.001519 -0.015085 -0.001460 -0.014805
55090.000000 0.007275 0.012056 -0.016650 0.011877
55240.000000 -0.027228 -0.008127 0.006678 0.026778
55390.000000 0.002679 -0.006584 -0.004839 -0.014571
55540.000000 -0.008337 0.001296 0.040323 0.012415
55690.000000 0.018942 -0.006147 0.002603 0.041428
55840.000000 0.007908 0.023649 0.001744 0.026051
55990.000000 0.007798 -0.001042 0.027757 -0.000586
56140.000000 -0.017172 0.009792 -0.003024 0.005290
56290.000000 0.003689 -0.012908 -0.012133 0.006220
56440.000000 -0.011095 0.006613 -0.006718 0.000231
56590.000000 0.024026 -0.008334 0.011851 0.015143
56740.000000 -0.021678 0.003923 -0.005183 0.034203
56890.000000 0.006273 0.022875 -0.005241 0.025763
57040.000000 0.031284 -0.026899 -0.010678 0.008874
57190.000000 0.034332 0.015279 0.004742 0.013080
57340.000000 0.039965 0.011301 -0.058927 -0.005834
57490.000000 0.011247 0.005024 0.039910 -0.020957
57640.000000 -0.017954 0.002310 -0.022546 -0.026978
57790.000000 0.001871 -0.007551 -0.003271 0.012455
57940.000000 0.005135 0.010090 -0.023235 0.030134
58090.000000 0.013388 -0.018845 0.026054 -0.017108
58240.000000 0.039750 -0.013927 0.025117 0.008106
58390.000000 0.021987 0.070419 -0.014222 -0.011343
58540.000000 0.018520 -0.022348 0.014657 -0.004886
58690.000000 0.059517 0.008568 0.022960 -0.010029
58840.000000 0.038579 -0.004667 -0.020212 -0.009212
58990.000000 -0.002017 0.032039 -0.035036 0.001532
59140.000000 -0.027937 0.002578 -0.019944 -0.002210
59290.000000 -0.000503 0.015107 -0.002274 0.016065
59440.000000 -0.002653 -0.001187 0.036036 0.021614
59590.000000 0.007731 -0.014708 -0.004492 0.033560
59740.000000 0.002171 0.009310 -0.000906 0.031713
59890.000000 0.014676 0.005049 0.016670 -0.004359
60040.000000 0.015300 0.003848 -0.012039 -0.015257
60190.000000 0.005844 0.007872 0.031729 0.039572
60340.000000 0.000750 0.019634 -0.008381 0.000136
60490.000000 0.007921 0.031984 0.017679 -0.035743
60640.000000 0.005687 0.031595 -0.027311 0.029658
60790.000000 0.009381 0.024145 -0.005815 0.020325
60940.000000 0.027393 -0.000393 0.004598 0.029855
61090.000000 0.011287 0.027948 0.036675 0.016286
61240.000000 0.002697 -0.003428 0.045738 0.018779
61390.000000 0.016037 0.015476 -0.028231 0.007987
61540.000000 -0.001981 -0.025554 -0.017730 0.009791
61690.000000 0.025431 -0.001342 -0.009262 -0.031168
61840.000000 -0.007617 0.022463 -0.049441 0.019779
61990.000000 0.002446 0.022750 0.015130 0.002077
62140.000000 0.012738 0.026063 -0.013658 -0.004743
62290.000000 0.028827 -0.017231 0.008062 0.022984
62440.000000 0.015224 0.019541 0.017219 0.025954
62590.000000 -0.012061 0.036976 0.011250 0.032187
62740.000000 0.007318 0.029712 0.013757 0.021068
62890.000000 -0.000611 -0.006917 0.001385 -0.012096
63040.000000 -0.033058 0.006525 0.028488 -0.006098
63190.000000 0.030984 -0.026482 -0.016097 -0.007557
63340.000000 0.025215 -0.022920 0.008722 0.016869
63490.000000 0.001950 -0.011857 0.013858 -0.006207
63640.000000 -0.015470 -0.004461 0.029686 -0.021746
63790.000000 -0.013252 0.001462 0.025657 -0.046807
63940.000000 0.021082 0.007168 -0.022518 0.000602
64090.000000 -0.003424 -0.004813 -0.009587 -0.025953
64240.000000 0.013438 0.019086 0.002501 -0.045561
64390.000000 0.028915 -0.001341 -0.018687 0.005135
64540.000000 -0.027710 0.005470 0.006148 0.026274
64690.000000 0.021677 -0.014843 0.009100 0.021114
64840.000000 0.016850 -0.004349 -0.000546 0.006886
64990.000000 0.003396 -0.011736 0.028999 -0.040305
65140.000000 0.008358 -0.023591 0.022919 -0.018901
65290.000000 0.044433 -0.008903 0.027278 -0.005879
65440.000000 0.009184 0.031551 0.018988 -0.027687
65590.000000 -0.008783 0.009500 -0.024207 0.016685
65740.000000 -0.004162 -0.001530 -0.017537 -0.002006
65890.000000 0.013377 -0.000768 0.000882 0.012481
66040.000000 0.011680 0.004001 -0.035610 0.006841
66190.000000 -0.010110 0.025347 -0.048201 0.003945
66340.000000 0.020254 -0.010587 -0.016957 -0.017255
66490.000000 0.009520 0.007281 -0.022595 0.006375
66640.000000 0.032793 0.019883 -0.021137 -0.035579
66790.000000 0.033731 -0.019593 0.008601 0.024424
66940.000000 -0.020158 0.012017 0.008395 -0.021641
67090.000000 0.011044 -0.003775 -0.016408 0.013682
67240.000000 0.010421 -0.026814 -0.016894 -0.010960
67390.000000 0.011513 -0.013111 -0.013559 -0.005574
67540.000000 0.021790 0.001249 0.023837 0.042287
67690.000000 0.005449 0.024242 -0.016525 0.007953
67840.000000 0.032083 0.015878 0.010933 0.003627
67990.000000 0.030825 0.031488 -0.009031 -0.019228
68140.000000 0.012745 -0.014016 0.016406 -0.010818
68290.000000 0.009708 -0.028323 -0.017810 0.021422
68440.000000 -0.016244 -0.017942 -0.013740 -0.015813
68590.000000 -0.008548 -0.030775 -0.017945 -0.003640
68740.000000 -0.012688 -0.054136 -0.018909 0.018547
68890.000000 -0.003241 -0.003733 -0.015488 -0.012819
69040.000000 -0.004211 0.036279 0.040567 0.019050
69190.000000 0.011092 -0.004669 0.027500 -0.007957
69340.000000 0.037002 -0.000110 0.004062 0.026951
69490.000000 0.002852 -0.010453 0.004966 -0.011022
69640.000000 -0.017772 0.042409 0.026490 0.016167
69790.000000 -0.006275 0.011738 0.001661 -0.012874
69940.000000 0.022481 -0.008751 0.015087 0.025000
70090.000000 0.010348 -0.034730 -0.041077 -0.018684
70240.000000 0.000543 0.017551 -0.008987 -0.038469
70390.000000 0.014531 -0.005071 0.018941 -0.005573
70540.000000 0.002175 -0.005558 -0.031867 0.012890
70690.000000 0.035204 0.016033 0.014899 0.033674
70840.000000 0.011898 0.015110 0.019318 0.005629
70990.000000 -0.003191 0.015791 -0.053206 0.016993
71140.000000 0.019313 0.028062 -0.002115 0.040168
71290.000000 0.019206 -0.013992 0.027263 -0.011663
71440.000000 -0.005394 -0.023970 0.037953 -0.038249
71590.000000 -0.009363 -0.008041 0.028796 0.022734
71740.000000 0.015749 0.022904 -0.029171 -0.024637
71890.000000 0.013622 -0.013534 0.007738 0.017572
72040.000000 -0.022999 -0.000146 0.035351 0.028744
72190.000000 0.019979 0.011143 0.013093 0.027568
72340.000000 0.020551 -0.015422 -0.020393 0.011673
72490.000000 -0.023016 0.037608 -0.038573 -0.019616
72640.000000 -0.034536 0.029623 -0.017098 0.007507
72790.000000 -0.001624 0.007465 -0.003739 0.011495
72940.000000 0.016923 0.003490 -0.005097 0.015660
73090.000000 0.012777 -0.009988 0.002338 0.023091
73240.000000 0.026555 -0.019546 -0.031220 -0.032647
73390.000000 -0.014089 -0.011193 -0.023965 -0.016525
73540.000000 -0.040492 -0.008170 -0.040901 0.016597
73690.000000 -0.006505 0.017956 -0.001587 0.034903
73840.000000 0.002848 -0.022238 -0.017659 0.038880
73990.000000 0.014327 0.001907 0.017205 0.016780
74140.000000 0.001971 0.002334 -0.026303 0.020610
74290.000000 -0.001229 0.010078 -0.004509 0.001407
74440.000000 -0.020856 0.017463 0.018142 -0.004867
74590.000000 -0.035998 -0.016877 -0.009648 -0.006857
74740.000000 -0.008478 -0.040382 -0.030190 0.006623
74890.000000 0.019623 0.012668 -0.024257 -0.017117
75040.000000 -0.008513 -0.022536 -0.007978 -0.002974
75190.000000 -0.009017 -0.006906 -0.035765 0.025402
75340.000000 -0.034679 -0.011110 -0.012613 0.007450
75490.000000 -0.004621 0.004433 -0.027240 -0.004330
75640.000000 -0.033345 0.004581 -0.020876 -0.043833
75790.000000 0.019551 -0.000324 -0.017967 0.028599
75940.000000 0.000763 0.001386 -0.016181 0.023690
76090.000000 -0.002912 0.005719 0.014869 0.001758
76240.000000 0.036219 0.012866 -0.023528 0.015315
76390.000000 -0.026030 -0.015033 0.021898 0.010524
76540.000000 0.005903 0.011344 0.010440 0.034481
76690.000000 0.011334 0.004095 0.007207 -0.002627
76840.000000 -0.012135 0.000372 0.032542 -0.031639
76990.000000 -0.000838 0.019097 0.019127 -0.012380
77140.000000 -0.014192 0.022489 -0.027904 0.004274
77290.000000 0.020907 0.025451 0.000511 0.008921
77440.000000 0.020857 0.025260 -0.018898 0.047970
77590.000000 0.009528 0.016570 0.035547 0.029826
77740.000000 -0.013861 0.008110 0.014653 -0.016396
77890.000000 0.016645 0.005365 0.029999 -0.008886
78040.000000 -0.001270 0.023579 0.016776 -0.009154
78190.000000 0.008303 0.026829 0.011594 -0.031458
78340.000000 -0.025326 0.032164 0.004237 -0.007227
78490.000000 0.013918 -0.005785 0.014002 0.005639
78640.000000 0.011578 -0.011066 0.018290 0.033714
78790.000000 -0.011088 -0.012151 0.024010 -0.007288
78940.000000 0.011550 0.003445 -0.056920 -0.004783
79090.000000 -0.004786 -0.023372 0.013160 0.012419
79240.000000 -0.040951 0.018239 0.007035 -0.005149
79390.000000 0.029903 0.022804 0.017170 0.017647
79540.000000 0.000038 -0.014696 -0.013811 -0.016897
79690.000000 -0.043607 0.014065 0.053775 -0.022054
79840.000000 -0.003739 -0.024640 0.010980 0.004940
79990.000000 0.001289 -0.038366 -0.020433 0.023291
80140.000000 0.050622 0.010828 -0.003930 0.034891
80290.000000 -0.024260 -0.007839 0.012549 0.026271
80440.000000 -0.003676 -0.014470 -0.030184 -0.003460
80590.000000 0.030173 0.012252 0.022573 0.065520
80740.000000 0.008375 0.005230 0.028119 0.023493
80890.000000 -0.015488 0.052134 0.017197 0.021156
81040.000000 -0.011091 0.014344 0.018680 -0.012663
81190.000000 -0.022646 -0.005496 0.006366 0.054976
81340.000000 0.009789 0.005515 -0.006350 -0.019533
81490.000000 0.019860 -0.023144 0.034499 0.031065
81640.000000 0.016964 0.022572 0.008792 0.032523
81790.000000 0.001556 -0.032969 -0.029031 0.026600
81940.000000 0.013030 -0.005912 -0.039062 -0.011313
82090.000000 -0.007355 -0.007878 -0.018360 0.003118
82240.000000 0.000373 -0.018519 0.018415 -0.025547
82390.000000 0.019366 -0.024318 -0.007323 0.067621
82540.000000 -0.000098 -0.013377 -0.009123 -0.014532
82690.000000 -0.024790 -0.005873 -0.024197 -0.002186
82840.000000 -0.026747 0.022296 0.009127 0.003459
82990.000000 0.014984 0.013258 0.000093 0.013462
83140.000000 -0.022216 0.046100 -0.021171 0.042600
83290.000000 -0.011917 0.031185 -0.006026 0.011200
83440.000000 0.017056 0.013469 0.007677 0.017539
83590.000000 -0.007292 0.034037 -0.013916 0.036213
83740.000000 -0.012697 -0.004836 0.018707 0.015998
83890.000000 -0.014169 0.008618 -0.011741 0.000621
84040.000000 -0.001491 0.026906 0.005596 0.037673
84190.000000 -0.012634 0.042081 -0.006510 0.033465
84340.000000 0.012812 0.000772 -0.000721 0.008863
84490.000000 0.024081 0.009932 -0.000230 -0.009003
84640.000000 0.010624 0.000825 -0.000770 0.010278
84790.000000 -0.024359 -0.016445 0.007504 0.021974
84940.000000 -0.012475 -0.024020 0.010440 0.012119
85090.000000 0.018389 -0.039875 -0.002712 -0.027226
85240.000000 0.031854 -0.007679 0.017103 0.043128
85390.000000 -0.009305 -0.002223 0.017177 0.014354
85540.000000 0.033350 -0.008604 -0.021270 -0.021676
85690.000000 0.021268 -0.012183 0.006291 -0.007715
85840.000000 0.011734 -0.005396 -0.000268 0.035626
85990.000000 0.037045 0.041014 0.013027 0.017764
86140.000000 0.000816 0.047911 0.028456 -0.031121
86290.000000 -0.004199 -0.013446 0.027631 0.035699
86440.000000 -0.023051 -0.043971 0.021049 0.014109
86590.000000 0.011612 -0.021781 -0.011954 0.000623
86740.000000 -0.041528 -0.002192 -0.000494 0.009718
86890.000000 -0.014487 -0.003937 -0.004679 0.012105
87040.000000 -0.020130 -0.005017 -0.032239 -0.004507
87190.000000 -0.014910 -0.010016 0.026591 0.020962
87340.000000 0.016517 0.018224 -0.017917 0.023920
87490.000000 0.003247 -0.017635 -0.015771 0.013443
87640.000000 0.015986 0.015666 -0.005438 0.006120
87790.000000 -0.011072 -0.004279 -0.034290 -0.006116
87940.000000 -0.001889 0.026357 0.031086 0.019652
88090.000000 0.000724 0.007580 0.013845 -0.039901
88240.000000 0.006851 0.020648 0.013347 -0.005174
88390.000000 -0.020081 -0.008385 -0.037982 0.002934
88540.000000 0.015514 -0.040347 -0.021157 -0.004877
88690.000000 -0.004522 -0.005180 -0.005767 0.039203
88840.000000 -0.032431 -0.023659 0.010464 0.033409
88990.000000 0.000879 -0.013682 0.027540 0.016428
89140.000000 0.010143 0.013781 -0.032250 0.048454
89290.000000 0.005455 -0.011363 0.005601 0.010648
89440.000000 -0.016355 0.013725 -0.012166 0.019847
89590.000000 -0.017849 0.028686 -0.016340 0.017705
89740.000000 0.000052 -0.001277 -0.020496 0.001022
89890.000000 0.003171 -0.027476 0.013511 0.024605
90040.000000 -0.015047 0.017520 0.017309 -0.023370
90190.000000 -0.014717 -0.019642 0.001943 -0.004010
90340.000000 0.026294 -0.016769 -0.001860 0.019741
90490.000000 -0.003732 -0.021760 0.002477 -0.006776
90640.000000 0.005770 -0.016456 0.025123 -0.012357
90790.000000 -0.007886 -0.030097 0.039472 0.024727
90940.000000 -0.028239 0.015289 0.002841 -0.014643
91090.000000 -0.023057 0.004739 0.006556 0.005195
91240.000000 -0.006683 0.042586 0.026777 0.006622
91390.000000 0.009965 -0.025113 -0.022112 0.013649
91540.000000 0.001802 -0.005606 0.008525 0.016405
91690.000000 -0.009053 -0.006545 -0.003912 -0.020651
91840.000000 0.004820 -0.011706 -0.022489 -0.023459
91990.000000 0.010720 -0.010804 0.015920 0.018889
92140.000000 -0.006749 -0.012144 0.006027 0.034336
92290.000000 0.018293 -0.006017 -0.008499 0.012090
92440.000000 0.022137 -0.022690 -0.036963 0.003674
92590.000000 0.024947 -0.008836 -0.016932 0.012078
92740.000000 -0.003334 -0.032648 -0.012204 -0.024902
92890.000000 -0.022461 0.000832 -0.026560 0.011732
93040.000000 0.024188 0.021369 -0.013025 -0.012819
93190.000000 -0.005644 0.021028 -0.003168 0.004528
93340.000000 0.027680 0.002275 -0.044557 0.006376
93490.000000 0.011031 -0.016807 -0.004932 0.014757
93640.000000 0.010841 0.004420 -0.030249 -0.009504
93790.000000 -0.034068 -0.008808 0.011917 0.011288
93940.000000 0.024834 -0.035067 0.003738 0.011169
94090.000000 -0.016239 -0.014793 -0.004130 -0.009775
94240.000000 0.020927 -0.024361 -0.004160 -0.034952
94390.000000 0.032378 0.000268 0.021970 -0.015451
94540.000000 0.008339 -0.021193 0.044523 0.015101
94690.000000 -0.023950 0.000527 -0.017714 0.022802
94840.000000 0.004438 0.047133 -0.013957 0.008427
94990.000000 -0.003537 0.024809 -0.018433 0.000692
95140.000000 -0.004395 -0.008833 0.021581 -0.005696
95290.000000 -0.018195 0.021111 -0.010279 0.015177
95440.000000 0.024968 0.011539 -0.012365 0.016161
95590.000000 -0.013546 0.031738 -0.008616 0.029078
95740.000000 -0.037490 0.011999 -0.010593 0.022935
95890.000000 -0.021297 0.040810 0.062072 0.001990
96040.000000 0.015427 -0.007271 -0.013047 -0.005133
96190.000000 -0.021418 0.012532 -0.016170 0.010475
96340.000000 0.011895 0.034929 -0.028341 -0.016894
96490.000000 0.014583 0.009275 -0.021858 -0.039522
96640.000000 0.001863 0.004484 0.009348 -0.024790
96790.000000 0.012678 -0.035998 -0.020743 -0.016500
96940.000000 0.009879 -0.014517 -0.000532 0.017246
97090.000000 0.003950 -0.030529 -0.010634 -0.005988
97240.000000 -0.027550 -0.011209 -0.032975 -0.001025
97390.000000 -0.009596 -0.013547 -0.000770 -0.056606
97540.000000 0.001018 -0.019032 0.019536 -0.025575
97690.000000 0.003770 -0.006484 0.030994 -0.031014
97840.000000 0.037625 0.013264 0.006422 -0.003775
97990.000000 -0.016505 0.005878 0.004375 -0.024163
98140.000000 -0.018040 0.006142 0.005953 -0.006331
98290.000000 0.004527 0.015923 0.011257 -0.002534
98440.000000 0.041783 0.007226 0.011359 0.004290
98590.000000 0.007202 -0.016537 0.017715 -0.004653
98740.000000 0.011298 0.009761 0.029352 0.035688
98890.000000 0.002695 -0.003454 0.049370 -0.006862
99040.000000 -0.007782 -0.000872 0.004226 0.026996
99190.000000 0.029514 -0.013376 -0.019359 -0.004995
99340.000000 0.008933 0.013949 0.007320 -0.001512
99490.000000 0.002831 -0.016989 -0.020844 0.003860
99640.000000 0.001028 -0.025851 0.014280 0.006047
99790.000000 0.017402 -0.005470 0.001712 -0.031770
99940.000000 0.048923 0.016584 0.029248 0.019592