0	36.338038
50	2.241733
100	0.557968
150	0.461280
200	0.129494
250	0.226734
300	0.216664
350	0.236218
400	0.221393
450	0.393680
500	0.148033
550	0.089835
600	0.267579
650	0.264550
700	0.214015
750	0.237367
800	0.195497
850	0.268777
900	0.073947
950	-0.006354
1000	0.082907
1050	0.186357
1100	0.322177
1150	0.116760
1200	0.172251
1250	0.167794
1300	0.100402
1350	0.142928
1400	-0.059511
1450	0.242134
1500	0.191292
1550	0.104440
1600	0.129271
1650	0.047871
1700	0.093851
1750	0.048988
1800	0.252348
1850	0.228534
1900	-0.000237
1950	0.189708
2000	0.099034
2050	0.281540
2100	0.071694
2150	-0.088772
2200	0.060211
2250	0.163742
2300	0.175871
2350	0.007448
2400	-0.012208
2450	-0.010078
2500	-0.048690
2550	-0.018462
2600	0.116902
2650	0.165543
2700	0.026024
2750	-0.051358
2800	0.288870
2850	0.188747
2900	0.138878
2950	0.276330
3000	-0.026412
3050	0.021955
3100	-0.008126
3150	-0.166373
3200	-0.010050
3250	0.089996
3300	0.049381
3350	-0.091804
3400	0.004543
3450	-0.175072
3500	0.001964
3550	-0.043207
3600	-0.014754
3650	0.081898
3700	0.071252
3750	0.008980
3800	0.050674
3850	0.050663
3900	0.021053
3950	-0.013048
4000	-0.040393
4050	0.117531
4100	0.000669
4150	0.104901
4200	0.229943
4250	-0.038240
4300	0.094989
4350	0.231721
4400	-0.028976
4450	0.240015
4500	0.095351
4550	0.074855
4600	0.083201
4650	0.017643
4700	0.022023
4750	0.173065
4800	-0.004912
4850	0.017772
4900	0.121501
4950	0.107531
5000	-0.014228
5050	0.123338
5100	0.203337
5150	0.228825
5200	-0.213900
5250	0.089363
5300	0.123326
5350	-0.168487
5400	-0.092527
5450	0.127249
5500	0.148246
5550	0.018937
5600	-0.003544
5650	0.218848
5700	0.013597
5750	0.043327
5800	-0.077872
5850	-0.015485
5900	-0.067664
5950	0.119576
6000	0.102562
6050	0.248719
6100	-0.196089
6150	0.029711
6200	-0.041286
6250	0.115018
6300	0.345257
6350	0.009349
6400	0.074196
6450	-0.024966
6500	0.098222
6550	0.044965
6600	0.056877
6650	0.160379
6700	-0.003463
6750	-0.039590
6800	-0.022849
6850	0.168614
6900	-0.039070
6950	0.083978
7000	0.049163
7050	0.296046
7100	0.132985
7150	0.087104
7200	0.015277
7250	-0.096503
7300	-0.185688
7350	-0.195292
7400	-0.054631
7450	-0.084140
7500	-0.026295
7550	0.087171
7600	0.222714
7650	0.150718
7700	-0.045034
7750	-0.168607
7800	0.023207
7850	0.089626
7900	0.216352
7950	0.170271
8000	-0.145143
8050	0.014887
8100	-0.090155
8150	0.098908
8200	0.064854
8250	0.006146
8300	0.067758
8350	0.144076
8400	-0.004941
8450	-0.391739
8500	0.076661
8550	0.057415
8600	0.009842
8650	0.085296
8700	0.032326
8750	-0.048538
8800	-0.029030
8850	-0.071784
8900	-0.037257
8950	-0.088364
9000	0.101783
9050	-0.088601
9100	0.080959
9150	0.059094
9200	0.045310
9250	-0.023784
9300	0.156330
9350	-0.013698
9400	0.010029
9450	0.154807
9500	0.140751
9550	-0.094390
9600	0.184492
9650	0.075472
9700	-0.105367
9750	-0.100902
9800	0.118704
9850	0.153057
9900	-0.011530
9950	0.007547
10000	-0.041532
10050	-0.203055
10100	0.025123
10150	-0.084081
10200	0.080184
10250	0.009507
10300	0.170472
10350	0.146303
10400	0.043426
10450	-0.013141
10500	0.093744
10550	0.030678
10600	-0.040107
10650	-0.131135
10700	-0.113249
10750	-0.015308
10800	0.061422
10850	0.171418
10900	-0.031316
10950	-0.109036
11000	-0.060842
11050	-0.144764
11100	-0.185971
11150	-0.002521
11200	-0.043423
11250	-0.101466
11300	-0.034869
11350	-0.003699
11400	-0.145008
11450	-0.102952
11500	0.024921
11550	-0.082716
11600	0.144488
11650	-0.118678
11700	-0.193378
11750	-0.083512
11800	0.051094
11850	0.113698
11900	0.036332
11950	0.026265
12000	0.012760
12050	0.132094
12100	-0.061107
12150	0.054259
12200	0.141949
12250	0.000914
12300	0.045083
12350	0.145341
12400	-0.026369
12450	0.051588
12500	-0.001067
12550	0.070487
12600	0.225345
12650	0.130125
12700	-0.065166
12750	-0.020085
12800	-0.007004
12850	0.033991
12900	-0.010130
12950	0.002095
13000	0.071025
13050	0.190059
13100	0.098152
13150	0.309749
13200	0.053040
13250	-0.147432
13300	0.179388
13350	-0.252264
13400	-0.060924
13450	-0.002046
13500	0.015611
13550	-0.017223
13600	0.133144
13650	-0.033045
13700	0.004002
13750	0.253259
13800	0.122298
13850	0.052671
13900	-0.118953
13950	-0.074318
14000	0.026130
14050	-0.066926
14100	0.040355
14150	0.094227
14200	0.171325
14250	0.205371
14300	0.008463
14350	0.062127
14400	-0.110016
14450	0.134211
14500	0.098198
14550	0.051794
14600	-0.008502
14650	-0.047174
14700	-0.177068
14750	0.031820
14800	-0.177577
14850	0.205245
14900	0.059797
14950	0.113850
15000	0.023851
15050	0.049597
15100	0.051662
15150	-0.008680
15200	-0.131553
15250	-0.109849
15300	-0.157920
15350	-0.180876
15400	0.017034
15450	-0.018345
15500	0.000799
15550	0.110737
15600	-0.126806
15650	0.073502
15700	-0.234280
15750	0.014176
15800	-0.135626
15850	0.049491
15900	0.040776
15950	0.013007
16000	0.147938
16050	0.025987
16100	0.088408
16150	0.056402
16200	-0.177835
16250	0.169542
16300	0.060666
16350	-0.039414
16400	0.130577
16450	-0.027528
16500	0.131516
16550	-0.004819
16600	-0.035266
16650	0.054551
16700	0.002664
16750	0.113533
16800	-0.016701
16850	0.000479
16900	-0.001143
16950	0.002548
17000	0.083393
17050	-0.087922
17100	0.088183
17150	-0.015943
17200	-0.072498
17250	-0.093383
17300	0.091951
17350	-0.084782
17400	-0.109895
17450	-0.105450
17500	-0.025116
17550	-0.136899
17600	0.004624
17650	-0.092115
17700	-0.153253
17750	0.060521
17800	0.025157
17850	-0.044476
17900	0.080865
17950	0.120875
18000	0.079614
18050	0.022007
18100	0.119689
18150	-0.071549
18200	-0.092172
18250	-0.056586
18300	0.076463
18350	0.188975
18400	0.097566
18450	0.115084
18500	0.183650
18550	-0.029216
18600	0.218986
18650	0.016288
18700	-0.157189
18750	-0.005448
18800	-0.058193
18850	-0.069737
18900	0.109884
18950	-0.016911
19000	-0.025905
19050	0.110609
19100	-0.055708
19150	0.023188
19200	-0.063095
19250	0.186150
19300	-0.038486
19350	0.004472
19400	0.061227
19450	-0.097144
19500	0.072040
19550	-0.084047
19600	0.048877
19650	-0.092494
19700	0.004980
19750	0.081394
19800	-0.153391
19850	0.139399
19900	0.074829
19950	0.002424
20000	-0.044363
20050	0.047925
20100	-0.028539
20150	-0.110715
20200	-0.018569
20250	-0.024399
20300	0.001382
20350	-0.082517
20400	0.053687
20450	0.065861
20500	0.048489
20550	-0.045884
20600	-0.025121
20650	0.151070
20700	-0.026928
20750	0.080766
20800	-0.151872
20850	-0.110991
20900	0.044063
20950	-0.012535
21000	-0.061700
21050	-0.098368
21100	0.049186
21150	0.021897
21200	-0.164622
21250	0.084914
21300	-0.015264
21350	-0.096308
21400	0.161459
21450	-0.157224
21500	0.034909
21550	0.014222
21600	0.017219
21650	-0.122185
21700	-0.020279
21750	0.107782
21800	-0.041707
21850	0.079639
21900	0.145731
21950	0.060989
22000	0.092369
22050	0.153594
22100	0.083363
22150	0.223874
22200	-0.017862
22250	-0.033533
22300	-0.166613
22350	0.128321
22400	0.152003
22450	0.125034
22500	0.075657
22550	-0.156433
22600	0.046417
22650	-0.096577
22700	-0.036279
22750	-0.047413
22800	0.169247
22850	-0.093804
22900	-0.020985
22950	-0.043271
23000	-0.048488
23050	0.148351
23100	0.072859
23150	0.061082
23200	-0.043069
23250	0.162627
23300	0.069625
23350	0.106827
23400	0.029838
23450	-0.080365
23500	0.092539
23550	0.143348
23600	-0.087183
23650	-0.001884
23700	-0.099842
23750	0.025207
23800	0.029061
23850	-0.000342
23900	0.018824
23950	0.058733
24000	0.033445
24050	0.021438
24100	0.228707
24150	-0.040619
24200	-0.029337
24250	-0.135238
24300	0.170104
24350	0.055066
24400	0.107386
24450	0.104209
24500	-0.041274
24550	-0.114069
24600	0.044937
24650	0.094510
24700	0.037704
24750	0.100383
24800	0.027218
24850	0.025296
24900	0.025131
24950	0.178076
25000	0.048703
25050	-0.044608
25100	-0.017855
25150	-0.013876
25200	-0.038585
25250	-0.004431
25300	0.090629
25350	0.104851
25400	0.030639
25450	0.024833
25500	0.104020
25550	0.098081
25600	0.153628
25650	-0.024589
25700	0.117097
25750	-0.108845
25800	-0.062143
25850	0.035651
25900	0.001675
25950	0.091688
26000	-0.033906
26050	0.010517
26100	0.003074
26150	0.263518
26200	0.255892
26250	0.148763
26300	0.097439
26350	0.005851
26400	-0.100411
26450	0.086281
26500	0.102089
26550	-0.007838
26600	0.260442
26650	0.160061
26700	0.110888
26750	0.081783
26800	0.083307
26850	-0.131408
26900	0.090726
26950	0.001598
27000	-0.304843
27050	-0.041479
27100	-0.102603
27150	0.011667
27200	-0.107856
27250	0.158623
27300	-0.038230
27350	0.119016
27400	0.049929
27450	-0.063439
27500	0.112307
27550	0.095697
27600	0.024474
27650	0.074877
27700	0.031067
27750	0.148908
27800	0.113670
27850	0.182187
27900	0.084292
27950	-0.021660
28000	0.068582
28050	0.001250
28100	-0.129280
28150	-0.038889
28200	0.025659
28250	-0.011191
28300	-0.009531
28350	-0.146656
28400	-0.130449
28450	0.001683
28500	-0.150982
28550	-0.103521
28600	-0.025287
28650	-0.037632
28700	0.041631
28750	-0.042461
28800	0.052786
28850	0.166068
28900	0.015909
28950	-0.182557
29000	0.080681
29050	0.004744
29100	0.155921
29150	0.090120
29200	-0.047725
29250	-0.040489
29300	0.052607
29350	0.182170
29400	-0.111595
29450	-0.167532
29500	-0.048340
29550	-0.013047
29600	0.046645
29650	0.111292
29700	0.179669
29750	-0.052707
29800	-0.050875
29850	-0.098159
29900	0.012762
29950	0.089185
30000	-0.083617
30050	0.010023
30100	-0.001346
30150	0.071495
30200	0.066180
30250	0.063337
30300	0.102471
30350	0.072379
30400	0.019976
30450	0.012769
30500	0.075246
30550	-0.143290
30600	0.158774
30650	-0.103387
30700	0.161385
30750	0.065280
30800	0.209149
30850	-0.067938
30900	-0.006768
30950	0.026902
31000	-0.201991
31050	0.195409
31100	-0.028684
31150	0.040908
31200	0.173907
31250	0.056390
31300	-0.041976
31350	-0.068365
31400	0.140693
31450	0.094447
31500	0.069168
31550	-0.000843
31600	0.193232
31650	0.126910
31700	-0.142034
31750	-0.061736
31800	0.092224
31850	0.108072
31900	0.120619
31950	0.269041
32000	0.110924
32050	0.022143
32100	-0.083563
32150	0.159849
32200	-0.042153
32250	0.101255
32300	-0.106122
32350	-0.048621
32400	-0.033653
32450	0.027913
32500	-0.047672
32550	-0.001655
32600	0.088750
32650	0.129885
32700	0.228205
32750	0.004877
32800	-0.023687
32850	0.059439
32900	-0.127492
32950	-0.078743
33000	0.011312
33050	-0.002039
33100	0.026832
33150	0.111645
33200	-0.069111
33250	-0.040856
33300	0.032687
33350	0.012745
33400	-0.073445
33450	-0.025862
33500	-0.131740
33550	0.003743
33600	-0.049994
33650	0.196823
33700	0.006607
33750	-0.035471
33800	0.034391
33850	0.061367
33900	0.114899
33950	-0.177584
34000	-0.111419
34050	0.107019
34100	-0.051940
34150	0.075140
34200	-0.055048
34250	0.057026
34300	0.066816
34350	-0.220112
34400	0.163791
34450	0.132736
34500	0.010111
34550	-0.041359
34600	0.137110
34650	-0.220782
34700	-0.041228
34750	0.039419
34800	-0.079820
34850	-0.021916
34900	-0.002136
34950	0.099076
35000	0.194136
35050	-0.027967
35100	0.139378
35150	-0.162463
35200	0.007751
35250	-0.010356
35300	0.078728
35350	-0.156841
35400	0.101178
35450	0.037566
35500	0.062869
35550	0.021211
35600	-0.028243
35650	0.102269
35700	0.075482
35750	0.091172
35800	-0.178463
35850	0.015231
35900	0.170753
35950	0.137941
36000	-0.013373
36050	0.037399
36100	-0.003861
36150	0.132391
36200	0.070393
36250	-0.076439
36300	0.022088
36350	-0.113285
36400	-0.097565
36450	-0.093064
36500	0.043762
36550	-0.102198
36600	0.067017
36650	0.063914
36700	0.053037
36750	0.008588
36800	0.081175
36850	-0.045719
36900	-0.077381
36950	0.201605
37000	0.220135
37050	0.089560
37100	0.099602
37150	-0.016185
37200	0.018578
37250	0.066822
37300	-0.033439
37350	-0.003152
37400	-0.054462
37450	-0.103665
37500	0.026995
37550	-0.143741
37600	0.028747
37650	0.055441
37700	0.174344
37750	0.056380
37800	0.051452
37850	-0.002925
37900	0.111303
37950	-0.064664
38000	0.135704
38050	-0.142617
38100	0.152646
38150	-0.054813
38200	-0.027427
38250	0.123189
38300	-0.090713
38350	-0.026038
38400	-0.022682
38450	0.136102
38500	0.188442
38550	-0.069141
38600	0.034352
38650	0.131117
38700	0.031715
38750	0.068048
38800	0.192339
38850	0.084297
38900	0.195666
38950	0.098627
39000	0.036434
39050	0.018564
39100	-0.081238
39150	0.122681
39200	-0.152622
39250	0.107450
39300	0.149010
39350	0.018728
39400	-0.000364
39450	0.015540
39500	-0.149877
39550	0.095663
39600	0.022628
39650	-0.008060
39700	0.101409
39750	0.033880
39800	0.002058
39850	0.019556
39900	0.163455
39950	-0.001887
40000	-0.039509
40050	0.028046
40100	0.075233
40150	0.172506
40200	0.043432
40250	-0.069282
40300	-0.078574
40350	-0.168187
40400	-0.002848
40450	-0.080214
40500	-0.075756
40550	0.027936
40600	-0.068191
40650	0.118457
40700	0.019939
40750	-0.133162
40800	0.115127
40850	-0.003562
40900	0.198598
40950	0.025940
41000	-0.137602
41050	-0.046609
41100	0.063515
41150	0.077139
41200	0.012467
41250	0.089442
41300	0.011952
41350	-0.013158
41400	-0.040263
41450	-0.087683
41500	-0.014741
41550	0.036738
41600	0.007485
41650	-0.026032
41700	-0.253246
41750	-0.007923
41800	-0.074654
41850	0.058810
41900	-0.081209
41950	0.013916
42000	-0.009130
42050	-0.133728
42100	0.192350
42150	0.131261
42200	-0.045961
42250	0.083385
42300	0.181998
42350	-0.106340
42400	0.033353
42450	0.186598
42500	0.039564
42550	-0.050325
42600	-0.224074
42650	-0.214001
42700	0.015512
42750	0.077483
42800	0.056366
42850	0.089948
42900	-0.009235
42950	-0.104162
43000	-0.165224
43050	-0.143787
43100	-0.177780
43150	-0.082104
43200	0.134525
43250	-0.083447
43300	-0.000490
43350	-0.090908
43400	-0.115409
43450	0.047587
43500	0.035873
43550	0.128401
43600	-0.088733
43650	-0.058975
43700	0.047970
43750	-0.040934
43800	0.195872
43850	0.105153
43900	0.083476
43950	0.114916
44000	0.272768
44050	0.082642
44100	0.033714
44150	-0.048198
44200	0.104584
44250	-0.112774
44300	0.067543
44350	0.049242
44400	-0.249671
44450	0.080145
44500	0.017709
44550	0.133755
44600	-0.003250
44650	0.124735
44700	0.040153
44750	-0.052375
44800	0.094967
44850	0.194747
44900	0.030055
44950	-0.045325
45000	0.135060
45050	0.043908
45100	0.031011
45150	-0.167467
45200	-0.133757
45250	-0.114738
45300	0.151259
45350	-0.048232
45400	-0.110167
45450	0.064266
45500	-0.044149
45550	0.052617
45600	-0.103748
45650	-0.162622
45700	-0.006626
45750	0.153722
45800	0.105407
45850	-0.071609
45900	0.103760
45950	0.059707
46000	-0.067263
46050	-0.132639
46100	0.050950
46150	0.038105
46200	0.112884
46250	0.116488
46300	-0.123784
46350	-0.076924
46400	0.075332
46450	-0.120621
46500	-0.095272
46550	0.068171
46600	0.094005
46650	-0.037033
46700	-0.064924
46750	0.030017
46800	0.029601
46850	0.124565
46900	0.201189
46950	0.104681
47000	-0.063679
47050	-0.002182
47100	-0.145883
47150	0.096650
47200	0.189061
47250	-0.133700
47300	-0.226812
47350	0.111750
47400	0.016517
47450	-0.123067
47500	0.005749
47550	-0.029994
47600	0.004052
47650	-0.100803
47700	0.085618
47750	-0.015662
47800	-0.008995
47850	-0.074298
47900	-0.093925
47950	0.020386
48000	0.000955
48050	-0.072062
48100	-0.068514
48150	-0.124579
48200	-0.128426
48250	-0.048030
48300	-0.050351
48350	0.105288
48400	0.232600
48450	-0.061977
48500	0.099233
48550	0.038326
48600	0.061328
48650	0.002309
48700	-0.057783
48750	-0.046589
48800	-0.193988
48850	-0.075274
48900	-0.133005
48950	0.124836
49000	0.164178
49050	-0.011898
49100	-0.014370
49150	-0.024155
49200	0.012538
49250	0.078668
49300	0.013124
49350	-0.086127
49400	-0.004870
49450	-0.015072
49500	-0.049046
49550	0.128757
49600	-0.058208
49650	-0.216186
49700	0.193115
49750	0.029956
49800	0.063535
49850	0.008905
49900	-0.021834
49950	0.015126
50000	0.026416
50050	-0.028497
50100	-0.082263
50150	-0.136405
50200	-0.304127
50250	-0.014118
50300	-0.041160
50350	0.089479
50400	0.152146
50450	-0.105020
50500	0.158870
50550	0.026680
50600	-0.009571
50650	0.058534
50700	0.219210
50750	0.181365
50800	0.169672
50850	0.042136
50900	-0.084738
50950	0.064287
51000	0.113381
51050	0.181970
51100	-0.034402
51150	-0.212393
51200	0.072118
51250	-0.046547
51300	0.061923
51350	0.100081
51400	0.059765
51450	0.034721
51500	0.079839
51550	0.158451
51600	0.095568
51650	0.161863
51700	0.138810
51750	0.068845
51800	-0.010456
51850	0.044817
51900	-0.135700
51950	-0.032509
52000	0.013239
52050	-0.008179
52100	-0.138160
52150	-0.116752
52200	0.012127
52250	-0.256907
52300	0.122041
52350	0.231674
52400	0.090399
52450	0.077933
52500	-0.031903
52550	0.070427
52600	-0.030787
52650	0.017984
52700	-0.014004
52750	0.036883
52800	-0.037487
52850	0.059003
52900	0.014821
52950	-0.092226
53000	-0.009070
53050	0.050654
53100	0.071010
53150	0.179559
53200	-0.061926
53250	-0.037846
53300	0.038180
53350	0.050558
53400	-0.148159
53450	-0.209886
53500	0.197081
53550	-0.016047
53600	0.164818
53650	0.143832
53700	-0.108076
53750	0.046862
53800	0.063997
53850	0.058869
53900	0.100788
53950	0.043212
54000	0.004751
54050	0.060984
54100	-0.030278
54150	-0.034943
54200	-0.009483
54250	-0.165097
54300	-0.088225
54350	0.039066
54400	-0.023359
54450	0.203316
54500	0.022260
54550	-0.092405
54600	0.005440
54650	0.153272
54700	-0.092061
54750	-0.021597
54800	-0.047856
54850	-0.168477
54900	0.018671
54950	-0.071461
55000	0.036420
55050	-0.026951
55100	-0.038501
55150	-0.025074
55200	0.122237
55250	-0.107557
55300	-0.107819
55350	-0.043419
55400	0.179368
55450	0.076712
55500	-0.107916
55550	0.325503
55600	0.050573
55650	-0.058837
55700	0.244669
55750	0.048084
55800	0.088143
55850	0.052540
55900	-0.021745
55950	0.018116
56000	0.134623
56050	0.216562
56100	0.050420
56150	0.160539
56200	0.203647
56250	0.113683
56300	-0.016446
56350	-0.037134
56400	-0.003489
56450	0.159623
56500	0.137577
56550	-0.106673
56600	-0.024229
56650	0.041876
56700	0.000380
56750	0.113390
56800	0.100211
56850	0.035249
56900	0.097994
56950	0.107945
57000	0.121493
57050	0.061091
57100	0.174479
57150	-0.055167
57200	-0.100483
57250	0.046356
57300	-0.064372
57350	0.004014
57400	0.064123
57450	-0.106245
57500	-0.037036
57550	0.037684
57600	0.020760
57650	-0.007533
57700	-0.000236
57750	-0.093181
57800	-0.103103
57850	0.008878
57900	-0.076945
57950	-0.002066
58000	0.229450
58050	0.030981
58100	0.180775
58150	0.084914
58200	-0.071581
58250	-0.110074
58300	-0.075573
58350	0.058069
58400	-0.055485
58450	-0.121123
58500	-0.035695
58550	-0.065941
58600	0.022655
58650	0.117706
58700	-0.053724
58750	0.037072
58800	0.210119
58850	0.194029
58900	0.251398
58950	0.105474
59000	0.119886
59050	-0.093517
59100	-0.019551
59150	-0.097956
59200	0.081007
59250	0.155188
59300	-0.009102
59350	0.064007
59400	-0.251889
59450	0.102630
59500	0.038528
59550	0.011993
59600	-0.045545
59650	0.073416
59700	-0.129389
59750	-0.196866
59800	-0.182253
59850	-0.001998
59900	0.021426
59950	-0.152873
60000	0.024456
60050	-0.027730
60100	0.120243
60150	-0.193471
60200	-0.024060
60250	-0.054273
60300	0.023844
60350	0.025594
60400	-0.016874
60450	0.058324
60500	0.207680
60550	0.052657
60600	-0.035766
60650	0.023750
60700	0.332694
60750	-0.111620
60800	-0.052529
60850	0.169250
60900	0.047733
60950	0.133254
61000	0.058726
61050	0.119257
61100	-0.076869
61150	0.184673
61200	0.041644
61250	-0.171417
61300	-0.169168
61350	-0.040274
61400	-0.152334
61450	-0.113926
61500	-0.121446
61550	0.107864
61600	-0.021866
61650	-0.032792
61700	0.106830
61750	0.036994
61800	-0.114103
61850	-0.117310
61900	-0.072620
61950	0.052447
62000	0.032354
62050	-0.073871
62100	0.025410
62150	0.106590
62200	-0.066497
62250	0.023381
62300	0.160691
62350	0.093629
62400	0.093126
62450	0.075307
62500	-0.107665
62550	0.005842
62600	-0.075151
62650	-0.159793
62700	0.037392
62750	0.089130
62800	0.118381
62850	0.052663
62900	-0.079501
62950	-0.054507
63000	-0.188020
63050	-0.019864
63100	-0.004257
63150	0.013616
63200	0.007606
63250	0.120178
63300	0.000683
63350	-0.049934
63400	-0.015526
63450	0.055969
63500	0.044819
63550	-0.037679
63600	-0.080810
63650	-0.107622
63700	0.054982
63750	-0.105250
63800	0.103101
63850	0.322525
63900	0.091317
63950	0.245694
64000	-0.111553
64050	0.006417
64100	-0.148642
64150	0.046043
64200	0.138225
64250	0.028576
64300	0.027227
64350	0.036303
64400	-0.131092
64450	-0.130328
64500	-0.191669
64550	-0.014034
64600	0.049740
64650	0.006865
64700	0.101271
64750	-0.167763
64800	0.170831
64850	0.118016
64900	-0.003538
64950	-0.218970
65000	0.072224
65050	0.154658
65100	-0.120314
65150	0.124296
65200	0.072206
65250	-0.120414
65300	0.009425
65350	0.082906
65400	-0.110709
65450	-0.114296
65500	0.023458
65550	0.134473
65600	0.018077
65650	-0.000812
65700	-0.027294
65750	-0.120561
65800	-0.031543
65850	0.196991
65900	0.045374
65950	0.133062
66000	0.046687
66050	0.097986
66100	0.058153
66150	-0.151967
66200	0.030330
66250	0.012661
66300	-0.054543
66350	0.074104
66400	0.092441
66450	0.073491
66500	0.024629
66550	-0.004683
66600	0.043833
66650	0.079248
66700	0.080494
66750	0.081410
66800	-0.143716
66850	-0.147532
66900	0.021664
66950	-0.199344
67000	-0.097095
67050	-0.003778
67100	-0.016823
67150	0.076471
67200	0.068159
67250	0.066526
67300	0.015909
67350	-0.082308
67400	0.003166
67450	0.171067
67500	-0.034922
67550	-0.052573
67600	0.022878
67650	-0.086916
67700	0.020765
67750	-0.081377
67800	-0.030545
67850	0.076516
67900	-0.053089
67950	0.121942
68000	-0.065731
68050	0.049540
68100	0.179000
68150	0.123704
68200	0.029881
68250	0.070938
68300	-0.022672
68350	0.095759
68400	-0.083157
68450	0.099586
68500	-0.155206
68550	0.049615
68600	-0.123988
68650	0.197534
68700	0.120762
68750	-0.081287
68800	0.060882
68850	-0.030863
68900	-0.119172
68950	-0.086865
69000	0.167520
69050	-0.096145
69100	-0.049817
69150	0.106742
69200	0.065725
69250	-0.005037
69300	0.156239
69350	0.050463
69400	0.008782
69450	0.114266
69500	-0.023439
69550	0.028714
69600	0.002108
69650	-0.078244
69700	0.270303
69750	-0.112114
69800	-0.081763
69850	-0.016391
69900	-0.118265
69950	-0.026736
70000	0.160244
70050	0.127974
70100	-0.133112
70150	-0.126066
70200	-0.251567
70250	-0.151247
70300	-0.012790
70350	-0.019595
70400	0.092797
70450	-0.091324
70500	-0.040667
70550	-0.083405
70600	0.030538
70650	-0.130195
70700	0.218071
70750	0.004427
70800	-0.147181
70850	0.014616
70900	-0.192642
70950	-0.104889
71000	0.014271
71050	-0.071099
71100	0.119874
71150	-0.134266
71200	-0.163931
71250	0.004714
71300	-0.024554
71350	0.209268
71400	-0.027922
71450	-0.098166
71500	-0.045569
71550	-0.113176
71600	-0.011464
71650	-0.132025
71700	0.081833
71750	0.115493
71800	-0.007880
71850	0.022049
71900	0.044044
71950	-0.261391
72000	-0.118280
72050	-0.162086
72100	0.012243
72150	-0.021400
72200	0.198246
72250	-0.022654
72300	0.075428
72350	0.048786
72400	0.073621
72450	-0.083855
72500	0.032629
72550	0.073369
72600	-0.167389
72650	0.108277
72700	0.144199
72750	-0.009924
72800	-0.095636
72850	0.059302
72900	-0.015223
72950	0.071324
73000	-0.051569
73050	-0.006952
73100	-0.142273
73150	-0.017302
73200	0.254219
73250	-0.132415
73300	-0.019165
73350	-0.028184
73400	0.142896
73450	-0.081321
73500	0.212406
73550	0.085450
73600	-0.100804
73650	-0.027430
73700	0.057356
73750	-0.074872
73800	0.208864
73850	-0.016512
73900	-0.071860
73950	0.034885
74000	0.167393
74050	-0.073017
74100	-0.008221
74150	0.063982
74200	-0.135146
74250	-0.155874
74300	0.142611
74350	0.143716
74400	0.144090
74450	-0.229452
74500	-0.026744
74550	-0.057736
74600	-0.078227
74650	0.007504
74700	0.158696
74750	0.043286
74800	-0.267377
74850	-0.081228
74900	-0.022258
74950	-0.030996
75000	0.043481
75050	-0.166121
75100	0.060670
75150	-0.053838
75200	-0.120202
75250	-0.043353
75300	0.074405
75350	-0.161527
75400	0.043794
75450	0.130584
75500	0.063045
75550	-0.054023
75600	-0.175667
75650	-0.012426
75700	0.032974
75750	0.002834
75800	0.174437
75850	-0.098741
75900	0.211968
75950	-0.109347
76000	0.004503
76050	-0.008278
76100	0.097688
76150	0.055271
76200	-0.110296
76250	-0.261571
76300	-0.052908
76350	0.112962
76400	0.007486
76450	0.031694
76500	0.056654
76550	-0.066174
76600	0.006049
76650	-0.068637
76700	0.054809
76750	-0.042576
76800	-0.115974
76850	-0.046446
76900	0.108297
76950	-0.074384
77000	-0.037386
77050	-0.155087
77100	-0.033722
77150	0.061454
77200	-0.079271
77250	0.138446
77300	-0.133403
77350	-0.156352
77400	-0.007744
77450	-0.110364
77500	-0.033588
77550	0.016918
77600	0.150987
77650	0.095182
77700	0.061996
77750	0.116890
77800	0.182973
77850	0.066691
77900	-0.014427
77950	-0.119653
78000	-0.098340
78050	-0.001424
78100	-0.009059
78150	-0.071639
78200	-0.009105
78250	-0.019301
78300	0.031547
78350	0.045974
78400	0.058842
78450	-0.053997
78500	-0.033509
78550	0.017548
78600	0.199977
78650	0.199369
78700	-0.114156
78750	0.110122
78800	0.132887
78850	0.081095
78900	-0.067183
78950	0.117543
79000	-0.161199
79050	0.366700
79100	0.181302
79150	-0.027740
79200	-0.049475
79250	-0.019949
79300	0.207797
79350	-0.040770
79400	0.069828
79450	0.054692
79500	-0.107099
79550	-0.142680
79600	0.209794
79650	-0.010278
79700	0.002684
79750	0.111104
79800	0.122756
79850	0.105425
79900	-0.165606
79950	-0.168041
80000	-0.038724
80050	0.088645
80100	-0.115398
80150	-0.195102
80200	0.050163
80250	0.118513
80300	0.052407
80350	0.190980
80400	0.352604
80450	0.181856
80500	0.080487
80550	0.119940
80600	0.086648
80650	0.088223
80700	-0.141236
80750	0.132229
80800	-0.093255
80850	0.114327
80900	0.174002
80950	0.140319
81000	-0.002804
81050	0.103504
81100	0.010669
81150	-0.029318
81200	0.068949
81250	0.023576
81300	-0.096421
81350	-0.013668
81400	-0.179413
81450	-0.004810
81500	0.165407
81550	-0.062299
81600	-0.015031
81650	0.162374
81700	0.001201
81750	-0.186742
81800	0.118516
81850	0.119063
81900	-0.121862
81950	0.046996
82000	0.116029
82050	0.040735
82100	-0.025299
82150	0.094478
82200	0.092992
82250	0.115036
82300	0.050002
82350	0.040786
82400	-0.005030
82450	-0.017075
82500	-0.102707
82550	0.118409
82600	0.006098
82650	0.016835
82700	0.036722
82750	0.176589
82800	-0.015495
82850	-0.098480
82900	-0.069623
82950	-0.115993
83000	-0.058236
83050	0.060161
83100	-0.125665
83150	-0.018861
83200	0.094460
83250	-0.154404
83300	0.071609
83350	-0.004918
83400	0.011975
83450	-0.116125
83500	-0.114696
83550	0.072456
83600	0.041716
83650	-0.189321
83700	-0.093449
83750	-0.102172
83800	0.179699
83850	-0.084633
83900	-0.186184
83950	0.212631
84000	0.006563
84050	0.166358
84100	-0.041951
84150	0.128771
84200	0.249976
84250	0.124418
84300	-0.232807
84350	0.037821
84400	-0.065156
84450	-0.227132
84500	0.064831
84550	0.253321
84600	-0.052096
84650	-0.136529
84700	-0.062412
84750	0.110418
84800	0.160742
84850	0.068121
84900	0.138714
84950	0.102855
85000	-0.056826
85050	-0.008912
85100	0.242418
85150	-0.005574
85200	-0.057335
85250	0.002556
85300	0.018720
85350	0.083220
85400	0.032824
85450	-0.000019
85500	-0.051212
85550	-0.037896
85600	0.121718
85650	0.041398
85700	-0.041803
85750	-0.115576
85800	-0.063068
85850	0.119914
85900	-0.000448
85950	0.083808
86000	0.179391
86050	-0.020138
86100	0.139300
86150	-0.107432
86200	0.096300
86250	0.074031
86300	-0.040531
86350	0.022807
86400	-0.120544
86450	-0.027265
86500	0.050377
86550	0.024043
86600	-0.036118
86650	-0.099837
86700	0.121219
86750	0.028620
86800	-0.046346
86850	0.003966
86900	0.229465
86950	0.285797
87000	0.116485
87050	0.132876
87100	0.027979
87150	-0.046314
87200	0.103015
87250	0.177951
87300	0.015285
87350	-0.060420
87400	-0.002530
87450	0.051177
87500	-0.092115
87550	-0.073162
87600	-0.086616
87650	0.015545
87700	0.114078
87750	-0.043607
87800	0.052142
87850	-0.038511
87900	0.100726
87950	0.020436
88000	-0.152615
88050	0.162726
88100	-0.012308
88150	-0.019534
88200	-0.106224
88250	0.018837
88300	0.142749
88350	0.184255
88400	-0.163947
88450	-0.103483
88500	-0.060048
88550	-0.160464
88600	-0.083721
88650	0.039766
88700	0.103215
88750	-0.070477
88800	-0.056316
88850	0.009271
88900	-0.050949
88950	-0.095696
89000	-0.011018
89050	-0.235873
89100	-0.016327
89150	-0.020767
89200	-0.130370
89250	0.035543
89300	0.076635
89350	-0.056106
89400	-0.124532
89450	-0.058131
89500	-0.143361
89550	0.179171
89600	0.106297
89650	0.286213
89700	-0.022761
89750	0.035832
89800	-0.084939
89850	0.168915
89900	0.294022
89950	0.192355
90000	0.016520
90050	-0.149488
90100	-0.180646
90150	-0.116253
90200	-0.180327
90250	-0.051108
90300	0.046389
90350	-0.022824
90400	-0.098501
90450	-0.048999
90500	-0.027356
90550	-0.081399
90600	-0.061441
90650	0.042887
90700	-0.178933
90750	0.136120
90800	-0.017087
90850	-0.025705
90900	0.004755
90950	-0.022155
91000	-0.086574
91050	0.081228
91100	0.168725
91150	-0.031550
91200	0.079161
91250	-0.017985
91300	0.092135
91350	0.014391
91400	0.100980
91450	0.235267
91500	0.061682
91550	0.012461
91600	-0.063398
91650	-0.029729
91700	0.070454
91750	0.051294
91800	0.166231
91850	0.050525
91900	0.006244
91950	0.086551
92000	-0.183474
92050	0.014681
92100	0.078455
92150	-0.158977
92200	0.167694
92250	-0.021433
92300	0.119350
92350	0.050450
92400	-0.045826
92450	0.023252
92500	0.256287
92550	0.178900
92600	-0.094114
92650	0.040009
92700	0.087204
92750	-0.006041
92800	-0.025894
92850	0.009764
92900	0.097477
92950	-0.017589
93000	-0.125779
93050	0.021177
93100	0.063426
93150	-0.006601
93200	0.181902
93250	-0.032259
93300	0.170232
93350	-0.170229
93400	0.000593
93450	-0.085770
93500	-0.077261
93550	0.109809
93600	0.097758
93650	-0.115100
93700	-0.040233
93750	-0.081100
93800	0.149960
93850	-0.196048
93900	-0.062688
93950	-0.060828
94000	-0.011239
94050	0.007281
94100	-0.099776
94150	0.060801
94200	-0.063258
94250	-0.034398
94300	0.049663
94350	0.198423
94400	0.166183
94450	-0.201282
94500	0.078365
94550	-0.040048
94600	0.139356
94650	-0.178918
94700	0.131229
94750	-0.030766
94800	0.156838
94850	0.073186
94900	-0.143506
94950	-0.085777
95000	-0.110884
95050	0.076631
95100	0.047134
95150	0.027337
95200	-0.067069
95250	-0.004339
95300	-0.106950
95350	-0.094907
95400	0.011100
95450	0.042664
95500	-0.022438
95550	0.071275
95600	-0.059591
95650	-0.024599
95700	0.001571
95750	-0.066120
95800	-0.053743
95850	-0.054562
95900	0.013679
95950	-0.089939
96000	-0.108492
96050	0.038044
96100	-0.120482
96150	0.165617
96200	-0.111617
96250	0.003254
96300	-0.035595
96350	-0.169367
96400	-0.026094
96450	-0.089662
96500	-0.130305
96550	-0.033386
96600	0.064056
96650	0.076232
96700	-0.050941
96750	-0.084766
96800	-0.113291
96850	-0.021662
96900	-0.054462
96950	-0.107400
97000	-0.046766
97050	0.088208
97100	0.114617
97150	-0.108986
97200	0.107689
97250	-0.072559
97300	-0.073109
97350	-0.058909
97400	-0.052885
97450	0.055044
97500	-0.033020
97550	0.008564
97600	0.082631
97650	0.232552
97700	-0.045800
97750	-0.126510
97800	-0.069096
97850	-0.004075
97900	0.065441
97950	-0.022910
98000	-0.036687
98050	-0.123891
98100	-0.001667
98150	0.040539
98200	0.000212
98250	-0.125013
98300	-0.047778
98350	0.008695
98400	-0.036986
98450	0.021532
98500	0.290018
98550	0.151105
98600	0.040370
98650	0.048210
98700	-0.035691
98750	-0.111848
98800	0.019896
98850	0.241675
98900	-0.022174
98950	0.075215
99000	-0.047900
99050	0.084743
99100	0.179798
99150	0.015726
99200	-0.083692
99250	-0.100644
99300	0.073948
99350	0.096125
99400	0.006366
99450	-0.090756
99500	0.001335
99550	0.215119
99600	0.012540
99650	0.038259
99700	-0.031363
99750	0.170717
99800	-0.136136
99850	-0.241421
99900	-0.129882
99950	-0.081865
100000	-0.189747
100050	0.042822
100100	-0.020800
100150	0.074490
100200	-0.030937
100250	-0.061988
100300	0.059375
100350	-0.093492
100400	-0.025248
100450	0.118409
100500	-0.092477
100550	-0.060542
100600	-0.193616
100650	-0.087039
100700	-0.039786
100750	0.061525
100800	0.155518
100850	0.016711
100900	-0.264259
100950	-0.064824
101000	0.029946
101050	0.021083
101100	-0.024122
101150	0.013556
101200	-0.258527
101250	-0.139888
101300	-0.109743
101350	0.031995
101400	-0.202496
101450	0.006676
101500	-0.121544
101550	0.069919
101600	-0.130010
101650	-0.071518
101700	-0.212573
101750	-0.206352
101800	0.092624
101850	-0.068147
101900	-0.052413
101950	-0.146180
102000	0.115778
102050	0.003953
102100	-0.004464
102150	-0.125603
102200	0.073263
102250	-0.090526
102300	0.056774
102350	0.063575
102400	0.075736
102450	0.088177
102500	0.134354
102550	0.125192
102600	-0.010018
102650	0.046795
102700	0.128935
102750	-0.018023
102800	-0.049707
102850	0.206036
102900	0.080985
102950	-0.018008
103000	0.061747
103050	-0.007291
103100	-0.022239
103150	0.002284
103200	-0.047890
103250	0.026254
103300	0.088284
103350	-0.010768
103400	0.086389
103450	-0.046000
103500	0.160552
103550	0.040665
103600	0.158207
103650	0.127804
103700	0.096152
103750	0.038258
103800	0.095185
103850	0.111586
103900	0.206648
103950	0.152600
104000	0.338455
104050	0.009013
104100	-0.022116
104150	-0.020270
104200	-0.106586
104250	-0.089662
104300	0.148995
104350	0.184587
104400	0.095863
104450	0.044849
104500	0.144312
104550	0.112032
104600	-0.010004
104650	-0.043051
104700	-0.006816
104750	-0.015468
104800	0.187257
104850	0.050129
104900	0.076215
104950	-0.019664
105000	0.054444
105050	-0.080559
105100	0.035302
105150	0.221945
105200	0.154894
105250	-0.043502
105300	0.054263
105350	0.136228
105400	0.035589
105450	0.172234
105500	-0.093140
105550	0.152354
105600	0.168290
105650	0.104970
105700	0.217695
105750	0.192673
105800	0.178763
105850	0.229437
105900	0.149489
105950	-0.190145
106000	0.228329
106050	0.184195
106100	-0.018050
106150	0.143612
106200	0.015108
106250	0.036299
106300	0.034100
106350	-0.012413
106400	-0.052050
106450	-0.044955
106500	-0.008345
106550	0.121438
106600	0.291783
106650	0.019492
106700	-0.016968
106750	-0.033237
106800	0.087303
106850	-0.008234
106900	-0.029565
106950	-0.180436
107000	-0.112726
107050	0.000899
107100	0.052599
107150	-0.031431
107200	0.100801
107250	-0.016387
107300	0.118501
107350	0.173944
107400	-0.093663
107450	0.068878
107500	-0.032642
107550	0.054518
107600	-0.119718
107650	-0.189961
107700	0.082012
107750	-0.269059
107800	0.005487
107850	0.028712
107900	0.175889
107950	0.322604
108000	-0.021717
108050	0.151272
108100	0.124595
108150	-0.011432
108200	-0.041479
108250	0.014304
108300	0.101770
108350	0.033058
108400	0.226662
108450	0.226549
108500	-0.004888
108550	0.091515
108600	-0.020380
108650	0.167630
108700	0.062283
108750	-0.185263
108800	0.087348
108850	0.190041
108900	-0.001936
108950	0.026859
109000	0.122969
109050	0.055170
109100	0.204306
109150	-0.020907
109200	-0.098113
109250	-0.049040
109300	0.071498
109350	0.078170
109400	0.049996
109450	-0.112148
109500	0.017021
109550	-0.055740
109600	0.006609
109650	-0.006625
109700	-0.097269
109750	0.295249
109800	0.267846
109850	0.080008
109900	0.054417
109950	-0.085431
110000	0.043701
110050	-0.090315
110100	0.162830
110150	0.077682
110200	0.127616
110250	0.080990
110300	-0.062211
110350	0.022347
110400	0.183289
110450	0.128042
110500	-0.070199
110550	-0.025628
110600	-0.117185
110650	0.125005
110700	0.044132
110750	0.063436
110800	-0.152840
110850	0.094549
110900	-0.204260
110950	0.161836
111000	0.029408
111050	0.001237
111100	-0.091382
111150	0.077061
111200	0.000353
111250	-0.188279
111300	0.142301
111350	0.086603
111400	-0.064591
111450	0.034284
111500	-0.017655
111550	0.051759
111600	0.021046
111650	0.030790
111700	-0.040109
111750	0.083849
111800	0.058125
111850	-0.144476
111900	0.013769
111950	-0.108855
112000	0.072879
112050	-0.032928
112100	-0.040982
112150	0.142272
112200	0.061236
112250	0.011744
112300	0.050829
112350	0.079939
112400	0.023249
112450	0.093088
112500	0.021574
112550	0.026459
112600	0.141820
112650	0.233527
112700	0.104521
112750	-0.043845
112800	-0.015483
112850	-0.086457
112900	-0.096782
112950	-0.006265
113000	0.000059
113050	-0.163894
113100	-0.008049
113150	0.024958
113200	0.122824
113250	-0.012202
113300	-0.005180
113350	-0.127968
113400	-0.132414
113450	-0.078130
113500	0.095556
113550	-0.030551
113600	-0.076266
113650	-0.137712
113700	-0.218566
113750	-0.306961
113800	-0.106647
113850	0.085699
113900	-0.154743
113950	-0.207204
114000	-0.032408
114050	-0.017754
114100	0.221035
114150	0.038140
114200	0.145305
114250	-0.040148
114300	0.048345
114350	-0.013563
114400	0.016024
114450	0.009354
114500	0.128231
114550	-0.071038
114600	-0.147110
114650	0.154471
114700	0.205911
114750	-0.002021
114800	0.280290
114850	0.109828
114900	0.122175
114950	0.011988
115000	-0.059658
115050	0.108616
115100	-0.049563
115150	-0.044231
115200	0.124200
115250	0.019504
115300	-0.196390
115350	-0.122716
115400	0.171177
115450	-0.103968
115500	0.144622
115550	-0.031401
115600	-0.187553
115650	-0.102784
115700	-0.040102
115750	0.134318
115800	-0.111492
115850	-0.027309
115900	0.143714
115950	0.044711
116000	-0.076863
116050	0.043848
116100	-0.190677
116150	-0.107218
116200	0.118320
116250	0.011806
116300	0.009495
116350	0.137157
116400	-0.006665
116450	0.287400
116500	-0.099874
116550	0.141933
116600	0.188242
116650	-0.063868
116700	0.077768
116750	-0.050820
116800	0.033736
116850	-0.039901
116900	0.078418
116950	0.104285
117000	-0.010286
117050	0.065401
117100	0.112095
117150	-0.038920
117200	-0.002956
117250	0.065772
117300	0.021553
117350	-0.064370
117400	0.087954
117450	0.236957
117500	0.159662
117550	0.172016
117600	0.094539
117650	0.042010
117700	-0.078245
117750	-0.080597
117800	-0.219247
117850	-0.204143
117900	0.099779
117950	-0.040597
118000	-0.002307
118050	0.038049
118100	-0.152219
118150	0.014282
118200	-0.057639
118250	-0.011284
118300	-0.086399
118350	0.004286
118400	0.054256
118450	-0.207471
118500	0.053349
118550	-0.057920
118600	0.065600
118650	0.179038
118700	0.090068
118750	0.191641
118800	0.040398
118850	-0.132591
118900	0.149457
118950	-0.075414
119000	-0.079309
119050	0.283529
119100	0.084519
119150	0.001752
119200	0.036994
119250	0.131019
119300	-0.208503
119350	-0.148990
119400	-0.158458
119450	0.095349
119500	-0.164229
119550	-0.155331
119600	0.076604
119650	0.155474
119700	-0.002250
119750	-0.016895
119800	0.036473
119850	0.137436
119900	0.103672
119950	-0.010670
120000	-0.021085
120050	-0.038209
120100	0.125670
120150	-0.120812
120200	-0.188573
120250	0.260984
120300	0.238634
120350	0.118667
120400	-0.065324
120450	-0.010695
120500	0.068674
120550	0.066266
120600	0.136200
120650	0.031497
120700	0.024140
120750	0.061505
120800	0.117109
120850	0.026392
120900	-0.013147
120950	-0.084308
121000	-0.030169
121050	0.093550
121100	0.035724
121150	-0.120902
121200	-0.020187
121250	-0.110467
121300	0.089990
121350	0.088607
121400	-0.145040
121450	0.009857
121500	-0.048545
121550	-0.000984
121600	-0.036864
121650	-0.132410
121700	0.119774
121750	0.056042
121800	-0.111424
121850	0.137954
121900	0.074228
121950	-0.068562
122000	-0.045196
122050	-0.136140
122100	-0.077915
122150	0.166681
122200	-0.155156
122250	0.092076
122300	0.070110
122350	-0.144138
122400	-0.052183
122450	-0.062936
122500	-0.135205
122550	0.012872
122600	-0.010349
122650	0.036503
122700	0.117206
122750	-0.015098
122800	0.052563
122850	0.014095
122900	0.054632
122950	0.132756
123000	-0.004191
123050	-0.031334
123100	-0.022553
123150	-0.029940
123200	0.067124
123250	-0.085599
123300	0.109272
123350	0.126787
123400	0.134672
123450	0.032962
123500	-0.052972
123550	0.126623
123600	0.093075
123650	-0.080408
123700	-0.105100
123750	-0.203889
123800	0.048975
123850	-0.070143
123900	0.050755
123950	0.064038
124000	-0.060616
124050	0.221536
124100	0.016104
124150	-0.008628
124200	-0.033684
124250	-0.048956
124300	0.010036
124350	0.094088
124400	-0.021270
124450	0.077417
124500	-0.122253
124550	-0.270941
124600	0.082664
124650	0.017092
124700	0.106020
124750	-0.114666
124800	-0.008448
124850	-0.175443
124900	0.167057
124950	-0.020156
125000	-0.181848
125050	0.206148
125100	0.192185
125150	0.085009
125200	-0.055899
125250	-0.193637
125300	0.127238
125350	0.006400
125400	-0.102044
125450	0.007132
125500	-0.030863
125550	0.117426
125600	-0.017046
125650	-0.054008
125700	-0.058910
125750	-0.040365
125800	0.045712
125850	-0.058851
125900	0.071692
125950	-0.049189
126000	-0.037755
126050	0.107295
126100	0.052908
126150	-0.027688
126200	-0.127089
126250	0.128470
126300	-0.032563
126350	0.209569
126400	-0.013299
126450	0.084449
126500	0.196960
126550	-0.190835
126600	0.049172
126650	0.024941
126700	0.024583
126750	-0.088660
126800	-0.106097
126850	-0.079925
126900	-0.061898
126950	-0.067281
127000	0.036281
127050	-0.023403
127100	0.117008
127150	-0.185200
127200	-0.113612
127250	-0.040445
127300	0.041273
127350	-0.086180
127400	-0.060461
127450	-0.103561
127500	-0.175331
127550	-0.165289
127600	0.096937
127650	0.066502
127700	-0.018805
127750	0.146178
127800	0.140180
127850	-0.046700
127900	0.019176
127950	0.138517
128000	0.001983
128050	-0.062483
128100	0.013885
128150	0.014093
128200	-0.034785
128250	0.026518
128300	-0.104173
128350	-0.032470
128400	-0.011291
128450	0.004602
128500	-0.052580
128550	0.169406
128600	0.104036
128650	-0.051674
128700	0.058919
128750	-0.099951
128800	0.109830
128850	0.108213
128900	-0.137100
128950	0.041855
129000	0.102038
129050	0.022143
129100	-0.209378
129150	0.009471
129200	-0.113536
129250	-0.088002
129300	0.092424
129350	-0.003399
129400	-0.053932
129450	-0.132330
129500	-0.104978
129550	-0.057819
129600	0.098597
129650	-0.039809
129700	-0.054400
129750	0.019213
129800	-0.067593
129850	0.169234
129900	0.217232
129950	0.020639
130000	0.118621
130050	-0.117203
130100	-0.053212
130150	0.016073
130200	0.010322
130250	0.052190
130300	0.179366
130350	0.168241
130400	-0.085940
130450	-0.079038
130500	0.000407
130550	0.062654
130600	0.013065
130650	0.131061
130700	0.123057
130750	0.098169
130800	-0.004072
130850	-0.039910
130900	0.075240
130950	0.067188
131000	-0.067387
131050	0.136253
131100	0.071976
131150	0.120845
131200	0.022386
131250	-0.049535
131300	0.171920
131350	-0.071646
131400	0.175884
131450	0.203132
131500	0.058499
131550	0.140213
131600	0.035816
131650	-0.130133
131700	-0.014981
131750	0.120077
131800	0.004661
131850	-0.043472
131900	0.085416
131950	-0.015552
132000	0.003622
132050	0.107229
132100	0.299167
132150	0.199627
132200	0.020337
132250	0.110908
132300	0.075520
132350	0.020291
132400	0.133141
132450	-0.246357
132500	-0.194505
132550	-0.154660
132600	-0.018733
132650	0.025867
132700	-0.078191
132750	-0.005370
132800	0.315060
132850	-0.011969
132900	0.038796
132950	-0.263288
133000	-0.179479
133050	0.255642
133100	-0.041906
133150	0.024126
133200	0.061904
133250	0.039530
133300	-0.025445
133350	0.182636
133400	-0.026408
133450	0.034686
133500	-0.018834
133550	0.061640
133600	-0.042420
133650	0.012347
133700	-0.099405
133750	-0.136838
133800	-0.082037
133850	0.038491
133900	-0.117218
133950	-0.005298
134000	0.002469
134050	0.162242
134100	0.156201
134150	0.077379
134200	-0.133528
134250	-0.140112
134300	0.014648
134350	-0.049161
134400	0.111880
134450	0.153537
134500	-0.002477
134550	-0.158126
134600	0.126414
134650	0.034058
134700	-0.058667
134750	-0.004164
134800	-0.015128
134850	0.036037
134900	-0.067656
134950	-0.125971
135000	0.021989
135050	0.011371
135100	0.028156
135150	-0.012301
135200	-0.059329
135250	-0.022367
135300	0.052267
135350	0.143394
135400	0.239800
135450	-0.014716
135500	0.138521
135550	0.146552
135600	0.209435
135650	0.042568
135700	-0.036857
135750	0.042519
135800	0.095213
135850	-0.111304
135900	-0.018101
135950	0.168172
136000	-0.014326
136050	-0.027099
136100	-0.173082
136150	-0.075647
136200	0.026128
136250	-0.037240
136300	0.065121
136350	-0.038613
136400	-0.112168
136450	0.096449
136500	-0.117019
136550	0.116433
136600	0.085506
136650	0.091473
136700	0.063562
136750	0.082705
136800	-0.075302
136850	0.020030
136900	-0.105408
136950	0.021096
137000	-0.120250
137050	0.029971
137100	0.165209
137150	0.039222
137200	-0.030495
137250	0.192337
137300	0.029672
137350	-0.046958
137400	-0.045318
137450	-0.014280
137500	-0.043474
137550	-0.035576
137600	-0.076275
137650	0.038667
137700	0.213533
137750	0.241440
137800	0.253937
137850	-0.076331
137900	0.054501
137950	-0.007523
138000	-0.133146
138050	-0.020670
138100	0.096498
138150	0.003568
138200	0.141436
138250	0.035995
138300	-0.008639
138350	-0.042106
138400	-0.053635
138450	0.167178
138500	0.121103
138550	0.047564
138600	0.023383
138650	-0.081087
138700	0.134912
138750	0.043916
138800	-0.080880
138850	-0.011851
138900	0.134277
138950	0.088621
139000	-0.101602
139050	-0.120060
139100	-0.064960
139150	-0.050727
139200	-0.092494
139250	-0.043300
139300	0.135376
139350	0.042111
139400	0.012128
139450	0.102869
139500	-0.023807
139550	0.167595
139600	0.038407
139650	0.017499
139700	0.053273
139750	-0.120522
139800	0.047143
139850	0.114211
139900	-0.110983
139950	0.002539
140000	0.009449
140050	-0.085865
140100	-0.171766
140150	-0.067482
140200	-0.082728
140250	0.129808
140300	0.144179
140350	-0.051011
140400	0.166452
140450	-0.004918
140500	0.113718
140550	-0.011662
140600	-0.013553
140650	0.108224
140700	0.119067
140750	0.071279
140800	0.036387
140850	-0.046733
140900	0.093143
140950	-0.077213
141000	-0.115376
141050	-0.067971
141100	0.058446
141150	-0.141257
141200	0.090669
141250	-0.054117
141300	-0.063499
141350	0.044914
141400	0.200957
141450	0.276987
141500	-0.184044
141550	0.013834
141600	-0.013377
141650	-0.122269
141700	0.004579
141750	-0.089839
141800	0.089359
141850	-0.087961
141900	-0.097931
141950	0.234363
142000	-0.141402
142050	-0.091531
142100	-0.029206
142150	-0.042169
142200	0.245316
142250	0.227320
142300	-0.048348
142350	-0.063352
142400	0.134965
142450	0.125791
142500	-0.059427
142550	-0.062117
142600	-0.015331
142650	-0.055840
142700	-0.001051
142750	-0.055824
142800	-0.037234
142850	0.239109
142900	0.009093
142950	0.078601
143000	0.021089
143050	-0.117366
143100	-0.001680
143150	0.054646
143200	-0.077673
143250	0.021956
143300	-0.187663
143350	0.016742
143400	-0.020496
143450	-0.011004
143500	0.093275
143550	0.011820
143600	0.087826
143650	-0.217716
143700	-0.145521
143750	-0.009452
143800	-0.087679
143850	-0.086264
143900	-0.055200
143950	-0.143468
144000	-0.013337
144050	0.059699
144100	0.010538
144150	-0.035260
144200	0.065286
144250	0.062633
144300	0.174879
144350	0.103790
144400	0.088503
144450	-0.078823
144500	0.195907
144550	-0.024197
144600	-0.003466
144650	-0.106032
144700	-0.057092
144750	0.040082
144800	-0.052928
144850	-0.007556
144900	0.034871
144950	-0.075050
145000	-0.056826
145050	-0.002363
145100	0.049494
145150	-0.200120
145200	-0.033291
145250	0.291755
145300	0.024759
145350	-0.018279
145400	-0.188956
145450	0.035308
145500	-0.087641
145550	-0.144382
145600	-0.098296
145650	-0.179613
145700	0.035439
145750	-0.153760
145800	0.030732
145850	0.031600
145900	0.130473
145950	0.248125
146000	0.018450
146050	-0.000804
146100	-0.118088
146150	-0.060598
146200	0.074128
146250	-0.359172
146300	-0.106183
146350	0.013846
146400	0.031870
146450	0.149100
146500	-0.078135
146550	-0.047707
146600	-0.095779
146650	-0.001916
146700	-0.051286
146750	-0.157595
146800	0.002884
146850	0.048913
146900	-0.150579
146950	-0.068663
147000	-0.199639
147050	-0.028966
147100	-0.091707
147150	-0.123486
147200	-0.143832
147250	0.080175
147300	-0.155631
147350	0.082777
147400	0.029120
147450	-0.017097
147500	-0.043983
147550	-0.027583
147600	0.079841
147650	0.000869
147700	0.204267
147750	-0.149509
147800	-0.124121
147850	0.041706
147900	0.080699
147950	-0.007562
148000	-0.215947
148050	0.095980
148100	-0.031412
148150	0.023174
148200	0.041638
148250	0.072227
148300	0.039754
148350	0.136723
148400	-0.082345
148450	0.062843
148500	0.023762
148550	-0.073329
148600	0.130872
148650	-0.012628
148700	-0.094935
148750	0.075721
148800	0.008315
148850	0.144191
148900	-0.105610
148950	-0.063888
149000	-0.130111
149050	0.008890
149100	-0.033722
149150	-0.135808
149200	0.001906
149250	-0.194568
149300	-0.162851
149350	-0.027337
149400	0.111507
149450	-0.140294
149500	0.018984
149550	0.080274
149600	0.041940
149650	0.025317
149700	0.055101
149750	-0.255757
149800	0.174613
149850	-0.085082
149900	-0.039794
149950	-0.049410
150000	-0.047129
150050	-0.026964
150100	-0.093218
150150	-0.074459
150200	0.046234
150250	-0.135112
150300	0.047596
150350	-0.043900
150400	0.047661
150450	-0.076553
150500	-0.081294
150550	-0.156228
150600	0.059410
150650	-0.136608
150700	-0.199693
150750	0.045265
150800	-0.039868
150850	-0.022189
150900	-0.034452
150950	-0.256233
151000	0.011524
151050	-0.012788
151100	-0.063978
151150	-0.018850
151200	0.064282
151250	-0.070640
151300	0.004811
151350	-0.096085
151400	0.012901
151450	-0.026330
151500	-0.133998
151550	-0.058450
151600	-0.031775
151650	-0.136024
151700	-0.155208
151750	-0.067884
151800	-0.057643
151850	0.142213
151900	-0.049997
151950	-0.107325
152000	-0.036591
152050	-0.089561
152100	-0.054626
152150	-0.030800
152200	0.137168
152250	0.101903
152300	-0.061494
152350	-0.018519
152400	-0.106216
152450	-0.004052
152500	-0.037817
152550	-0.052176
152600	-0.066719
152650	0.117810
152700	0.001265
152750	-0.039422
152800	0.011883
152850	-0.228339
152900	0.003062
152950	0.009614
153000	0.029775
153050	0.135782
153100	0.075752
153150	-0.048996
153200	0.072850
153250	0.109827
153300	-0.000219
153350	-0.038450
153400	0.043183
153450	0.013221
153500	0.027862
153550	-0.064088
153600	0.209789
153650	-0.015180
153700	0.044535
153750	-0.020916
153800	0.025251
153850	-0.002328
153900	0.071012
153950	-0.151868
154000	-0.121050
154050	0.111038
154100	0.111174
154150	0.034717
154200	0.052231
154250	0.133561
154300	0.197174
154350	-0.148569
154400	0.080728
154450	0.066993
154500	0.083567
154550	0.056345
154600	-0.073923
154650	-0.054891
154700	0.121223
154750	-0.127619
154800	0.088342
154850	0.152166
154900	-0.045035
154950	0.021475
155000	-0.108441
155050	0.011151
155100	0.011868
155150	-0.018183
155200	0.198573
155250	0.156283
155300	0.069810
155350	0.147502
155400	0.019116
155450	0.068377
155500	0.065093
155550	0.192658
155600	0.160922
155650	-0.003612
155700	-0.046386
155750	-0.033706
155800	-0.084856
155850	-0.053526
155900	-0.207689
155950	-0.106955
156000	-0.114284
156050	0.161482
156100	-0.111456
156150	0.015211
156200	0.060535
156250	0.025102
156300	0.046334
156350	0.051137
156400	-0.204248
156450	0.039888
156500	0.152584
156550	-0.083223
156600	-0.107666
156650	-0.154904
156700	-0.008391
156750	-0.136598
156800	-0.070515
156850	-0.065260
156900	0.065718
156950	-0.099357
157000	0.038572
157050	-0.087800
157100	-0.006615
157150	-0.182417
157200	-0.189001
157250	-0.092455
157300	-0.045069
157350	0.144268
157400	0.002446
157450	-0.084434
157500	0.049758
157550	0.159808
157600	-0.098826
157650	0.031722
157700	-0.005554
157750	-0.188952
157800	0.105877
157850	-0.048654
157900	-0.113793
157950	-0.125582
158000	-0.086607
158050	-0.155914
158100	0.010372
158150	-0.138198
158200	0.009441
158250	-0.342890
158300	-0.008360
158350	-0.055232
158400	-0.146064
158450	-0.146625
158500	-0.051635
158550	-0.079410
158600	0.029129
158650	-0.178442
158700	-0.141838
158750	-0.128455
158800	-0.122364
158850	0.162536
158900	0.153447
158950	0.070655
159000	0.081030
159050	0.061383
159100	0.021375
159150	0.091126
159200	-0.092550
159250	-0.060281
159300	-0.057003
159350	0.063269
159400	0.005923
159450	0.029060
159500	0.163421
159550	-0.015609
159600	0.165114
159650	0.023300
159700	0.217176
159750	0.065444
159800	-0.126595
159850	-0.167245
159900	0.093451
159950	-0.058563
160000	0.085250
160050	0.142592
160100	-0.019455
160150	0.095838
160200	-0.026130
160250	0.018697
160300	-0.069431
160350	0.014619
160400	-0.053533
160450	-0.148930
160500	0.062064
160550	0.081165
160600	-0.001137
160650	0.198176
160700	-0.006655
160750	0.073281
160800	0.068213
160850	0.119132
160900	0.058334
160950	-0.230302
161000	0.072810
161050	-0.102704
161100	-0.003560
161150	0.092172
161200	0.201871
161250	0.097417
161300	-0.269873
161350	-0.101983
161400	-0.009442
161450	0.072082
161500	0.111480
161550	-0.109500
161600	0.151200
161650	0.098623
161700	0.154441
161750	0.051968
161800	0.112282
161850	-0.027772
161900	-0.009074
161950	-0.054216
162000	0.070708
162050	0.102661
162100	0.022100
162150	-0.014403
162200	0.017357
162250	0.025456
162300	-0.119907
162350	0.129429
162400	0.046767
162450	-0.039761
162500	0.085696
162550	0.024142
162600	0.063643
162650	0.225231
162700	0.023150
162750	0.042967
162800	0.102885
162850	0.015003
162900	0.155711
162950	-0.071046
163000	-0.227628
163050	0.176318
163100	0.267322
163150	-0.107058
163200	0.064372
163250	0.117566
163300	-0.022743
163350	-0.067055
163400	0.073209
163450	-0.153799
163500	0.021071
163550	0.008038
163600	-0.005087
163650	-0.172771
163700	-0.069375
163750	-0.091663
163800	0.001250
163850	-0.161825
163900	0.151558
163950	-0.186030
164000	-0.030880
164050	0.016917
164100	-0.189905
164150	0.040688
164200	0.005988
164250	-0.186564
164300	-0.132769
164350	-0.186325
164400	0.217741
164450	0.151215
164500	0.041530
164550	0.140209
164600	0.144259
164650	-0.073886
164700	-0.153871
164750	0.041608
164800	0.154686
164850	0.178145
164900	0.157225
164950	-0.107371
165000	0.115117
165050	0.109202
165100	-0.083243
165150	0.033415
165200	0.143073
165250	0.228923
165300	0.307139
165350	0.132309
165400	-0.064397
165450	0.096879
165500	0.094247
165550	-0.002025
165600	-0.000127
165650	-0.122066
165700	-0.121080
165750	0.074890
165800	0.038742
165850	0.000350
165900	0.151255
165950	0.266931
166000	0.034455
166050	0.180382
166100	-0.140648
166150	-0.210514
166200	0.112895
166250	-0.153500
166300	-0.085177
166350	0.125952
166400	-0.127516
166450	-0.064612
166500	-0.153374
166550	-0.218438
166600	0.046996
166650	-0.064325
166700	0.007085
166750	-0.167281
166800	-0.058375
166850	-0.022660
166900	-0.028330
166950	-0.019994
167000	-0.119199
167050	-0.047947
167100	-0.108311
167150	0.278627
167200	0.197226
167250	0.074836
167300	-0.023603
167350	-0.101017
167400	0.102292
167450	0.236655
167500	-0.074527
167550	0.145289
167600	0.060209
167650	-0.097466
167700	0.110760
167750	0.091427
167800	0.039759
167850	0.198871
167900	0.014907
167950	-0.235996
168000	-0.031473
168050	0.227279
168100	-0.234274
168150	-0.004976
168200	0.021411
168250	0.030693
168300	-0.131011
168350	0.040116
168400	-0.002668
168450	-0.083522
168500	0.077207
168550	-0.205819
168600	0.094767
168650	-0.044227
168700	-0.064991
168750	0.082203
168800	0.015779
168850	0.346885
168900	0.034860
168950	-0.029624
169000	0.059333
169050	-0.014154
169100	-0.121837
169150	0.149068
169200	-0.051876
169250	-0.082093
169300	-0.005542
169350	-0.013105
169400	0.040475
169450	-0.098684
169500	0.042108
169550	0.118573
169600	-0.040159
169650	0.014883
169700	-0.010102
169750	0.010465
169800	0.066873
169850	-0.058859
169900	-0.098087
169950	-0.249551
170000	-0.115507
170050	-0.024040
170100	-0.045519
170150	-0.185356
170200	0.001874
170250	0.059444
170300	0.054445
170350	0.021562
170400	0.107312
170450	-0.150420
170500	0.220742
170550	-0.190966
170600	-0.014001
170650	-0.227716
170700	-0.092635
170750	0.072882
170800	0.283095
170850	-0.014441
170900	-0.193014
170950	-0.018306
171000	0.151831
171050	0.046356
171100	-0.100447
171150	-0.169189
171200	-0.001777
171250	-0.071160
171300	-0.196553
171350	0.059881
171400	-0.007258
171450	0.145614
171500	-0.083849
171550	-0.155115
171600	0.059241
171650	-0.027101
171700	0.098112
171750	-0.104754
171800	0.092475
171850	-0.055715
171900	0.125523
171950	0.112406
172000	0.022368
172050	0.229069
172100	-0.020523
172150	0.109222
172200	0.131079
172250	0.055366
172300	0.020352
172350	-0.110853
172400	-0.139762
172450	-0.131108
172500	-0.021250
172550	-0.041526
172600	0.062991
172650	-0.081589
172700	-0.000101
172750	0.030724
172800	0.085998
172850	-0.072140
172900	0.016613
172950	-0.069543
173000	-0.023510
173050	0.134039
173100	-0.002067
173150	-0.040598
173200	0.102104
173250	-0.118773
173300	0.164793
173350	0.163013
173400	0.028794
173450	0.071346
173500	-0.074536
173550	-0.051260
173600	-0.110369
173650	0.035605
173700	0.040353
173750	-0.059506
173800	0.060989
173850	0.105761
173900	0.138581
173950	0.095042
174000	0.008824
174050	0.103315
174100	0.164367
174150	0.008539
174200	-0.196275
174250	-0.141756
174300	0.039223
174350	-0.247999
174400	0.069178
174450	-0.112305
174500	-0.170674
174550	-0.061725
174600	0.087244
174650	-0.122373
174700	-0.009326
174750	-0.196711
174800	0.051978
174850	-0.016347
174900	0.168870
174950	-0.147225
175000	0.181279
175050	0.079318
175100	-0.013866
175150	-0.060685
175200	0.017179
175250	0.159822
175300	-0.094225
175350	0.013855
175400	-0.151157
175450	0.005415
175500	0.047357
175550	-0.078692
175600	0.034966
175650	-0.233507
175700	0.018217
175750	0.180120
175800	0.068626
175850	-0.038994
175900	0.023362
175950	-0.089888
176000	-0.125131
176050	0.098102
176100	-0.098385
176150	-0.020483
176200	0.149128
176250	-0.260128
176300	0.118305
176350	-0.074028
176400	-0.044581
176450	-0.013564
176500	0.238572
176550	0.330517
176600	0.073346
176650	-0.114207
176700	0.174092
176750	-0.025602
176800	0.076164
176850	0.097248
176900	0.039252
176950	-0.030947
177000	0.131125
177050	0.031845
177100	0.019035
177150	0.128875
177200	0.129645
177250	-0.097499
177300	0.249042
177350	-0.205050
177400	0.029459
177450	-0.024519
177500	-0.012343
177550	-0.050518
177600	0.068750
177650	0.280573
177700	0.125380
177750	0.137698
177800	0.037911
177850	-0.161389
177900	0.121884
177950	0.123392
178000	-0.052709
178050	-0.043138
178100	0.088649
178150	-0.064942
178200	-0.093991
178250	-0.031748
178300	-0.139563
178350	0.128159
178400	0.126527
178450	0.121086
178500	0.169912
178550	-0.058128
178600	0.194062
178650	-0.056285
178700	-0.133207
178750	0.064609
178800	-0.033309
178850	-0.075183
178900	-0.003987
178950	0.081438
179000	0.064201
179050	0.055747
179100	0.217699
179150	0.054566
179200	-0.089302
179250	0.056583
179300	0.100131
179350	0.131911
179400	0.138831
179450	0.087577
179500	0.181460
179550	0.056209
179600	0.059223
179650	-0.102392
179700	-0.079993
179750	0.063850
179800	-0.032273
179850	0.000409
179900	-0.081857
179950	-0.113812
180000	-0.176792
180050	-0.276762
180100	0.015007
180150	-0.022335
180200	0.072071
180250	0.172793
180300	-0.148213
180350	0.054566
180400	0.135931
180450	0.018080
180500	-0.108836
180550	-0.141401
180600	-0.206260
180650	-0.039925
180700	0.076867
180750	-0.144450
180800	-0.031745
180850	0.130993
180900	0.061035
180950	-0.175672
181000	0.234890
181050	-0.030554
181100	0.013216
181150	0.059878
181200	-0.045915
181250	-0.009027
181300	-0.016646
181350	-0.048516
181400	0.105493
181450	-0.150969
181500	-0.006655
181550	0.133517
181600	0.366234
181650	0.224697
181700	-0.011081
181750	0.098570
181800	0.147814
181850	0.189574
181900	0.184008
181950	-0.072997
182000	0.041270
182050	0.017043
182100	-0.062702
182150	0.030074
182200	0.114335
182250	0.124724
182300	0.008357
182350	-0.025164
182400	-0.065138
182450	0.036197
182500	0.214085
182550	-0.057072
182600	0.205470
182650	0.043643
182700	0.091645
182750	0.097487
182800	-0.015882
182850	-0.009554
182900	0.019378
182950	0.098067
183000	-0.055757
183050	-0.024812
183100	0.005902
183150	0.106225
183200	-0.102278
183250	-0.048401
183300	0.028528
183350	-0.073200
183400	-0.030140
183450	-0.127576
183500	0.162797
183550	0.077302
183600	-0.135925
183650	-0.055116
183700	-0.113172
183750	-0.113466
183800	0.096567
183850	0.049921
183900	0.224642
183950	-0.000638
184000	-0.098955
184050	0.099795
184100	0.051329
184150	0.097846
184200	-0.139130
184250	-0.064764
184300	0.180299
184350	0.091487
184400	0.235673
184450	0.290958
184500	0.216636
184550	0.127352
184600	0.004834
184650	0.024965
184700	0.004687
184750	-0.013247
184800	0.079593
184850	-0.259080
184900	-0.063606
184950	0.144360
185000	-0.006609
185050	0.064808
185100	0.089767
185150	-0.019493
185200	0.114104
185250	-0.035252
185300	0.058683
185350	-0.075655
185400	-0.086546
185450	0.131160
185500	0.033408
185550	-0.074505
185600	0.126305
185650	0.181032
185700	0.171695
185750	0.272844
185800	0.215161
185850	-0.176489
185900	0.011048
185950	0.010624
186000	-0.032596
186050	0.023719
186100	-0.002539
186150	0.050740
186200	-0.114450
186250	0.075048
186300	0.048297
186350	-0.006671
186400	-0.069367
186450	-0.041087
186500	-0.053794
186550	-0.108249
186600	0.000117
186650	0.054935
186700	-0.169722
186750	-0.057682
186800	-0.022738
186850	0.191759
186900	0.102690
186950	-0.084143
187000	0.033903
187050	0.193345
187100	-0.008533
187150	0.099344
187200	-0.040769
187250	0.159274
187300	0.108859
187350	-0.015762
187400	0.070957
187450	0.155420
187500	-0.080536
187550	-0.232821
187600	-0.036379
187650	-0.181543
187700	-0.127239
187750	0.053685
187800	-0.001742
187850	0.070826
187900	0.065113
187950	0.092789
188000	0.114853
188050	0.031741
188100	-0.253155
188150	0.039207
188200	0.110074
188250	-0.013460
188300	0.159138
188350	0.137517
188400	0.044633
188450	-0.003306
188500	-0.044744
188550	0.241927
188600	-0.059383
188650	-0.178059
188700	-0.038447
188750	0.091835
188800	-0.006185
188850	0.070247
188900	-0.082835
188950	0.042969
189000	-0.140130
189050	0.020389
189100	0.093892
189150	-0.057267
189200	-0.055838
189250	0.021131
189300	0.018572
189350	0.091964
189400	0.225552
189450	0.107108
189500	-0.135475
189550	0.003403
189600	-0.034516
189650	-0.011373
189700	-0.055484
189750	0.329817
189800	-0.041246
189850	0.086920
189900	0.085768
189950	-0.091509
190000	-0.069363
190050	-0.264841
190100	0.123803
190150	0.101803
190200	0.069329
190250	0.190397
190300	0.015817
190350	0.028780
190400	-0.007269
190450	0.000334
190500	-0.200930
190550	-0.170047
190600	-0.024146
190650	0.326186
190700	-0.272091
190750	0.119509
190800	-0.061234
190850	-0.127684
190900	0.041542
190950	0.071301
191000	-0.071222
191050	-0.049377
191100	0.017404
191150	0.027954
191200	0.047848
191250	-0.057522
191300	-0.188066
191350	0.033051
191400	0.003059
191450	-0.026410
191500	-0.215834
191550	-0.018771
191600	-0.058475
191650	0.039797
191700	-0.091068
191750	-0.032247
191800	-0.077770
191850	0.105341
191900	0.070435
191950	-0.001964
192000	0.110440
192050	0.080441
192100	-0.082489
192150	-0.098563
192200	-0.019592
192250	0.091979
192300	0.112666
192350	-0.052551
192400	0.004074
192450	0.167478
192500	0.172797
192550	0.023829
192600	-0.148865
192650	-0.057269
192700	-0.141811
192750	0.072141
192800	-0.080608
192850	0.000371
192900	-0.145371
192950	-0.011231
193000	0.117255
193050	-0.150225
193100	-0.050487
193150	0.000199
193200	-0.103672
193250	-0.082707
193300	0.100492
193350	-0.021116
193400	0.130487
193450	0.129082
193500	-0.135493
193550	0.104786
193600	0.050255
193650	-0.068618
193700	-0.113306
193750	-0.059319
193800	0.072485
193850	0.206006
193900	-0.034500
193950	-0.049802
194000	0.198322
194050	0.004563
194100	0.191477
194150	0.177960
194200	0.068015
194250	-0.077761
194300	0.125708
194350	-0.001379
194400	0.015605
194450	0.039895
194500	-0.028121
194550	0.173303
194600	-0.068559
194650	0.048601
194700	-0.060967
194750	0.118050
194800	0.206161
194850	-0.175526
194900	0.123326
194950	-0.108918
195000	-0.036736
195050	-0.025244
195100	0.161221
195150	-0.054658
195200	0.112203
195250	-0.027096
195300	0.201413
195350	0.192847
195400	0.152959
195450	-0.011968
195500	-0.035195
195550	0.065449
195600	-0.184214
195650	-0.063677
195700	-0.081300
195750	0.096336
195800	0.072268
195850	-0.060451
195900	-0.034767
195950	-0.021360
196000	-0.034494
196050	-0.009957
196100	0.183983
196150	-0.037570
196200	-0.038854
196250	-0.043537
196300	0.057689
196350	0.108636
196400	0.081078
196450	-0.087269
196500	0.031275
196550	-0.121619
196600	0.008342
196650	-0.036727
196700	0.128612
196750	0.052628
196800	0.233481
196850	-0.024444
196900	0.016429
196950	0.000331
197000	0.171152
197050	-0.117012
197100	-0.051929
197150	-0.047677
197200	0.009780
197250	0.047939
197300	-0.199549
197350	-0.136997
197400	0.188310
197450	0.171127
197500	0.080424
197550	0.178380
197600	0.093496
197650	0.267191
197700	0.176535
197750	0.201860
197800	0.039780
197850	0.220427
197900	0.125669
197950	0.005546
198000	0.055326
198050	-0.004365
198100	-0.003479
198150	-0.007626
198200	0.280267
198250	0.155751
198300	-0.094531
198350	-0.145397
198400	-0.003877
198450	-0.043805
198500	0.123295
198550	-0.155969
198600	0.166795
198650	-0.004861
198700	0.115185
198750	0.003328
198800	0.078338
198850	-0.077931
198900	-0.036691
198950	-0.031796
199000	0.119722
199050	0.057517
199100	-0.096303
199150	-0.149415
199200	-0.220691
199250	-0.306255
199300	-0.093925
199350	-0.206984
199400	-0.041748
199450	0.045215
199500	-0.142234
199550	-0.161212
199600	-0.010332
199650	0.186566
199700	-0.109508
199750	-0.092495
199800	0.028292
199850	0.040065
199900	-0.090918
199950	-0.047343
