3.182438
0.803670
0.644921
0.357373
0.358800
0.279533
0.201818
0.270043
0.181794
0.188913
0.134144
0.138311
0.200745
0.107089
0.141362
0.169852
0.081644
0.129821
0.123092
0.033733
0.043009
0.069659
0.056371
0.185546
0.079909
0.070825
0.139273
0.064509
0.127336
0.115382
-0.040814
0.086220
0.090929
0.042684
0.119377
0.040422
0.087866
-0.023818
0.075625
0.067054
0.030374
0.013136
-0.054768
0.052410
0.003786
-0.018815
0.014559
0.051861
0.100985
0.082424
0.044066
-0.042891
0.076681
0.057863
0.058092
0.081380
0.095284
-0.012268
0.021446
-0.006140
0.039843
0.073699
0.083392
0.154559
0.102455
0.037039
0.032379
0.106688
0.019889
-0.082297
0.037150
0.068261
0.006141
0.100209
0.124283
0.103274
0.067406
-0.027254
0.069446
0.029388
0.032505
0.049055
0.034158
0.012577
0.034406
0.052335
-0.018490
-0.018808
-0.061546
-0.014114
-0.029768
0.003942
0.083230
0.073781
0.076927
0.061303
0.075644
0.040307
-0.025030
0.021869
0.039737
0.031131
-0.029998
0.101362
0.218574
0.105088
0.126860
0.133191
0.081608
0.064667
0.090535
0.093431
-0.006673
0.036537
-0.036253
-0.036194
0.066583
-0.031851
-0.024801
0.067847
0.026784
0.018439
0.016434
-0.011175
-0.001781
0.012922
0.077049
-0.042148
0.025540
-0.012547
-0.010811
0.058778
0.048865
0.085408
0.049276
0.063578
0.026242
0.032896
0.007547
0.025691
0.081564
0.131374
0.007849
0.052214
0.014139
-0.026010
0.079895
0.028008
0.080168
0.080106
0.020951
0.085091
0.043623
0.014558
0.031683
0.100174
0.017186
0.064233
0.008459
0.011438
0.069453
0.032895
0.127688
0.027604
0.001370
0.008599
0.000177
0.048889
-0.034425
0.055576
-0.004916
0.083337
0.031427
-0.043483
0.027373
0.056075
-0.049980
0.018562
0.038889
0.122838
0.089894
0.106618
0.041596
0.043631
0.115662
0.095665
0.086449
0.044922
-0.009371
-0.012255
0.040806
-0.021370
0.041269
0.177742
0.036274
0.027279
0.012056
0.073150
0.016415
0.049463
0.010446
0.061139
0.000277
0.037054
-0.037990
-0.033874
-0.010621
-0.079995
0.003037
-0.044925
-0.019393
0.059556
0.005122
0.024988
0.102050
-0.014212
0.074820
0.124769
-0.012524
0.050549
0.084663
0.069642
-0.004314
-0.032561
0.087356
0.038899
-0.031495
-0.001309
-0.070303
-0.016093
-0.043916
-0.015889
0.059726
0.129213
0.138455
0.113873
0.066525
0.051052
0.027586
0.070102
0.035561
-0.018372
-0.088733
0.005043
0.023333
-0.009961
0.080819
0.099968
0.067412
0.050824
0.125794
0.140110
-0.020795
0.028476
0.030433
0.005523
0.041646
-0.026942
0.090139
0.015182
0.124435
0.130750
0.030012
-0.026495
-0.036970
0.004703
-0.047881
0.002826
0.003707
0.041929
0.062823
0.094550
0.080689
0.105035
0.137923
0.143608
0.066251
0.100047
0.098013
0.072790
-0.022024
0.070069
0.077136
0.031139
0.055210
0.093779
0.008801
-0.031433
0.033841
0.062801
-0.010567
0.114905
0.044890
-0.015865
0.098650
0.038119
0.051810
0.063217
0.091140
0.110343
0.033495
-0.026809
0.065060
-0.008448
-0.004906
-0.013107
-0.069845
-0.086305
-0.069015
-0.013604
-0.013744
0.045268
0.017427
0.018797
0.047201
-0.021375
-0.050785
-0.025369
0.097362
0.024217
-0.001721
-0.047466
-0.021525
0.064000
-0.011711
0.043260
0.032599
0.022292
0.006201
0.014991
0.063628
0.006290
-0.004062
0.053420
0.052918
-0.024537
0.002617
-0.013251
-0.013452
0.057780
0.070982
0.125820
0.076952
0.158203
0.053040
0.001537
0.055967
0.026754
0.072750
0.023527
0.059541
0.056381
0.078635
0.100351
0.053682
0.060328
0.202439
0.051505
0.091746
-0.022513
0.039414
0.063569
-0.027713
0.022458
0.013505
0.004470
0.069688
0.028795
-0.002795
0.175912
-0.015037
-0.015191
0.008302
0.035553
0.024692
-0.029466
0.032790
0.038647
-0.006473
0.001317
-0.016412
0.017618
-0.038685
-0.058181
-0.014858
-0.027960
0.023654
-0.009194
0.105614
0.058672
0.125313
0.140787
0.051650
0.060296
-0.023281
-0.035378
-0.056145
0.017939
-0.038866
0.054061
0.020249
0.007946
0.064977
0.015953
0.037497
0.010082
0.013447
0.014062
0.024764
-0.036937
-0.013779
0.013512
0.014778
-0.011608
-0.028224
-0.045428
-0.099273
-0.021166
-0.004156
0.036355
0.000558
-0.005027
-0.007934
-0.043311
0.085260
0.030320
0.063981
0.048904
-0.025663
0.018950
-0.003615
0.072644
0.073867
0.063348
0.016504
-0.020122
-0.047651
0.019010
0.035854
0.114803
0.035296
0.094193
0.014856
0.013653
-0.002116
-0.036322
0.017174
-0.039048
-0.055679
-0.143192
-0.075088
-0.078537
-0.016269
-0.058552
-0.044218
0.042141
0.065040
0.069547
0.087441
0.139396
0.133840
0.068308
0.053931
-0.028200
0.049496
0.035803
0.057337
0.102317
0.026104
0.026864
-0.088187
-0.002483
0.066759
-0.038432
0.029607
0.037680
-0.008140
0.067354
0.015299
0.067208
0.051620
-0.019022
-0.017198
0.001846
-0.023911
0.008984
-0.022318
-0.071160
0.036897
0.113100
0.056530
0.090251
0.005899
0.008891
-0.011545
0.005312
-0.047145
-0.039131
0.090775
-0.025185
0.056158
0.045018
0.026664
0.004037
-0.078142
0.015554
0.070606
0.003060
0.093735
0.066786
0.002062
-0.034703
0.044694
0.075514
0.003226
0.024431
0.006845
-0.023521
0.045718
0.000584
-0.050450
-0.032417
0.040112
-0.027971
0.021888
0.066969
0.036412
0.106523
-0.037976
-0.073827
0.023101
0.149168
0.063752
0.080581
0.021856
-0.051319
-0.015753
-0.035230
0.103920
0.088808
0.031768
-0.015489
0.007524
0.054422
0.026404
-0.013320
-0.041150
0.026028
-0.034978
-0.010686
0.166477
0.036761
0.009753
0.100470
0.090536
0.042273
-0.016832
0.023724
0.001738
-0.011239
0.090109
0.033210
-0.013015
0.065066
0.083044
-0.022686
0.054843
0.063968
-0.000187
-0.005506
-0.051400
0.032911
-0.055188
-0.102886
-0.046800
-0.033958
-0.023291
0.024201
-0.123047
-0.103162
-0.048191
-0.048833
-0.038181
-0.039503
-0.023278
-0.001062
0.011529
0.062628
0.086271
0.043275
-0.026470
0.066488
0.006200
0.059263
0.018319
0.012197
0.052311
0.018579
0.030827
0.055586
-0.042099
-0.005347
-0.012171
-0.007746
-0.045993
-0.018561
-0.027796
0.011698
0.007250
0.036674
0.068628
0.013619
-0.072009
-0.041659
-0.003492
0.032273
0.016389
0.029510
0.035741
0.015409
0.039563
0.013541
-0.015677
0.009837
-0.036372
0.023896
0.014112
0.079723
0.013557
-0.051091
-0.029686
0.074855
0.003637
0.035851
0.056369
-0.081975
-0.054834
0.041308
0.013605
0.062155
0.047824
-0.008529
0.045776
0.022681
0.043201
0.073943
0.042129
0.095725
0.024279
-0.047117
-0.011740
-0.030716
-0.026999
0.054842
-0.049858
-0.057542
-0.019644
0.015498
-0.068879
-0.028821
0.046682
-0.005684
-0.012896
0.023590
-0.006319
-0.022324
0.067463
-0.021269
-0.017862
-0.014395
0.017195
0.036836
0.065036
0.011458
-0.016332
0.041613
0.034291
0.029183
0.075626
0.074613
0.010331
-0.025694
-0.017449
-0.074564
-0.014388
0.008953
-0.034534
-0.032551
0.060559
0.008819
0.006823
0.046515
0.069845
-0.040444
-0.031373
0.016786
-0.031853
0.014878
0.051884
0.047050
0.002860
0.076998
0.054594
0.041903
0.028259
-0.107652
0.032349
0.000150
0.024216
0.016654
-0.055780
-0.019903
-0.047086
-0.053503
-0.038606
-0.017497
-0.016018
-0.061967
-0.054645
0.008568
0.089347
0.033574
0.020349
-0.053329
-0.055576
0.013919
-0.015407
0.084709
0.064121
0.073313
0.012978
0.043478
0.004690
-0.047037
0.049480
0.029780
-0.011536
0.061521
0.016020
0.102649
0.077782
0.066124
0.131104
0.048012
0.000203
0.073024
0.059381
0.065458
0.019692
0.005453
0.094646
0.023700
-0.009571
0.025822
0.046524
0.023840
-0.031927
0.014938
0.025698
-0.011559
-0.025664
0.094485
0.096664
0.014147
0.043392
-0.026994
-0.048724
-0.025452
-0.076141
0.037638
0.126357
0.008445
0.026162
-0.023889
0.037892
0.028863
-0.030392
0.103148
0.021949
0.011368
-0.044946
-0.021889
0.009354
-0.046256
0.026758
0.098770
-0.027261
0.088706
0.056609
-0.044901
0.050854
0.037939
0.017284
0.015719
0.025349
-0.009519
-0.016557
0.052524
0.026605
0.008876
-0.040047
0.077755
0.103764
0.074326
0.132266
-0.067969
-0.002374
0.044576
0.011375
-0.047562
0.084596
0.048432
-0.000179
0.069225
-0.024849
0.024737
-0.018564
-0.010812
0.017272
0.035929
0.043480
0.009598
-0.059667
0.025227
0.004853
-0.001314
0.083003
-0.028918
0.009422
-0.007630
-0.065262
-0.067881
-0.006667
-0.099202
-0.093130
-0.061959
-0.010522
-0.029904
0.002797
0.045435
0.054713
0.039372
0.040619
0.035167
-0.022173
0.024792
0.023932
-0.001826
0.043063
0.001642
0.027440
-0.027002
-0.036123
0.063961
-0.080480
-0.023041
-0.022349
0.031236
-0.029425
0.019125
-0.020296
-0.033039
0.098286
-0.026999
-0.013420
-0.024420
-0.110549
-0.070207
0.001643
-0.024804
-0.079083
-0.041120
0.016331
-0.058018
0.037124
-0.037352
-0.020073
-0.018249
0.008990
-0.049081
-0.077664
0.009935
-0.013092
-0.038151
0.010470
-0.068027
0.051209
-0.000784
-0.025606
0.015790
-0.055056
-0.039552
0.052655
-0.077736
0.020941
-0.036493
-0.060582
-0.029073
0.020001
-0.003821
0.022950
0.055563
0.005676
-0.024331
0.041821
0.066329
0.031816
0.060500
0.052201
-0.019901
0.019862
0.088830
0.027623
-0.000161
0.005768
0.097741
0.023950
0.010047
0.087208
0.056658
0.024801
0.105855
0.036175
-0.064800
0.003123
-0.035787
-0.001311
-0.045056
-0.026431
0.001011
0.057650
-0.000715
0.031623
0.024450
0.026486
-0.037725
-0.046934
-0.025677
0.004012
-0.043507
0.050568
0.056631
0.071170
0.090015
-0.030387
0.006168
-0.022834
0.059535
0.031046
0.022024
0.017224
0.001737
0.009233
0.034455
0.067572
-0.059568
0.006901
0.055648
0.073048
-0.046105
-0.045833
0.023344
-0.006878
0.093388
0.104585
-0.010933
0.042322
0.059978
0.061264
0.097058
0.075462
-0.035432
0.041619
0.106557
-0.010611
0.064914
0.010551
-0.028366
0.084850
-0.020957
-0.034831
-0.017365
-0.037875
-0.042404
-0.038272
-0.026662
0.027085
0.069858
0.006881
-0.040409
-0.025485
-0.015462
0.001736
0.015512
0.030776
0.037556
0.030414
0.012396
-0.048141
-0.037448
0.041595
-0.013563
0.063715
-0.046258
0.001771
-0.038717
-0.070522
-0.053219
0.008062
-0.087105
-0.054380
-0.059157
-0.025231
0.029000
-0.042230
-0.030088
-0.028833
-0.088183
-0.049600
-0.017670
-0.005303
0.009177
0.032366
0.017972
0.007746
-0.002756
-0.033923
0.015072
0.061156
0.086201
-0.003147
-0.006070
0.009275
0.068092
-0.044872
-0.035909
-0.054122
-0.128044
-0.017828
-0.047581
-0.093366
-0.025670
0.001031
-0.022557
0.011942
-0.004726
0.024150
0.017705
0.006297
0.069598
0.054604
0.067003
0.009226
0.035406
0.031862
0.031190
0.018256
0.061123
0.003006
0.062266
0.004370
0.057658
0.081505
-0.025076
0.020377
-0.037540
-0.029335
0.006139
0.010438
0.005033
0.031232
0.023680
-0.027121
0.004748
0.109613
-0.008478
-0.036428
0.001341
-0.030632
0.033206
0.133203
-0.055782
0.011531
0.024021
-0.082974
0.068682
0.110805
0.059122
0.035249
0.091938
-0.080241
-0.004957
-0.098525
-0.144446
0.021624
-0.003221
-0.018503
0.094888
0.115092
0.053220
0.004426
-0.029498
0.038027
-0.031768
-0.033937
0.016958
0.012689
0.118509
0.066605
0.004133
0.044522
-0.053635
-0.010408
0.044777
-0.103855
-0.010964
0.032624
0.003967
0.023189
0.001115
-0.008184
0.036938
-0.054927
0.049847
0.044617
-0.004348
-0.040543
-0.038099
0.010629
-0.042910
-0.017353
0.038724
-0.038979
0.020831
0.041194
-0.037643
0.010599
-0.007446
-0.070674
0.041668
0.056184
0.015218
-0.055478
-0.099532
-0.015414
-0.073642
0.031782
-0.052927
0.049797
0.090577
0.021728
0.107763
0.000237
-0.009559
0.006371
0.009454
0.017876
0.018736
0.006745
0.052903
0.013246
0.032563
-0.006096
-0.066590
0.025319
-0.057497
0.001648
0.007232
-0.093334
0.042007
-0.034646
-0.118236
0.012210
-0.089793
-0.002948
-0.063464
-0.026022
0.031295
-0.033536
0.071144
0.000187
-0.032003
0.007814
0.020745
-0.004370
-0.001766
0.011352
0.026963
-0.060575
-0.051400
-0.032366
0.051751
0.043746
-0.036067
-0.069756
-0.046012
-0.111304
-0.015382
0.008924
0.064660
-0.105721
-0.033560
0.013004
0.037375
0.103259
-0.002786
-0.012009
0.039413
0.015054
0.036936
0.019764
0.010299
0.016996
-0.000126
-0.077593
-0.035084
-0.073192
-0.033138
0.077743
0.047008
0.077279
0.024726
0.042211
0.023027
-0.092685
-0.062020
-0.054121
-0.008011
-0.059174
-0.064186
-0.021878
-0.035072
0.032682
0.053899
-0.044830
-0.024498
0.004248
0.046812
0.040275
-0.016796
0.017047
0.019202
0.058004
-0.034185
0.007892
-0.046158
-0.060557
-0.056301
-0.054644
-0.011098
-0.058551
0.042539
0.029382
-0.094069
-0.017189
-0.080579
-0.087102
-0.002124
-0.032606
0.049009
0.084255
0.115411
-0.006949
-0.010623
0.010577
-0.074430
0.008003
-0.014858
-0.053335
0.040005
-0.046095
-0.003623
-0.028154
-0.070313
-0.005739
0.090537
0.014885
-0.030219
0.026773
-0.000545
0.005901
0.026735
0.037432
0.077104
0.003601
-0.030926
0.012475
0.055909
-0.055269
0.045531
0.153932
0.030588
0.012326
0.069408
-0.030257
0.048219
0.023144
0.059552
0.006891
-0.075187
-0.006386
0.005667
0.026235
-0.092763
-0.043700
-0.044383
-0.035187
0.057022
-0.029038
-0.002827
-0.047888
-0.029935
-0.091192
-0.007665
-0.027358
-0.027165
-0.105957
-0.091660
-0.004231
-0.111238
0.049661
0.040355
-0.019613
0.048008
-0.065957
-0.065012
0.018703
-0.021296
-0.036888
-0.024624
-0.069697
0.044198
-0.025922
-0.054287
-0.067100
0.025661
-0.022067
0.014006
-0.094297
-0.024717
0.038496
0.007868
0.043512
0.056534
-0.036030
0.052207
-0.016684
-0.026555
-0.066775
-0.059008
-0.020394
-0.031525
-0.090225
-0.106361
-0.047374
-0.085024
-0.030249
-0.003572
-0.058549
0.037280
0.008146
0.025342
0.083257
-0.050522
0.029217
0.078215
0.037733
-0.001168
-0.002226
0.055888
-0.030783
-0.028313
0.040628
-0.022519
-0.051968
-0.012807
-0.005147
0.009016
0.080690
-0.004881
-0.063357
-0.010175
-0.036691
-0.002194
-0.009996
-0.068074
-0.047879
-0.006561
-0.057048
-0.021463
-0.037195
0.064744
0.024068
-0.111166
0.016799
-0.011839
-0.034849
0.019035
-0.014092
-0.002732
-0.025841
-0.088948
-0.030602
-0.043661
0.024138
-0.005484
0.004118
0.017024
0.014609
0.060347
0.077393
0.081909
0.017611
-0.006081
-0.031905
-0.029359
0.020686
-0.017534
0.068098
-0.017936
-0.033665
0.011603
-0.024302
0.062945
0.118352
0.111558
0.076374
0.082906
0.013262
-0.064899
-0.025909
-0.069604
-0.148970
-0.030507
0.004842
-0.078246
-0.024296
0.071133
0.089212
0.123905
0.106824
0.080131
0.016362
-0.031691
-0.025026
-0.061259
-0.022294
-0.094631
-0.011768
0.032539
-0.014756
-0.027990
0.027752
0.010049
0.052783
0.005773
-0.012792
-0.045703
-0.076104
-0.116520
-0.017961
-0.006382
-0.037122
-0.034792
-0.001638
0.045602
-0.006701
-0.049284
0.007225
0.032845
0.013298
0.011605
0.040123
0.021591
0.031269
0.082194
0.033161
-0.002494
0.087696
-0.036930
-0.005594
-0.077418
-0.011280
0.036672
0.017998
0.006035
0.110098
0.057476
0.014255
0.024578
-0.050560
0.055151
0.036329
-0.012266
0.096000
-0.003480
0.063346
0.011804
-0.110608
-0.000817
0.022214
-0.019039
0.097446
0.012715
-0.062503
-0.037751
-0.001858
-0.031320
-0.032792
-0.021369
0.079792
0.099634
-0.022380
-0.022913
0.007814
0.066629
-0.017383
-0.019367
0.048224
-0.016281
-0.074759
-0.028353
-0.050387
-0.008615
-0.061750
-0.040459
0.005744
0.002575
-0.062978
-0.088013
0.030526
0.035789
-0.024283
0.011798
-0.022889
0.052059
0.096784
-0.017679
0.042255
0.080197
0.003650
0.063126
0.004262
0.066827
0.067201
-0.034661
-0.065680
0.008273
0.041219
-0.079435
0.045609
0.114529
0.032390
0.014073
-0.022233
0.066048
0.022320
0.094238
0.134376
0.017826
0.037653
0.035351
0.052443
0.096921
0.010074
0.047924
0.043322
0.066196
0.058865
0.038770
0.032175
-0.009478
0.021423
0.029839
-0.029019
-0.039647
-0.070237
-0.079441
-0.001639
-0.039637
0.041517
0.033341
-0.026527
-0.032917
0.007224
0.005424
0.077640
0.016458
-0.015366
-0.041316
-0.054146
-0.014617
0.045861
0.002006
-0.111228
0.057004
0.044288
0.026045
-0.015754
-0.040534
0.003956
0.004274
0.013493
0.006494
-0.005955
0.047272
0.098844
-0.002817
-0.043186
-0.033971
-0.056190
-0.019481
0.033563
0.090219
0.055033
0.006209
0.074525
0.074407
0.044841
0.029064
-0.079656
0.044115
-0.051301
-0.071339
0.008767
-0.042442
0.003746
0.014214
-0.036464
0.000686
-0.034871
-0.074719
0.048486
0.040631
-0.016511
0.011138
0.017655
-0.022958
0.099739
0.042053
0.028653
0.052566
0.028008
-0.000244
0.036772
0.016088
-0.064484
-0.025396
-0.015424
-0.008440
0.001551
0.020510
0.051603
0.058688
0.022497
-0.000970
0.035830
0.002780
0.082011
0.034362
0.018346
-0.070763
-0.083901
0.001085
0.037934
-0.017922
-0.037771
0.085344
-0.015392
-0.049349
-0.044529
0.014531
-0.026299
-0.018240
0.124692
0.022389
0.031708
-0.004617
0.072992
0.019535
-0.009263
0.007487
0.004777
0.023774
-0.010555
-0.068135
-0.025158
-0.043874
-0.019170
0.037176
-0.022589
-0.151861
-0.067562
-0.021746
0.033465
0.035622
-0.106651
-0.073798
-0.004219
-0.132002
-0.069493
-0.022737
0.001463
-0.057027
-0.103243
-0.025377
-0.037550
-0.052614
-0.056451
0.020295
0.018087
0.043083
-0.028527
0.007786
0.031275
-0.041728
0.091309
0.064777
-0.019900
-0.057266
-0.013755
-0.070757
-0.000510
-0.012010
-0.026195
0.011344
-0.017302
0.065876
0.025605
-0.056417
-0.071031
-0.019917
0.021279
0.026968
0.074895
0.075825
0.026816
0.052857
-0.007758
-0.031767
-0.019093
0.056905
0.013521
0.034713
-0.025583
0.039117
0.076923
0.089004
0.053643
0.054517
0.044671
-0.002364
0.037488
0.100604
0.021284
0.024670
-0.018685
-0.045640
0.000406
-0.026150
-0.035275
0.011579
-0.005089
0.041755
0.004024
0.057773
0.071669
-0.047192
-0.026433
-0.014236
-0.004006
0.046358
-0.025028
-0.014951
-0.007601
-0.046323
0.039835
0.017229
0.025147
-0.004104
-0.053565
-0.004331
0.071518
-0.022929
-0.028389
0.067171
0.074547
0.130851
0.106317
0.017635
-0.003862
-0.002570
0.003141
0.021004
-0.000798
-0.011309
-0.006438
0.052353
0.043013
-0.002468
0.020900
0.003087
-0.028649
-0.042566
-0.060474
0.017375
0.053363
-0.018647
0.045563
0.054755
0.025342
0.046882
-0.077341
-0.008986
-0.039797
-0.028472
0.022076
-0.022036
0.025731
0.052857
0.001122
-0.039697
-0.023203
0.087967
-0.061005
-0.059305
0.005287
-0.056349
-0.043900
-0.032302
0.026564
0.011047
-0.062657
-0.008177
0.012745
0.009734
0.046176
0.001479
0.019222
0.037929
0.087237
0.059281
0.099490
0.120484
-0.043801
0.036483
0.080257
0.101559
0.105392
-0.060014
-0.000907
0.000782
-0.005942
0.039025
0.095779
0.063266
0.046993
0.013663
0.012446
-0.006293
0.090273
0.079935
-0.026509
0.052866
0.052961
0.070714
-0.009977
-0.009161
0.115582
0.035267
0.021910
-0.055068
0.015799
-0.049262
-0.024057
0.010899
-0.070021
-0.039156
0.047435
0.057300
-0.087265
-0.013598
-0.017645
0.061089
0.053137
0.087361
0.050816
0.035737
-0.018071
0.048332
0.034591
-0.022748
0.030693
0.029338
-0.023369
0.049315
0.040234
-0.016546
-0.072403
-0.012184
0.029200
-0.093509
0.032674
0.019845
-0.029563
-0.014859
0.000650
0.004160
-0.008629
-0.059024
0.082083
-0.027167
0.042042
0.045488
0.011932
-0.039379
0.019166
-0.027659
-0.028858
0.112464
0.094363
0.100400
0.106130
0.046576
-0.010420
0.035081
0.032957
0.008639
0.039163
0.025837
-0.000983
0.032469
0.041918
0.017018
0.018178
-0.070433
-0.041643
0.036696
0.017822
0.017551
0.065303
-0.000131
-0.012115
-0.005770
0.011402
-0.033088
-0.033819
0.041201
0.109283
0.047990
0.082078
0.016941
-0.009882
0.000888
0.000560
0.004998
0.044411
0.065800
0.007123
0.105572
0.075609
-0.060209
0.041559
0.088892
-0.030468
0.032222
0.039829
-0.035275
-0.026242
0.015862
-0.026567
-0.042568
-0.085245
0.032022
0.065066
-0.006865
-0.118512
-0.082340
0.011365
0.052211
0.070352
0.087434
0.080127
0.017509
0.003857
0.056486
0.019949
0.055438
0.005287
0.019719
-0.052829
0.059196
0.094247
-0.026398
0.128612
0.010398
0.004825
0.094680
-0.030581
0.032458
-0.042062
0.009762
0.032668
0.034939
0.053944
0.020638
0.061937
-0.022447
0.001122
0.001648
0.035020
0.025350
-0.030955
0.043364
-0.133528
-0.034562
0.010818
0.008919
-0.120358
-0.075788
0.035974
-0.058552
-0.022104
-0.050643
-0.064681
0.057824
-0.013506
0.137313
0.091791
0.038255
0.020811
0.046129
-0.021042
-0.088862
-0.019321
0.061515
0.044771
0.023781
0.014196
0.013624
0.021991
-0.010769
0.076546
0.058330
0.034133
-0.081633
-0.078768
-0.031476
0.026843
0.024567
0.022755
0.034418
-0.005811
-0.050552
-0.092164
-0.020671
-0.045215
-0.002930
0.024158
-0.010301
0.053672
0.004368
-0.039260
0.024047
0.022104
0.076490
-0.017203
-0.061803
-0.015537
0.013972
0.028375
0.004670
-0.042484
0.038596
-0.027405
-0.031390
-0.056678
-0.031028
-0.049591
-0.027220
-0.004648
0.052279
0.067655
0.144168
-0.008701
-0.037204
0.007181
-0.007701
0.012277
-0.039268
0.005605
-0.011352
-0.063112
0.052171
0.029613
0.013836
-0.009561
-0.057742
-0.023412
-0.029704
-0.015302
0.067740
-0.007752
-0.065824
-0.040720
0.031006
0.060068
0.037500
0.018727
-0.016816
-0.048827
-0.069083
-0.058177
0.015495
0.043001
-0.006570
0.034368
-0.005351
-0.108255
-0.013171
-0.007183
0.006640
-0.024914
-0.003059
-0.024330
-0.032394
0.009958
0.006389
0.027520
-0.013303
0.023117
0.056657
0.031129
0.003353
0.005910
0.032332
-0.008790
-0.043036
-0.030440
-0.032148
-0.045608
-0.042027
-0.062720
-0.055435
-0.061275
-0.058959
-0.013311
-0.053430
0.110995
0.059118
0.065386
0.059668
0.079173
0.049477
0.070960
0.099688
0.078562
0.016776
0.004614
0.075369
0.076712
0.019167
0.074997
0.035528
0.042291
0.056209
-0.011592
0.027631
-0.092383
0.038656
0.094107
0.128373
0.002718
-0.022810
0.027334
-0.010988
-0.041121
0.101643
0.041054
0.048419
0.030458
-0.035418
0.084988
0.015513
0.006578
-0.038495
-0.106448
-0.026682
-0.002903
0.027381
-0.062693
0.001131
-0.034382
-0.072336
0.062795
0.046961
0.099102
0.113693
0.034248
0.029579
0.052798
0.040511
-0.001179
0.046681
0.012200
0.045557
0.075668
0.026873
-0.031834
-0.055498
0.000771
0.037410
0.028946
0.006975
-0.004340
0.003549
0.018061
0.006267
0.032112
0.046767
0.007365
0.080578
0.049657
0.003763
0.103242
0.043799
0.060213
0.069796
0.040147
0.023486
-0.020358
-0.045743
0.001178
-0.014742
-0.107178
-0.004863
0.023831
-0.070665
0.007027
-0.033865
-0.064086
0.013532
0.087421
0.112210
0.029239
0.009631
0.035828
0.040013
-0.065467
-0.018894
0.009470
-0.120297
-0.054217
-0.052906
0.064933
0.012558
-0.016719
-0.000297
-0.068279
0.021090
-0.099017
0.033664
-0.015591
-0.082680
-0.028378
-0.075455
-0.026150
-0.107665
-0.001381
0.052869
-0.035070
0.050462
0.063267
0.070894
0.026856
0.022167
0.058383
-0.004005
-0.040767
0.029995
-0.035684
-0.005029
0.053502
0.014776
-0.005797
0.014959
0.001415
0.030335
-0.113333
-0.088897
0.052424
-0.116528
-0.028717
0.038022
-0.029523
-0.053775
-0.058058
-0.014867
-0.040053
-0.040459
0.000344
0.018156
0.026397
0.006624
-0.009790
-0.027794
0.013406
-0.024753
0.003662
-0.050091
-0.078595
0.037334
0.018151
-0.058524
-0.016059
-0.076172
-0.037222
0.022481
-0.022939
-0.085966
0.078620
-0.025239
-0.049919
-0.009136
-0.001489
0.036945
0.040353
-0.004069
-0.018186
0.093247
-0.000933
-0.052967
0.043080
0.024780
-0.014229
0.033950
-0.057925
0.027065
0.013831
-0.009790
0.022609
0.056020
-0.015930
-0.045102
-0.039721
-0.067858
-0.002999
0.007885
0.049071
0.051379
0.002939
0.048778
0.058822
-0.091525
-0.004192
0.013192
-0.011001
0.043541
0.034383
0.002504
-0.015468
-0.104792
-0.016026
-0.077837
-0.077094
-0.005935
-0.064391
0.024428
0.027109
-0.037103
-0.036804
0.017204
-0.086835
0.032775
0.037469
-0.134863
-0.010715
-0.034097
-0.090879
-0.079598
0.057649
-0.023231
-0.089163
0.008787
-0.096279
-0.049365
-0.013930
-0.069596
-0.049177
0.037843
-0.024183
0.001782
0.030197
0.055515
0.011443
-0.054237
0.000081
-0.014154
-0.008413
-0.063326
0.058545
0.025443
0.047512
0.095885
-0.026409
-0.037247
-0.093203
-0.051299
0.032286
0.000147
0.046403
0.019956
0.052151
0.021841
0.038755
0.024743
0.007474
0.029253
0.025649
0.058048
-0.021877
0.001961
0.047124
0.012095
0.065726
0.006831
0.055070
0.070247
0.072614
0.032088
0.060493
0.064308
0.023295
0.020583
0.008805
0.005057
-0.003253
0.108217
0.001818
0.014090
0.035251
-0.005586
0.082100
0.080010
0.051165
-0.031733
-0.115422
-0.013693
0.023018
-0.030148
0.044637
0.001995
-0.078668
0.011916
0.033474
-0.020252
-0.017618
0.003772
0.107356
0.011823
0.019615
0.051945
-0.045934
0.053322
0.001450
-0.009472
0.012498
0.036753
-0.064049
-0.003748
0.021996
0.008244
0.006699
0.007233
0.035714
-0.001429
-0.047405
0.045564
0.146012
0.042373
0.054553
0.060671
0.037891
-0.003727
0.042202
0.075812
0.062507
-0.047432
-0.021000
-0.027128
-0.061875
-0.021573
0.036309
0.022070
-0.043777
-0.038440
0.019632
-0.031512
0.056860
-0.032113
-0.039365
0.028835
0.035742
-0.046640
-0.022440
0.007318
-0.004348
-0.032963
-0.028107
0.021448
-0.014726
0.068745
0.078585
-0.072521
0.028395
0.025361
-0.074931
-0.000216
0.035630
0.005274
-0.038758
0.101890
-0.019721
-0.028250
0.026054
-0.009400
0.053182
-0.037520
0.027399
0.054720
0.027403
0.106342
-0.007841
0.011212
-0.025639
-0.053242
-0.014562
0.072957
0.049221
-0.045184
0.041115
-0.068051
0.043092
0.064259
0.064449
0.046244
-0.038166
-0.042255
-0.059856
-0.088043
-0.116739
0.004056
-0.050516
-0.011352
0.051373
0.030827
-0.055369
0.075656
-0.068878
0.035824
0.072689
0.007605
0.090485
0.009249
0.086434
0.045261
0.002059
-0.053548
0.002232
-0.014747
0.058209
-0.079527
0.018713
0.082540
-0.037185
0.034111
0.054081
-0.018055
0.023489
-0.037383
0.022045
0.056968
0.004058
0.037851
0.045099
0.004402
-0.012007
0.025380
0.065871
-0.003966
0.120315
-0.033480
-0.029975
0.074299
0.007716
0.027982
0.046523
-0.016632
-0.055659
-0.146418
-0.054901
0.016506
0.000856
0.033576
0.038107
-0.009784
0.059733
-0.051708
-0.040949
0.032367
-0.105915
-0.081538
-0.006497
0.036890
0.011846
0.036099
-0.005429
-0.047377
0.002119
0.000468
0.012518
0.144112
0.030390
0.043268
0.050021
-0.069470
0.011522
-0.001993
0.009213
-0.000428
-0.114940
-0.007957
-0.004452
-0.066123
-0.055172
0.082052
-0.012727
0.007439
-0.024181
0.049534
0.048597
-0.026183
0.150218
-0.001673
0.021295
0.024571
-0.094368
-0.036174
0.052458
0.052390
0.098168
0.008379
-0.027211
0.048360
-0.004332
-0.003546
0.013486
-0.012544
0.006707
-0.077642
0.043224
0.102161
0.110987
-0.025892
0.042877
-0.029649
0.050894
0.011866
0.091516
0.072922
0.058646
0.029190
-0.068193
0.036813
-0.044912
-0.015335
-0.026953
-0.039220
0.048194
-0.015597
0.014146
0.057049
0.092625
-0.030773
0.022358
0.024104
0.005490
0.080875
0.057050
0.110540
0.036861
0.000364
0.049547
-0.000354
0.029106
-0.034878
0.008775
0.017892
0.007218
0.050725
-0.002960
0.011907
-0.039323
-0.023860
0.033318
0.041388
-0.038252
0.038275
-0.009634
-0.014401
-0.035250
0.059118
0.027805
-0.005028
0.041943
-0.013806
0.048670
0.042213
0.084054
0.056677
-0.077053
-0.021059
0.078693
0.054782
0.045761
0.061797
0.054379
0.017055
0.005031
0.020951
-0.075218
-0.052572
-0.063735
-0.116878
-0.047553
0.006160
0.021861
-0.022805
0.031545
0.086582
-0.015668
0.046187
0.096178
-0.052555
-0.021187
-0.097904
-0.085642
-0.051174
0.011285
-0.038454
-0.093466
-0.045149
0.025710
-0.062109
-0.122999
0.014232
0.031836
-0.030639
-0.091734
-0.010598
0.061435
0.073874
0.031187
-0.018839
-0.070311
-0.043148
-0.042139
-0.027145
0.055383
0.009744
-0.037332
-0.002996
-0.029363
0.030192
0.000380
-0.017561
-0.038340
0.029827
0.005488
-0.022329
0.015859
-0.033310
-0.109880
0.026053
0.120524
0.080165
-0.049172
-0.098010
-0.041022
-0.013240
-0.084480
-0.110605
-0.043623
-0.087514
0.000118
-0.009585
0.009291
-0.023660
-0.113024
-0.002676
-0.012442
-0.147921
0.015572
0.031129
-0.083330
-0.050976
-0.039104
-0.029575
0.057612
-0.013427
-0.100790
-0.139092
-0.104691
-0.080445
-0.011013
-0.000819
0.000685
0.005752
0.000002
0.029455
0.042948
0.035785
-0.021221
-0.001606
0.025698
-0.061421
0.019052
0.113052
0.036684
0.017824
-0.024407
0.031691
-0.021141
-0.024708
-0.001943
0.043660
-0.016439
0.015013
0.036500
-0.015419
-0.017927
0.019267
-0.037352
0.023473
0.015436
-0.071481
-0.067152
-0.140989
-0.054805
-0.016366
-0.045459
0.061589
0.009372
-0.075910
0.012587
-0.084242
-0.043081
-0.055943
-0.050869
-0.053565
-0.034141
-0.019698
-0.076446
-0.016658
0.020701
-0.023425
-0.026371
0.001252
-0.068252
-0.059861
-0.004467
-0.039438
-0.107907
0.126217
0.056666
0.043740
0.078673
-0.034750
0.024160
-0.042298
-0.035956
-0.086470
-0.073237
0.122917
-0.044292
0.020140
-0.015188
0.028039
0.031041
-0.044511
-0.026145
0.037443
0.040069
0.057349
0.033004
0.069406
0.015182
-0.013988
0.016538
-0.023903
0.005326
-0.067140
-0.033220
0.018605
-0.017987
0.122664
-0.001069
0.015388
0.023803
-0.025745
0.020257
-0.002032
0.089169
0.041943
0.071236
0.075772
-0.053529
0.027607
0.051171
0.015142
-0.004663
-0.047578
0.015888
0.083249
0.049347
-0.009268
-0.023073
0.014633
0.017040
0.010455
0.028332
0.007724
0.047715
0.042235
0.072619
0.123802
0.083806
0.053783
-0.031017
-0.023736
-0.038786
-0.106863
-0.010348
-0.010860
-0.004551
-0.103886
-0.027875
0.052929
-0.002307
0.051056
0.035026
0.058419
-0.041096
0.018235
0.081958
-0.002050
0.059411
0.012202
0.010397
0.088206
-0.017598
-0.051132
-0.027661
0.044925
0.117637
0.005043
0.062734
0.025184
0.025974
-0.066079
0.004076
0.109263
0.071840
0.106785
0.024597
0.019877
-0.036111
-0.034012
-0.021035
-0.078600
-0.048000
0.017184
-0.069617
-0.072503
-0.025695
-0.119438
-0.041951
-0.093160
-0.133594
0.005339
-0.017491
0.023862
0.010446
-0.035394
0.120990
0.025384
0.021251
0.046518
-0.027306
0.018523
0.033052
-0.011280
-0.034237
0.074895
-0.066374
-0.000344
0.089695
0.008629
-0.010070
0.020500
-0.001479
-0.006500
-0.079582
-0.007885
0.025603
-0.004604
0.006300
0.009797
0.062567
0.056090
0.021160
0.012592
0.027111
0.124730
0.032790
0.082606
0.044494
-0.050412
-0.008136
-0.051567
-0.052644
-0.012292
-0.042794
-0.034692
0.008072
0.077830
-0.037644
0.030023
0.080883
-0.033612
0.005473
0.049550
-0.040121
0.016390
0.079950
0.025040
0.014242
0.067524
0.121583
-0.003854
-0.017726
0.017841
-0.033368
0.015197
-0.014478
-0.011687
0.047257
0.025040
0.012316
0.000309
0.003053
0.060838
0.115231
0.056441
0.051220
0.020440
-0.063818
0.024730
0.073371
-0.098981
0.006684
-0.004494
0.026828
0.041674
-0.005977
0.045501
0.063322
0.055375
0.003312
0.029841
0.041011
-0.020793
0.024807
0.040376
-0.036792
-0.116683
0.012684
-0.001344
0.048264
-0.072992
-0.058795
0.028119
0.003021
-0.085594
-0.039427
-0.022828
-0.075173
-0.011252
0.027271
-0.032597
-0.014256
-0.045141
0.029345
-0.082406
-0.063888
-0.001376
-0.100352
-0.015382
-0.026455
0.020800
-0.093226
-0.013088
0.000790
-0.051580
-0.017769
-0.084204
-0.049607
-0.066537
0.030132
-0.042596
-0.001910
-0.055221
-0.041060
0.026987
-0.027601
-0.059316
-0.049833
-0.051691
-0.013110
-0.000284
0.015630
0.037189
-0.037163
0.011581
-0.086177
-0.084162
0.032146
-0.079116
-0.085031
-0.014541
0.033673
0.103546
0.103322
-0.003346
-0.027401
-0.002143
0.007035
-0.048877
-0.034140
-0.066027
-0.030909
-0.041116
-0.040660
0.069648
-0.035161
-0.041332
0.003802
-0.048059
-0.110480
-0.094238
-0.092733
-0.012972
-0.015116
0.065181
-0.019180
0.004347
0.003445
-0.094384
-0.066887
-0.021253
-0.098707
-0.052341
-0.041193
-0.069855
-0.001506
0.088536
0.057447
0.055366
0.059773
0.134966
0.020591
-0.012166
0.006274
0.054232
-0.004075
-0.014133
0.059761
-0.026176
-0.064888
-0.008486
0.047628
-0.058899
-0.040644
-0.047094
0.007509
0.052433
-0.013878
-0.034505
0.002041
-0.065364
-0.085631
-0.033371
0.028015
-0.012471
0.029978
0.008254
-0.016103
0.030377
0.051437
0.119380
0.066630
0.052634
0.000414
-0.088068
-0.017357
-0.008276
-0.002757
0.044610
-0.022667
-0.086462
-0.041125
0.002928
-0.085025
-0.084341
0.081366
0.060957
0.011636
0.045390
0.012041
-0.028846
-0.106353
0.059667
0.030077
-0.002868
0.063284
0.082581
0.026438
0.071455
0.050603
0.078751
0.141800
0.002608
-0.017018
-0.010407
-0.036533
-0.004260
-0.036916
-0.033772
-0.017385
0.157669
0.062124
0.061904
0.072153
-0.023729
0.031909
-0.031047
0.003503
0.042174
-0.047396
0.037097
0.039119
-0.009341
0.003755
-0.000071
-0.026532
0.032506
-0.014724
-0.002940
0.030915
0.001080
-0.051792
-0.036678
-0.015679
-0.007164
0.057731
0.072860
0.034597
-0.044488
0.089901
0.072810
-0.022400
0.029658
-0.011477
0.052825
0.078252
0.099086
0.119384
0.042590
0.065887
-0.052359
-0.006568
0.067898
-0.041591
-0.009927
0.029400
0.046321
0.052544
0.010079
0.098328
0.074518
0.121976
0.043182
-0.018490
0.035041
-0.091484
-0.042766
-0.035727
-0.021564
-0.033444
-0.022193
0.026505
-0.048927
0.012035
-0.036256
0.001023
-0.024229
0.014063
0.110873
-0.047276
-0.076162
-0.004217
0.049455
0.044872
0.039863
-0.008696
0.105786
0.015661
-0.043702
-0.040696
-0.023098
0.059043
0.092594
-0.028515
-0.032145
-0.026020
-0.094315
-0.077002
-0.082877
0.089415
-0.003162
-0.049249
-0.012657
0.049238
-0.046406
0.045347
0.083225
0.068950
0.057746
-0.001451
-0.025406
-0.001743
0.076557
0.018098
-0.023815
0.018531
-0.002692
0.007451
-0.124407
0.051001
0.068939
-0.041827
0.037588
-0.055622
0.067314
0.041271
-0.027588
-0.046498
-0.114856
-0.048950
-0.071233
0.025307
0.028561
0.037992
0.020193
0.023127
0.010508
-0.078026
-0.034261
0.064160
-0.033987
0.062424
0.072290
0.027316
0.040049
0.017939
-0.028477
-0.096131
-0.129611
-0.045281
-0.033705
-0.003816
-0.072619
-0.060283
0.024261
0.044770
-0.019686
-0.037757
-0.060988
-0.021320
-0.082440
-0.023791
0.009240
-0.030441
-0.055108
0.044366
0.010459
-0.068945
-0.011452
0.002838
0.003907
0.094600
0.009992
0.041983
-0.016695
0.023903
-0.008041
-0.022111
-0.004102
-0.034704
0.059862
0.039388
-0.005513
0.005928
-0.019372
0.052023
-0.045081
-0.068664
0.029525
0.037153
0.048407
0.001306
0.020878
0.067481
0.062539
0.064249
0.112850
0.029703
0.018938
-0.070530
0.044835
0.012601
-0.082061
-0.055850
-0.049073
0.058689
-0.042698
0.030700
0.050245
0.042455
-0.006309
-0.000715
-0.033407
-0.042076
0.059080
-0.014656
0.046726
0.044499
-0.086518
0.011637
0.049235
-0.004707
0.099756
0.016051
-0.004980
-0.006356
0.016540
-0.057031
-0.057744
0.058564
0.069157
0.055324
0.025362
0.054272
0.045835
-0.013261
0.010684
-0.043233
0.037533
0.058921
-0.005027
0.001703
-0.018098
-0.027280
0.054202
-0.044319
-0.057222
-0.027845
-0.010461
0.017815
0.047078
0.004677
0.002654
0.058318
-0.040566
0.054646
0.023979
-0.167434
-0.056907
-0.115047
-0.108879
0.061547
0.046510
0.045302
-0.002945
0.014424
0.006088
0.020505
0.032371
0.037032
0.025844
-0.036159
-0.054742
0.051399
0.035698
-0.131580
-0.000727
0.053220
-0.010264
-0.005863
-0.104031
-0.049537
-0.016127
-0.082688
-0.061710
0.016937
0.095615
0.061945
0.095030
0.028249
-0.000360
0.049348
0.054683
-0.017783
0.012760
0.059449
-0.097451
-0.036693
0.052235
0.021500
0.103500
-0.013411
-0.010369
0.052491
0.029724
0.058969
-0.039387
-0.054265
-0.005541
0.003018
0.005023
-0.087948
0.014806
0.016145
0.006787
-0.024309
-0.030290
-0.055680
-0.059726
-0.134897
-0.027934
0.086453
0.082349
-0.009047
0.019629
0.075418
0.071647
0.010579
0.058208
0.055117
0.000082
-0.093613
-0.023928
0.060533
0.033405
-0.038360
0.114576
0.036832
-0.069350
0.073497
0.014203
0.051971
0.022354
0.020110
0.028526
0.024681
-0.082080
-0.068446
-0.031356
-0.052884
-0.033163
0.089925
0.000714
-0.022494
-0.043423
-0.117644
0.028412
0.014515
0.024142
-0.054321
0.051592
-0.020716
-0.078371
0.007493
-0.021143
-0.040504
-0.003418
0.057690
-0.028107
-0.016304
0.050463
0.028178
-0.101419
-0.036012
-0.097746
-0.069984
-0.035359
-0.082371
-0.089837
-0.042628
-0.013965
0.007982
-0.030981
0.030345
-0.022032
0.016406
-0.022688
-0.043177
0.150846
0.050664
0.034831
0.049179
-0.002581
0.066598
0.056451
0.028111
0.067216
0.069013
0.070478
0.109067
0.115603
0.016255
0.092120
0.061737
-0.004543
-0.025802
0.041352
0.054433
-0.002567
0.074625
0.023554
-0.074426
-0.057228
-0.042106
-0.093380
0.025423
0.004803
0.045349
0.040581
0.055063
-0.008573
-0.012474
-0.022874
0.092973
0.109250
0.037689
0.048989
0.008434
0.097701
0.033147
0.023268
-0.000371
0.036083
0.038236
-0.031733
-0.008482
0.067540
-0.009982
0.045966
0.008279
-0.056612
-0.032003
-0.019682
-0.014342
0.075479
0.059462
0.039056
-0.020466
0.033362
0.019098
-0.075382
0.001090
-0.023014
0.017390
0.113052
0.023854
0.091225
0.079347
0.100790
0.116744
0.061977
0.085857
0.008055
0.012490
-0.020486
0.015478
0.099511
-0.020503
-0.063835
-0.018799
0.011282
0.069787
-0.016813
0.074616
0.059761
-0.040597
-0.010514
0.021769
-0.052997
-0.022241
-0.054360
-0.058451
0.027507
-0.040445
0.012357
-0.092504
-0.049458
-0.107386
-0.077462
0.008748
-0.056264
-0.066762
-0.036014
0.077071
0.087517
0.059156
0.013914
-0.022200
0.007302
0.035064
-0.041695
0.015297
0.053714
0.037355
0.014519
0.019825
-0.001234
0.030801
-0.021395
0.056395
0.016124
0.052081
0.065787
-0.029872
0.011744
-0.015695
0.013434
0.042219
0.028555
0.041641
-0.055292
-0.007953
0.006351
-0.029451
-0.075171
-0.017976
-0.023713
-0.019467
0.045617
-0.018071
-0.027178
0.046840
-0.009515
-0.038252
-0.020967
0.048113
-0.025197
0.090834
0.018965
0.041646
0.026481
0.025723
-0.030657
-0.041912
-0.059993
-0.022784
-0.023161
-0.079268
0.006293
0.000329
-0.011248
0.034520
-0.010525
0.042820
-0.006757
0.028034
0.038851
-0.021171
-0.002832
0.074489
0.064991
0.096661
0.046263
0.035523
0.073818
-0.011782
-0.024977
0.020709
-0.007600
-0.093037
-0.077559
-0.119266
-0.011770
0.035815
-0.075605
-0.002668
0.002052
-0.062556
0.056764
-0.090585
-0.021560
0.045657
-0.002515
0.013063
-0.008928
0.019364
-0.004313
0.003043
-0.013474
0.060291
-0.050733
0.053322
0.006028
-0.073589
-0.033431
0.002444
0.011257
0.007409
-0.040866
-0.012649
0.045063
-0.026131
0.098009
-0.051189
0.001419
-0.000186
-0.057482
0.054967
0.051047
0.046097
0.017451
0.006174
-0.008088
0.014686
-0.034681
0.015191
0.001077
0.002090
0.042635
0.022887
-0.015515
0.058442
0.029685
0.015123
0.036887
-0.016596
0.005032
-0.045639
0.119249
0.018100
0.014838
0.082681
0.074881
0.017024
0.002357
0.081028
0.013445
0.016670
0.024848
0.063092
0.076369
0.122568
0.093342
-0.056433
-0.016036
0.013013
-0.066725
-0.033305
0.054343
0.031261
0.039484
-0.077366
0.073121
-0.004494
-0.027036
0.071463
-0.026153
-0.041748
-0.022544
-0.124878
-0.030023
0.025471
-0.003593
-0.043870
-0.010246
-0.066894
0.047924
0.038131
0.052564
-0.034004
0.038163
0.047464
0.002859
0.063150
0.037274
-0.007934
0.017786
0.035027
-0.044330
-0.020926
0.026382
0.077794
0.052023
0.011571
0.077537
0.000160
-0.001540
0.019049
0.001958
0.045157
0.047616
-0.058758
0.050784
0.104113
-0.068858
-0.000720
-0.030197
-0.044146
-0.028713
0.023521
0.047698
-0.106292
-0.092310
0.006568
-0.029602
-0.012810
0.020964
0.030114
-0.004043
0.049650
0.057943
-0.006150
-0.000472
-0.061061
-0.066812
-0.069586
-0.086195
-0.087978
0.028595
0.075817
0.011151
0.009064
0.082811
0.071411
0.021089
-0.084534
-0.012701
0.043241
0.082114
0.087825
0.077932
0.023852
0.036717
0.043343
-0.124290
0.035840
0.016092
-0.024700
0.014636
-0.011415
0.072127
-0.001244
0.007628
-0.013605
-0.012550
-0.066082
-0.095145
0.004368
-0.014787
0.054083
-0.001152
-0.043152
-0.031552
0.002973
-0.003071
-0.062609
-0.018472
-0.031245
0.017323
-0.039621
-0.044521
-0.067025
-0.006651
0.057325
0.018300
-0.034719
-0.012896
-0.023937
0.010802
0.023324
-0.021782
0.091587
0.049288
0.059427
0.032266
-0.000050
0.052000
-0.032813
0.010783
0.009753
-0.028761
-0.093061
-0.078934
0.010060
-0.048305
-0.131841
-0.045487
-0.037994
-0.059592
-0.023180
0.061557
0.020875
0.000128
0.029731
-0.004208
0.022450
0.013818
0.047923
0.099662
0.008902
0.003468
0.062428
-0.000016
0.090579
0.045933
0.006431
-0.064039
0.019911
0.017200
-0.033551
-0.087518
-0.091068
-0.030646
-0.162581
0.013023
-0.022070
-0.030099
-0.054843
-0.007739
0.068638
0.019081
0.000941
0.037613
0.026555
-0.034951
0.026420
0.014554
0.070016
0.011954
0.004815
0.077995
-0.010699
-0.084203
0.031333
0.098807
0.058824
0.014232
0.078468
0.102798
0.025306
0.063238
0.059619
0.013867
-0.067270
0.018960
0.013005
0.012424
-0.030101
-0.047494
0.052630
-0.027859
0.100474
0.015597
-0.014275
0.023265
-0.079490
0.023223
0.083287
0.028524
0.047109
0.103182
0.044908
0.034890
-0.061919
0.019087
0.025549
0.004927
0.002043
0.028940
-0.011215
-0.053426
-0.016959
-0.004997
0.022146
-0.018354
-0.005035
0.037650
-0.006761
0.067526
0.025108
0.012289
0.012881
0.016361
-0.031592
0.040115
0.096559
0.043039
-0.037837
0.039922
0.050107
-0.050175
-0.008063
0.012518
0.017324
-0.036521
-0.027322
-0.003219
-0.050759
-0.041621
0.070385
0.024032
-0.015637
0.021238
-0.061709
0.017949
0.050700
0.041804
0.013365
-0.032057
-0.027706
0.025371
-0.001384
0.116656
0.083856
0.009277
0.076624
0.044998
-0.034649
-0.060401
-0.047819
0.038546
0.006599
-0.100511
0.042742
0.025283
-0.019324
-0.023085
0.002373
0.089068
0.008950
-0.102756
-0.038693
-0.072123
-0.013710
-0.080359
0.014199
-0.003904
0.017978
0.038987
-0.025678
0.048204
-0.048061
0.014580
0.019032
-0.044574
0.026340
-0.043132
0.026514
-0.069607
-0.035470
-0.031532
-0.131584
-0.043044
-0.081397
-0.026654
-0.036828
-0.010478
-0.051738
0.042509
0.011731
-0.014712
-0.017929
-0.048441
-0.067987
-0.059720
-0.055638
-0.034236
0.050924
-0.004649
-0.037899
-0.064499
0.021047
-0.052350
0.048763
0.067371
0.072811
0.056925
-0.042887
-0.063484
-0.051482
0.021581
0.039410
0.005131
0.022228
-0.046398
-0.042768
-0.013442
-0.039520
0.027978
-0.039216
0.015941
0.054338
-0.041000
-0.078975
0.006644
-0.003753
0.003945
0.063042
0.005133
-0.066332
-0.081148
-0.083088
-0.128726
-0.029893
-0.004733
-0.064221
-0.061726
-0.080751
-0.003214
0.010571
-0.077480
-0.035542
-0.034728
-0.074483
-0.018424
-0.017274
-0.003885
-0.037297
-0.127905
-0.007865
0.132908
-0.066206
0.046675
0.086243
0.004191
0.047768
0.034571
0.021156
0.056022
-0.068392
-0.050203
0.029842
-0.022754
-0.015805
-0.001913
-0.053695
-0.040547
0.089153
-0.005788
-0.042007
-0.005827
0.062543
-0.017657
-0.051240
-0.068268
0.012965
-0.023448
0.013404
-0.001160
-0.005587
-0.034283
0.008761
-0.018220
0.048678
0.083756
0.104209
0.084414
0.037694
0.086545
0.097259
0.096038
0.064148
0.030575
0.000462
-0.048914
-0.044101
-0.055992
-0.083608
0.028390
-0.126689
-0.104731
-0.021546
-0.000017
0.009611
0.048538
0.003302
-0.091831
0.022409
0.053455
-0.057255
0.005531
0.072841
-0.014508
0.022155
0.039551
-0.062318
-0.011689
0.029134
-0.008794
0.017015
-0.096827
0.030137
0.007730
-0.092102
-0.037925
0.067410
0.036965
0.031652
0.088104
0.015769
-0.048376
0.081495
0.107590
-0.046504
-0.026588
0.026457
-0.064744
0.025583
-0.027296
-0.000822
-0.092555
-0.041941
0.071478
0.058954
0.050889
0.008476
0.101831
-0.054910
-0.063586
0.027793
-0.069564
-0.022690
0.033909
0.004042
0.015137
0.049795
0.021219
-0.012447
-0.066374
0.032006
-0.084046
-0.160956
-0.001207
0.018346
0.013147
0.042012
0.054990
-0.053838
-0.089919
-0.032300
0.006572
0.031955
0.020478
-0.004912
0.014125
0.012031
0.035106
0.077426
-0.002137
0.044806
0.003357
0.037264
0.062739
-0.024333
-0.025507
0.062545
-0.006168
0.048340
0.023935
0.012500
-0.036224
-0.050855
0.003732
0.060131
0.069479
0.033884
0.075634
0.040160
-0.001211
-0.016059
0.033619
-0.036065
0.012471
0.069125
0.087386
0.022758
0.023882
0.005074
-0.030933
0.047789
0.044991
0.033589
0.012613
0.051353
0.036478
-0.076899
-0.059014
0.003991
0.032752
-0.039401
0.008652
0.006791
-0.093222
0.016841
0.039647
0.083245
0.126959
-0.075918
0.051888
-0.026516
-0.097383
-0.033162
-0.054113
0.026792
-0.000201
-0.019297
-0.002611
0.053585
0.000028
-0.083313
0.065457
0.010448
-0.035834
0.064357
-0.051909
0.020165
0.112935
0.029644
-0.052861
-0.064147
0.036150
-0.001700
0.072742
0.114618
0.081383
-0.034202
-0.031493
0.007875
0.073289
0.033643
0.062280
-0.011797
0.025457
0.089771
0.007105
0.080679
-0.059456
-0.007218
0.005423
-0.077874
0.000808
0.065696
-0.015661
0.036962
0.017479
-0.047878
-0.039549
-0.064028
-0.065989
-0.069191
0.070151
0.076524
-0.028941
0.051906
0.035746
-0.004417
0.001431
0.028680
-0.025620
0.026755
0.043514
0.018022
-0.064894
0.059930
0.045667
0.095068
0.019025
0.141091
0.107675
-0.000822
0.038302
-0.022843
0.029204
-0.027158
0.057328
0.095141
-0.057145
-0.041186
-0.050249
0.030884
0.008879
0.056625
-0.002558
0.004795
0.048950
-0.023862
-0.001127
0.041508
-0.005145
0.012424
0.049573
0.011761
-0.003068
0.056612
-0.006927
-0.067658
0.016975
-0.055323
-0.032723
0.010382
-0.007328
0.006550
-0.018135
0.055076
-0.010061
0.029279
-0.023767
0.061639
0.012049
0.025185
0.092893
-0.021636
-0.001508
-0.056413
0.009574
-0.009886
-0.065150
0.050223
0.052857
-0.018771
-0.052478
-0.029230
-0.018769
-0.078914
-0.050309
-0.044538
-0.004063
-0.045384
-0.027004
-0.063805
-0.024905
0.091578
-0.049225
-0.070904
-0.002359
0.030180
0.010497
0.053407
0.026421
0.003648
0.079065
0.018552
0.020864
0.062149
0.046387
0.067671
0.024153
-0.020786
-0.043270
0.004158
0.045823
0.088914
-0.033901
0.024109
0.019723
0.033792
0.050735
0.058489
0.035372
-0.043244
0.034237
-0.013922
-0.079860
-0.064247
0.010110
0.007202
-0.083192
0.087583
-0.033714
-0.041076
0.041229
-0.026265
-0.003221
-0.000857
0.029034
-0.019310
-0.024766
0.096709
-0.054415
-0.039119
0.012355
-0.087769
-0.035678
0.007291
-0.043590
-0.030627
0.040430
0.014905
-0.010149
-0.014151
0.009846
0.012600
0.033589
0.006957
0.055162
-0.021648
0.031703
0.003322
-0.009273
0.037767
0.120704
0.035442
-0.043427
-0.037973
0.076445
0.010238
0.103051
-0.012718
0.022095
0.068351
-0.042051
0.008169
0.053111
-0.020967
-0.030970
0.065703
-0.036526
-0.036542
0.026787
0.012500
-0.027813
0.092551
0.089976
-0.023168
-0.003511
0.001818
-0.126121
-0.116462
-0.024365
0.044172
0.001656
0.008369
0.026377
0.005586
-0.073862
-0.017930
0.067075
-0.004996
0.003710
0.024321
0.019929
0.027124
-0.037695
0.074145
0.059473
0.062462
-0.005271
0.028206
-0.022532
0.010597
-0.004009
-0.010335
0.049819
-0.023489
-0.069655
-0.007273
0.022953
-0.070256
0.023885
-0.093787
-0.027225
0.028415
-0.024341
0.091410
-0.009930
-0.106737
-0.011761
-0.007966
0.009762
-0.002691
-0.024684
-0.025147
0.006263
0.013632
0.057265
0.011133
-0.038424
0.056078
0.101080
-0.036879
0.053959
0.028622
0.006704
-0.013440
-0.031902
0.082543
0.013567
0.041982
0.033437
-0.037205
0.021373
0.028191
-0.036397
-0.009078
0.044094
0.044157
0.084942
0.011993
0.010093
0.069718
0.113717
0.003072
0.098670
0.017500
-0.013483
0.058700
0.096573
0.056576
-0.017499
0.012908
-0.005388
-0.007576
0.007306
-0.088462
-0.004577
0.030526
-0.022448
-0.013951
0.009486
0.015778
-0.059630
0.002356
-0.093615
0.045063
0.009648
-0.055166
-0.019167
0.009357
-0.002937
0.019871
0.095185
0.065247
0.048784
-0.025040
-0.055442
-0.008783
-0.106080
-0.017204
-0.014735
0.063011
0.037091
0.063626
0.064172
0.069313
-0.024213
-0.020227
-0.051801
-0.023861
0.006806
0.039626
-0.091419
-0.020575
-0.024262
-0.011306
-0.031469
-0.044828
0.027212
0.140860
-0.004370
0.066083
0.032392
0.033200
0.066751
-0.047401
-0.012188
0.070453
0.035504
0.006790
-0.063075
-0.027605
0.003535
-0.026936
-0.027489
-0.014284
0.023469
0.007532
-0.001544
-0.047752
0.060705
0.104252
0.003522
0.019641
0.026680
-0.034940
-0.008411
-0.010213
-0.090260
0.046583
0.046851
0.030468
-0.004180
0.006290
-0.012927
0.001972
0.030204
-0.020632
0.015898
0.077781
0.030842
0.054534
0.008114
0.021669
0.044860
-0.008742
0.008868
-0.025907
-0.010365
0.051275
0.003606
-0.083603
-0.059694
0.037374
-0.031807
0.067101
0.081574
-0.027605
-0.053619
-0.093493
-0.084128
-0.010504
0.000763
-0.005941
-0.045025
-0.034402
0.058825
-0.061574
-0.020392
-0.001317
-0.001459
0.073629
0.020512
0.052640
-0.007286
0.016755
0.068421
-0.102345
-0.007217
0.028880
-0.027829
0.021033
-0.062061
0.010191
0.049418
0.026850
0.035762
0.044231
0.067724
-0.003859
-0.088269
0.043957
0.058355
0.014126
0.071008
-0.040907
-0.000285
-0.051126
0.000754
-0.002124
-0.025393
0.029121
-0.023401
0.001877
-0.040092
-0.064952
-0.006519
-0.031957
-0.115285
0.049717
0.022583
0.021030
0.077151
-0.060983
-0.069309
0.021357
-0.050415
-0.024219
-0.003085
0.006076
-0.010123
0.004086
0.049799
-0.056760
0.004515
-0.021890
-0.010870
0.111908
0.012752
0.010155
0.069197
-0.064008
-0.007682
0.016724
-0.004358
-0.010523
-0.034532
-0.036837
0.004993
0.008145
-0.069861
-0.046229
-0.077185
-0.048753
0.018718
0.006991
-0.029121
0.035204
-0.015788
0.040730
0.028876
0.013962
0.045353
-0.011698
0.003883
-0.033576
-0.046283
-0.012073
0.066351
0.013580
-0.014159
-0.027386
0.049647
-0.009431
0.012305
-0.009169
-0.018260
-0.071362
0.025210
-0.038876
0.099095
0.030308
0.000552
-0.016554
-0.024767
-0.014526
-0.016771
0.027041
0.033124
0.020763
-0.042066
-0.062086
-0.046755
0.003085
-0.028009
0.045396
0.067749
-0.044042
0.036535
-0.012245
-0.023878
-0.000014
-0.097553
-0.027740
-0.051248
-0.015044
-0.027164
-0.021104
-0.053000
-0.016610
-0.021338
-0.074797
-0.002728
-0.008702
-0.079116
-0.002809
0.015379
-0.036868
0.072461
0.073439
-0.102296
0.123530
0.028804
0.000815
0.018272
0.000370
-0.021794
0.010582
-0.093866
-0.036352
-0.110251
-0.116545
-0.033401
0.008144
0.024981
-0.008438
0.037661
-0.025491
0.029385
-0.090619
-0.022707
0.059534
0.019023
-0.022999
-0.015479
0.015367
0.023408
-0.001612
0.027491
0.013403
0.005005
0.062810
0.039443
-0.052548
-0.058116
-0.028594
0.010061
-0.000732
-0.026940
0.040272
-0.086361
-0.012795
-0.038296
-0.138901
0.017566
-0.045118
-0.050797
0.034172
-0.022324
-0.051575
0.029455
-0.033364
-0.064438
0.005321
-0.008724
-0.136512
-0.060780
-0.049934
-0.007380
0.008639
-0.077690
0.003365
-0.028508
0.077029
0.013210
0.006086
-0.013564
0.019551
0.011096
0.059069
-0.064067
-0.075661
0.080164
0.088378
-0.016198
0.018111
0.016881
-0.003794
-0.088876
-0.037999
-0.050166
-0.048833
-0.014297
0.012949
0.056424
0.025847
0.008221
0.129625
-0.004134
0.031643
-0.003454
-0.111424
-0.036873
-0.027783
-0.020967
0.005568
0.036879
0.101697
0.055077
-0.059336
0.010686
0.033800
0.004868
-0.008966
0.024952
-0.040006
-0.013081
-0.002986
0.008429
0.030218
-0.027265
-0.023712
-0.040937
-0.059210
0.078406
-0.013401
-0.022368
0.024489
-0.034231
-0.016191
0.046157
0.065416
0.035297
-0.006670
0.030578
-0.036252
-0.040672
-0.077775
-0.076321
-0.025139
-0.094994
0.042646
0.102279
-0.044793
0.016088
0.017536
-0.057096
-0.023643
-0.053633
-0.015541
-0.012537
-0.045368
-0.029056
0.020512
-0.029407
0.044604
0.114438
-0.109838
0.048221
0.042861
0.016303
-0.038686
-0.015827
0.006498
0.041457
0.075840
-0.013083
0.047317
0.032731
-0.049646
-0.026346
0.043714
0.004533
0.035091
0.047371
-0.027368
0.037499
0.000585
-0.012842
0.033841
-0.044274
0.029586
0.041497
0.006343
0.050603
0.040472
-0.045238
0.047365
-0.044779
-0.027135
-0.052042
-0.014802
0.101499
0.001276
-0.035830
0.034203
-0.017985
-0.096947
0.066605
0.070432
0.023768
-0.073200
0.031413
0.053820
0.086160
0.011238
-0.078675
0.065129
-0.042963
0.005680
0.013244
0.015749
-0.012689
-0.077859
-0.028005
0.019892
0.058433
0.074755
0.057748
-0.007910
0.002987
0.059290
-0.038385
-0.100386
-0.062232
-0.040621
-0.096272
0.014119
-0.015526
-0.007771
-0.028102
-0.000071
0.047057
-0.026553
-0.055472
-0.014673
-0.041700
-0.040751
0.015536
0.061247
0.023635
0.041303
0.001427
-0.061128
-0.034214
0.033247
0.071067
-0.047182
-0.074894
-0.002388
0.054804
-0.001673
0.028016
0.039657
0.008857
-0.033610
0.022417
0.007776
-0.023602
-0.011276
0.022043
-0.047366
-0.065113
-0.057947
-0.014580
-0.063635
0.082171
0.053050
-0.048219
0.018802
-0.014998
-0.050326
-0.002278
-0.048578
0.105129
0.007145
-0.054560
-0.030147
-0.008153
-0.068017
-0.068662
0.008267
-0.074848
-0.004771
0.004276
-0.068953
0.056961
0.040392
-0.079601
-0.093953
-0.024778
-0.035134
0.046523
0.035965
-0.008761
-0.068277
-0.012801
-0.121463
0.018412
0.004256
0.042414
-0.004441
-0.008836
0.097162
0.062290
0.011137
0.008302
-0.074674
-0.024757
0.031788
-0.065896
0.070202
-0.024673
-0.097265
0.082458
0.009730
-0.150735
-0.018321
0.014624
-0.064122
0.012596
-0.032777
0.004705
0.106461
0.081627
0.045191
0.056637
0.046630
-0.034949
-0.070793
0.009033
0.040947
-0.016294
0.041733
0.068898
0.018221
-0.038621
-0.034320
0.003726
0.051704
0.092041
0.005240
0.026225
-0.023705
0.073602
-0.080543
-0.076085
0.064937
0.026589
0.047660
0.027822
-0.012538
-0.013363
-0.050861
-0.015014
0.039997
0.060184
0.065802
-0.065718
0.039680
0.051939
-0.022470
0.090448
-0.039232
0.009799
-0.000983
0.008584
0.039331
-0.037832
-0.019009
-0.097449
0.088852
0.038560
-0.012369
0.022869
-0.030502
-0.105491
-0.030388
0.016075
-0.033428
-0.029232
0.061770
-0.078195
-0.101984
-0.001118
-0.005903
0.093406
0.036731
-0.008936
0.087611
0.082112
0.106306
0.003285
-0.018988
-0.030484
0.026568
-0.086462
-0.096073
0.086781
0.022839
-0.032414
0.038113
-0.088770
-0.033001
0.019499
-0.054918
0.084126
0.122814
0.080178
0.049573
-0.024955
-0.016444
0.004823
-0.123512
-0.062684
-0.091165
-0.037424
-0.025733
0.073522
-0.012831
-0.049273
-0.020464
0.005532
0.050140
0.051332
0.018443
0.030792
0.011849
0.029641
-0.008864
-0.021810
-0.019277
0.036012
0.056055
-0.020545
-0.003601
-0.052325
-0.024122
0.004126
0.012444
0.018648
0.011901
-0.006167
0.061676
0.002932
-0.026102
0.066092
0.030094
0.022910
0.072619
0.010735
-0.056064
0.021577
0.022459
-0.030218
0.021478
0.039759
0.001037
0.011904
0.062843
0.094261
0.005741
0.029961
0.034416
-0.014200
0.051304
0.033919
0.075792
-0.033399
0.049720
0.066119
0.051809
-0.100630
-0.107812
-0.077863
-0.045978
-0.032278
0.066201
0.011873
-0.077919
0.006651
0.048372
-0.017828
0.074570
0.039527
0.064724
0.010417
0.038463
-0.046387
-0.001845
0.026442
0.028757
0.024788
-0.065494
0.041148
0.060376
0.009909
-0.031522
-0.006749
-0.009663
0.059007
0.013919
-0.010547
0.004727
-0.087176
-0.073017
-0.052421
-0.165848
-0.013660
0.033055
-0.077735
-0.084396
0.035898
-0.061659
-0.051292
-0.024822
0.003518
0.034064
0.056597
-0.016434
0.047027
0.064969
0.014549
0.041897
0.008286
0.083631
0.028515
0.021279
0.036398
0.025774
0.099995
-0.008332
0.015285
0.023871
-0.107318
-0.039951
-0.019600
-0.074228
-0.038604
-0.010628
0.027468
0.004079
-0.024751
0.064486
-0.092603
-0.070817
0.107709
-0.001891
0.046339
0.000706
0.013453
0.124563
-0.022971
0.016774
0.024577
-0.000504
-0.019301
-0.009798
0.059261
-0.039516
0.016099
-0.086986
-0.083826
0.013511
0.006196
0.017424
0.013650
0.111982
0.070700
0.100453
0.036368
-0.019261
0.029842
0.115108
0.028078
0.001850
0.018891
-0.064403
0.013209
-0.000467
-0.005353
0.010346
-0.090919
-0.013659
0.012434
-0.009909
-0.002639
-0.062230
-0.063243
-0.048171
0.039903
0.056657
0.015114
0.084124
0.014570
0.026964
0.078666
0.017383
0.010565
0.050306
0.025450
0.063544
-0.033183
0.026902
0.031880
-0.056783
0.089087
0.033324
-0.055842
0.075567
0.074698
-0.020396
-0.065149
0.014009
0.063896
0.028917
0.102727
0.070532
-0.013098
-0.031423
-0.143991
-0.002705
0.005893
-0.061168
0.048844
-0.012318
-0.026073
0.052696
-0.028748
-0.037400
-0.070349
0.005184
0.000641
-0.080975
-0.022079
0.020387
-0.002630
-0.050864
-0.028984
0.004197
-0.053442
-0.082693
-0.164589
0.002706
-0.022324
-0.029828
-0.007924
-0.040654
-0.001018
0.011426
0.020531
-0.048132
-0.086099
-0.093623
-0.026960
0.016674
0.152422
0.006805
-0.046154
0.013759
-0.049753
-0.009171
0.017435
0.022435
-0.019851
0.018367
0.029517
-0.039632
0.025530
0.076277
-0.020855
0.036636
0.042819
-0.062065
0.027574
0.058648
0.032629
0.005745
-0.060075
0.033640
0.002015
-0.028396
0.017287
-0.054808
-0.012904
-0.037983
0.017122
-0.034474
0.009328
-0.000956
0.026396
-0.041508
-0.048254
-0.003079
-0.068612
-0.042955
0.045914
-0.013105
0.012617
0.040171
0.019236
0.024809
0.109723
0.081017
0.032939
-0.019756
-0.010263
-0.019129
0.029574
0.074542
0.028921
0.003018
-0.015098
0.037204
-0.010015
0.079776
0.007088
0.043368
-0.043615
0.014133
0.091331
-0.009893
-0.025347
-0.000386
0.032536
0.003231
0.046400
0.056244
-0.051821
-0.024644
-0.031123
-0.089109
-0.028032
0.052692
0.069981
-0.057344
-0.013308
0.002627
-0.038698
-0.003599
0.002953
-0.024641
0.071374
0.062772
-0.055507
0.003372
-0.043286
-0.010185
-0.015583
-0.020351
0.092756
0.064238
0.099544
0.034839
0.037068
0.063342
0.040977
-0.011051
0.046552
0.012424
-0.036018
0.018259
0.002987
-0.007549
-0.105670
-0.099685
-0.061396
-0.041876
-0.034531
-0.046083
-0.089451
-0.000058
-0.043210
-0.098204
0.025915
-0.050360
-0.113328
-0.081938
-0.072810
-0.039091
-0.010859
0.063164
0.039380
-0.010387
0.004730
-0.172730
-0.063341
-0.021921
-0.047708
0.029105
-0.017726
-0.024004
-0.032744
0.021201
0.092395
0.020418
-0.037021
0.004238
-0.066852
0.000349
0.014644
0.066680
0.091728
0.025230
-0.015246
0.006273
0.045932
0.059608
0.031917
0.058904
0.000749
-0.075733
-0.002528
-0.050089
-0.056027
-0.023785
0.009829
0.050881
-0.005615
-0.102853
0.051114
0.014774
-0.020581
0.034203
0.002324
-0.060824
0.036146
0.030539
-0.042905
0.127412
0.030108
0.077882
0.081477
-0.061022
0.025231
0.037447
0.064905
-0.009040
0.054402
0.096262
-0.015754
0.075627
0.103364
-0.035809
0.115417
0.056980
0.084323
0.054693
0.043047
0.044588
0.029764
0.010279
0.026426
-0.043937
-0.023052
-0.006257
0.044682
-0.015593
-0.081312
0.032200
-0.000672
-0.019094
-0.037293
-0.100784
0.054346
-0.015864
-0.023791
-0.005313
0.019914
0.054488
0.049695
0.010066
0.057156
0.012461
-0.013295
-0.026276
-0.009662
0.041201
-0.016418
-0.061049
0.015135
0.032184
0.106784
0.049479
-0.022741
0.017987
-0.031306
-0.072788
-0.028524
0.037120
0.026101
-0.005123
0.026620
0.018469
-0.005658
0.037070
0.063057
0.035836
0.013766
0.069894
0.000022
0.094795
0.004678
-0.079304
0.033331
-0.003522
0.017152
0.031677
0.054015
-0.020209
-0.056346
-0.056985
-0.025623
-0.018717
-0.028851
0.022094
-0.071004
-0.143912
-0.015738
-0.123894
-0.078777
0.006064
0.029227
0.054229
0.031236
0.112578
0.025609
-0.037653
0.022638
-0.005401
-0.048643
0.045067
0.009756
0.027201
-0.017639
0.007393
0.027702
-0.033138
0.001957
0.000987
0.059404
-0.061041
-0.063479
0.054140
0.084637
-0.044625
-0.021640
0.090135
-0.051372
-0.000142
0.042268
0.070135
0.095368
0.111124
0.082335
0.119043
-0.010991
0.044516
0.085078
-0.033734
-0.031475
0.050124
0.048393
0.047755
0.071179
0.048873
-0.019065
-0.035583
0.078479
-0.016434
0.021723
0.028449
-0.011369
0.001047
0.002191
0.036685
-0.023497
-0.053857
-0.114820
-0.011876
-0.055358
-0.022508
-0.017384
-0.123560
0.001800
-0.069793
-0.007223
-0.001914
-0.031357
0.021477
-0.026109
0.034042
0.023883
0.106382
-0.097929
-0.031502
0.034594
-0.020097
0.051265
-0.014469
-0.002132
-0.005272
-0.093251
0.004485
-0.073736
-0.103541
0.033575
-0.013044
0.000543
-0.034488
-0.043638
-0.003805
-0.084596
-0.077752
0.021240
-0.054710
-0.000593
-0.052744
-0.083214
-0.044972
-0.033425
-0.052354
-0.053600
0.020185
-0.004099
-0.057123
0.010262
0.076514
0.080936
0.018712
0.064587
0.024030
0.005518
-0.006758
-0.038148
-0.032291
-0.012613
-0.057222
-0.068720
-0.023963
-0.055785
-0.033879
0.022899
-0.007294
-0.048806
0.016567
-0.047724
-0.028098
-0.072943
-0.091605
-0.032681
-0.128299
-0.052207
0.068435
0.057945
0.036806
0.064834
0.108400
-0.017278
-0.018365
-0.039074
-0.092896
-0.048458
0.001310
0.013880
-0.057785
-0.060690
-0.118867
0.019867
-0.040441
-0.012228
0.031916
0.022658
0.039691
-0.040988
0.025628
-0.000685
0.025463
-0.004788
-0.040570
-0.045306
-0.094387
0.034097
0.051800
0.046748
0.023349
0.051278
0.020174
0.032208
-0.077681
-0.002000
-0.024842
-0.087586
-0.057052
0.025586
-0.000006
0.052391
0.018573
-0.061984
-0.046330
-0.025759
-0.131693
-0.083472
-0.103199
-0.100909
-0.057297
-0.034998
-0.005194
-0.021365
0.027596
0.068734
-0.008088
0.051194
0.026193
0.045552
-0.000844
-0.030539
-0.028697
-0.075932
-0.025016
-0.036048
-0.015593
0.027633
-0.012154
-0.012793
-0.010573
0.000902
-0.008810
0.050017
-0.007171
-0.029790
0.029267
-0.050403
-0.071286
0.048225
-0.009211
0.038784
-0.049532
-0.089146
-0.034421
-0.048167
0.060197
-0.010114
-0.012852
-0.014358
-0.001593
0.063290
0.019655
0.057288
0.101856
0.050670
0.003676
-0.008940
0.027096
0.116007
0.030274
0.068550
0.066056
0.013270
0.041624
-0.066111
-0.037540
0.027731
0.034035
0.103056
0.007276
0.137652
0.105083
0.005832
0.054687
0.029631
0.055888
0.020404
0.011615
0.015960
-0.033246
0.001604
-0.037919
-0.003279
0.062926
0.047591
0.058163
0.076637
0.057329
0.033971
0.013214
-0.013399
-0.026616
-0.004786
0.003201
-0.060183
-0.031275
-0.012510
-0.055288
0.017962
-0.023495
0.006477
0.030051
-0.051286
-0.039132
-0.044958
-0.095120
0.083395
0.032263
0.016899
0.047484
0.067325
0.015610
-0.034271
0.059727
0.024474
0.006587
-0.054544
-0.078264
-0.057846
-0.130046
-0.024027
-0.004006
0.015301
-0.100600
0.037469
0.120534
0.006161
0.008073
0.067925
-0.078759
-0.103667
-0.058612
-0.026221
-0.010520
-0.036108
-0.054660
-0.044019
0.018992
-0.048326
-0.041463
-0.042195
-0.106362
-0.011347
0.041890
0.061744
0.106430
0.064211
0.098936
0.087596
-0.027758
0.014250
-0.015390
0.018057
-0.018323
-0.114779
-0.006690
-0.067667
-0.039583
-0.058670
0.026842
-0.043746
0.012489
0.086308
-0.033567
0.005650
0.012906
0.066707
0.013806
-0.019034
-0.011672
0.009665
-0.035892
0.010671
0.045910
-0.014404
-0.061863
-0.146525
-0.041529
-0.050543
-0.074125
0.089404
0.005915
0.029794
-0.082649
-0.061072
0.053101
0.008533
-0.035670
0.030155
-0.027607
-0.017440
-0.083004
-0.013088
0.038431
0.067159
-0.057456
0.018269
-0.046531
-0.090539
-0.066363
0.003255
0.037585
0.068448
0.046350
0.047745
0.035663
0.031263
-0.035610
-0.031420
0.027360
-0.058513
-0.008825
0.060304
-0.008260
-0.048925
-0.022094
-0.069272
-0.007820
0.022188
-0.073299
-0.019500
-0.019163
-0.020145
-0.100004
-0.077195
0.031821
0.083737
-0.017708
-0.073990
-0.020953
-0.019229
-0.001015
0.018679
0.000417
0.000420
-0.051387
-0.086474
-0.019961
0.011799
0.060705
-0.016223
-0.057370
0.029113
-0.049327
-0.092193
0.050123
0.026917
-0.115096
0.033301
0.012324
-0.033249
-0.014017
-0.011574
0.032486
0.040831
-0.010876
-0.019992
-0.002329
-0.051183
0.007471
0.015156
-0.016432
-0.017972
-0.082927
-0.010988
0.108405
0.060082
-0.003837
0.055864
0.034073
-0.019708
0.024231
0.031010
-0.122752
-0.056822
-0.017423
0.011545
0.025220
-0.094631
-0.008970
0.063354
0.006357
-0.088567
-0.009355
0.093086
0.057227
-0.066966
-0.001610
-0.041205
-0.056915
0.104709
0.087572
0.057080
-0.094881
0.018030
-0.043747
-0.140112
-0.093484
-0.064596
-0.039233
-0.008139
-0.000453
0.003092
0.023320
0.058940
0.004214
-0.071593
0.047053
0.043768
0.009445
0.030526
-0.098703
0.005748
0.060910
0.009756
0.032433
0.092333
0.020738
-0.032856
-0.076403
-0.024850
0.012339
-0.017466
0.000906
0.001973
-0.119605
-0.056592
0.025707
-0.028943
-0.038240
-0.017708
-0.030892
-0.093302
0.036901
-0.001834
-0.077400
-0.060265
-0.035203
-0.065775
-0.003404
-0.010373
-0.004966
-0.064333
-0.011234
0.062263
-0.024487
-0.000089
0.040962
-0.043173
0.098491
0.048560
0.024774
-0.005987
0.003249
0.052597
-0.004521
0.030184
0.056554
-0.031624
-0.003707
0.002003
0.015854
-0.009343
-0.026333
-0.020930
-0.037925
0.076479
0.071039
-0.071707
0.033057
0.013879
0.031869
0.046625
-0.044718
-0.001970
-0.041486
0.003592
-0.002038
-0.030073
0.025912
-0.120585
-0.014824
0.005443
-0.066432
0.035515
0.026938
0.066614
0.031017
-0.032691
-0.021558
-0.002964
-0.040872
-0.022816
0.031573
-0.035843
-0.022666
0.046784
-0.033889
0.028413
0.097281
0.066265
0.034686
-0.110808
-0.057618
0.110551
0.066357
0.052271
0.041626
0.081861
0.048373
0.078775
0.051411
-0.006117
-0.061556
-0.015710
0.022616
-0.045625
-0.034288
-0.080323
-0.054951
0.037462
0.010397
-0.024115
0.010752
0.025265
0.054126
0.051398
0.036787
0.040039
-0.000666
0.059997
0.000417
-0.006972
0.019307
0.045884
0.024131
0.029601
-0.048074
-0.083876
-0.069435
0.004549
0.064922
0.052592
-0.033285
0.010734
0.015124
0.020288
-0.047756
-0.053009
0.006432
-0.021763
-0.023263
0.109561
0.011618
0.037616
0.060898
0.010574
0.054159
0.030386
-0.044206
-0.036595
0.022984
0.003890
-0.078800
0.001032
0.030092
0.017798
0.004455
-0.054505
-0.052462
0.040790
0.056925
0.044858
0.032704
0.038109
0.031968
0.071044
-0.005578
0.006871
-0.025507
0.074109
-0.016588
-0.063815
-0.036013
-0.014942
-0.039839
0.018385
-0.024723
0.059290
-0.007299
-0.001026
0.022416
0.030257
0.069897
-0.026857
-0.001806
0.064463
0.047669
-0.001749
0.056048
-0.022994
-0.014729
-0.011048
0.001205
0.068714
0.035826
-0.002168
0.034989
0.075625
0.064653
0.066473
0.075842
0.000596
0.009434
0.071740
-0.024053
0.092486
-0.013287
0.085488
0.022483
-0.073753
-0.019147
0.040374
0.002115
-0.063535
-0.015905
-0.008632
-0.051278
0.062400
0.088902
-0.024159
-0.028387
-0.049484
-0.033299
0.010674
0.025070
-0.068301
0.012771
-0.024645
-0.070796
0.011122
0.032415
-0.070705
0.051638
0.027938
0.015728
0.045513
-0.023222
-0.073482
0.046433
-0.068730
-0.058238
-0.020932
-0.096455
-0.001826
-0.056875
-0.044313
-0.013645
0.001297
-0.038795
-0.042079
-0.047093
0.010002
0.010853
-0.044040
-0.014778
-0.048964
-0.044158
0.033658
0.052784
-0.007270
0.007891
-0.001495
-0.063371
0.058070
0.039820
-0.061492
-0.048656
-0.037496
0.074208
0.009756
-0.003617
0.017851
-0.145671
0.019189
0.025095
0.002906
0.063586
0.016551
0.093641
-0.066881
-0.014358
0.036991
-0.037841
0.003637
0.024923
-0.013695
0.015196
-0.068740
-0.003851
-0.018001
0.013656
-0.011544
-0.041564
-0.026297
-0.010499
-0.051899
-0.065995
0.003275
0.085674
0.018635
0.008350
-0.024459
-0.018883
-0.057241
-0.068830
-0.020071
-0.054921
0.013003
0.020208
0.010392
0.036978
-0.034809
-0.073448
-0.015220
-0.077808
-0.026309
-0.022512
-0.004247
-0.106428
0.099758
0.050812
0.061506
0.048235
-0.020637
0.056551
0.051455
-0.031888
0.045268
0.037031
-0.046124
0.034823
0.051755
-0.036490
0.014683
0.001041
-0.015404
-0.012248
-0.020654
-0.051707
0.042127
0.101714
-0.062698
-0.041721
0.004156
-0.036986
0.072039
0.006503
0.020312
0.109328
0.029510
0.030407
0.013063
0.070106
-0.039223
-0.077613
0.095344
-0.105388
-0.073751
0.061227
-0.024242
0.013906
-0.007546
0.008908
0.015247
-0.106554
0.011575
0.008288
-0.063565
-0.044215
-0.010419
0.008197
-0.068762
-0.088707
-0.011713
0.046723
0.045374
0.054048
0.020338
0.056775
0.010170
0.033660
0.064920
0.014044
0.042247
0.054787
-0.017655
-0.014172
-0.033816
0.044935
0.173393
0.077556
0.019117
0.064787
0.028585
-0.036083
0.086231
0.023091
-0.036173
0.025615
0.103661
0.029090
0.024317
0.001923
0.086164
0.063762
0.053031
0.034378
0.082418
-0.018176
0.008226
0.047983
-0.000608
0.061948
-0.011524
0.033621
-0.002472
-0.094572
0.023258
-0.016427
0.020565
0.054055
0.001281
0.103775
0.032533
-0.004629
0.050610
-0.007239
-0.063331
-0.068260
0.052174
0.004491
-0.058743
0.065518
0.039333
0.031257
0.012612
0.023835
0.000546
0.035400
0.079546
0.029824
-0.069540
-0.015402
0.005397
-0.027705
0.072957
-0.027170
-0.088328
0.012496
-0.001112
-0.007611
0.026567
0.101209
0.000742
-0.032130
0.006346
-0.040365
-0.008110
-0.010031
0.021694
0.054108
-0.019957
-0.050480
-0.054044
-0.044876
-0.021111
0.009716
0.066922
-0.004847
0.091607
-0.007692
0.013583
-0.000591
0.088347
0.006926
0.025880
0.054915
-0.025405
-0.014914
-0.037131
-0.051774
-0.028654
-0.027507
0.015718
0.001360
-0.075707
0.025817
0.014854
0.062989
0.119541
-0.024109
-0.050555
-0.021902
-0.040063
-0.071219
-0.005113
-0.011376
-0.003817
-0.012922
0.009326
-0.060646
0.013700
0.014662
0.039055
0.040684
0.046598
-0.047468
-0.028564
0.013802
0.005305
-0.004831
-0.018337
-0.032519
0.082701
0.058268
-0.072788
-0.050394
0.065325
0.022059
0.042519
0.066578
0.015952
0.051663
0.068823
0.005815
-0.006358
0.092100
0.071905
-0.035562
-0.017860
-0.079393
0.031662
0.069238
0.006997
0.047200
-0.046327
0.001146
-0.030887
0.008157
0.024013
-0.102355
-0.002957
-0.050377
-0.006498
0.013152
0.035182
0.047920
-0.032365
0.002903
0.036971
0.046985
0.054766
-0.007583
0.050281
0.057008
-0.040834
0.004935
0.058845
0.047237
0.103505
0.043631
0.005337
0.074397
0.035052
0.014148
-0.001003
0.009755
-0.047300
0.092643
-0.080268
-0.044095
-0.036165
0.089965
0.008396
-0.140205
0.041080
0.025868
-0.024304
0.053876
0.012329
0.011538
-0.008337
-0.098167
-0.046735
-0.108369
-0.044525
-0.022602
-0.012795
0.079980
0.010198
0.066675
0.046773
-0.036373
-0.036856
0.026688
-0.049053
-0.029132
-0.036108
-0.002882
0.073196
-0.036307
-0.000311
0.031344
0.020420
-0.013425
-0.025560
-0.042768
-0.050697
-0.061614
-0.052342
-0.028667
0.000462
-0.063661
-0.069539
0.007894
0.011601
-0.044022
-0.016217
0.085385
-0.028081
-0.091885
-0.043072
-0.037398
-0.035479
-0.116084
0.105552
0.019043
-0.039131
-0.011306
-0.133229
-0.024618
0.021766
0.131789
-0.023199
0.014386
0.043876
0.009653
0.011177
0.020547
0.058094
0.047888
0.047813
0.077020
-0.013366
0.031697
0.110528
0.041855
0.102289
0.091827
0.049671
-0.061472
-0.024295
0.054525
-0.048688
-0.023800
0.003805
-0.107378
-0.042664
-0.001477
-0.053182
0.004297
-0.085439
-0.040042
-0.010257
-0.018246
0.025268
0.005802
0.031615
0.022845
-0.013087
0.056333
0.050655
0.046195
0.007896
0.025133
-0.070868
-0.023612
0.005108
-0.013947
0.068436
0.012592
0.089667
0.010343
-0.056712
-0.044446
-0.013081
-0.030975
-0.008977
-0.022773
-0.070260
0.017493
-0.009803
0.012601
0.009721
0.022235
-0.024777
0.045572
0.065268
0.006118
-0.094294
-0.030369
-0.107359
-0.024836
0.047508
0.041538
0.032738
-0.010772
-0.012115
0.019951
0.040132
-0.003983
0.025233
0.054336
-0.050646
-0.013575
0.070341
0.066510
-0.013117
-0.107283
-0.089859
-0.041616
-0.045134
-0.061883
0.058534
0.045863
-0.052915
0.054327
0.058228
-0.031461
0.058665
0.029436
0.012003
0.060872
0.022277
-0.005483
-0.099994
-0.024026
-0.001376
-0.028464
-0.049125
0.027590
-0.049236
-0.049859
0.070778
0.091612
0.034172
0.005932
0.039821
0.066328
0.013746
0.073999
0.003850
-0.046189
0.053098
-0.054712
0.069383
0.034021
-0.004072
0.031005
0.037903
0.031520
0.006863
-0.034014
0.001566
0.030556
0.001534
0.020396
0.053672
-0.072291
-0.061259
0.034311
0.006047
-0.033321
0.094728
0.046184
0.004917
0.055877
-0.005534
0.001052
0.049850
-0.056263
-0.010123
-0.019179
0.019247
0.025062
-0.003081
0.000321
-0.042902
-0.045134
-0.082410
-0.014652
-0.016344
-0.046356
0.016645
0.008347
-0.078190
0.007738
0.016570
-0.015377
-0.094162
-0.075961
-0.007074
-0.073564
-0.008515
0.006013
-0.019211
0.017558
-0.008705
0.045736
-0.035397
0.009767
-0.014190
0.015363
0.035826
0.051455
0.068216
0.053055
0.048695
-0.024111
0.034744
0.064468
0.011077
-0.046172
0.010205
-0.013960
0.058754
0.024764
-0.030434
0.109726
-0.037525
-0.005227
0.010000
-0.009426
0.077809
-0.007410
-0.033437
-0.066281
-0.058964
0.041725
-0.041700
-0.004796
-0.018092
-0.013013
-0.049577
-0.099136
-0.020570
0.009181
-0.065779
0.034758
0.042885
-0.033570
-0.011862
0.057348
0.040894
0.027212
-0.016365
-0.030026
0.106571
0.037024
0.028866
0.065100
0.050435
-0.040976
-0.091399
-0.087355
-0.022745
-0.062657
-0.112672
-0.013978
-0.009796
-0.082124
0.009837
0.055131
0.018390
0.065216
0.005460
-0.020123
-0.066172
0.014547
-0.037666
-0.078808
0.057223
-0.009414
0.108976
0.065307
-0.002584
0.047066
-0.038258
0.065679
-0.022143
0.007371
0.083528
0.057941
0.110211
0.035888
0.013263
-0.002989
-0.031699
-0.006683
0.050943
0.045570
0.006678
0.068638
0.081529
-0.039107
0.052102
-0.017685
-0.020366
0.000033
-0.077828
0.092246
0.077387
-0.009325
-0.057952
-0.055614
-0.029860
0.044122
0.020463
0.026908
-0.029726
-0.021816
0.015590
0.063519
0.008194
0.005790
0.036857
-0.038470
0.066709
-0.029095
0.004146
0.066958
0.016244
0.007562
0.012445
0.029556
-0.026118
0.010793
-0.006535
-0.029287
0.080462
-0.068114
-0.090231
0.003074
-0.067137
-0.034053
-0.050708
-0.009377
-0.033301
0.060632
0.085792
0.079092
0.096256
0.043325
0.055416
0.087876
0.061394
0.022551
0.045085
0.041106
0.010748
0.007175
0.093895
-0.039939
-0.078637
0.065759
0.060113
0.080209
0.069476
0.013256
-0.029160
-0.004725
0.073764
0.016087
0.081881
0.084394
0.083094
0.052915
0.073906
0.115893
-0.000172
-0.063913
0.108939
-0.009943
0.001963
0.060131
-0.042377
-0.030073
-0.000458
-0.144987
0.013123
0.063658
-0.075560
-0.084762
-0.041919
-0.003941
0.067364
-0.009631
0.016875
-0.037549
0.016420
-0.008070
-0.057774
-0.015217
0.052637
-0.071862
0.009526
0.043451
-0.041877
0.058259
-0.093087
-0.038000
0.010541
0.044661
0.105905
-0.028133
-0.001422
0.003133
-0.013563
0.005115
-0.018288
0.002839
-0.030406
0.029556
0.078684
0.057994
0.002285
0.017583
-0.029819
0.105409
-0.025665
0.025784
0.034935
-0.051885
0.054295
-0.006283
-0.056000
0.037026
-0.011794
0.071176
0.044757
0.009767
0.056657
0.015470
0.054342
-0.041063
-0.036763
-0.005824
0.052459
-0.079675
-0.128573
-0.050007
-0.121092
-0.016743
0.068472
-0.052280
-0.008048
-0.009285
-0.036141
-0.017970
0.000449
-0.053363
0.001374
-0.021048
-0.006065
-0.023661
0.026414
0.028666
-0.025928
0.056282
0.005773
0.075592
0.045993
-0.008978
0.024811
0.040829
-0.052773
0.016087
0.040133
-0.013698
-0.054664
-0.069116
0.043717
-0.027515
0.034773
0.037375
0.101619
0.106641
0.038720
0.018875
0.003810
-0.065658
0.004524
-0.052657
-0.059733
-0.068859
-0.009352
-0.012011
-0.065146
0.099700
0.069515
0.005446
0.023949
0.069867
0.020339
0.021630
-0.022619
0.002977
0.002046
-0.031199
-0.004817
-0.050864
-0.033045
-0.026447
-0.021754
0.086819
-0.066116
-0.064412
-0.079235
0.042649
0.085844
-0.016174
0.102457
0.010533
-0.011326
0.026137
-0.047859
-0.018541
0.052765
0.005149
0.077789
0.055493
-0.017814
0.005599
-0.030732
-0.068816
0.004983
0.030577
0.008041
0.035855
0.008788
-0.019957
-0.021927
-0.012973
-0.066619
0.040229
0.013096
-0.018694
-0.041739
-0.052413
-0.049450
0.004131
-0.052262
-0.105612
-0.048899
-0.112610
-0.085118
-0.016053
-0.030620
0.006371
-0.034173
0.009779
0.027584
0.060876
-0.062768
-0.004993
0.036515
0.092122
0.045039
-0.032605
-0.010186
0.004228
-0.018484
-0.032014
0.083921
0.044946
0.066363
0.162936
0.096044
-0.026882
-0.046843
0.021442
0.033690
0.036911
0.036923
-0.022462
-0.113836
-0.010859
-0.013829
-0.014390
0.056881
0.020584
0.011910
0.009968
-0.007320
-0.103099
0.062244
0.008389
-0.017074
0.025587
-0.008632
-0.001718
0.048148
-0.022453
-0.028001
-0.000940
-0.039836
-0.053011
-0.018353
-0.021686
0.036229
0.087207
-0.005554
0.010207
0.038218
0.030732
0.002908
0.015449
-0.032428
-0.095903
-0.016341
-0.064274
-0.015145
-0.008550
0.006829
-0.086231
-0.149328
-0.025571
-0.059702
0.019044
-0.021769
0.050019
-0.021730
-0.024647
0.019695
-0.067544
0.090734
-0.060181
-0.075425
0.003254
-0.049784
0.045236
-0.015409
-0.007554
-0.000905
-0.023910
-0.050443
0.049242
0.051872
0.006020
-0.004515
-0.042855
-0.026612
-0.102645
-0.071887
-0.007792
-0.035758
0.054480
0.043519
0.014032
0.075791
-0.059931
-0.020287
0.029113
0.010808
-0.035925
-0.047438
0.021798
-0.008702
-0.012603
-0.009268
-0.083944
0.043086
-0.051381
-0.082012
0.039436
0.067018
-0.034939
-0.017268
-0.058931
0.025616
0.069463
0.016773
0.056801
0.023846
0.069215
0.056765
0.024911
-0.014969
0.097881
0.003666
-0.006754
-0.008400
-0.039449
-0.030444
-0.013171
0.010338
-0.018632
-0.061126
-0.067541
0.079885
-0.008606
-0.081093
-0.009097
0.008131
-0.045428
-0.083807
0.004513
-0.084724
-0.105134
-0.005788
0.006902
-0.011217
-0.071023
-0.071094
-0.047721
-0.037215
-0.044750
0.097238
0.052391
-0.000834
-0.000793
0.054544
0.003076
0.084234
0.109266
0.151497
0.072700
0.008008
0.024839
-0.034172
-0.076926
-0.032665
-0.077671
-0.065029
-0.061716
-0.077190
0.034252
0.035289
-0.021168
0.135800
0.093595
0.064255
0.040274
-0.052800
-0.009366
-0.002179
0.092411
0.039884
0.024137
0.021259
-0.090816
0.019537
-0.000815
-0.004847
-0.028668
0.016023
0.126026
0.007180
-0.033529
-0.007358
-0.028445
0.025839
0.034588
0.068551
-0.086364
-0.154274
0.003074
-0.076187
-0.022983
-0.087539
-0.057859
0.004228
-0.016757
0.030933
0.051472
-0.032773
-0.064101
0.028088
-0.070984
-0.095016
0.105670
0.053518
0.004341
-0.036680
-0.050641
-0.069917
-0.023033
0.009968
0.005428
-0.020809
0.048525
0.002247
0.049551
0.013993
0.030770
0.045090
-0.026856
-0.003208
-0.040845
-0.018338
0.033681
0.035255
0.029120
-0.003210
0.003387
0.024901
-0.024551
0.011728
0.068437
-0.054320
-0.023118
-0.031400
0.037309
0.003822
-0.008326
-0.033921
0.010771
-0.029623
0.009382
0.005165
0.035079
-0.000180
-0.041114
0.011255
-0.020459
-0.001709
0.039908
-0.040021
-0.082828
-0.030519
0.002100
-0.039446
-0.099567
-0.039715
-0.029337
0.011341
0.022254
-0.006362
0.017546
0.020933
0.023507
0.011620
0.030508
-0.048057
-0.011388
0.003306
-0.049831
-0.068879
0.019792
-0.003216
-0.018847
0.008948
0.044507
0.137039
0.060303
0.002367
0.113213
0.026711
0.038635
0.014625
-0.125167
0.007916
0.115327
-0.024375
-0.103459
0.006598
0.016311
0.043996
0.057766
0.104974
0.037188
0.059474
-0.048773
-0.022899
-0.048865
0.039292
0.100993
-0.043849
-0.039453
-0.028285
-0.030120
-0.094802
0.038454
-0.034069
0.027262
-0.051653
0.056392
0.062032
0.014115
0.066788
-0.075366
0.020386
0.012241
-0.018620
-0.021764
0.011878
0.035335
-0.002045
-0.025462
0.025539
0.018648
0.021885
0.041633
0.119214
-0.006474
0.058828
0.081627
0.041785
0.064409
0.089339
0.070627
0.025445
0.064245
-0.002587
0.021408
-0.006586
0.053901
0.016108
0.007408
0.032027
-0.111455
0.007955
-0.062971
-0.178136
-0.098513
-0.002024
-0.066595
-0.012962
0.098320
0.030465
0.048357
0.028874
-0.007811
0.022688
-0.094505
0.003969
-0.052515
-0.061945
-0.042218
-0.007449
0.012251
0.058071
-0.000377
0.008714
-0.059504
0.024016
0.044160
-0.126964
-0.051830
-0.045135
0.025598
0.023270
0.082090
0.005068
0.019985
-0.020202
-0.063021
-0.011407
-0.014141
0.068429
-0.000371
0.012725
-0.040925
0.073919
0.081419
0.021242
0.003842
-0.020263
0.047845
-0.024974
0.004017
0.052442
0.022924
-0.023726
0.109544
0.040756
-0.045983
0.027722
-0.065573
-0.001605
0.029414
-0.022890
-0.038466
0.006072
0.010574
-0.016409
0.015329
0.053992
0.042551
0.009213
-0.012954
-0.030391
-0.039014
-0.021260
0.057455
-0.002785
-0.088327
-0.006414
-0.051367
0.003920
0.097292
0.016448
0.033717
0.076822
0.014897
0.047402
-0.031679
0.023258
0.027747
-0.091923
-0.012153
0.031518
0.001610
0.010811
-0.000452
-0.039440
-0.086349
-0.086439
-0.043899
-0.064616
0.017337
-0.017789
0.003367
-0.091392
0.026152
-0.039307
-0.089860
-0.037095
-0.055000
-0.042442
-0.033075
0.035189
0.027738
-0.043527
0.033337
-0.031640
0.005934
-0.012645
0.014145
-0.006095
-0.017510
0.016681
-0.010314
-0.077278
-0.011296
-0.061738
-0.087223
-0.062724
-0.103661
-0.017724
0.002984
0.030845
0.000781
0.001747
0.016621
-0.019620
-0.024228
-0.050796
-0.023142
-0.012348
-0.069540
-0.006659
-0.025879
-0.062424
-0.023993
-0.048286
-0.098174
-0.059205
-0.055261
0.059328
0.089763
-0.070625
0.067755
0.081569
0.018844
-0.075865
0.017941
0.027431
0.045664
0.081817
0.077818
0.075939
0.040527
0.076508
-0.003199
0.127643
0.107868
-0.002319
0.074422
0.084994
0.043568
-0.078997
0.002181
0.037934
-0.031868
-0.027292
-0.110923
-0.065030
0.137703
0.039302
-0.004782
0.041129
0.048737
-0.009146
-0.058231
0.051027
0.076832
-0.047494
0.093897
0.032011
-0.020474
0.001262
-0.001357
-0.008115
-0.076427
-0.087515
-0.014945
0.060852
-0.005792
0.024207
0.004416
-0.017495
-0.107242
-0.046846
-0.099835
-0.126723
0.046340
0.042520
0.070144
-0.005765
-0.024712
-0.032094
-0.010871
-0.081480
-0.062265
0.047336
-0.066335
-0.046750
-0.083832
0.017544
0.095272
-0.063657
-0.052256
0.047681
-0.039418
0.051905
-0.057590
-0.012983
-0.060098
-0.080988
-0.038537
0.029209
-0.009013
0.075956
-0.006880
-0.007439
0.067511
0.007678
-0.062105
-0.025382
0.006702
-0.011766
-0.047293
-0.016970
-0.074038
0.013776
-0.030446
-0.012154
-0.094512
-0.060883
-0.005967
-0.066399
0.049579
0.016086
0.088751
0.090904
-0.039777
-0.009245
0.011481
-0.002382
0.032258
0.014608
0.021683
-0.017525
0.040645
0.092630
0.033673
-0.022483
-0.103184
-0.045448
-0.074952
-0.034840
0.048727
0.087169
0.060595
-0.016563
0.031538
-0.029140
-0.073972
-0.003107
-0.073532
0.049411
0.061330
0.029727
0.088822
0.017906
0.039892
-0.011142
0.003941
0.045362
0.007030
0.000914
0.025722
0.049229
-0.000143
-0.019689
-0.028019
-0.045156
0.006932
0.019720
0.064759
0.027032
-0.030243
0.022179
0.066305
-0.041856
-0.100892
-0.097965
-0.108351
-0.101931
-0.032880
-0.047632
-0.030441
-0.044198
-0.033644
-0.016100
0.037722
0.107480
0.019391
0.041346
0.049282
0.033208
-0.018007
0.024892
0.101944
0.039690
0.041218
0.014723
0.099136
0.073708
0.001739
0.118688
0.064296
0.140851
0.075370
0.002882
0.008490
-0.009193
-0.116494
0.019259
0.041892
-0.072526
-0.066526
0.052309
0.102120
-0.026346
0.019492
0.122059
0.042900
0.087029
0.093370
0.042739
0.138517
0.100467
0.008291
0.012745
-0.048884
-0.035603
-0.018179
-0.032937
-0.002556
0.046434
0.000614
0.009473
0.004260
-0.091841
0.041890
-0.062078
0.024383
0.095336
-0.060366
-0.017632
0.084866
0.065397
0.013210
-0.062587
-0.020575
-0.093148
-0.101910
0.057721
-0.038401
-0.059581
-0.008368
-0.014040
-0.072479
-0.166116
-0.058948
-0.008552
-0.068022
-0.068104
-0.022136
-0.060859
-0.124873
-0.033662
0.015426
0.045553
-0.016070
-0.116239
-0.063515
0.002194
-0.001974
-0.133753
-0.041788
-0.039897
-0.013891
-0.043494
-0.119615
0.015168
0.047383
0.046294
0.045356
-0.025226
-0.094552
-0.110686
-0.023051
-0.070399
-0.084907
-0.019849
0.003182
0.060762
0.012507
-0.054987
0.000059
0.015794
-0.046313
-0.012421
-0.010813
-0.032315
0.039323
0.026248
0.074486
0.041207
0.072898
-0.016168
-0.066552
-0.003335
0.029292
0.024221
0.010954
-0.022565
-0.045071
-0.004081
-0.044339
-0.008830
-0.012247
-0.034439
0.027178
-0.015370
0.023775
-0.124783
-0.122529
-0.133503
-0.089773
-0.084437
0.041655
0.012408
0.004018
0.032997
-0.060594
0.023598
0.006482
-0.066714
0.015103
0.012815
-0.027645
0.048021
0.043488
0.025369
0.084497
0.042032
0.033752
0.031414
0.005078
-0.017714
-0.101434
-0.042295
0.006625
-0.042505
0.050657
0.074420
-0.049281
0.006271
0.022632
-0.065654
0.003079
0.013194
-0.042822
-0.067910
0.010458
-0.010609
-0.017482
0.011684
-0.116942
0.002705
-0.049432
-0.082947
0.064928
-0.021675
0.004502
-0.053604
-0.052969
-0.056811
-0.103660
0.025524
0.018721
-0.090813
0.003397
0.076670
0.008197
0.003336
-0.086506
0.038719
0.002835
0.036931
0.037718
-0.014531
-0.062642
-0.001569
0.072056
0.040533
-0.035128
0.014562
0.024878
0.033163
0.000603
0.088393
0.013889
-0.075827
0.026978
0.072854
0.003625
0.011017
0.016499
0.004662
0.014941
-0.000082
-0.032947
-0.037452
-0.019014
0.017099
0.053612
-0.018020
0.012563
0.012645
-0.003120
0.034674
-0.053294
0.007880
0.115228
0.092057
0.037764
0.044439
-0.045794
0.044031
0.014131
-0.031182
-0.020611
-0.071161
0.023673
0.024783
-0.050437
0.084771
0.013189
0.046820
0.048577
-0.036320
0.039214
0.035061
-0.059843
0.008693
-0.036652
-0.056678
0.054010
-0.051056
-0.025408
0.025356
0.057231
0.131549
0.015736
0.089634
0.122048
-0.062475
-0.027765
0.062290
-0.008126
0.023126
0.014589
0.052003
0.035386
0.006860
0.106259
0.102694
0.052025
-0.042096
-0.084340
-0.023361
0.002391
-0.007965
0.021364
0.069114
0.017325
-0.022799
-0.000200
-0.083725
-0.056277
-0.008946
-0.009274
-0.004632
0.072779
0.029193
-0.030775
0.002429
-0.002102
-0.028947
0.001024
-0.024747
-0.081099
-0.054540
0.041143
-0.087658
-0.075730
-0.008722
0.095235
0.036546
0.021271
0.129782
0.022918
-0.057059
-0.064719
-0.029586
-0.008246
-0.053935
0.002252
-0.062166
0.031922
-0.017269
-0.072200
-0.001140
0.032950
0.055458
0.017590
0.019904
0.054621
-0.049119
-0.056218
0.031721
-0.030861
0.014952
-0.032509
0.026446
0.016650
0.011241
0.004495
-0.019629
0.024837
0.062010
0.085165
0.079232
0.064399
0.098297
0.075430
0.078912
0.092079
0.050820
-0.029363
0.022590
-0.024257
-0.063497
-0.007826
-0.032997
-0.055106
-0.085324
-0.050083
-0.102583
-0.000546
-0.030387
-0.035805
0.009672
-0.037429
0.037465
0.047662
-0.059423
0.060972
0.019979
-0.082495
-0.093574
-0.051832
-0.029387
-0.043231
0.013421
0.053206
0.016329
0.055601
-0.051927
-0.076343
-0.126069
-0.037109
0.063768
-0.097983
-0.020900
0.036875
-0.015082
-0.034105
-0.136044
-0.065269
0.021743
-0.025575
0.140148
0.048878
-0.002515
0.004592
-0.052914
-0.055287
0.002582
-0.019982
-0.015508
0.055642
-0.040655
-0.032184
-0.046849
-0.069720
0.044558
-0.048937
-0.048070
-0.027005
-0.025129
-0.006584
-0.015901
0.001774
0.027402
-0.096725
-0.014718
0.010255
-0.077148
0.039169
0.032705
0.012219
0.041295
0.011072
-0.063338
0.044055
-0.001833
-0.001958
-0.027517
-0.023948
-0.002947
-0.021131
-0.031775
-0.033429
0.039668
0.090188
0.045965
0.033858
0.023049
0.030787
0.069838
0.020307
0.049674
0.023080
-0.016630
-0.011723
-0.024283
0.030308
0.084195
0.077606
0.126022
0.095942
0.044894
-0.041063
-0.115924
-0.020276
-0.027238
-0.040307
-0.026410
-0.073658
-0.018700
-0.067741
-0.047440
-0.023083
-0.006264
0.040150
-0.057180
-0.060067
0.023969
0.012709
-0.002825
-0.030546
-0.008811
0.017581
-0.083958
0.021390
-0.001510
-0.024806
-0.039248
-0.088632
-0.032038
-0.039368
-0.028230
0.086059
0.065506
0.036633
0.070994
-0.010505
0.013848
0.071565
0.060118
0.004969
0.041109
0.025809
-0.052486
0.003926
-0.021761
-0.010914
0.043054
0.020146
-0.035136
-0.074547
0.015463
0.077942
0.047557
-0.000532
0.026169
-0.022930
0.082321
0.124251
0.060346
0.063133
-0.046006
0.027736
0.087785
0.058410
-0.007351
0.024125
0.050010
-0.018418
-0.049920
0.032448
-0.017424
0.020890
0.034927
0.052865
0.009449
-0.046863
0.063145
-0.091823
-0.087053
-0.000613
-0.028794
-0.124798
0.008092
-0.006324
-0.003101
-0.014742
-0.013292
-0.034576
-0.000266
-0.034733
0.006646
-0.044434
-0.061735
-0.000848
0.116263
0.080337
0.002977
-0.058376
0.083888
0.114914
-0.025736
0.049180
-0.045796
0.018242
0.013078
0.018013
0.092247
-0.002757
-0.007140
0.004670
0.012616
0.086522
-0.063438
-0.025423
0.101980
-0.003812
-0.071976
0.059294
0.033298
0.004870
0.023177
-0.036988
-0.038235
0.041835
-0.074787
-0.057075
0.009901
-0.038578
-0.039093
0.029932
0.004035
0.034722
0.051568
0.048691
0.067963
0.008229
-0.054005
-0.057442
-0.014146
0.044267
-0.031933
-0.020110
-0.003412
-0.096099
0.037827
0.031587
-0.080195
-0.092817
-0.060440
-0.046616
-0.011273
-0.041427
-0.080594
-0.016907
-0.029898
0.012369
0.065710
0.012522
-0.006732
0.035267
-0.012236
0.073019
0.013057
0.002649
0.085373
-0.072525
0.006797
0.057105
0.004601
0.049980
0.035386
0.021144
0.012821
0.023688
-0.007446
0.020683
-0.002576
-0.030871
-0.000384
0.019876
0.068903
-0.021187
-0.016717
-0.002960
0.058687
0.067397
-0.008550
0.052539
0.083563
0.034002
-0.047801
0.009219
-0.055126
-0.122239
0.022755
0.056700
0.025410
0.083666
0.072442
0.024141
0.040558
0.055024
-0.045062
-0.048839
-0.110872
-0.016560
0.043527
0.023198
-0.005103
-0.053828
-0.123786
0.013849
-0.001237
-0.014943
0.032930
-0.026845
-0.072661
-0.015257
-0.038181
0.032991
0.024008
-0.038593
0.054989
0.028147
-0.012557
0.044540
-0.001199
0.062409
0.122486
0.063676
0.010532
0.026844
0.058592
0.072959
0.038560
0.038868
0.022791
-0.039417
0.005849
-0.024423
-0.059039
0.020016
-0.022074
-0.042931
0.054260
0.056276
-0.029946
-0.016491
0.011503
0.064167
0.034686
-0.031932
0.036914
0.042470
0.030031
0.031131
0.012537
-0.010608
0.011797
-0.085741
-0.097629
-0.007417
0.013789
-0.002563
0.015622
0.001435
-0.004685
0.007733
0.021392
-0.003848
0.034339
0.023898
-0.019185
-0.001569
-0.032558
0.070978
0.009816
-0.006888
-0.122512
-0.100954
0.004372
-0.037287
0.059016
-0.017911
-0.032041
-0.053711
-0.023175
0.046374
0.043498
-0.036833
-0.000535
0.063935
-0.037551
0.065662
0.058134
0.034868
-0.032224
0.027247
0.017092
-0.003892
0.104159
0.051711
0.076164
0.068628
0.006655
0.008357
0.048902
-0.037344
-0.084210
-0.011562
0.034900
0.041929
-0.017136
-0.067116
0.022525
-0.037014
0.043430
0.078902
0.068996
-0.005774
0.031090
0.091795
0.037627
0.077831
0.042438
0.050634
0.028835
-0.096415
0.013532
0.080556
-0.092471
-0.085704
-0.015219
-0.156799
-0.066987
-0.038839
-0.090604
-0.000739
-0.011058
-0.043602
0.035401
-0.021918
-0.022849
0.060303
-0.071477
-0.063995
-0.004982
-0.001779
0.003309
0.001947
0.051156
0.014324
-0.017634
-0.032825
0.038930
-0.059856
-0.081617
-0.070901
-0.002981
-0.050938
-0.096571
-0.078552
-0.033911
-0.002090
-0.025896
0.005838
-0.001804
0.100788
0.022053
0.014360
0.034306
0.081030
-0.044632
0.026883
0.040140
0.014624
-0.017434
-0.003261
0.009039
-0.036630
-0.057009
-0.012937
0.030409
0.003316
-0.006820
-0.002553
0.021750
0.028559
0.060552
0.013860
0.039327
0.032647
-0.042953
0.013512
-0.002985
0.042570
-0.058257
-0.037955
-0.053735
-0.022584
0.008447
-0.000532
0.017209
0.035652
0.034269
0.097657
0.081329
0.063737
0.103553
0.026405
-0.028761
0.021582
0.032967
-0.016846
0.042655
0.007881
-0.065183
-0.125445
0.018384
0.123927
0.071495
0.023888
-0.027308
0.021792
0.028154
-0.005343
0.000679
0.043460
0.109814
0.070585
-0.085346
0.032127
-0.022554
-0.040956
-0.049193
-0.008776
-0.022982
0.049187
0.011287
0.045205
0.055652
0.056465
0.014169
0.044653
-0.023516
0.002898
0.006131
0.006046
-0.022000
-0.126180
-0.082502
-0.111184
-0.073427
-0.044929
-0.050150
0.013203
-0.084808
-0.073140
0.025963
-0.029125
-0.042181
0.026533
0.037164
0.025527
0.007795
0.011665
-0.005255
0.030078
0.040828
0.010149
0.063063
0.099081
0.004040
0.015348
0.026763
-0.035228
0.028709
0.068399
-0.015424
0.060577
0.041705
0.064949
0.075695
-0.024216
-0.022781
0.027813
0.022627
0.055024
0.038456
-0.077842
-0.015048
-0.007041
0.004602
-0.007207
-0.041915
-0.010759
0.006636
-0.034944
0.024569
-0.084414
-0.008358
-0.068984
0.003795
-0.052479
-0.013942
0.061780
0.000663
-0.004688
-0.086467
-0.024832
0.026176
-0.008656
0.021977
0.037473
0.035443
-0.012969
-0.075873
-0.019670
-0.036196
0.020472
-0.045853
-0.027312
0.019379
-0.092950
0.032073
-0.041944
0.061877
0.080065
0.046682
0.114141
0.059739
-0.026793
0.037827
0.078686
0.007918
0.041039
-0.019414
0.043361
0.014764
0.046403
-0.020642
0.025344
-0.013147
-0.015572
0.054948
-0.014624
-0.053944
-0.030846
0.002703
-0.108938
-0.081793
0.010855
-0.033802
0.009904
0.030552
-0.058852
-0.056569
0.026223
-0.016696
0.061918
0.133244
-0.004997
-0.037686
0.040089
-0.010796
-0.004394
0.030577
0.066671
-0.062035
-0.052217
-0.068861
-0.104818
-0.066469
-0.032708
-0.033500
0.024282
0.011797
-0.069472
-0.028010
-0.035908
-0.030127
-0.101090
-0.102552
-0.031580
-0.093191
0.005624
0.076195
-0.037523
0.056585
0.014881
-0.042345
0.001252
0.088565
0.007366
-0.011602
0.058029
0.142600
0.028148
0.008930
0.086973
-0.016561
-0.028603
-0.005643
0.012801
0.002261
-0.026777
-0.049792
-0.039737
-0.000937
0.013461
-0.043018
-0.060940
-0.012404
-0.059222
-0.015103
-0.010189
-0.074478
-0.050697
-0.030281
-0.055496
-0.079121
0.000606
-0.011231
-0.026203
0.024818
0.033928
0.038556
0.000717
-0.039882
0.027057
-0.010111
-0.016727
0.041746
0.103445
0.008199
0.104817
0.012316
-0.058293
-0.004405
0.008071
0.059708
-0.005271
0.048830
0.064604
-0.028705
0.032771
-0.044607
0.061245
-0.082405
-0.026348
0.006641
-0.034358
0.092703
-0.042254
0.018425
0.041260
0.024505
0.051358
0.064720
-0.050917
0.085898
0.032564
0.002696
0.006008
-0.006835
0.003799
-0.079767
-0.065016
0.008423
-0.045682
-0.027264
-0.028866
-0.126068
-0.054444
0.005961
0.009375
-0.000111
0.014379
0.004270
0.002840
0.016358
-0.019900
-0.078932
0.006077
-0.041538
-0.059457
-0.049553
-0.002091
-0.037351
-0.098839
0.015426
-0.010281
0.001553
0.022134
0.012250
-0.059907
0.059590
0.061134
0.004188
-0.025903
0.000027
0.007973
0.043565
0.000485
-0.042663
-0.014144
0.014337
-0.068364
-0.104209
0.013885
0.042137
-0.036356
-0.062538
-0.025105
0.003004
-0.141406
-0.074825
0.020289
-0.035082
0.009919
0.001559
-0.107072
0.023253
-0.033226
-0.088222
0.009220
-0.012091
0.023179
0.091178
0.042404
0.007718
-0.045243
-0.071873
0.063933
0.047141
0.038202
0.169616
0.052234
0.069140
0.058087
0.056178
-0.019472
0.016224
0.080083
0.066549
0.032174
-0.052662
0.004507
-0.054686
-0.011867
0.026582
0.050274
-0.010107
0.003443
-0.004569
-0.004481
-0.008369
-0.027850
-0.050564
0.044006
-0.042576
-0.005038
0.069100
0.084581
0.012492
0.056598
-0.008852
0.077872
0.001460
-0.068020
-0.024264
-0.088423
-0.024004
0.004086
-0.062635
-0.017424
0.026259
-0.040343
-0.039142
0.041202
0.029099
0.045895
0.094812
-0.008925
0.020037
0.021232
-0.126636
0.009308
0.045951
-0.002438
-0.046495
0.036274
-0.068954
-0.038136
-0.014971
0.011648
-0.013770
-0.019428
0.062613
-0.013080
-0.078816
-0.106720
-0.038691
0.005551
-0.081320
-0.033450
-0.034256
0.047547
0.012663
-0.015430
0.034264
0.061148
0.034203
0.014811
-0.002849
-0.063662
-0.096488
-0.025827
-0.014652
0.075120
0.087814
0.016795
-0.025414
-0.074109
-0.037053
0.003207
-0.105796
-0.104605
-0.009092
-0.058250
-0.014640
0.013457
0.006020
-0.087390
-0.072773
0.007686
-0.001761
-0.008931
-0.023475
-0.002238
-0.112764
-0.045389
-0.016764
-0.003963
0.024394
-0.084070
0.043884
-0.008969
-0.106646
-0.017723
-0.008139
-0.020487
-0.014277
-0.005153
-0.075695
-0.027192
-0.169068
-0.022634
-0.041422
-0.076122
0.050705
0.034229
0.004032
0.021686
-0.006124
0.064905
0.007420
0.018105
-0.005663
0.002340
0.062991
0.039904
-0.051274
0.000618
-0.005249
-0.044677
-0.020687
-0.018485
0.084102
0.021250
0.028366
0.006456
0.017309
-0.016031
-0.024270
0.070866
-0.030996
-0.100029
0.002179
0.062158
0.053137
-0.026877
-0.048299
-0.047908
-0.021078
0.016829
-0.014815
0.074470
0.074112
0.015674
0.004406
0.017261
-0.029651
0.034832
0.025719
0.012471
0.004594
0.008308
0.021532
-0.024405
-0.013657
-0.118899
0.021448
-0.006045
-0.011935
-0.084874
0.018066
0.031024
0.004310
0.080060
-0.095897
-0.091661
-0.016181
-0.032444
-0.039952
-0.041515
-0.008913
0.010056
-0.037923
-0.034172
0.005647
-0.066590
-0.090387
-0.012960
0.030563
0.021875
0.040113
-0.089099
-0.011633
-0.015438
-0.135906
-0.060392
-0.007352
-0.084641
-0.064848
-0.004721
-0.091142
0.020889
0.002583
0.087032
-0.017835
-0.029895
-0.028319
0.036262
0.015422
-0.033308
0.022707
0.001588
-0.008000
0.055601
-0.005633
-0.016677
0.140253
0.019707
-0.022298
0.090030
-0.005515
0.019566
0.012566
0.004549
0.051503
0.029145
0.057802
0.058959
-0.003443
-0.032378
0.016519
0.058921
-0.041847
0.015202
0.032154
-0.042332
0.011951
-0.051667
0.073673
-0.020686
-0.022443
0.020809
-0.056113
0.003777
0.005469
0.046036
0.052087
-0.033663
0.018819
0.011682
0.050990
0.037499
-0.009589
0.069332
0.038457
-0.035894
0.049780
-0.046457
-0.112560
0.069121
0.072827
0.073919
0.066119
0.073010
0.064189
0.066449
0.039388
0.045935
0.084285
0.060669
0.051728
0.068185
0.013631
-0.033096
0.000143
-0.058459
0.044309
0.035222
-0.050377
0.000092
0.005870
0.065041
0.048142
-0.016803
0.120068
0.058351
-0.000471
-0.002896
0.003677
0.061920
0.009685
0.044646
0.044100
0.021320
0.093342
0.077560
0.047182
0.005223
-0.071593
-0.064570
0.073916
0.028740
-0.016675
0.094163
-0.012191
-0.056661
0.002288
0.002855
0.101400
0.010037
-0.059775
-0.027591
-0.031120
-0.009839
-0.017770
-0.017296
0.032630
-0.047046
-0.017622
-0.050151
0.015550
0.012130
0.052890
-0.020287
-0.022714
0.014803
0.027683
-0.057284
-0.023368
0.007576
0.036795
0.016467
-0.060942
-0.031580
-0.024919
0.058833
-0.005245
0.008820
-0.035820
0.030590
0.084808
-0.037631
0.012570
0.037508
-0.012047
-0.001379
-0.057981
0.017263
0.018766
0.028502
0.075703
-0.031455
0.015320
0.017977
0.047985
-0.030956
0.003634
0.056240
-0.076985
0.054866
0.071667
-0.039801
0.009859
0.002776
0.035555
0.027909
-0.020387
-0.049145
-0.039172
-0.041725
0.000555
0.048689
0.011488
0.026224
0.067648
-0.041148
0.043091
0.138800
0.008313
-0.064775
-0.044500
-0.029540
0.034800
-0.100588
-0.021441
0.049205
-0.083744
0.018503
0.015022
0.026117
0.055860
-0.064507
0.019720
0.057221
-0.016651
-0.073049
-0.023773
0.097769
0.008575
0.050801
0.071838
-0.031586
0.035025
0.086799
0.036081
0.003842
-0.092147
0.034176
-0.019159
0.045873
-0.016184
-0.006159
-0.013793
-0.058501
-0.028930
-0.113856
0.011316
0.015017
0.007906
-0.048213
0.076536
-0.023750
-0.069681
0.016873
0.018008
0.126302
0.078839
0.051131
0.009034
-0.037765
-0.037979
-0.003432
-0.047809
0.003584
0.063048
-0.030654
-0.061176
-0.051883
0.005246
0.041909
-0.058701
0.016494
0.053348
-0.035823
0.002857
0.064306
0.013125
-0.010825
0.006259
0.033576
0.074962
0.001316
-0.015865
0.020718
0.002696
0.018538
0.109064
-0.042901
-0.038634
-0.025318
-0.059806
0.015604
-0.004017
-0.086690
0.031546
0.027086
-0.059237
-0.037113
0.062510
0.067423
0.010524
0.088093
0.063068
-0.011882
-0.013450
-0.038169
0.000891
0.056158
0.029339
0.036201
0.028421
-0.078186
-0.119209
-0.001244
0.048500
0.015249
0.082667
0.143752
-0.005603
-0.015114
0.048721
-0.007245
-0.007208
0.019770
-0.000968
-0.002292
-0.123291
-0.070904
-0.016325
-0.049081
-0.073694
-0.018593
-0.050220
-0.014157
-0.100729
-0.053800
0.028367
-0.051563
-0.020877
0.043703
0.025595
0.107270
0.046848
0.061427
0.088520
0.013505
0.040049
0.082437
0.028134
0.070666
0.035638
-0.030680
0.047794
0.059034
0.003429
0.093108
0.006102
0.049371
-0.066446
-0.073089
-0.012782
-0.030548
-0.001799
0.008886
-0.027242
-0.007284
0.043667
-0.039169
-0.048001
0.038845
0.032518
0.087063
0.016887
0.046438
0.088696
-0.018837
0.020405
-0.056724
0.076506
-0.028263
-0.104685
-0.036798
-0.023037
0.064887
0.054217
-0.018465
0.026986
0.014358
0.051867
0.070704
-0.037491
0.020850
-0.064124
0.006979
