0	39.629691
50	2.008485
100	0.569096
150	0.320753
200	0.352571
250	0.063207
300	0.023421
350	-0.032096
400	0.279364
450	0.040216
500	0.115400
550	0.046990
600	0.075594
650	0.063340
700	-0.137049
750	0.392245
800	0.206825
850	-0.027215
900	0.122737
950	0.065039
1000	0.195398
1050	-0.013869
1100	0.244567
1150	0.279640
1200	0.113424
1250	-0.016835
1300	0.045046
1350	0.226197
1400	0.317360
1450	-0.055670
1500	0.025801
1550	0.088616
1600	-0.145968
1650	-0.009472
1700	0.057243
1750	0.047373
1800	0.032396
1850	0.084079
1900	0.032445
1950	-0.100081
2000	0.353385
2050	-0.092651
2100	-0.021955
2150	-0.003323
2200	0.121141
2250	0.061460
2300	0.032353
2350	0.051595
2400	0.057499
2450	-0.059270
2500	0.205792
2550	0.278102
2600	0.181123
2650	0.078125
2700	0.060043
2750	0.038251
2800	0.080410
2850	0.024254
2900	-0.094966
2950	-0.076962
3000	-0.146750
3050	-0.138847
3100	-0.235342
3150	0.157804
3200	0.029810
3250	-0.053057
3300	0.007904
3350	-0.181178
3400	-0.346114
3450	-0.024320
3500	-0.013920
3550	0.107254
3600	-0.109359
3650	0.049807
3700	0.090092
3750	0.146362
3800	0.065791
3850	0.011163
3900	0.064233
3950	0.084479
4000	-0.101632
4050	-0.009037
4100	0.049364
4150	0.081998
4200	-0.182677
4250	0.134930
4300	0.084171
4350	0.060069
4400	-0.020271
4450	0.038952
4500	0.171340
4550	-0.255212
4600	0.024121
4650	0.371102
4700	0.151054
4750	0.173711
4800	0.083648
4850	0.233421
4900	0.052107
4950	0.243032
5000	-0.264387
5050	0.147456
5100	-0.033653
5150	-0.187241
5200	-0.082990
5250	-0.062075
5300	0.084799
5350	-0.164114
5400	0.033250
5450	-0.041706
5500	0.082744
5550	0.172691
5600	0.101329
5650	-0.116175
5700	0.103391
5750	0.054727
5800	0.078063
5850	0.014850
5900	-0.071273
5950	0.105593
6000	0.110870
6050	0.100608
6100	-0.203169
6150	0.042819
6200	0.363375
6250	-0.168621
6300	0.082566
6350	0.038970
6400	-0.217485
6450	-0.032001
6500	0.087743
6550	-0.065571
6600	-0.089139
6650	-0.169501
6700	0.015530
6750	0.064136
6800	-0.004050
6850	0.048568
6900	-0.104854
6950	-0.139356
7000	-0.006269
7050	-0.076438
7100	-0.106461
7150	0.003597
7200	-0.057768
7250	0.094186
7300	-0.102409
7350	-0.052672
7400	-0.036278
7450	0.071306
7500	0.156949
7550	0.119854
7600	-0.015270
7650	0.313981
7700	-0.082313
7750	0.081442
7800	-0.048971
7850	0.277961
7900	0.132089
7950	-0.205183
8000	-0.006308
8050	0.082292
8100	0.124271
8150	0.006658
8200	-0.115755
8250	0.061061
8300	0.216721
8350	0.084200
8400	0.211974
8450	0.162170
8500	-0.094813
8550	0.311972
8600	0.061409
8650	-0.148171
8700	0.137251
8750	-0.139751
8800	-0.142018
8850	0.021725
8900	0.171983
8950	0.122344
9000	-0.129752
9050	0.045943
9100	0.115084
9150	-0.000253
9200	-0.012901
9250	-0.124630
9300	-0.113973
9350	-0.010843
9400	0.124491
9450	0.006510
9500	0.154512
9550	-0.093101
9600	0.057250
9650	0.226084
9700	0.017770
9750	0.059388
9800	-0.016620
9850	0.047028
9900	-0.157111
9950	-0.088575
10000	0.059679
10050	0.045232
10100	0.041526
10150	-0.051877
10200	0.013825
10250	-0.136955
10300	-0.218975
10350	0.261623
10400	0.110681
10450	0.146823
10500	-0.079588
10550	0.112856
10600	-0.256705
10650	0.068238
10700	-0.006993
10750	-0.061815
10800	0.124925
10850	0.032128
10900	-0.153266
10950	-0.120694
11000	0.107328
11050	0.078422
11100	0.049437
11150	0.091157
11200	-0.083334
11250	0.065336
11300	0.124334
11350	0.167545
11400	-0.007295
11450	0.154334
11500	-0.029405
11550	-0.044346
11600	-0.008529
11650	0.276283
11700	0.147549
11750	-0.096018
11800	0.057883
11850	0.017809
11900	0.236338
11950	0.192744
12000	0.071130
12050	-0.068219
12100	0.136832
12150	0.120895
12200	0.028200
12250	0.072155
12300	0.111967
12350	0.126621
12400	0.230033
12450	-0.089417
12500	0.008135
12550	-0.037180
12600	-0.184322
12650	-0.098881
12700	-0.030598
12750	-0.127338
12800	0.148568
12850	0.009328
12900	-0.014098
12950	0.096290
13000	-0.079668
13050	0.009933
13100	-0.058961
13150	0.102391
13200	0.092609
13250	0.020817
13300	-0.044041
13350	-0.148966
13400	-0.115055
13450	0.011629
13500	0.082309
13550	-0.156531
13600	-0.052763
13650	-0.153460
13700	-0.109748
13750	0.078133
13800	-0.032246
13850	-0.047071
13900	0.083186
13950	0.224533
14000	-0.010383
14050	0.215400
14100	0.042660
14150	0.053727
14200	0.026254
14250	0.197019
14300	-0.076142
14350	-0.029946
14400	0.153406
14450	0.174917
14500	0.100551
14550	-0.179440
14600	0.175974
14650	0.024386
14700	0.096149
14750	-0.075542
14800	-0.072974
14850	0.025395
14900	-0.088583
14950	-0.153785
15000	0.013178
15050	-0.113630
15100	-0.005816
15150	0.068020
15200	-0.143415
15250	-0.022187
15300	0.212668
15350	-0.052272
15400	0.071164
15450	-0.168115
15500	0.185089
15550	0.082010
15600	0.129050
15650	-0.060025
15700	-0.186108
15750	0.095852
15800	0.134734
15850	-0.029073
15900	0.165138
15950	0.309165
16000	0.041966
16050	-0.149884
16100	0.066188
16150	0.259368
16200	0.070644
16250	0.176038
16300	0.012740
16350	0.069906
16400	0.267728
16450	0.059292
16500	0.057213
16550	0.182036
16600	0.039909
16650	-0.095843
16700	0.047042
16750	0.209587
16800	-0.153828
16850	0.112462
16900	0.014703
16950	0.013772
17000	0.036541
17050	-0.070330
17100	-0.110860
17150	0.045092
17200	0.083205
17250	-0.152407
17300	0.063598
17350	-0.013116
17400	0.063861
17450	-0.192645
17500	0.151146
17550	0.083840
17600	0.069445
17650	0.041442
17700	0.028244
17750	-0.051502
17800	-0.094554
17850	-0.026515
17900	-0.267480
17950	0.011934
18000	-0.001734
18050	-0.041124
18100	0.027469
18150	-0.178484
18200	-0.187456
18250	-0.069949
18300	-0.099570
18350	0.070278
18400	0.031935
18450	-0.126152
18500	-0.030908
18550	0.105178
18600	0.134803
18650	0.096625
18700	0.004114
18750	0.312173
18800	0.093833
18850	-0.070554
18900	0.037848
18950	0.011231
19000	-0.125782
19050	-0.080801
19100	-0.028014
19150	-0.083689
19200	0.155805
19250	-0.013484
19300	-0.040681
19350	-0.185826
19400	-0.019551
19450	-0.211020
19500	-0.178964
19550	0.087739
19600	0.057410
19650	-0.199017
19700	-0.068228
19750	0.095366
19800	-0.069997
19850	-0.021996
19900	0.171266
19950	0.170214
20000	-0.097958
20050	-0.149479
20100	0.027538
20150	-0.122747
20200	-0.020457
20250	0.119575
20300	-0.006124
20350	0.075776
20400	-0.172501
20450	0.063641
20500	0.132200
20550	-0.017650
20600	0.017309
20650	-0.074154
20700	-0.045851
20750	-0.079720
20800	0.037482
20850	0.153975
20900	-0.197355
20950	-0.165663
21000	-0.135439
21050	0.016843
21100	-0.035154
21150	0.035271
21200	0.126323
21250	-0.011974
21300	0.439059
21350	0.113871
21400	-0.062625
21450	0.123311
21500	0.010298
21550	0.166472
21600	0.085165
21650	0.060825
21700	0.136780
21750	0.152307
21800	0.092534
21850	0.021229
21900	-0.065598
21950	0.105578
22000	-0.016339
22050	0.045189
22100	0.041399
22150	0.268748
22200	0.183258
22250	-0.212843
22300	-0.037879
22350	0.227867
22400	0.040122
22450	0.056000
22500	0.204478
22550	-0.060090
22600	-0.108472
22650	0.194182
22700	0.025376
22750	0.058080
22800	0.141770
22850	-0.158690
22900	-0.197079
22950	-0.126125
23000	0.044643
23050	0.010615
23100	0.149544
23150	-0.007701
23200	0.049970
23250	0.072754
23300	-0.020177
23350	0.089203
23400	0.068997
23450	0.260480
23500	-0.060305
23550	-0.085359
23600	0.065082
23650	-0.068933
23700	-0.118606
23750	-0.125770
23800	0.084491
23850	0.245517
23900	0.081795
23950	0.145095
24000	-0.114835
24050	0.165231
24100	-0.174888
24150	-0.096513
24200	-0.144485
24250	0.030202
24300	-0.108117
24350	-0.141429
24400	-0.055786
24450	-0.047874
24500	0.090492
24550	0.054114
24600	-0.026914
24650	-0.053222
24700	0.215749
24750	0.077989
24800	-0.063501
24850	0.100479
24900	0.085947
24950	-0.099932
25000	-0.047362
25050	-0.039322
25100	-0.040069
25150	0.072805
25200	-0.074222
25250	0.064349
25300	0.020266
25350	-0.091152
25400	0.231777
25450	-0.167649
25500	0.040243
25550	0.073041
25600	-0.000650
25650	-0.148388
25700	-0.126196
25750	-0.084529
25800	-0.110288
25850	0.078646
25900	0.103522
25950	0.141000
26000	0.015163
26050	0.039674
26100	0.161276
26150	-0.054191
26200	0.062049
26250	-0.186948
26300	0.019758
26350	0.040415
26400	0.209271
26450	-0.107905
26500	0.002977
26550	0.013623
26600	0.277396
26650	0.125138
26700	0.034582
26750	-0.020863
26800	-0.120876
26850	-0.124053
26900	-0.123125
26950	0.095140
27000	0.130519
27050	-0.032676
27100	0.115495
27150	0.038699
27200	-0.155339
27250	0.202539
27300	-0.166440
27350	-0.041282
27400	0.042946
27450	-0.007475
27500	0.049597
27550	-0.110837
27600	-0.035668
27650	0.252328
27700	0.172640
27750	0.075031
27800	-0.003747
27850	-0.031600
27900	-0.053269
27950	0.075184
28000	0.044276
28050	-0.038578
28100	-0.028015
28150	0.130912
28200	-0.037446
28250	-0.097059
28300	0.298361
28350	0.052500
28400	0.145123
28450	0.049951
28500	0.288798
28550	0.050323
28600	-0.102071
28650	0.093399
28700	-0.105690
28750	0.074815
28800	-0.061585
28850	-0.076537
28900	-0.058870
28950	0.190367
29000	-0.174155
29050	0.192012
29100	0.211581
29150	-0.129153
29200	0.078460
29250	-0.161720
29300	0.124689
29350	0.042895
29400	0.072064
29450	0.142601
29500	0.051564
29550	0.088529
29600	0.098445
29650	0.100154
29700	0.082954
29750	0.127928
29800	-0.010256
29850	0.244675
29900	0.215112
29950	0.283702
30000	0.057491
30050	0.022539
30100	-0.009848
30150	-0.087325
30200	0.035355
30250	0.144311
30300	0.181253
30350	0.241594
30400	0.091904
30450	0.038183
30500	-0.170483
30550	-0.020074
30600	0.094038
30650	0.238260
30700	-0.016240
30750	0.184055
30800	-0.024047
30850	-0.114811
30900	0.082179
30950	0.289881
31000	-0.013898
31050	0.152449
31100	0.265971
31150	0.069004
31200	-0.017590
31250	0.331851
31300	-0.145479
31350	0.089355
31400	0.101381
31450	0.008465
31500	0.126906
31550	0.074753
31600	0.008450
31650	0.104096
31700	0.029793
31750	0.027542
31800	0.089988
31850	-0.265117
31900	0.020948
31950	-0.041091
32000	-0.068393
32050	-0.179150
32100	0.001487
32150	0.131428
32200	-0.084454
32250	0.073406
32300	0.011583
32350	-0.070297
32400	-0.054868
32450	0.069505
32500	0.146817
32550	0.216781
32600	0.213314
32650	-0.126992
32700	-0.178018
32750	-0.153766
32800	-0.085702
32850	-0.232481
32900	-0.040520
32950	0.170587
33000	-0.041332
33050	-0.158881
33100	-0.094576
33150	0.054562
33200	-0.047235
33250	-0.084944
33300	-0.019380
33350	-0.113347
33400	0.020167
33450	0.166855
33500	-0.024844
33550	0.082628
33600	0.026462
33650	0.003038
33700	0.082222
33750	-0.088555
33800	-0.117425
33850	0.091857
33900	0.022354
33950	0.212663
34000	0.143137
34050	0.052694
34100	0.140492
34150	0.218608
34200	0.033237
34250	0.034674
34300	0.075470
34350	0.017443
34400	0.059259
34450	-0.099578
34500	0.262815
34550	0.109143
34600	-0.029314
34650	0.160571
34700	-0.008677
34750	0.043391
34800	0.088602
34850	0.014258
34900	-0.093420
34950	0.076487
35000	0.268119
35050	-0.187195
35100	0.197921
35150	-0.012284
35200	0.105363
35250	-0.176582
35300	-0.099587
35350	0.040952
35400	-0.026847
35450	0.035340
35500	-0.068752
35550	0.032911
35600	0.029262
35650	0.038507
35700	0.035372
35750	0.111794
35800	0.037473
35850	0.005960
35900	-0.044104
35950	0.147578
36000	-0.104255
36050	0.089252
36100	0.059495
36150	0.103725
36200	-0.111693
36250	0.075540
36300	0.014557
36350	-0.049082
36400	0.126275
36450	-0.161500
36500	-0.025384
36550	0.055297
36600	-0.022346
36650	-0.244467
36700	0.038715
36750	-0.137596
36800	-0.148941
36850	-0.000905
36900	-0.137870
36950	-0.358392
37000	0.008684
37050	0.179670
37100	0.180373
37150	0.052638
37200	-0.007350
37250	0.157707
37300	0.064249
37350	0.133797
37400	-0.057326
37450	0.138217
37500	-0.105259
37550	0.048661
37600	0.077028
37650	0.032462
37700	-0.057721
37750	-0.126696
37800	0.130565
37850	0.168891
37900	0.110908
37950	0.088248
38000	-0.112234
38050	-0.092917
38100	0.092380
38150	0.071647
38200	-0.163112
38250	-0.054282
38300	0.046902
38350	-0.046773
38400	-0.119218
38450	0.058778
38500	-0.080121
38550	0.135441
38600	-0.064824
38650	0.046157
38700	0.151531
38750	0.113610
38800	0.141077
38850	-0.161351
38900	-0.130793
38950	0.016087
39000	-0.011470
39050	-0.005165
39100	-0.088754
39150	0.162893
39200	-0.093422
39250	-0.077569
39300	-0.063199
39350	-0.084604
39400	-0.232056
39450	0.076289
39500	-0.008932
39550	-0.001436
39600	0.085150
39650	0.031188
39700	-0.195236
39750	0.041755
39800	0.123778
39850	-0.103008
39900	-0.097860
39950	0.091679
40000	0.078548
40050	0.155081
40100	0.160312
40150	-0.028807
40200	0.130527
40250	0.146751
40300	0.003733
40350	0.044388
40400	-0.053176
40450	-0.017793
40500	-0.029876
40550	-0.077628
40600	0.031086
40650	0.015314
40700	0.110630
40750	0.033590
40800	0.047789
40850	-0.092860
40900	0.066407
40950	0.012961
41000	0.139300
41050	-0.054296
41100	0.235595
41150	0.022656
41200	0.126057
41250	-0.018361
41300	-0.060122
41350	-0.105582
41400	-0.003215
41450	-0.031964
41500	0.022068
41550	0.084355
41600	-0.015721
41650	0.067580
41700	0.133509
41750	0.012458
41800	-0.102845
41850	-0.028073
41900	-0.086501
41950	-0.208878
42000	0.120049
42050	0.233952
42100	0.287236
42150	-0.035824
42200	0.024712
42250	0.138238
42300	0.043357
42350	-0.055275
42400	0.038082
42450	-0.027857
42500	-0.118178
42550	-0.003675
42600	0.100365
42650	0.036406
42700	-0.140585
42750	-0.044783
42800	-0.226705
42850	0.096834
42900	-0.093489
42950	-0.114882
43000	0.051006
43050	0.198925
43100	-0.127481
43150	-0.039445
43200	-0.132365
43250	-0.066644
43300	0.100426
43350	0.037785
43400	0.071789
43450	0.101418
43500	-0.021595
43550	0.029961
43600	0.029761
43650	-0.011908
43700	0.208438
43750	0.084657
43800	-0.018798
43850	0.068348
43900	-0.031317
43950	0.233043
44000	0.138734
44050	-0.150455
44100	-0.018948
44150	-0.085265
44200	0.023610
44250	0.100355
44300	0.072754
44350	0.008613
44400	0.141782
44450	-0.184695
44500	-0.031453
44550	0.057517
44600	-0.094799
44650	-0.021910
44700	0.010142
44750	0.031258
44800	0.041701
44850	0.297494
44900	0.015731
44950	0.048901
45000	-0.211740
45050	-0.102924
45100	0.010828
45150	0.291709
45200	-0.016141
45250	0.094981
45300	-0.078796
45350	0.182255
45400	-0.134749
45450	0.075811
45500	0.175792
45550	0.207329
45600	-0.035937
45650	0.074792
45700	0.030996
45750	-0.111360
45800	-0.027297
45850	0.106129
45900	0.077753
45950	-0.081355
46000	-0.067868
46050	0.045583
46100	-0.151267
46150	0.046992
46200	0.078357
46250	-0.040373
46300	-0.082277
46350	-0.161369
46400	0.185467
46450	-0.067958
46500	-0.123210
46550	-0.032155
46600	-0.047412
46650	0.003204
46700	-0.144946
46750	-0.118029
46800	-0.122192
46850	-0.127678
46900	-0.052765
46950	0.030614
47000	-0.080641
47050	-0.100444
47100	0.038089
47150	-0.119230
47200	0.058481
47250	0.094389
47300	-0.074493
47350	0.033375
47400	-0.051556
47450	-0.063431
47500	-0.019581
47550	0.100546
47600	0.118316
47650	-0.181820
47700	0.058449
47750	0.004778
47800	0.046162
47850	0.005258
47900	-0.054715
47950	0.032290
48000	-0.014654
48050	0.103583
48100	0.014674
48150	0.063856
48200	0.202822
48250	0.087458
48300	0.130455
48350	0.112770
48400	0.061251
48450	0.031419
48500	0.041733
48550	-0.230471
48600	0.017458
48650	0.046989
48700	0.078805
48750	-0.218286
48800	-0.041474
48850	-0.036304
48900	-0.028338
48950	-0.001420
49000	0.219189
49050	0.127395
49100	0.127125
49150	0.050787
49200	0.050477
49250	-0.004841
49300	0.101280
49350	0.032842
49400	-0.344342
49450	0.078708
49500	0.015557
49550	0.131160
49600	0.091413
49650	-0.174977
49700	0.007645
49750	-0.000434
49800	-0.119646
49850	0.141592
49900	-0.068367
49950	-0.013012
50000	-0.035821
50050	-0.084047
50100	0.084154
50150	-0.029264
50200	0.010293
50250	0.296075
50300	0.052144
50350	-0.215502
50400	-0.174472
50450	0.068874
50500	-0.347468
50550	-0.017148
50600	-0.039238
50650	-0.204019
50700	-0.242507
50750	0.053818
50800	-0.081687
50850	0.006903
50900	0.061350
50950	-0.023118
51000	-0.122396
51050	0.217156
51100	0.117582
51150	-0.201681
51200	-0.023148
51250	0.083517
51300	0.291088
51350	0.091192
51400	-0.181215
51450	0.088980
51500	0.012760
51550	0.233601
51600	0.201588
51650	-0.003156
51700	0.275642
51750	-0.008593
51800	-0.075146
51850	0.108421
51900	-0.242286
51950	-0.013179
52000	0.348717
52050	0.235951
52100	-0.033879
52150	-0.227625
52200	0.007851
52250	-0.075150
52300	0.023157
52350	-0.266874
52400	-0.012024
52450	-0.091468
52500	0.148397
52550	0.041448
52600	-0.056459
52650	0.197324
52700	0.124291
52750	-0.042624
52800	0.007362
52850	0.010568
52900	-0.001181
52950	0.051190
53000	0.003435
53050	0.017890
53100	-0.043894
53150	-0.012201
53200	0.006684
53250	-0.034331
53300	0.164474
53350	0.008012
53400	0.238344
53450	0.155811
53500	0.033845
53550	-0.140610
53600	-0.022137
53650	-0.050466
53700	-0.074723
53750	-0.012715
53800	-0.032480
53850	0.010034
53900	-0.056664
53950	0.027278
54000	-0.027495
54050	0.104949
54100	-0.048088
54150	-0.048914
54200	0.033174
54250	-0.021647
54300	-0.194910
54350	0.044174
54400	0.035172
54450	-0.054169
54500	0.140378
54550	0.249223
54600	0.025089
54650	0.044120
54700	-0.006218
54750	0.061186
54800	-0.134912
54850	0.127635
54900	0.101275
54950	0.119758
55000	-0.100975
55050	-0.166396
55100	-0.239836
55150	0.109839
55200	0.169951
55250	-0.041679
55300	-0.249048
55350	-0.251403
55400	-0.013122
55450	-0.162266
55500	0.107002
55550	0.106041
55600	-0.213220
55650	-0.017223
55700	0.091967
55750	-0.132842
55800	0.065713
55850	-0.036782
55900	0.057671
55950	-0.175699
56000	-0.020859
56050	0.089269
56100	-0.044373
56150	0.047472
56200	-0.065396
56250	-0.069097
56300	-0.160345
56350	0.086445
56400	0.142319
56450	-0.100823
56500	0.035378
56550	-0.186050
56600	-0.180503
56650	-0.102842
56700	-0.179980
56750	0.096245
56800	-0.197806
56850	-0.151096
56900	-0.110215
56950	0.092264
57000	-0.287817
57050	0.103405
57100	-0.138371
57150	0.001086
57200	-0.047760
57250	0.208997
57300	-0.051528
57350	0.080574
57400	-0.191484
57450	-0.039417
57500	0.086246
57550	0.163891
57600	0.144339
57650	-0.001215
57700	0.040802
57750	-0.067911
57800	-0.012893
57850	0.000153
57900	-0.034418
57950	-0.242635
58000	0.024720
58050	0.060071
58100	0.192557
58150	0.201802
58200	-0.047599
58250	0.054390
58300	-0.007528
58350	-0.110736
58400	-0.104469
58450	0.026002
58500	-0.137032
58550	-0.209003
58600	0.160334
58650	0.203841
58700	0.108559
58750	0.096752
58800	0.073860
58850	0.273217
58900	-0.029169
58950	-0.056098
59000	0.063877
59050	0.174489
59100	-0.029852
59150	0.087247
59200	-0.040768
59250	0.155347
59300	-0.098071
59350	0.152628
59400	0.022908
59450	0.127397
59500	-0.156594
59550	-0.081784
59600	0.052057
59650	0.069436
59700	0.097234
59750	-0.019872
59800	0.111830
59850	0.160006
59900	0.051025
59950	-0.129220
60000	0.107342
60050	-0.124420
60100	0.187303
60150	0.087015
60200	0.175992
60250	0.157958
60300	0.204543
60350	-0.098940
60400	0.141150
60450	-0.075559
60500	0.056322
60550	0.022473
60600	0.184083
60650	0.161099
60700	0.111794
60750	-0.067560
60800	-0.012981
60850	0.063663
60900	-0.059008
60950	0.165977
61000	-0.020237
61050	0.213274
61100	0.123147
61150	-0.050381
61200	-0.050814
61250	0.071873
61300	0.010348
61350	-0.161894
61400	0.079264
61450	0.094261
61500	0.043601
61550	0.142392
61600	-0.042066
61650	0.005314
61700	0.057868
61750	-0.037583
61800	0.215098
61850	-0.028972
61900	-0.139899
61950	0.080075
62000	-0.052964
62050	0.075376
62100	-0.051594
62150	0.199365
62200	-0.179542
62250	0.096393
62300	0.074929
62350	0.079435
62400	-0.014471
62450	0.029477
62500	0.045839
62550	-0.036453
62600	0.007569
62650	0.046373
62700	0.387844
62750	-0.181682
62800	-0.109236
62850	-0.142540
62900	0.082921
62950	-0.123098
63000	0.032866
63050	-0.077627
63100	0.036374
63150	-0.019129
63200	0.056203
63250	-0.051033
63300	0.011603
63350	0.006742
63400	-0.064262
63450	-0.053808
63500	-0.031503
63550	0.168190
63600	0.043539
63650	0.177204
63700	-0.078641
63750	0.141540
63800	0.081336
63850	0.170163
63900	-0.067497
63950	-0.058971
64000	-0.046124
64050	0.170449
64100	-0.068633
64150	0.137956
64200	0.025510
64250	0.176688
64300	-0.149520
64350	0.206195
64400	0.210474
64450	0.010311
64500	0.042730
64550	0.059931
64600	0.014461
64650	-0.073591
64700	0.056386
64750	0.031305
64800	0.143486
64850	-0.106491
64900	-0.064589
64950	0.004427
65000	-0.173416
65050	0.142888
65100	-0.033740
65150	-0.192166
65200	-0.248496
65250	-0.025379
65300	0.059023
65350	0.231166
65400	0.012620
65450	0.031687
65500	0.278815
65550	-0.092373
65600	0.038288
65650	-0.013815
65700	-0.072054
65750	0.047181
65800	-0.033720
65850	-0.051192
65900	0.016366
65950	0.000948
66000	0.142764
66050	-0.003800
66100	-0.050072
66150	-0.054104
66200	-0.059784
66250	-0.024213
66300	-0.121221
66350	0.243190
66400	0.115580
66450	-0.047111
66500	-0.027017
66550	-0.127329
66600	-0.046565
66650	0.002507
66700	0.069974
66750	-0.164990
66800	-0.049642
66850	-0.049389
66900	0.363889
66950	0.206856
67000	0.173284
67050	0.118055
67100	0.073064
67150	-0.043232
67200	-0.150927
67250	0.113136
67300	0.003452
67350	-0.122921
67400	0.055339
67450	0.072859
67500	-0.128513
67550	0.130160
67600	0.164112
67650	0.092771
67700	-0.019921
67750	0.159414
67800	-0.100682
67850	-0.096344
67900	-0.074280
67950	0.051248
68000	0.129521
68050	0.156564
68100	0.038113
68150	-0.036966
68200	0.014757
68250	0.103764
68300	0.143497
68350	0.071696
68400	0.009724
68450	-0.070563
68500	0.071505
68550	0.049740
68600	0.065340
68650	-0.087241
68700	-0.090947
68750	0.096498
68800	0.009352
68850	-0.010781
68900	-0.234158
68950	0.162376
69000	0.071745
69050	0.082588
69100	-0.014965
69150	0.020307
69200	0.045697
69250	0.164731
69300	0.041144
69350	0.003555
69400	0.077991
69450	-0.153792
69500	-0.109079
69550	-0.056617
69600	-0.140381
69650	0.060806
69700	-0.030013
69750	-0.049566
69800	0.179908
69850	0.205676
69900	-0.089636
69950	0.021265
70000	-0.122766
70050	0.008840
70100	-0.014548
70150	0.018400
70200	-0.162236
70250	0.074051
70300	-0.061694
70350	-0.004670
70400	0.017174
70450	0.109868
70500	-0.197472
70550	0.055018
70600	0.006296
70650	0.046014
70700	0.055453
70750	-0.067986
70800	-0.192250
70850	-0.056206
70900	-0.196610
70950	0.007974
71000	-0.010312
71050	0.061338
71100	0.105486
71150	-0.082639
71200	-0.033824
71250	-0.029796
71300	-0.010376
71350	0.056276
71400	0.097322
71450	-0.095010
71500	0.113703
71550	0.039220
71600	-0.244437
71650	-0.024337
71700	-0.075515
71750	-0.175317
71800	-0.387244
71850	0.016798
71900	0.071103
71950	0.125617
72000	-0.130194
72050	-0.085800
72100	-0.123685
72150	0.037836
72200	-0.174443
72250	0.008104
72300	0.058196
72350	-0.195147
72400	-0.101472
72450	-0.092254
72500	0.045811
72550	-0.167001
72600	-0.050423
72650	0.091241
72700	0.085510
72750	-0.268889
72800	0.112904
72850	-0.165023
72900	-0.110642
72950	0.054099
73000	0.076077
73050	0.118878
73100	0.074119
73150	-0.046448
73200	0.085600
73250	0.306464
73300	-0.230420
73350	-0.106834
73400	0.035927
73450	-0.003311
73500	0.090688
73550	-0.168694
73600	-0.098897
73650	-0.099957
73700	-0.124996
73750	0.094072
73800	-0.003859
73850	-0.040601
73900	-0.074917
73950	-0.007266
74000	0.046362
74050	-0.075881
74100	0.099796
74150	0.093803
74200	-0.117406
74250	0.048985
74300	0.098256
74350	0.215558
74400	0.316183
74450	-0.067740
74500	-0.102102
74550	0.001432
74600	0.262929
74650	0.080797
74700	0.148982
74750	0.008260
74800	0.127302
74850	-0.095301
74900	0.150322
74950	0.080211
75000	0.007470
75050	-0.049472
75100	-0.000900
75150	0.143838
75200	0.021388
75250	-0.079237
75300	0.088558
75350	0.132622
75400	-0.019361
75450	-0.024049
75500	0.159479
75550	-0.153480
75600	0.118916
75650	-0.345512
75700	-0.018096
75750	-0.173680
75800	-0.253473
75850	-0.023788
75900	-0.125184
75950	-0.223775
76000	0.099233
76050	0.078362
76100	-0.131433
76150	-0.179092
76200	-0.030388
76250	0.041874
76300	-0.092661
76350	-0.121331
76400	-0.142983
76450	-0.116332
76500	-0.415398
76550	-0.047846
76600	-0.123497
76650	-0.190236
76700	-0.082745
76750	-0.062690
76800	0.070644
76850	-0.027317
76900	-0.003219
76950	0.080931
77000	-0.014777
77050	-0.079249
77100	-0.197729
77150	-0.118756
77200	-0.132010
77250	0.119490
77300	-0.101493
77350	0.117403
77400	0.100145
77450	-0.034019
77500	-0.037625
77550	-0.256360
77600	0.204078
77650	-0.102472
77700	0.052321
77750	0.134992
77800	0.086721
77850	-0.142881
77900	-0.031176
77950	0.076635
78000	-0.124685
78050	-0.154493
78100	-0.023125
78150	0.146000
78200	0.014351
78250	0.092555
78300	-0.171604
78350	0.146081
78400	-0.024739
78450	-0.245003
78500	-0.115167
78550	0.081114
78600	0.046935
78650	0.003659
78700	-0.006579
78750	0.085009
78800	0.150031
78850	0.170878
78900	0.037654
78950	-0.018708
79000	0.033115
79050	-0.003288
79100	-0.000613
79150	0.073858
79200	-0.019751
79250	-0.070287
79300	0.137822
79350	0.052304
79400	0.031538
79450	0.007410
79500	0.117601
79550	-0.021597
79600	-0.143412
79650	-0.140784
79700	-0.056640
79750	-0.131590
79800	-0.183147
79850	0.217162
79900	-0.114834
79950	0.134317
80000	-0.109920
80050	-0.177199
80100	-0.085902
80150	0.126007
80200	0.080679
80250	0.091165
80300	-0.134311
80350	-0.028239
80400	-0.092019
80450	-0.108422
80500	-0.201954
80550	0.040700
80600	-0.108739
80650	0.025118
80700	0.090246
80750	-0.075399
80800	0.165553
80850	-0.027708
80900	0.128768
80950	0.062978
81000	-0.065028
81050	-0.000720
81100	0.035765
81150	0.059965
81200	-0.238117
81250	-0.119083
81300	-0.029757
81350	0.026274
81400	0.039512
81450	-0.163042
81500	0.006400
81550	0.088167
81600	-0.063852
81650	0.080079
81700	0.346960
81750	0.194798
81800	0.131750
81850	0.170420
81900	-0.025921
81950	-0.091145
82000	-0.233716
82050	-0.110731
82100	-0.120275
82150	0.131084
82200	0.081437
82250	-0.079391
82300	-0.201392
82350	-0.043490
82400	0.005442
82450	-0.009417
82500	0.113035
82550	-0.100074
82600	-0.059278
82650	-0.018407
82700	0.007295
82750	0.032312
82800	-0.101977
82850	0.022354
82900	-0.153448
82950	-0.066303
83000	0.202691
83050	0.075928
83100	-0.055428
83150	0.179399
83200	0.024815
83250	0.029825
83300	-0.181554
83350	0.117791
83400	-0.067252
83450	0.042975
83500	-0.088793
83550	0.016005
83600	0.015290
83650	-0.231839
83700	0.170481
83750	-0.004869
83800	0.058549
83850	-0.031403
83900	-0.054771
83950	-0.034367
84000	-0.071519
84050	0.029216
84100	0.065433
84150	0.116874
84200	0.020138
84250	-0.059787
84300	0.130914
84350	-0.024104
84400	0.087449
84450	0.053461
84500	-0.112002
84550	-0.162319
84600	-0.004032
84650	-0.003105
84700	-0.060231
84750	0.023307
84800	-0.126128
84850	-0.182228
84900	-0.204988
84950	-0.016679
85000	-0.039776
85050	-0.100351
85100	-0.168512
85150	-0.229362
85200	0.136975
85250	0.052316
85300	-0.240948
85350	0.066805
85400	-0.160261
85450	0.147495
85500	0.036158
85550	0.005889
85600	-0.018489
85650	0.145271
85700	0.122657
85750	0.063702
85800	0.092937
85850	-0.171859
85900	-0.055451
85950	0.053030
86000	0.145030
86050	-0.042773
86100	0.155513
86150	0.097602
86200	-0.069940
86250	-0.004098
86300	0.007881
86350	0.131860
86400	0.013321
86450	0.108037
86500	0.018916
86550	-0.050847
86600	-0.090664
86650	0.055019
86700	-0.097382
86750	0.037372
86800	-0.028967
86850	0.057596
86900	-0.058458
86950	-0.133346
87000	-0.031414
87050	-0.049999
87100	0.109114
87150	0.073312
87200	0.019956
87250	0.051057
87300	0.065522
87350	-0.116826
87400	-0.047112
87450	0.278423
87500	-0.139727
87550	-0.058908
87600	-0.114263
87650	0.029134
87700	0.027268
87750	0.041035
87800	0.051218
87850	-0.071810
87900	-0.024233
87950	0.047632
88000	0.039044
88050	0.087126
88100	0.120050
88150	-0.193408
88200	-0.038878
88250	-0.185316
88300	0.138262
88350	-0.080780
88400	0.037280
88450	-0.079483
88500	0.045228
88550	-0.250264
88600	-0.004096
88650	-0.132873
88700	-0.147478
88750	-0.024929
88800	-0.020211
88850	-0.001377
88900	-0.031055
88950	-0.208782
89000	0.125957
89050	0.048980
89100	0.109828
89150	-0.006323
89200	0.067426
89250	0.075787
89300	0.101161
89350	-0.007911
89400	-0.159089
89450	-0.032278
89500	-0.050204
89550	0.022042
89600	0.100201
89650	0.110398
89700	-0.028739
89750	0.010307
89800	0.189787
89850	-0.260848
89900	0.184992
89950	-0.028839
90000	0.074964
90050	0.056425
90100	0.032677
90150	0.055339
90200	-0.145752
90250	-0.130198
90300	-0.002438
90350	0.035800
90400	0.215188
90450	-0.247829
90500	0.237063
90550	0.040379
90600	0.175041
90650	-0.030496
90700	0.025099
90750	-0.038591
90800	-0.152035
90850	-0.194950
90900	0.153579
90950	-0.083315
91000	0.068492
91050	0.095110
91100	0.139295
91150	-0.110349
91200	0.029595
91250	-0.009328
91300	0.230032
91350	0.067377
91400	-0.242472
91450	0.120016
91500	0.038667
91550	0.041352
91600	0.052142
91650	-0.123047
91700	0.076477
91750	0.237959
91800	0.125321
91850	0.172701
91900	0.094071
91950	0.032928
92000	0.223593
92050	-0.075387
92100	0.020796
92150	-0.085398
92200	0.039593
92250	0.123984
92300	-0.233127
92350	0.012634
92400	-0.194979
92450	-0.132404
92500	0.097384
92550	-0.365812
92600	-0.186765
92650	-0.067736
92700	0.100211
92750	-0.156191
92800	-0.116338
92850	-0.478620
92900	-0.030944
92950	-0.107697
93000	0.239389
93050	-0.011953
93100	-0.062586
93150	0.001477
93200	0.196936
93250	0.229369
93300	-0.142518
93350	-0.017146
93400	-0.197785
93450	0.020561
93500	0.095218
93550	-0.138990
93600	-0.024489
93650	0.022401
93700	-0.019078
93750	-0.029585
93800	-0.045169
93850	-0.049731
93900	0.074964
93950	-0.136921
94000	0.004541
94050	0.133348
94100	0.024304
94150	-0.016769
94200	-0.058792
94250	0.033199
94300	0.158461
94350	0.018280
94400	0.041127
94450	0.008200
94500	0.050992
94550	0.060846
94600	0.004926
94650	0.006929
94700	0.076325
94750	-0.067155
94800	0.063173
94850	0.071374
94900	0.021889
94950	0.011664
95000	-0.014326
95050	-0.101885
95100	-0.130935
95150	-0.001249
95200	-0.081580
95250	0.119359
95300	0.187907
95350	0.225696
95400	0.062874
95450	0.028906
95500	0.005965
95550	-0.151741
95600	-0.051949
95650	-0.036453
95700	0.064846
95750	0.148362
95800	0.081614
95850	0.176946
95900	0.066836
95950	0.226501
96000	0.019715
96050	0.076530
96100	0.093404
96150	0.169430
96200	0.127689
96250	0.074393
96300	0.045257
96350	-0.204739
96400	0.278457
96450	0.256987
96500	0.069221
96550	-0.255019
96600	0.033438
96650	0.208245
96700	0.067335
96750	-0.065830
96800	0.144935
96850	0.198451
96900	0.247589
96950	0.050607
97000	-0.025094
97050	0.202684
97100	0.267081
97150	0.062727
97200	-0.125099
97250	-0.099722
97300	-0.086587
97350	0.021772
97400	-0.030291
97450	-0.080884
97500	0.005451
97550	0.018683
97600	0.045685
97650	-0.014748
97700	0.115557
97750	0.084296
97800	-0.066523
97850	-0.171704
97900	0.018421
97950	-0.126246
98000	0.142806
98050	0.055166
98100	-0.143279
98150	0.129885
98200	0.028352
98250	0.076625
98300	0.088025
98350	0.101749
98400	-0.155200
98450	-0.128084
98500	0.089929
98550	-0.105446
98600	0.015844
98650	-0.139251
98700	-0.033227
98750	-0.312308
98800	0.008172
98850	-0.122860
98900	0.096747
98950	0.019494
99000	-0.026567
99050	0.073665
99100	0.137454
99150	0.007460
99200	0.059977
99250	-0.304142
99300	-0.106828
99350	-0.195504
99400	0.194270
99450	-0.121066
99500	-0.103716
99550	-0.054399
99600	0.289338
99650	-0.133762
99700	-0.078950
99750	0.072972
99800	0.087750
99850	-0.155015
99900	-0.039626
99950	0.010668
100000	-0.001403
100050	-0.128604
100100	-0.118976
100150	-0.043138
100200	-0.006754
100250	-0.232681
100300	-0.058667
100350	0.054119
100400	0.068465
100450	-0.071620
100500	0.093058
100550	-0.070275
100600	0.118651
100650	-0.004446
100700	0.076478
100750	-0.053044
100800	-0.033873
100850	-0.085357
100900	-0.036750
100950	0.000619
101000	0.012669
101050	0.190549
101100	0.103120
101150	0.024337
101200	-0.064711
101250	-0.032837
101300	0.013394
101350	-0.076767
101400	-0.069684
101450	0.041805
101500	-0.069034
101550	0.039087
101600	0.256312
101650	0.113645
101700	-0.018539
101750	0.102030
101800	0.139350
101850	0.001123
101900	0.005158
101950	-0.043773
102000	0.031540
102050	-0.377667
102100	-0.030908
102150	-0.017637
102200	0.179771
102250	0.113110
102300	-0.004950
102350	-0.203172
102400	0.019783
102450	-0.009763
102500	-0.036073
102550	-0.000394
102600	0.178995
102650	-0.063596
102700	0.065811
102750	-0.020210
102800	-0.015365
102850	0.186963
102900	0.154034
102950	0.128714
103000	0.205855
103050	0.163463
103100	0.022974
103150	-0.238440
103200	0.082428
103250	-0.040954
103300	0.058470
103350	-0.008964
103400	-0.026619
103450	-0.107092
103500	-0.092601
103550	-0.122286
103600	0.075943
103650	-0.108963
103700	0.101754
103750	-0.111321
103800	-0.099209
103850	0.092067
103900	0.065030
103950	-0.146283
104000	0.227314
104050	0.085561
104100	0.040943
104150	-0.229077
104200	0.089192
104250	0.061333
104300	0.057846
104350	-0.111058
104400	0.027039
104450	-0.110427
104500	0.140319
104550	0.088963
104600	-0.027915
104650	-0.108872
104700	0.101643
104750	-0.050687
104800	-0.139014
104850	0.013585
104900	0.145104
104950	0.066512
105000	0.015511
105050	-0.319782
105100	-0.257322
105150	-0.021494
105200	-0.018934
105250	-0.024665
105300	-0.162772
105350	0.153244
105400	-0.061257
105450	-0.105828
105500	-0.055157
105550	-0.128517
105600	0.113642
105650	-0.111820
105700	-0.095641
105750	-0.161388
105800	-0.077714
105850	-0.349018
105900	0.057485
105950	0.123491
106000	-0.034169
106050	0.104091
106100	0.074814
106150	-0.033765
106200	-0.164312
106250	0.105294
106300	-0.158271
106350	0.022877
106400	0.152613
106450	0.048708
106500	0.041727
106550	-0.011230
106600	-0.113942
106650	0.210699
106700	-0.229136
106750	-0.120909
106800	-0.067023
106850	0.163460
106900	-0.108252
106950	0.241852
107000	-0.095400
107050	-0.234348
107100	0.031915
107150	0.038584
107200	0.163868
107250	0.208113
107300	-0.039166
107350	-0.006293
107400	0.084789
107450	-0.035010
107500	0.157003
107550	-0.118085
107600	0.035985
107650	0.237442
107700	0.110394
107750	-0.181738
107800	-0.128813
107850	-0.007740
107900	0.000927
107950	0.089799
108000	-0.029986
108050	-0.034031
108100	0.062500
108150	0.029756
108200	0.080311
108250	0.080186
108300	0.167407
108350	0.079031
108400	-0.143964
108450	0.102942
108500	0.131702
108550	0.097888
108600	0.053479
108650	0.012920
108700	-0.042628
108750	-0.107388
108800	0.076826
108850	0.211355
108900	0.020435
108950	0.118949
109000	0.103260
109050	0.066219
109100	-0.122886
109150	-0.301836
109200	-0.014909
109250	-0.003620
109300	-0.130871
109350	0.044212
109400	-0.059203
109450	-0.013923
109500	0.148973
109550	0.101206
109600	0.024022
109650	0.123891
109700	0.114237
109750	-0.282287
109800	0.097949
109850	-0.098567
109900	0.002337
109950	0.137031
110000	-0.020110
110050	-0.074498
110100	0.049574
110150	-0.099215
110200	0.055896
110250	-0.040251
110300	0.181346
110350	-0.123092
110400	-0.095386
110450	0.072032
110500	-0.052068
110550	0.230211
110600	-0.204462
110650	-0.050003
110700	-0.174465
110750	-0.140012
110800	-0.076368
110850	0.064887
110900	-0.054324
110950	-0.031640
111000	-0.134446
111050	-0.067337
111100	-0.085085
111150	-0.186553
111200	0.042122
111250	-0.143784
111300	0.104217
111350	0.062882
111400	0.080366
111450	-0.061726
111500	0.048306
111550	-0.025822
111600	-0.061891
111650	0.160914
111700	0.007784
111750	0.007468
111800	0.070728
111850	-0.245583
111900	0.136417
111950	-0.123363
112000	0.040173
112050	0.007267
112100	-0.038670
112150	-0.050711
112200	-0.009227
112250	0.067845
112300	0.112589
112350	0.040231
112400	-0.212765
112450	0.148788
112500	-0.234646
112550	0.001408
112600	-0.127922
112650	-0.013273
112700	0.032308
112750	0.175628
112800	-0.057636
112850	0.063840
112900	-0.156371
112950	0.020538
113000	-0.010689
113050	0.046728
113100	0.032113
113150	0.322200
113200	0.201905
113250	-0.022866
113300	-0.136890
113350	-0.069310
113400	0.013439
113450	0.102710
113500	-0.052012
113550	-0.073328
113600	-0.072548
113650	0.110894
113700	0.073191
113750	-0.004061
113800	-0.209834
113850	-0.081571
113900	0.110244
113950	0.046856
114000	0.046169
114050	-0.111249
114100	0.118624
114150	0.181458
114200	0.081648
114250	0.019818
114300	0.037095
114350	0.013708
114400	-0.130076
114450	0.033650
114500	0.012546
114550	-0.185184
114600	0.010511
114650	0.031585
114700	0.013871
114750	-0.089485
114800	-0.177067
114850	-0.287777
114900	-0.126726
114950	0.120693
115000	-0.000429
115050	-0.170360
115100	-0.241785
115150	-0.248803
115200	-0.015996
115250	-0.117205
115300	0.032023
115350	0.183099
115400	-0.113333
115450	-0.234528
115500	-0.033124
115550	0.042858
115600	0.035472
115650	-0.064374
115700	-0.039218
115750	-0.014644
115800	-0.053613
115850	0.106812
115900	0.147467
115950	0.013447
116000	0.032845
116050	0.081641
116100	0.039751
116150	0.050771
116200	0.166263
116250	-0.177188
116300	-0.359042
116350	-0.073681
116400	-0.173121
116450	-0.079307
116500	0.211221
116550	-0.123820
116600	-0.133014
116650	0.019033
116700	-0.114206
116750	-0.138206
116800	-0.016140
116850	0.020462
116900	-0.088864
116950	0.146149
117000	-0.156599
117050	-0.097495
117100	0.041784
117150	-0.061390
117200	0.024197
117250	-0.006578
117300	0.051177
117350	0.016811
117400	-0.132407
117450	0.114748
117500	0.182134
117550	0.072471
117600	0.086256
117650	-0.153074
117700	0.164852
117750	-0.312484
117800	-0.311023
117850	-0.076349
117900	-0.138116
117950	0.085098
118000	-0.325293
118050	-0.038029
118100	0.122419
118150	-0.002106
118200	-0.025317
118250	-0.032353
118300	0.177814
118350	0.154070
118400	-0.044586
118450	0.000699
118500	-0.037493
118550	-0.011785
118600	0.003805
118650	0.037416
118700	-0.180934
118750	-0.056324
118800	-0.017005
118850	0.050624
118900	-0.130276
118950	-0.063340
119000	0.208537
119050	0.102158
119100	-0.026147
119150	-0.105308
119200	-0.151273
119250	-0.028990
119300	-0.096433
119350	-0.148053
119400	-0.218224
119450	0.043892
119500	-0.004098
119550	-0.128514
119600	-0.022977
119650	0.078871
119700	-0.155307
119750	-0.028848
119800	-0.083181
119850	0.093907
119900	-0.199244
119950	0.156476
120000	-0.128949
120050	-0.183434
120100	-0.035787
120150	-0.161781
120200	0.062400
120250	0.395972
120300	0.004638
120350	0.317756
120400	0.234873
120450	0.089670
120500	-0.058584
120550	-0.006648
120600	-0.258890
120650	-0.138497
120700	-0.176432
120750	-0.005045
120800	-0.341693
120850	-0.174616
120900	0.102323
120950	-0.014283
121000	-0.047591
121050	0.061616
121100	-0.079968
121150	0.055276
121200	-0.096631
121250	-0.054573
121300	0.182756
121350	0.163897
121400	0.113129
121450	0.016176
121500	-0.047600
121550	0.077883
121600	-0.027264
121650	0.142912
121700	-0.159463
121750	0.027981
121800	-0.115016
121850	-0.008627
121900	0.151748
121950	0.002763
122000	0.089613
122050	-0.085390
122100	-0.099849
122150	0.160059
122200	-0.099469
122250	0.129062
122300	0.194036
122350	-0.072630
122400	0.016045
122450	-0.051889
122500	-0.087092
122550	-0.091948
122600	-0.212173
122650	0.085953
122700	0.021470
122750	0.104137
122800	-0.130567
122850	0.035496
122900	-0.144388
122950	0.125971
123000	0.204501
123050	0.069850
123100	0.048105
123150	-0.075661
123200	-0.016058
123250	0.119414
123300	-0.012578
123350	-0.193415
123400	-0.121013
123450	-0.022052
123500	0.036458
123550	-0.184071
123600	-0.211930
123650	-0.109925
123700	0.037559
123750	0.001322
123800	0.166030
123850	-0.034402
123900	0.047511
123950	0.025801
124000	-0.069376
124050	-0.033976
124100	-0.121429
124150	-0.033666
124200	0.001737
124250	-0.094676
124300	-0.037890
124350	-0.184329
124400	-0.110481
124450	0.116309
124500	-0.071413
124550	-0.084828
124600	0.032387
124650	-0.081613
124700	0.049543
124750	-0.017935
124800	-0.022450
124850	-0.004283
124900	-0.188112
124950	0.046309
125000	-0.050244
125050	0.107216
125100	0.058123
125150	-0.006901
125200	0.054865
125250	0.076683
125300	0.060459
125350	0.049235
125400	-0.138626
125450	-0.194044
125500	-0.305807
125550	0.093672
125600	0.039150
125650	0.119827
125700	0.150160
125750	-0.023342
125800	0.064168
125850	0.039697
125900	-0.130242
125950	0.020005
126000	0.021781
126050	-0.033416
126100	-0.019494
126150	-0.154950
126200	-0.147110
126250	-0.181054
126300	-0.149929
126350	-0.074435
126400	0.017751
126450	0.010411
126500	0.021651
126550	0.098817
126600	0.000542
126650	0.260650
126700	0.211179
126750	0.154882
126800	-0.049746
126850	0.022838
126900	0.252259
126950	-0.020975
127000	0.098969
127050	0.146544
127100	-0.050482
127150	-0.115566
127200	-0.085868
127250	-0.127242
127300	-0.156828
127350	-0.100772
127400	0.113430
127450	0.054499
127500	-0.155533
127550	0.008100
127600	0.087952
127650	-0.015384
127700	-0.142439
127750	-0.013456
127800	-0.405752
127850	0.068256
127900	0.236400
127950	-0.002937
128000	0.104372
128050	0.014906
128100	-0.128910
128150	0.010860
128200	-0.147459
128250	0.083409
128300	0.127651
128350	-0.004943
128400	-0.115196
128450	0.096857
128500	0.017336
128550	0.138058
128600	-0.126000
128650	-0.071044
128700	0.014263
128750	0.084446
128800	0.110332
128850	0.117289
128900	-0.014468
128950	0.066854
129000	0.008965
129050	0.096410
129100	0.133674
129150	-0.057041
129200	-0.321845
129250	0.106647
129300	-0.208947
129350	0.003294
129400	0.193907
129450	-0.044007
129500	0.123340
129550	0.327013
129600	0.163139
129650	0.064625
129700	-0.233587
129750	-0.252771
129800	-0.107917
129850	-0.070395
129900	0.132868
129950	-0.045647
130000	0.104466
130050	-0.156352
130100	0.122162
130150	0.086843
130200	-0.133087
130250	-0.232528
130300	0.085727
130350	-0.014542
130400	-0.040212
130450	-0.001978
130500	0.030183
130550	-0.026644
130600	0.276505
130650	0.196170
130700	0.104169
130750	-0.189077
130800	-0.009557
130850	-0.043136
130900	-0.052997
130950	0.033921
131000	-0.003836
131050	-0.096204
131100	-0.087372
131150	0.162507
131200	-0.136761
131250	-0.032377
131300	0.072771
131350	0.081577
131400	0.093183
131450	0.085309
131500	-0.028361
131550	0.064043
131600	-0.132581
131650	0.025305
131700	-0.145280
131750	0.156132
131800	-0.024973
131850	-0.003661
131900	0.056145
131950	0.074030
132000	0.061124
132050	-0.000420
132100	-0.002638
132150	-0.087745
132200	-0.052163
132250	0.112165
132300	-0.094457
132350	-0.020770
132400	-0.198318
132450	-0.259981
132500	0.116179
132550	-0.297708
132600	-0.025246
132650	-0.161076
132700	-0.095087
132750	-0.089310
132800	-0.004896
132850	-0.055888
132900	-0.049023
132950	-0.075113
133000	0.100934
133050	0.025904
133100	-0.227909
133150	0.300831
133200	0.086364
133250	0.104389
133300	0.034150
133350	0.118398
133400	-0.017441
133450	0.042532
133500	0.171482
133550	-0.052658
133600	-0.052041
133650	-0.215869
133700	-0.101316
133750	0.134146
133800	-0.138258
133850	-0.029272
133900	0.104226
133950	-0.107408
134000	-0.032791
134050	0.137442
134100	-0.246352
134150	-0.095771
134200	-0.021855
134250	0.014636
134300	0.134757
134350	0.161479
134400	-0.063040
134450	0.231152
134500	0.208671
134550	0.120147
134600	-0.083975
134650	0.107480
134700	-0.320722
134750	-0.009425
134800	-0.082171
134850	0.102453
134900	-0.000324
134950	0.049832
135000	0.216834
135050	-0.031502
135100	-0.021950
135150	0.253059
135200	0.083062
135250	-0.073127
135300	0.233434
135350	-0.087115
135400	0.015063
135450	0.201712
135500	-0.014168
135550	-0.318681
135600	-0.044430
135650	-0.130508
135700	-0.042366
135750	0.132463
135800	0.025397
135850	0.076257
135900	0.204864
135950	-0.014144
136000	-0.175723
136050	0.024603
136100	0.078768
136150	-0.061579
136200	-0.074698
136250	-0.205532
136300	0.125251
136350	0.086797
136400	-0.098811
136450	0.038118
136500	-0.169181
136550	-0.155804
136600	-0.007014
136650	0.193846
136700	-0.013627
136750	-0.068033
136800	-0.106970
136850	0.074587
136900	-0.174055
136950	0.069692
137000	0.135484
137050	0.054902
137100	0.007684
137150	-0.101399
137200	0.156513
137250	-0.082927
137300	0.109150
137350	-0.094280
137400	0.090817
137450	0.171644
137500	0.263940
137550	-0.060605
137600	0.144398
137650	0.184925
137700	-0.073017
137750	0.177324
137800	-0.026372
137850	0.102661
137900	-0.062776
137950	-0.013055
138000	0.281931
138050	0.001482
138100	-0.121416
138150	-0.202728
138200	-0.221291
138250	0.225706
138300	-0.075249
138350	-0.008374
138400	-0.057388
138450	-0.131297
138500	0.119226
138550	0.179246
138600	-0.105118
138650	-0.114756
138700	-0.083259
138750	0.052450
138800	-0.018071
138850	0.225767
138900	0.054731
138950	-0.170728
139000	0.023599
139050	0.024794
139100	-0.025718
139150	-0.067193
139200	-0.041423
139250	0.114013
139300	-0.197358
139350	-0.113982
139400	0.093337
139450	-0.215724
139500	-0.013107
139550	0.059524
139600	-0.041254
139650	0.051487
139700	0.014428
139750	-0.103271
139800	0.097101
139850	0.065809
139900	0.041378
139950	-0.095120
140000	0.162898
140050	-0.065153
140100	0.092121
140150	-0.181788
140200	0.104127
140250	-0.063294
140300	0.088850
140350	-0.134137
140400	0.048686
140450	-0.126972
140500	-0.190646
140550	-0.090481
140600	0.063470
140650	0.162892
140700	-0.073897
140750	-0.112645
140800	-0.243864
140850	-0.192873
140900	-0.196119
140950	-0.118351
141000	-0.118238
141050	0.024746
141100	-0.044978
141150	0.052671
141200	-0.123835
141250	-0.077720
141300	0.036779
141350	0.145379
141400	0.040337
141450	0.023117
141500	-0.144962
141550	-0.010062
141600	-0.005281
141650	0.220256
141700	0.080660
141750	0.113281
141800	0.095712
141850	-0.068605
141900	-0.000427
141950	0.024776
142000	0.303330
142050	-0.052961
142100	-0.094077
142150	0.262147
142200	0.174830
142250	-0.049151
142300	-0.013729
142350	-0.074676
142400	-0.090886
142450	-0.106464
142500	0.079562
142550	0.177665
142600	0.050158
142650	-0.020317
142700	-0.072404
142750	0.017606
142800	-0.101017
142850	0.142899
142900	0.139256
142950	0.009106
143000	-0.312700
143050	-0.016537
143100	-0.078436
143150	-0.084815
143200	-0.112327
143250	0.043754
143300	-0.114279
143350	0.056845
143400	-0.001956
143450	0.121206
143500	0.214187
143550	0.216016
143600	0.101282
143650	0.347483
143700	0.253678
143750	0.088299
143800	-0.300537
143850	-0.036585
143900	-0.239133
143950	-0.283340
144000	0.101856
144050	0.124844
144100	-0.074960
144150	0.035726
144200	-0.040681
144250	-0.079707
144300	-0.024741
144350	0.138963
144400	-0.076068
144450	-0.015911
144500	0.092089
144550	0.023832
144600	-0.016639
144650	0.043983
144700	0.014864
144750	-0.024668
144800	0.076071
144850	0.123969
144900	-0.040755
144950	0.017735
145000	-0.041863
145050	0.113571
145100	-0.174732
145150	-0.108861
145200	-0.143995
145250	0.207757
145300	-0.129333
145350	-0.057689
145400	-0.242304
145450	-0.091519
145500	0.019319
145550	0.086002
145600	0.006668
145650	-0.091115
145700	-0.011007
145750	-0.071277
145800	-0.130203
145850	-0.069801
145900	-0.140824
145950	-0.246973
146000	-0.235661
146050	-0.071212
146100	-0.048851
146150	0.037024
146200	0.179249
146250	0.002280
146300	0.234685
146350	-0.234357
146400	-0.048395
146450	0.151612
146500	-0.033360
146550	-0.192548
146600	-0.156655
146650	-0.051929
146700	-0.123446
146750	0.063994
146800	-0.133295
146850	0.029702
146900	-0.127821
146950	-0.158908
147000	-0.075572
147050	-0.107426
147100	0.238866
147150	0.015184
147200	-0.003382
147250	0.306892
147300	-0.097395
147350	-0.101837
147400	-0.154494
147450	0.009530
147500	-0.095200
147550	0.007026
147600	-0.112658
147650	0.052856
147700	0.027758
147750	-0.062012
147800	0.091686
147850	0.004091
147900	0.062374
147950	0.070370
148000	0.013924
148050	0.054573
148100	-0.219278
148150	0.124163
148200	0.218557
148250	0.081970
148300	-0.042399
148350	-0.076181
148400	0.171173
148450	0.020410
148500	-0.026543
148550	0.143505
148600	-0.021841
148650	0.169877
148700	0.124267
148750	0.032879
148800	-0.033203
148850	0.043422
148900	-0.058397
148950	-0.057163
149000	0.052685
149050	0.110500
149100	-0.073733
149150	-0.104555
149200	-0.210812
149250	-0.114575
149300	0.040875
149350	-0.000369
149400	0.052450
149450	0.032123
149500	-0.049513
149550	-0.089687
149600	0.023031
149650	-0.108900
149700	0.196506
149750	-0.124312
149800	-0.006240
149850	-0.133128
149900	-0.132642
149950	-0.121572
150000	0.085068
150050	-0.091463
150100	-0.128708
150150	0.049673
150200	0.008681
150250	-0.015278
150300	-0.137269
150350	-0.043157
150400	0.040269
150450	-0.310458
150500	0.143307
150550	-0.107531
150600	-0.291879
150650	-0.088883
150700	-0.118345
150750	-0.120679
150800	-0.073284
150850	-0.176552
150900	-0.018510
150950	-0.105942
151000	-0.082251
151050	-0.080117
151100	0.051651
151150	-0.170847
151200	-0.000402
151250	0.080158
151300	0.242263
151350	0.144473
151400	-0.129164
151450	-0.030371
151500	-0.031139
151550	-0.069705
151600	0.235140
151650	0.048078
151700	-0.028051
151750	-0.087070
151800	0.118023
151850	0.054827
151900	0.115215
151950	-0.199690
152000	0.137860
152050	-0.140334
152100	0.008714
152150	0.032832
152200	-0.121773
152250	-0.137875
152300	0.057367
152350	0.061281
152400	-0.136227
152450	0.033149
152500	0.041548
152550	-0.136749
152600	-0.063786
152650	-0.067657
152700	0.084542
152750	0.076954
152800	-0.125072
152850	-0.008589
152900	0.052820
152950	0.306914
153000	-0.034425
153050	0.272764
153100	0.075153
153150	-0.086810
153200	-0.260176
153250	0.087551
153300	-0.088909
153350	0.075886
153400	0.077172
153450	0.063149
153500	-0.202368
153550	-0.203328
153600	0.173903
153650	-0.000261
153700	0.108050
153750	0.053080
153800	0.013093
153850	0.043603
153900	-0.009109
153950	0.073302
154000	-0.148657
154050	0.042496
154100	0.201828
154150	0.168798
154200	0.205414
154250	-0.185447
154300	-0.065882
154350	-0.002649
154400	-0.049943
154450	-0.121146
154500	0.125844
154550	0.075213
154600	0.067580
154650	0.068528
154700	-0.091090
154750	-0.053863
154800	-0.121860
154850	0.108724
154900	-0.073601
154950	-0.073215
155000	-0.075401
155050	0.132024
155100	0.254018
155150	0.017929
155200	0.026037
155250	-0.147855
155300	0.055891
155350	-0.060068
155400	-0.125547
155450	-0.199239
155500	0.099868
155550	0.059054
155600	0.284934
155650	-0.086655
155700	0.058970
155750	0.060642
155800	0.073664
155850	0.100855
155900	-0.015456
155950	0.169121
156000	0.109509
156050	0.075780
156100	-0.082529
156150	0.116184
156200	0.123225
156250	0.088543
156300	-0.075070
156350	-0.082949
156400	0.005501
156450	0.209963
156500	0.072782
156550	0.087782
156600	-0.067502
156650	0.239663
156700	-0.109113
156750	0.050290
156800	0.032913
156850	0.253573
156900	0.119398
156950	0.009695
157000	0.010315
157050	0.158101
157100	-0.013070
157150	0.008191
157200	0.148553
157250	0.046045
157300	0.040454
157350	0.096827
157400	0.188224
157450	0.060496
157500	-0.037858
157550	-0.120059
157600	-0.030575
157650	0.024840
157700	0.103260
157750	-0.012107
157800	0.038627
157850	0.057466
157900	0.026429
157950	0.024853
158000	0.112795
158050	0.311439
158100	0.223112
158150	-0.073073
158200	-0.111618
158250	-0.070572
158300	-0.060734
158350	-0.189872
158400	0.136750
158450	-0.101111
158500	0.241712
158550	-0.134501
158600	0.050938
158650	-0.007914
158700	-0.058079
158750	0.136328
158800	-0.055365
158850	0.333886
158900	0.001010
158950	-0.086199
159000	-0.101103
159050	-0.054392
159100	0.270117
159150	0.086800
159200	0.063499
159250	-0.111759
159300	-0.076007
159350	0.001271
159400	-0.044635
159450	0.069954
159500	0.096807
159550	0.015925
159600	0.075434
159650	-0.062353
159700	0.052398
159750	-0.211627
159800	-0.083803
159850	-0.146543
159900	0.028326
159950	0.132821
160000	-0.187482
160050	-0.041647
160100	-0.041638
160150	0.015533
160200	-0.170212
160250	0.020245
160300	0.044440
160350	-0.060824
160400	0.028012
160450	-0.010968
160500	0.047957
160550	-0.034379
160600	0.203306
160650	-0.151669
160700	-0.147357
160750	0.002884
160800	-0.086757
160850	0.104532
160900	-0.157419
160950	-0.009781
161000	0.048392
161050	0.086068
161100	0.101040
161150	-0.020787
161200	-0.072096
161250	0.114258
161300	-0.067012
161350	-0.000407
161400	0.056861
161450	0.049995
161500	-0.002785
161550	-0.006321
161600	-0.085679
161650	0.056237
161700	-0.109132
161750	-0.060574
161800	-0.261005
161850	-0.154143
161900	0.005560
161950	-0.127420
162000	-0.099051
162050	-0.219136
162100	0.084766
162150	-0.257858
162200	-0.027853
162250	0.039821
162300	-0.013181
162350	0.143194
162400	0.108094
162450	0.119476
162500	-0.057284
162550	-0.162983
162600	-0.042369
162650	-0.095805
162700	-0.244942
162750	-0.108165
162800	0.174406
162850	-0.055133
162900	0.051512
162950	0.108382
163000	0.022406
163050	0.226204
163100	-0.248596
163150	-0.054346
163200	0.161125
163250	0.114314
163300	-0.112336
163350	0.137126
163400	0.144881
163450	-0.225787
163500	0.040202
163550	0.141839
163600	0.136149
163650	-0.202828
163700	0.048651
163750	-0.053745
163800	-0.026909
163850	-0.127625
163900	0.140406
163950	-0.026125
164000	0.080983
164050	-0.006365
164100	0.036740
164150	0.029552
164200	0.069159
164250	0.046360
164300	0.068788
164350	0.026982
164400	0.197236
164450	-0.013008
164500	0.002330
164550	0.037189
164600	0.196959
164650	-0.002351
164700	0.161132
164750	0.238928
164800	0.046182
164850	0.191484
164900	0.106842
164950	-0.068063
165000	0.081084
165050	-0.112341
165100	0.000890
165150	-0.042720
165200	0.176302
165250	0.069265
165300	-0.036476
165350	0.100064
165400	0.135566
165450	-0.000014
165500	0.140934
165550	0.248193
165600	0.150175
165650	0.074066
165700	-0.181937
165750	0.341251
165800	-0.033239
165850	-0.065155
165900	0.106269
165950	0.067223
166000	0.014880
166050	0.320224
166100	0.047727
166150	0.015298
166200	-0.178813
166250	-0.127777
166300	0.059021
166350	-0.099628
166400	0.090999
166450	-0.206005
166500	-0.114062
166550	0.026815
166600	-0.098630
166650	-0.046800
166700	-0.194746
166750	-0.003937
166800	-0.008175
166850	0.024894
166900	-0.103088
166950	-0.079539
167000	-0.224056
167050	0.058035
167100	0.039328
167150	-0.014221
167200	0.159862
167250	-0.232290
167300	-0.090623
167350	0.128927
167400	-0.229843
167450	0.075869
167500	0.091399
167550	-0.077973
167600	-0.133335
167650	0.053116
167700	-0.114938
167750	0.121121
167800	0.087480
167850	-0.042004
167900	0.070203
167950	0.117839
168000	-0.018128
168050	-0.021445
168100	-0.140625
168150	0.129821
168200	-0.155882
168250	-0.084952
168300	0.204885
168350	0.152603
168400	-0.110439
168450	0.101477
168500	-0.037063
168550	0.118741
168600	0.282802
168650	-0.117080
168700	0.202142
168750	0.196643
168800	-0.024037
168850	-0.076283
168900	0.136352
168950	0.062981
169000	-0.347075
169050	0.028629
169100	-0.011841
169150	-0.147908
169200	-0.001301
169250	-0.083987
169300	-0.083435
169350	-0.027723
169400	-0.068923
169450	0.044917
169500	-0.035239
169550	0.060185
169600	0.220680
169650	0.175690
169700	-0.033188
169750	0.023891
169800	-0.108068
169850	0.114730
169900	0.062172
169950	0.024149
170000	0.099359
170050	0.035942
170100	0.126068
170150	-0.020370
170200	-0.119547
170250	-0.058113
170300	0.027832
170350	-0.095989
170400	-0.186616
170450	0.128156
170500	-0.169930
170550	0.173623
170600	-0.144216
170650	0.077072
170700	0.149503
170750	0.099284
170800	0.146367
170850	0.003644
170900	0.148752
170950	0.031396
171000	-0.078257
171050	0.007656
171100	0.076779
171150	-0.010180
171200	0.000752
171250	-0.093552
171300	0.147968
171350	-0.074483
171400	-0.084007
171450	-0.139877
171500	0.103380
171550	0.001146
171600	0.024724
171650	-0.058939
171700	0.199897
171750	-0.148592
171800	0.042733
171850	0.250337
171900	-0.090226
171950	0.147885
172000	0.094563
172050	0.209425
172100	0.139355
172150	-0.040823
172200	-0.192792
172250	-0.141014
172300	-0.067181
172350	-0.055669
172400	-0.158939
172450	0.064840
172500	-0.129821
172550	-0.170459
172600	-0.161178
172650	-0.040139
172700	-0.061763
172750	-0.204528
172800	0.175246
172850	0.025430
172900	0.139089
172950	-0.239613
173000	-0.010318
173050	0.097528
173100	-0.024325
173150	-0.044940
173200	0.041842
173250	-0.086150
173300	-0.088398
173350	0.037939
173400	-0.012714
173450	0.089132
173500	-0.078671
173550	0.100130
173600	0.014586
173650	-0.009150
173700	-0.119331
173750	0.050179
173800	-0.053484
173850	-0.101394
173900	-0.082606
173950	-0.050207
174000	0.002640
174050	0.207807
174100	-0.070418
174150	0.017124
174200	0.217453
174250	0.008264
174300	0.216165
174350	0.094490
174400	0.217003
174450	0.031351
174500	0.216521
174550	-0.024641
174600	-0.068063
174650	-0.053715
174700	-0.093460
174750	-0.061669
174800	0.154305
174850	0.095922
174900	-0.030494
174950	-0.005178
175000	0.037936
175050	0.209598
175100	0.266588
175150	0.118976
175200	-0.033623
175250	-0.049092
175300	-0.139633
175350	0.131859
175400	0.150382
175450	0.103429
175500	-0.093413
175550	0.017817
175600	0.172809
175650	-0.151954
175700	0.101823
175750	0.113663
175800	0.038381
175850	0.172323
175900	0.145539
175950	-0.053447
176000	-0.185773
176050	-0.155892
176100	-0.052448
176150	0.208167
176200	-0.063766
176250	0.020060
176300	0.008727
176350	-0.016184
176400	0.005923
176450	0.031166
176500	0.049146
176550	-0.102653
176600	0.172577
176650	0.013553
176700	0.094889
176750	-0.080891
176800	0.008403
176850	-0.066155
176900	0.025267
176950	-0.247228
177000	-0.021059
177050	0.015622
177100	-0.104557
177150	-0.037741
177200	0.097947
177250	-0.117482
177300	0.040981
177350	0.043716
177400	0.219013
177450	0.073738
177500	0.073697
177550	0.011143
177600	-0.072677
177650	0.099329
177700	-0.159428
177750	-0.037126
177800	-0.060639
177850	-0.023631
177900	-0.035757
177950	-0.063114
178000	0.079672
178050	-0.010766
178100	-0.177827
178150	-0.021077
178200	0.081013
178250	-0.058406
178300	-0.002227
178350	0.052680
178400	0.115011
178450	0.135455
178500	-0.012546
178550	-0.060851
178600	0.058898
178650	-0.178762
178700	-0.105605
178750	-0.162632
178800	0.206335
178850	-0.086935
178900	-0.033178
178950	0.138904
179000	0.292051
179050	0.131720
179100	-0.054912
179150	-0.033499
179200	-0.029475
179250	0.015655
179300	-0.010394
179350	0.153856
179400	-0.053103
179450	-0.186435
179500	-0.128690
179550	-0.138634
179600	0.193164
179650	0.068865
179700	0.005482
179750	-0.029016
179800	0.002118
179850	0.246542
179900	0.018740
179950	0.176000
180000	0.224506
180050	0.015947
180100	-0.100447
180150	0.021516
180200	-0.004144
180250	-0.087837
180300	-0.173802
180350	-0.044744
180400	0.064087
180450	0.095896
180500	-0.166362
180550	0.137875
180600	0.024580
180650	0.060636
180700	0.105878
180750	0.095615
180800	-0.104227
180850	0.271970
180900	0.092357
180950	0.017710
181000	-0.022578
181050	-0.169607
181100	0.019294
181150	-0.163287
181200	-0.100495
181250	0.062684
181300	0.062645
181350	0.086936
181400	0.084179
181450	0.192827
181500	0.116695
181550	0.147682
181600	0.001216
181650	0.067400
181700	-0.095964
181750	0.092811
181800	-0.142780
181850	0.181239
181900	-0.027035
181950	0.149437
182000	-0.096253
182050	0.122446
182100	-0.070075
182150	0.019903
182200	0.091852
182250	0.102113
182300	-0.048307
182350	-0.083989
182400	-0.111158
182450	-0.079961
182500	-0.029690
182550	0.118270
182600	0.191820
182650	-0.245576
182700	-0.017820
182750	0.061695
182800	-0.001264
182850	0.030414
182900	0.056647
182950	0.016493
183000	0.228116
183050	-0.016409
183100	0.115058
183150	0.132198
183200	-0.225049
183250	-0.126191
183300	-0.019006
183350	-0.128675
183400	0.114660
183450	0.002069
183500	0.204365
183550	-0.093039
183600	0.038100
183650	0.103896
183700	0.062736
183750	0.035861
183800	-0.207509
183850	-0.190467
183900	-0.004631
183950	0.151431
184000	-0.108854
184050	-0.036496
184100	-0.115729
184150	-0.107396
184200	-0.157945
184250	-0.134557
184300	-0.384314
184350	-0.010253
184400	-0.095769
184450	0.020035
184500	0.030707
184550	-0.013411
184600	-0.118168
184650	-0.037933
184700	0.015739
184750	0.103290
184800	0.087694
184850	0.262659
184900	0.211793
184950	-0.134147
185000	0.195379
185050	-0.111499
185100	-0.043606
185150	0.197365
185200	-0.058154
185250	0.051744
185300	-0.016504
185350	-0.023261
185400	-0.106047
185450	0.207729
185500	0.003286
185550	0.193993
185600	-0.157014
185650	0.007057
185700	-0.156394
185750	-0.087991
185800	0.108063
185850	0.227329
185900	0.173084
185950	-0.000990
186000	0.052934
186050	0.193821
186100	0.183420
186150	-0.127909
186200	0.185575
186250	0.048405
186300	0.045341
186350	-0.199557
186400	0.122513
186450	0.012827
186500	0.007599
186550	-0.083419
186600	-0.126512
186650	0.120675
186700	-0.038683
186750	-0.053321
186800	-0.100127
186850	-0.011431
186900	0.131671
186950	0.104133
187000	-0.273491
187050	0.107949
187100	-0.128378
187150	-0.143140
187200	0.054368
187250	0.192855
187300	-0.083527
187350	-0.010647
187400	-0.003990
187450	0.000891
187500	0.068728
187550	-0.086978
187600	0.226048
187650	-0.229004
187700	-0.169757
187750	-0.081386
187800	0.297627
187850	0.304335
187900	-0.046249
187950	0.073956
188000	-0.019866
188050	0.014202
188100	0.056135
188150	-0.042418
188200	-0.027476
188250	0.222724
188300	0.062793
188350	0.075867
188400	0.060860
188450	-0.196905
188500	0.025907
188550	-0.065952
188600	0.069258
188650	-0.091413
188700	0.066425
188750	-0.077493
188800	0.024377
188850	0.075696
188900	0.087299
188950	0.094599
189000	0.266055
189050	-0.045401
189100	0.091625
189150	-0.324304
189200	0.255271
189250	-0.058374
189300	0.050958
189350	0.152825
189400	0.122228
189450	0.118035
189500	0.032516
189550	-0.048253
189600	-0.090252
189650	0.085104
189700	0.082799
189750	-0.054333
189800	0.116203
189850	-0.009901
189900	-0.226758
189950	0.202047
190000	-0.200665
190050	0.090617
190100	-0.084456
190150	0.182992
190200	-0.118409
190250	-0.095304
190300	0.104657
190350	0.026553
190400	0.149617
190450	0.045908
190500	0.031258
190550	-0.001691
190600	-0.041969
190650	0.137064
190700	0.053316
190750	-0.108974
190800	0.007091
190850	-0.042581
190900	0.179225
190950	0.107198
191000	0.035810
191050	-0.174713
191100	0.001641
191150	0.002313
191200	-0.002900
191250	0.047084
191300	0.051371
191350	0.188662
191400	0.045455
191450	0.026456
191500	0.114345
191550	-0.101699
191600	-0.107108
191650	-0.040373
191700	-0.034366
191750	0.028179
191800	-0.025865
191850	-0.186830
191900	0.053936
191950	-0.129161
192000	-0.073064
192050	0.191229
192100	0.091429
192150	-0.091051
192200	0.069585
192250	0.185407
192300	0.000605
192350	-0.058999
192400	-0.133650
192450	-0.089997
192500	0.094543
192550	-0.096707
192600	0.088716
192650	-0.032936
192700	0.147068
192750	-0.063566
192800	0.007550
192850	0.195270
192900	-0.082102
192950	-0.249351
193000	0.175136
193050	-0.104230
193100	0.086556
193150	-0.182301
193200	0.017277
193250	0.089988
193300	0.108230
193350	-0.025858
193400	0.055609
193450	-0.005184
193500	-0.054624
193550	-0.124951
193600	0.059681
193650	-0.054266
193700	0.072741
193750	-0.048282
193800	-0.090742
193850	-0.191127
193900	-0.128086
193950	-0.029578
194000	0.280321
194050	0.034687
194100	0.194931
194150	-0.130377
194200	-0.087404
194250	0.144012
194300	-0.128392
194350	-0.045670
194400	0.071564
194450	0.068966
194500	-0.061833
194550	0.024546
194600	0.000575
194650	0.105076
194700	-0.038053
194750	0.064983
194800	0.099446
194850	-0.292831
194900	-0.045185
194950	0.005347
195000	0.090304
195050	-0.062177
195100	0.162952
195150	0.144700
195200	-0.008308
195250	0.175486
195300	0.087509
195350	-0.039239
195400	0.016581
195450	-0.110345
195500	-0.054565
195550	-0.060608
195600	-0.058422
195650	-0.073988
195700	0.087901
195750	-0.151060
195800	-0.081889
195850	-0.128592
195900	0.139785
195950	0.152502
196000	0.044248
196050	-0.043461
196100	0.334279
196150	-0.185840
196200	-0.030295
196250	0.111423
196300	0.035686
196350	0.194232
196400	0.032201
196450	0.115805
196500	-0.043073
196550	0.109457
196600	0.023571
196650	0.032335
196700	0.050308
196750	-0.188445
196800	-0.190113
196850	0.004621
196900	-0.155196
196950	0.035487
197000	-0.030999
197050	0.001301
197100	0.140453
197150	0.061713
197200	-0.002125
197250	-0.135462
197300	0.056558
197350	-0.055915
197400	-0.025325
197450	0.007034
197500	-0.038467
197550	-0.131188
197600	0.017742
197650	-0.047658
197700	0.193638
197750	0.016548
197800	0.077880
197850	-0.176560
197900	0.175609
197950	-0.014426
198000	0.012037
198050	0.086110
198100	0.050398
198150	0.075308
198200	0.204428
198250	-0.038698
198300	0.192803
198350	0.000730
198400	0.006870
198450	-0.281410
198500	-0.077472
198550	-0.006231
198600	-0.019639
198650	-0.127091
198700	-0.143097
198750	-0.112456
198800	-0.101478
198850	0.190420
198900	-0.007090
198950	0.033145
199000	-0.081818
199050	0.069670
199100	-0.029305
199150	0.027292
199200	0.053856
199250	0.106002
199300	-0.088555
199350	-0.020527
199400	0.147058
199450	0.069770
199500	-0.028822
199550	-0.137542
199600	-0.225849
199650	-0.042484
199700	0.183271
199750	0.058704
199800	-0.105823
199850	0.011106
199900	0.217830
199950	0.061087
