2.159847
0.919617
0.661112
0.383786
0.248531
0.208915
0.208536
0.176734
0.157947
0.191465
0.200640
0.256404
0.145724
0.171561
0.152701
0.244216
0.251475
0.071574
0.161115
0.200278
0.142978
0.096612
0.072657
0.124083
0.096189
0.059859
0.051584
0.061724
0.006626
0.122433
0.058520
0.061916
0.059617
0.047833
0.098247
0.160353
0.053584
0.135516
0.167328
0.057809
0.139873
0.117239
0.005960
0.010481
0.014616
0.025936
0.162720
0.034631
0.051504
0.123687
-0.038635
0.014362
0.022704
0.078531
0.025835
0.054668
0.060830
0.051971
0.064792
0.161040
0.135750
0.092293
0.039986
0.083421
0.075179
0.095631
-0.022494
-0.078474
0.023217
0.117316
-0.014371
0.038595
0.115083
0.101540
0.071056
0.042611
0.092173
-0.010151
-0.032615
0.009516
0.136182
0.063681
0.006395
0.046832
-0.019646
0.041819
0.081033
0.061701
-0.012999
0.096354
0.157768
0.093924
0.017200
0.107540
0.153061
0.058753
-0.013436
0.084452
0.106315
0.140064
0.124731
0.078556
0.044825
0.107508
0.067964
0.001114
0.035637
-0.066180
0.009618
0.051198
0.039377
0.078145
0.007347
0.084142
0.021304
0.052792
0.063325
0.013765
0.068173
0.071495
0.050760
0.161390
0.024276
0.017796
0.005275
-0.025828
0.020109
-0.027704
0.031776
0.049516
0.085857
0.032474
0.030228
0.032159
0.034498
-0.019783
0.000565
0.031783
0.049510
-0.005626
0.098649
-0.040857
-0.096058
-0.022695
0.063225
0.062919
0.077173
0.053460
0.034789
0.122066
0.012243
0.055341
0.082369
0.040809
0.064489
0.037227
0.037858
-0.050663
0.007195
-0.006239
-0.003930
-0.044475
0.050313
0.011040
0.053918
0.081527
-0.053344
0.017706
0.058059
0.056874
0.058435
-0.025436
0.130057
0.062242
0.049126
0.048170
0.072828
0.032526
0.181881
0.107049
0.140782
0.103138
0.037840
0.070989
0.089962
0.082235
0.057639
0.122262
0.050571
0.046025
0.067857
0.052140
0.046058
0.059720
0.073672
0.007420
0.032890
0.021967
0.047481
0.159339
0.005656
0.044778
0.077238
0.028251
-0.011960
0.053789
0.001216
0.003882
0.105537
0.061108
0.017499
0.108757
0.031433
0.056391
0.083943
0.172188
0.130517
0.113815
0.091592
0.086058
0.055763
-0.062535
0.000398
0.045340
-0.049934
0.016655
-0.006527
-0.014828
0.025173
0.076038
0.129224
0.106618
0.071485
0.003967
-0.042020
-0.070101
-0.025354
-0.009132
-0.063578
0.007857
-0.044831
0.070004
0.021451
-0.039479
-0.010724
-0.090459
-0.085452
-0.010541
0.063251
0.120957
0.045410
0.016172
0.105447
0.120605
0.091527
0.115514
0.081797
-0.015256
-0.049950
-0.004187
0.012737
0.067039
0.056070
0.052488
0.022525
0.021122
0.046445
0.103058
0.019340
0.039220
0.080713
0.083635
0.137583
0.047849
0.070974
0.054708
0.012044
0.018121
0.058200
0.014422
-0.047167
-0.084989
0.022475
-0.033076
-0.004346
0.031947
-0.028163
-0.080470
-0.040724
0.028115
-0.018220
-0.050435
-0.056388
0.048540
-0.000849
0.074410
0.140999
0.046525
0.021473
0.026644
0.079179
0.038264
0.044191
0.039834
0.012880
-0.014177
0.023744
0.073532
0.089628
0.025029
-0.036555
-0.051787
-0.077309
0.009809
0.045470
0.002570
0.083103
0.047820
0.029239
-0.033275
-0.007466
0.083656
0.053120
0.100774
-0.007834
-0.038921
-0.001073
-0.030878
0.002070
-0.015757
-0.044055
0.052636
-0.048020
0.007813
-0.058411
0.071686
0.095393
0.105481
0.103166
0.048698
0.021838
-0.026727
0.040973
-0.046430
-0.050264
0.062310
-0.053201
0.020750
0.135226
0.128710
0.019402
0.092578
0.021036
-0.001166
-0.047796
-0.065346
0.011567
0.012708
-0.004396
-0.005514
0.011562
0.013853
0.044079
0.119168
0.127407
0.137702
0.111063
0.061470
-0.024687
0.022050
0.105536
0.065224
0.022397
0.005299
0.063813
0.075839
-0.093057
-0.012551
0.036978
0.030556
-0.031041
-0.084629
-0.034112
-0.041167
-0.076628
-0.086534
0.055486
0.088436
0.129578
0.086165
0.090016
0.088909
0.026162
-0.004736
0.011148
-0.003887
0.078420
0.096672
0.045515
-0.035853
0.032630
-0.013275
0.009313
-0.058378
-0.019349
-0.044912
0.064502
0.191209
0.086721
0.082237
0.058498
0.042152
0.048490
0.033579
0.034313
0.046119
0.018007
0.057719
0.069517
0.094085
0.042916
0.085339
0.029019
0.056048
0.094730
0.056744
0.048337
-0.024934
-0.093765
0.022626
0.071695
0.022984
0.079793
0.014694
0.041504
0.013204
0.035326
-0.041617
-0.043359
-0.002272
0.000995
-0.035107
-0.093309
0.021973
0.111504
0.071606
-0.043004
0.068642
0.019553
-0.035577
0.024754
-0.002376
-0.026151
0.017409
0.120262
0.030495
-0.061315
0.010957
-0.143908
-0.093633
-0.007009
-0.033501
-0.041097
-0.058651
0.003626
-0.064838
0.012087
0.088876
-0.024394
-0.011116
-0.022092
0.109661
-0.005547
0.044416
0.115573
0.030597
0.072312
0.086708
-0.105284
-0.047829
-0.007637
0.007271
-0.044623
-0.025262
0.050108
0.086078
0.004701
0.037765
0.040052
0.110592
0.032936
0.080616
0.045949
0.040566
0.059530
0.008200
0.056590
-0.001389
0.041405
0.007234
0.046969
0.099500
0.101974
0.052452
-0.017266
0.003129
-0.059253
0.015992
0.108900
0.003094
-0.024553
-0.110523
-0.044147
0.052147
0.113887
0.042174
0.058255
0.106433
0.009588
0.000803
-0.028148
0.065975
-0.023428
-0.023889
0.100769
0.065640
0.016160
0.041040
0.066126
-0.018239
-0.006168
0.039693
-0.046041
0.069888
0.005418
-0.024358
0.001063
-0.027607
-0.037393
-0.047119
0.058094
0.011334
0.093393
0.102240
0.067570
0.114084
0.088593
0.048773
-0.014489
0.074269
0.039747
0.069153
0.071154
0.069205
0.020880
0.078636
0.103766
0.065809
0.123011
0.017585
-0.082361
0.042760
0.058477
-0.075558
0.056857
0.047487
0.049526
0.035055
-0.061518
0.003780
0.043979
-0.038244
0.043896
0.072355
-0.022656
-0.044121
0.083548
0.103781
0.041769
0.057909
-0.011195
0.053267
0.054792
-0.075646
-0.035553
0.013580
-0.038530
0.113379
0.043123
0.007511
0.003951
-0.040454
-0.018012
0.034929
-0.020867
-0.055140
0.023995
0.058767
-0.000243
0.025042
0.017753
0.019536
-0.069116
-0.031427
-0.068142
0.013545
0.004621
-0.023811
0.011356
-0.027041
0.021866
0.010922
-0.009822
-0.028726
-0.090906
0.029448
0.084567
-0.012039
0.031972
0.015110
0.072500
-0.000737
0.025206
0.021233
-0.094286
-0.002960
-0.046046
0.011473
-0.023752
0.092409
0.139710
0.090933
0.090046
0.063803
0.051642
-0.001509
0.030536
0.029435
0.040360
0.066738
-0.062341
0.120160
-0.039406
0.028482
0.039274
0.006650
0.070796
0.032646
0.093987
-0.037437
-0.044180
-0.082133
-0.087088
0.051149
-0.003495
-0.079752
-0.044461
0.151234
0.085993
0.030006
0.073479
0.072288
0.141794
0.093042
0.143656
0.084305
0.076114
-0.038010
-0.137029
-0.036888
-0.072214
-0.022605
-0.004171
0.043172
0.022668
0.048419
0.031881
0.005971
-0.015286
-0.079232
0.081152
-0.059132
-0.085037
-0.027198
-0.052625
-0.090915
-0.014990
-0.003526
-0.055329
-0.045937
0.082482
-0.039367
-0.066799
-0.035835
0.000485
-0.087742
-0.028446
-0.042170
-0.100240
-0.010454
0.084169
0.047859
0.003602
0.080255
-0.011091
0.043601
0.101817
0.096970
-0.010264
-0.013948
0.126015
0.111449
0.000465
0.038761
0.085165
0.122267
0.081575
0.000405
-0.067913
-0.006806
0.027057
-0.019893
-0.005867
0.039163
-0.033172
-0.119801
0.078088
0.061779
0.068863
0.075962
0.033176
-0.043010
0.045862
0.030092
-0.055704
-0.001361
-0.036271
-0.039245
0.039313
-0.061360
0.038312
0.038834
-0.036683
-0.108733
-0.086757
-0.044473
-0.073473
0.001887
0.021432
0.051594
-0.030435
-0.040926
-0.041487
0.045414
-0.009908
0.008358
0.052833
0.082079
0.079982
0.007770
-0.022645
-0.027001
0.053449
0.001483
-0.011002
-0.008751
-0.025223
0.029925
-0.014746
-0.006270
-0.072220
-0.001398
0.065760
-0.003975
0.075621
0.045267
-0.136880
-0.048550
-0.007958
-0.012410
0.022991
-0.040555
0.060816
0.027617
0.018932
0.080712
-0.013374
0.028786
-0.024400
-0.011002
0.070780
0.010348
-0.062323
-0.073123
-0.116237
-0.088532
-0.068347
-0.036020
-0.002993
-0.007462
-0.007405
0.037181
-0.029729
0.067890
0.009089
0.062517
0.005481
-0.009866
0.081403
-0.015825
0.125348
0.118120
0.049225
0.055133
0.078642
-0.017050
-0.021220
-0.032672
0.039564
0.032146
-0.119043
-0.058729
0.034374
0.007068
-0.022485
0.049946
0.026015
-0.037654
0.001878
0.034657
0.036618
-0.028829
-0.059403
0.054086
-0.054827
0.070492
0.120049
0.029892
-0.025813
0.008747
-0.041597
-0.053826
0.004183
-0.047413
-0.018035
0.011769
-0.065576
-0.002553
-0.045226
0.021011
-0.106154
-0.051211
-0.059502
0.054039
-0.040935
0.027397
0.006488
-0.061328
-0.045655
-0.146219
-0.062981
0.059846
-0.006447
-0.094791
0.036047
0.005995
0.045941
0.056075
0.066901
-0.038784
0.042272
0.015560
-0.014346
0.010735
-0.043117
0.005016
0.097840
0.085679
0.048676
0.087251
0.027802
0.085922
0.002622
-0.013922
0.032086
-0.091039
0.011761
-0.004961
0.061113
0.097399
-0.006210
0.088166
0.117230
0.013518
0.027951
0.048793
0.010042
0.020500
-0.013888
0.009149
0.061334
-0.002716
0.019784
-0.022171
0.057898
0.051123
0.116013
0.080147
0.000466
0.104137
0.030433
-0.021648
0.022843
-0.000570
-0.107250
-0.013996
-0.151820
0.040602
-0.000078
0.008678
0.130312
-0.012179
0.041107
-0.025705
0.019154
-0.059698
-0.043125
-0.088893
-0.060527
0.046079
0.066680
0.002521
-0.020627
-0.165754
-0.059056
-0.039054
-0.091672
0.093005
-0.005977
-0.013021
-0.019356
-0.027378
-0.019782
0.005472
0.077652
0.041920
-0.053309
-0.017212
0.001628
0.020697
0.009931
-0.006040
0.014491
0.019668
0.006518
0.052121
0.012578
0.045929
0.059720
0.014107
0.029059
0.016681
0.032990
0.018205
-0.072824
-0.005305
0.082587
-0.025077
0.124735
0.121022
0.030977
-0.013265
0.117023
0.087577
0.036197
0.120939
0.077052
0.044006
0.054642
0.105222
0.030712
-0.030921
0.056853
0.007736
0.020875
0.044483
-0.034470
0.136641
0.098039
0.024771
0.024984
0.132288
0.084578
-0.026432
0.047163
-0.018674
0.100949
0.047034
-0.017921
0.002543
0.046414
0.006660
0.143962
0.138545
0.033583
0.066267
0.031061
0.010596
-0.064554
-0.026297
0.092329
-0.073402
0.056395
-0.041620
0.075711
0.004132
0.003725
-0.038886
-0.043642
0.045610
0.038645
0.004211
0.005558
0.008453
-0.076658
-0.066129
-0.083363
-0.044648
0.018110
-0.011676
0.051899
0.098164
-0.011589
-0.032044
-0.038037
-0.027073
0.015466
0.074449
0.033586
0.050379
0.039657
-0.046676
0.052913
-0.006975
-0.047554
0.014711
-0.051252
0.048705
0.023680
-0.036712
0.054471
0.083666
-0.048153
0.094899
0.030941
-0.018770
-0.091164
-0.050617
0.007372
-0.021855
-0.082884
0.036256
0.027584
0.003611
0.031521
0.025219
0.054723
0.050274
0.036855
0.110843
0.043438
-0.043252
0.028748
-0.012013
0.065142
0.067462
0.042708
0.092914
0.027517
0.109563
0.090250
0.029850
0.094240
0.044878
0.086659
0.058175
-0.049359
-0.054611
0.069930
-0.026596
-0.079599
0.033236
0.016718
0.095275
0.044023
0.005366
-0.034124
-0.062732
-0.052163
-0.004146
-0.036443
-0.032225
-0.087494
-0.067460
0.006310
-0.018236
0.110113
0.057780
0.136121
0.099672
-0.050381
-0.017728
0.026968
0.089872
0.045765
0.051103
0.127149
0.100984
0.087883
0.052756
0.119617
0.104201
0.017119
0.016245
0.006554
-0.019126
-0.024821
-0.091695
-0.048059
0.085181
0.087023
0.054960
0.030560
0.071367
-0.050443
-0.066712
-0.078255
-0.041146
-0.058554
-0.062429
0.005839
0.098394
0.016479
-0.006842
-0.004944
-0.036496
-0.007533
0.025336
-0.075803
-0.004137
-0.002400
-0.026764
-0.006659
-0.005922
-0.078958
-0.078292
0.079276
-0.021593
-0.035227
0.030483
0.012424
0.058913
-0.009782
-0.010397
0.099676
-0.023296
-0.140234
-0.115808
-0.010296
0.024446
-0.092383
-0.027450
0.004655
0.045004
-0.017287
-0.043648
-0.038979
-0.018587
0.042907
0.018977
0.064216
0.025190
0.044802
-0.020290
-0.037661
-0.014857
-0.004869
0.001791
0.029239
0.046392
-0.069286
-0.009946
-0.032895
0.034356
0.046874
0.029074
0.125232
0.154141
0.047706
-0.018724
-0.031204
-0.008900
-0.026395
0.047177
-0.008964
0.087053
-0.036587
0.003977
0.054368
0.089876
0.089606
0.065864
-0.037212
0.037338
0.029052
0.000697
0.011497
0.063737
-0.044358
-0.008929
0.001772
0.060354
0.036262
0.046120
0.031410
0.047322
-0.016089
0.038625
-0.005736
-0.003938
-0.028120
0.104610
0.018121
-0.086092
-0.108611
-0.099767
0.055498
-0.005350
0.014994
0.067912
-0.046479
0.016750
0.089794
-0.023756
-0.039737
-0.029385
-0.012231
-0.047497
-0.091925
-0.045183
0.019085
0.033447
0.013677
0.061333
0.045452
0.017692
-0.038258
0.004240
-0.014228
-0.026292
-0.021599
-0.046932
0.020897
0.032899
0.046779
0.037670
-0.028796
-0.018952
-0.027754
0.023575
0.021515
0.012484
-0.046339
-0.014357
-0.005984
-0.042815
-0.043504
0.010392
-0.010942
0.038090
0.075978
0.034154
0.088837
0.036010
0.034246
0.094704
0.083124
-0.056741
0.001326
0.013754
0.025798
-0.061177
-0.026124
0.054527
-0.065626
-0.017942
0.060750
-0.043989
0.042643
0.026108
-0.016544
-0.107012
-0.065410
-0.060772
-0.063413
-0.023866
0.016849
0.001856
0.015573
0.100166
0.066434
0.027214
0.015902
0.088291
-0.028210
0.000244
0.009941
-0.016025
-0.006680
-0.004210
0.035703
0.121368
0.054897
0.087760
0.176575
0.071128
0.084580
0.058394
0.017633
0.075264
-0.010167
-0.011133
0.070516
0.008352
0.041804
0.018650
0.000149
0.011111
0.035229
-0.000533
0.029549
-0.054001
0.035986
-0.017969
-0.024905
0.046492
0.001532
-0.011781
0.053375
-0.164250
-0.016425
-0.066820
-0.076938
0.060015
0.003676
-0.065773
-0.043388
-0.063344
-0.060638
-0.020230
-0.003899
-0.058968
-0.018268
0.045928
-0.027675
-0.020380
0.017087
0.041926
0.089614
0.004046
-0.029618
0.002393
0.055762
0.079896
0.099841
0.123576
0.092007
0.025290
-0.006267
-0.007158
-0.079821
-0.019255
0.031659
0.080493
0.023242
-0.004435
0.084589
0.040465
0.014276
-0.003474
0.054969
0.014274
0.077835
0.131260
0.108328
0.128337
0.074553
0.073931
0.039194
0.031071
-0.000258
0.006660
-0.020704
-0.046237
-0.039575
0.045956
0.025622
0.060522
0.042164
0.050700
-0.012839
-0.002676
0.025016
-0.015462
-0.003036
0.013092
-0.076480
-0.058061
0.051589
-0.006355
0.026650
0.085248
0.036848
0.075642
-0.080121
-0.019655
0.030668
-0.020714
-0.113073
-0.023783
-0.024950
-0.068910
0.034822
-0.062153
0.045082
-0.018561
-0.073827
0.042968
0.049872
0.025147
0.052740
-0.041529
0.044736
-0.009697
0.019005
0.044762
0.024359
-0.038894
0.042479
0.047059
0.048686
0.098256
0.040539
0.120241
0.076378
0.091329
0.003150
0.032094
0.028518
0.015975
-0.081044
-0.086325
-0.013142
-0.021490
-0.005931
0.004646
-0.002987
0.004854
-0.001168
0.060738
0.136453
-0.016539
-0.047683
-0.051854
-0.020401
0.022942
-0.079569
0.002226
-0.083186
0.004020
-0.079520
-0.028171
0.005379
-0.025518
0.079169
0.000505
0.058174
0.094190
-0.010445
0.067400
0.039494
0.007612
0.094998
0.055880
0.070369
-0.001870
0.005448
-0.047169
-0.009350
0.028483
0.026654
0.033165
0.087073
0.041295
-0.019323
0.084765
-0.002849
0.042274
0.042435
-0.035026
0.041656
0.138964
0.108558
0.070316
0.048253
0.048927
0.037302
-0.014930
-0.050107
0.039837
-0.036246
-0.010952
-0.006006
-0.079496
-0.106233
0.009155
0.016134
-0.008240
-0.034476
0.056703
0.001400
0.013609
0.095445
0.145892
0.074468
-0.019518
-0.001834
0.009701
0.007216
-0.044644
0.067054
-0.011490
-0.010569
-0.010504
-0.035155
-0.016319
-0.072738
0.080524
0.006778
-0.004230
-0.021360
-0.000873
-0.027522
0.038343
0.111127
0.089732
0.018326
0.070776
0.023350
-0.050608
0.000531
-0.010860
-0.045890
-0.057075
0.026173
0.044810
-0.067917
-0.006686
0.041926
-0.051101
-0.084195
0.048393
0.048023
-0.060893
0.019984
-0.021004
-0.047364
-0.034673
-0.002231
-0.132825
0.032814
-0.053498
0.048545
0.074611
0.064877
-0.019912
-0.020042
-0.114347
-0.101035
0.031342
0.017778
-0.018507
-0.059933
-0.011390
-0.030423
0.021629
0.041228
0.057154
0.013419
0.121883
-0.002834
-0.014086
0.029375
-0.047392
-0.046755
0.021752
-0.006212
0.029252
0.023741
-0.013105
-0.000382
0.041199
0.026856
-0.055286
-0.005130
0.037424
0.042424
0.059583
-0.036263
0.074684
0.019533
0.099612
0.047013
0.083370
0.005636
-0.026509
0.090232
0.091245
0.081212
0.048985
0.025727
0.030647
0.041626
0.211103
0.141071
-0.015253
0.068864
0.087424
-0.124578
0.025775
0.042746
0.042385
0.024978
-0.042233
-0.000747
-0.012156
-0.032018
0.095330
-0.055827
0.051646
0.047008
-0.083592
-0.003709
-0.027766
-0.033838
0.027835
0.060869
0.085796
0.079725
0.023048
-0.088366
-0.048067
-0.002334
-0.055506
0.019439
0.078688
0.106919
0.019211
0.053175
0.030058
0.146305
0.099095
0.039690
0.072439
-0.040378
-0.041330
0.083743
0.021211
0.050218
0.087676
0.063100
0.102604
0.070075
0.022034
-0.019651
-0.009485
0.021512
0.033327
0.065710
0.020812
-0.017252
0.045025
0.056362
0.002446
-0.028518
0.042017
0.020768
0.037259
0.078484
0.041103
0.020544
0.036533
0.057097
0.082117
0.013913
-0.083436
0.038808
-0.029713
0.086583
0.121528
0.058463
0.102364
0.013015
0.054714
-0.004069
-0.041748
-0.034375
-0.047220
-0.064768
-0.097436
0.016215
-0.010765
-0.080321
-0.099161
-0.148167
0.020677
0.011662
-0.037319
-0.013843
-0.011345
0.037256
0.080277
0.063337
0.028315
0.046729
0.051730
0.012977
-0.057423
0.038570
-0.061496
0.086414
-0.043686
0.012741
-0.035450
-0.028479
-0.000148
-0.031941
0.035497
0.037628
0.063576
0.101930
-0.017456
0.017103
-0.024902
-0.049580
-0.024525
0.001125
-0.024332
-0.055270
0.016451
0.098880
-0.038106
-0.046815
-0.009627
0.013675
0.057362
-0.017273
-0.026611
0.051434
-0.001796
-0.080684
0.036775
0.047967
0.076004
0.017566
-0.035636
-0.033518
-0.004214
0.036783
0.047706
0.123629
0.106757
-0.018672
-0.116459
-0.010675
-0.139315
-0.133259
-0.020330
-0.085662
-0.032983
0.008579
-0.009839
0.023082
0.017205
0.083382
0.010299
0.014141
0.056561
0.047212
0.007977
0.027437
0.015756
-0.015372
-0.053635
-0.034736
-0.005059
0.035156
0.070187
-0.017423
0.021822
-0.067742
-0.049694
-0.095385
0.022579
0.084679
-0.000998
-0.012872
0.040017
-0.003073
-0.078971
-0.059976
0.007016
0.023433
0.018890
0.059476
0.008521
0.034031
0.027964
0.016391
0.108570
0.016605
0.014784
0.032791
-0.017746
-0.047243
-0.011413
-0.069282
0.028838
0.056614
-0.027911
0.020946
-0.023794
-0.071874
-0.047313
-0.070967
-0.120598
-0.082586
-0.056253
-0.054685
0.031257
0.026468
0.023218
-0.002276
0.015569
-0.045697
-0.092396
-0.056413
0.032622
-0.024578
0.020729
0.009620
0.006610
-0.000110
0.074754
0.024367
-0.024558
-0.063826
-0.029584
-0.015612
0.027293
0.082450
0.036378
-0.006110
0.049430
-0.088734
-0.035645
0.023109
0.005054
-0.017642
0.008651
-0.043353
0.144200
0.083000
-0.011006
0.025773
0.021944
0.068951
0.040218
-0.013087
-0.042550
-0.020820
-0.116147
-0.044649
0.041248
-0.026034
0.001684
-0.044901
-0.158191
0.069012
-0.010987
0.025336
-0.053437
0.062630
0.074597
-0.034809
0.035209
0.047215
0.072905
0.021449
-0.012678
0.060018
0.022635
-0.001947
0.066858
-0.032427
0.049011
0.074621
0.041871
0.104744
-0.046127
-0.000492
-0.077363
-0.030311
-0.001103
0.016524
0.071247
-0.038023
-0.006587
0.072458
-0.029163
0.012652
-0.025574
0.066119
0.024285
0.136473
0.053022
-0.016431
0.051682
0.042919
-0.074538
-0.103927
-0.001837
0.015721
0.013156
0.033479
-0.017408
-0.002502
0.029126
0.013745
0.057228
0.081848
0.071611
0.038235
0.006890
0.020459
0.076834
0.038760
0.048385
0.075173
0.102326
0.077933
-0.081359
-0.043524
-0.091344
-0.010877
0.075624
0.077126
0.150515
0.119473
0.001643
-0.045672
0.100778
0.099267
0.102818
0.075516
-0.001697
0.048247
0.016711
0.062789
-0.036463
0.043304
-0.058393
0.084816
0.006187
0.102587
0.021603
0.030598
0.039450
0.109272
0.029891
-0.021319
0.079300
0.071053
0.027971
-0.036740
0.029991
0.060051
0.100222
0.033166
0.041642
0.050049
0.020028
0.025528
0.002569
-0.041731
-0.020147
0.078937
-0.016134
-0.021161
-0.022664
-0.065792
-0.065483
-0.017965
0.037252
0.055823
0.050532
0.017840
0.068987
0.069757
0.005917
-0.000597
-0.060411
-0.025950
0.023771
-0.053522
0.014961
0.005511
-0.090862
-0.039435
0.015673
-0.031246
0.009523
0.011257
0.000603
-0.020816
0.023216
-0.072551
0.033298
0.000878
-0.056713
0.005094
-0.002329
-0.064808
-0.019280
-0.050515
-0.116114
-0.035028
-0.053096
-0.015340
0.005449
-0.037167
0.020901
0.045496
0.045864
-0.072950
-0.046280
-0.038251
-0.106722
0.038035
0.139819
0.106605
0.044666
-0.028571
0.036630
0.096237
0.026796
0.037031
0.075416
0.072055
0.024259
-0.028473
0.040352
0.028401
0.094188
0.088182
0.038027
0.111128
0.034149
-0.070583
-0.008081
-0.002405
0.027280
0.021250
-0.056889
0.040993
0.019011
-0.035786
-0.004286
-0.031311
0.061699
0.024932
0.047263
0.003258
0.040395
0.051497
-0.021590
0.039203
0.093927
0.066655
0.081168
-0.014501
-0.039902
-0.071518
-0.030825
0.010312
-0.055420
-0.071089
0.057246
0.072004
0.034816
-0.012770
-0.016382
-0.040608
0.069040
0.070248
0.017767
-0.015177
0.002584
-0.081399
-0.015131
0.038805
0.078927
0.072837
0.070740
-0.022730
0.095185
0.032821
-0.082709
-0.023116
-0.119810
-0.046466
-0.021789
-0.022086
-0.029120
0.017678
0.124584
0.028682
0.075095
0.024076
0.009716
0.088496
-0.073592
-0.039037
-0.006074
-0.024881
-0.018756
-0.091810
-0.078572
-0.058259
-0.013815
0.019414
0.074667
0.070381
0.035682
0.081745
0.014171
-0.022373
0.071232
0.109465
-0.019740
-0.030883
-0.027298
-0.019922
-0.064298
0.008720
-0.092383
0.034446
0.035016
0.010867
0.084384
0.065057
0.047860
0.024668
0.041156
0.037789
0.013158
-0.026747
0.095624
0.029806
-0.019298
0.068362
-0.019147
0.037832
0.043244
0.067175
0.077506
0.066147
0.013101
0.106932
0.081567
0.012817
0.009036
0.104224
0.046361
0.009889
0.049299
-0.074965
0.007640
-0.045647
0.015466
0.070960
0.031837
-0.010616
0.029377
0.054143
-0.000358
0.097028
-0.052339
-0.014926
-0.058892
-0.113348
-0.118146
-0.049523
-0.032220
0.022616
0.068311
0.051681
-0.029121
-0.014121
0.009156
0.007355
0.000151
0.027546
0.025476
0.038330
0.019116
0.007695
-0.008998
0.087871
-0.008167
0.073459
-0.037329
-0.014368
0.000708
-0.019974
0.152504
-0.024509
0.008595
0.035747
0.021101
0.009257
0.060212
0.059450
-0.004363
-0.011412
0.042083
0.067330
0.015774
0.009140
0.033292
0.062870
0.141577
0.054466
0.155204
0.126189
-0.104790
-0.036871
0.012395
0.015315
0.004579
0.102193
0.036151
0.006390
0.135489
0.136908
0.051351
0.087188
0.038276
-0.032980
-0.047144
-0.001267
0.036242
0.031095
-0.095218
-0.044191
-0.071066
0.060247
-0.088035
-0.018114
0.007305
-0.010534
-0.065104
-0.051507
-0.003967
-0.023717
0.036223
0.087036
0.050075
0.045934
0.009709
-0.005039
0.012999
0.052358
-0.014000
-0.042889
0.047681
-0.053698
0.031799
-0.068074
0.090293
0.063411
-0.018504
-0.016454
0.022555
0.098436
0.000502
0.050449
0.028033
0.090395
-0.027573
-0.014072
-0.007156
0.051444
-0.089938
-0.063651
0.050275
0.009094
0.084932
-0.016430
0.003120
-0.045927
0.001934
0.004548
-0.007372
-0.006449
0.035502
0.000711
-0.023789
0.011892
0.009476
0.008039
-0.024397
0.021313
-0.046694
-0.121162
0.039453
-0.088920
-0.052528
-0.009783
-0.057448
0.045512
-0.030708
0.001771
-0.027836
-0.081333
-0.058250
-0.103144
-0.142869
0.001011
-0.057539
0.005812
0.020221
0.054540
0.069157
0.024667
0.091503
0.058025
-0.014728
-0.067069
0.025488
-0.026151
-0.065081
0.073565
-0.017427
-0.013154
0.009095
-0.086346
0.022316
0.061229
0.068041
0.008669
0.000094
-0.054438
-0.003046
-0.045292
0.077402
0.032855
0.054546
0.045135
0.041077
0.027962
-0.051959
-0.018258
0.047243
-0.058577
-0.014385
0.129101
0.020483
0.001127
-0.037886
0.044953
0.029073
0.032274
-0.069278
0.040778
-0.095769
-0.047849
-0.036440
-0.020085
0.068653
0.016623
-0.014706
-0.064850
0.021624
0.031010
0.045328
-0.022555
-0.001129
-0.009592
0.031300
0.018012
0.081353
0.044029
0.023908
0.013445
-0.011021
0.021657
0.042697
0.049029
0.004834
-0.047326
0.011495
0.013188
0.003863
-0.027470
0.015277
0.025213
0.049765
0.096675
0.050523
0.046436
0.053757
0.086444
0.042474
0.058674
0.067838
0.061260
0.000442
0.047100
0.052092
0.078476
0.022244
0.079577
0.134624
0.074423
-0.040094
-0.009132
-0.037953
-0.034251
-0.029920
0.029924
0.101004
0.018184
0.082329
0.094265
0.025567
0.082065
-0.004427
-0.008126
0.015223
-0.073875
-0.006305
-0.056015
0.024932
-0.011165
-0.026416
0.017071
-0.100923
-0.037698
-0.084870
-0.012792
-0.001963
-0.038576
0.002078
0.015293
-0.016872
0.036792
-0.001805
0.001075
-0.092601
-0.022715
-0.003760
-0.091513
-0.000040
0.047186
-0.026961
0.054102
0.022311
0.082114
0.049558
0.013306
0.089862
0.049885
-0.007497
0.057643
-0.047232
-0.035915
-0.012248
0.040265
-0.053899
0.015678
-0.035471
-0.052101
0.009054
-0.051176
0.034803
-0.004585
-0.027442
-0.003472
0.066781
0.005027
-0.005374
0.068709
-0.010916
0.004151
0.023401
0.040646
-0.039614
0.009133
-0.008924
-0.122460
0.090808
0.087901
0.017691
0.047067
0.083476
-0.012867
-0.031603
0.015790
0.045167
0.076074
0.068015
0.041823
-0.006144
0.010886
-0.007842
0.031496
0.038758
-0.016545
-0.071781
0.006063
-0.003725
0.034094
0.094014
-0.010409
0.091407
-0.017408
-0.086411
-0.092708
-0.046260
-0.049132
-0.050142
0.047780
-0.010027
-0.009333
0.058509
0.035472
0.045931
-0.121163
0.050071
0.002654
-0.021124
0.046953
-0.033218
0.007525
-0.065472
-0.051129
0.006098
-0.021218
0.011828
0.012248
-0.020625
0.011680
0.049978
0.012333
0.102980
0.049644
-0.008917
-0.010887
-0.052267
-0.000295
0.002259
0.043976
0.044886
0.054731
0.015694
0.010312
0.129225
-0.021286
0.046053
0.097518
0.014597
-0.011816
-0.005133
-0.022766
-0.029269
0.006011
0.018462
-0.033398
-0.093603
-0.002114
0.036313
-0.009576
-0.082472
0.015301
0.029339
-0.021112
0.039524
0.065826
-0.014055
-0.051802
-0.109265
-0.051296
-0.075980
-0.107635
-0.009563
-0.023387
-0.064616
-0.092044
-0.091309
-0.079932
-0.002619
-0.033920
-0.055601
-0.039709
-0.031098
0.038971
-0.076567
0.022372
0.002175
-0.082104
-0.069981
0.035378
-0.098672
-0.028092
0.026437
0.046813
0.075471
-0.016150
-0.047640
0.040884
-0.020891
0.010562
0.015668
-0.055950
0.040282
0.076824
0.033125
0.036919
0.103889
0.040897
0.002098
0.070384
0.027191
0.059739
0.039739
0.016736
0.015822
0.034408
0.100123
0.043920
0.070090
0.036666
-0.002320
-0.030671
-0.032219
0.002253
-0.051534
-0.059437
0.050616
-0.027319
-0.014151
-0.031304
-0.029570
0.083185
0.048573
0.041357
-0.023377
0.010212
-0.002760
-0.021465
0.011467
-0.041623
-0.005413
-0.000647
0.025465
0.081661
0.011609
0.004870
0.027993
0.001183
0.027475
-0.004864
-0.022752
-0.057692
0.057473
0.048897
-0.069206
0.005661
0.054359
0.035394
0.074725
-0.035145
-0.042900
0.090581
-0.000496
0.060163
0.005380
-0.083117
0.074517
0.097322
0.137788
0.099214
0.039516
0.068078
0.007881
-0.032474
-0.002737
0.026382
0.049096
0.085879
-0.007092
-0.067580
-0.024282
-0.076184
-0.074587
0.074375
-0.004802
0.058866
0.016787
0.048635
0.035497
0.012837
-0.054195
-0.102768
0.071617
0.037175
0.064443
0.061122
-0.016428
0.038758
0.076158
0.022072
-0.101570
-0.035387
0.018218
0.076734
-0.073840
0.000271
-0.021434
0.002103
0.000274
0.009025
-0.034016
0.091307
0.060221
0.020965
0.040552
-0.014854
-0.055145
0.031592
0.048128
0.022585
0.056677
-0.027446
-0.008295
0.066940
0.003558
-0.022220
-0.014470
-0.038562
0.002803
0.055779
0.082876
0.035485
-0.009668
-0.001483
0.066201
-0.022489
-0.000382
0.031305
0.020877
-0.032310
-0.061022
-0.010449
-0.100217
-0.028267
-0.067648
-0.033511
0.072423
0.100542
0.079551
0.068307
0.033892
0.036490
0.079306
0.067442
-0.019208
-0.075656
-0.018976
-0.033058
0.076424
0.013481
0.011855
0.120205
-0.029176
-0.017419
0.021622
-0.062403
-0.048513
-0.055154
-0.027735
-0.032375
0.010020
-0.150395
-0.048237
0.087788
0.037138
0.024514
0.012764
-0.019081
-0.040565
0.089475
0.053731
0.026060
-0.010675
0.113766
0.006455
-0.001141
-0.060111
-0.101889
-0.003134
0.040738
0.020440
0.075841
0.018827
0.005577
0.036597
0.007244
-0.012058
-0.015271
0.034164
0.040320
0.040868
0.087333
0.097366
0.006756
-0.035833
0.005186
0.033108
0.095794
0.076795
0.090215
-0.026956
-0.035315
0.068057
-0.003450
0.078711
-0.009597
0.019855
0.019385
-0.028458
-0.041420
-0.033152
0.063418
0.003759
0.005207
0.038323
0.008773
-0.008523
-0.122793
-0.066309
0.024956
0.089600
0.051475
0.048474
0.079226
-0.034808
0.022181
-0.014072
-0.003233
0.050221
-0.055645
-0.085624
0.026702
-0.055694
-0.075901
0.056226
-0.050552
-0.078015
-0.046330
-0.064718
-0.018715
-0.071233
-0.066002
-0.062269
-0.017750
-0.035855
-0.071428
0.039507
0.026468
-0.078884
0.017845
0.026074
0.131915
0.072716
-0.013824
-0.128385
-0.111048
-0.060818
0.078355
-0.020379
0.008088
-0.084494
-0.067527
-0.037542
0.006932
-0.001926
-0.024640
-0.090167
-0.010210
0.053715
-0.014014
-0.017435
-0.029004
-0.042657
0.000784
-0.071147
0.053923
-0.022420
-0.028165
-0.044325
-0.105144
0.003664
0.037190
0.144667
0.094982
0.027963
-0.069272
-0.068618
-0.038073
-0.009721
-0.030914
-0.012941
0.051423
0.005712
0.065462
0.034127
0.010188
0.067547
0.059080
0.029616
0.047162
0.026867
-0.028987
-0.008533
-0.009435
0.016379
0.017677
0.039465
0.000932
0.039787
0.030115
0.024555
0.080158
0.013557
-0.013344
0.008830
0.064930
0.122839
0.036662
-0.122122
0.024968
0.067222
-0.001284
-0.004257
0.078031
-0.011863
-0.079478
-0.058479
0.046154
-0.033014
-0.032896
0.049016
0.018563
0.045928
-0.012835
0.068464
-0.016579
-0.021532
0.042584
0.044927
0.039514
-0.025638
-0.013888
0.008028
-0.112547
0.019518
0.058538
-0.005458
0.006891
0.004779
0.011926
0.053613
-0.065429
-0.060910
0.015554
-0.095154
-0.107366
-0.065168
-0.026181
-0.009187
-0.149816
-0.008152
0.024629
-0.018630
-0.032170
-0.028228
0.029403
-0.086540
-0.041674
0.078712
0.059705
-0.081981
-0.059866
0.012216
-0.033677
-0.010150
-0.052074
0.024852
0.055094
0.033719
0.002364
-0.022217
0.094024
0.048912
-0.057465
-0.082623
0.054489
-0.027672
-0.107639
0.005620
-0.016590
-0.030916
-0.059228
-0.045713
-0.017447
-0.021141
0.103343
0.099471
0.091750
0.021717
0.010920
-0.083244
-0.092400
-0.043601
-0.009260
0.002564
0.013285
0.096861
0.038266
0.000285
0.019868
-0.049709
-0.011171
-0.018885
-0.011260
0.008520
0.069570
0.081809
0.083844
0.089979
-0.034708
-0.010732
0.010055
-0.006475
0.114454
0.026855
-0.022183
0.021515
-0.040599
-0.033688
-0.036370
-0.098514
-0.039932
-0.015916
-0.001193
-0.044310
0.042612
-0.103552
-0.067193
-0.004484
-0.084335
-0.033296
0.078314
0.027512
-0.052475
-0.002382
0.113849
0.007523
0.024511
-0.086375
0.023707
0.035996
-0.042347
0.010652
0.100575
-0.008449
0.001422
-0.010897
0.029727
-0.053420
-0.056185
-0.051516
-0.047134
0.031429
0.002980
0.025201
0.068104
0.003636
-0.022085
0.006067
-0.046350
-0.025368
-0.060776
0.015274
0.024852
-0.051613
-0.013518
-0.046229
-0.006261
-0.056065
-0.018023
0.018314
0.030101
0.031143
-0.047669
0.030452
-0.041861
0.016864
0.012227
-0.014470
0.036518
-0.001771
0.108084
0.018097
-0.015520
0.066831
0.030871
0.046679
0.037592
-0.033782
-0.041917
0.000973
-0.031600
0.019375
0.057729
-0.015728
0.010603
0.084583
0.015088
0.052097
0.019880
0.012257
-0.061049
-0.042353
-0.098299
-0.062114
-0.017063
0.111416
0.031873
-0.030578
-0.028973
-0.055860
-0.039881
0.050169
-0.057446
-0.046470
0.004634
0.102379
0.015203
-0.013556
-0.024116
0.050479
-0.019261
-0.137759
-0.062973
-0.003331
0.024874
0.038590
0.014314
0.061815
-0.003370
0.029836
0.065774
-0.026627
0.030864
-0.008819
0.046471
0.055578
0.088207
-0.023952
-0.064643
0.041851
0.040377
0.016747
-0.054624
0.025334
-0.004592
-0.060626
0.033565
0.009982
-0.077310
0.022285
-0.019892
-0.040969
0.061166
0.070617
0.033592
0.066558
0.022660
-0.017264
0.005850
0.052255
-0.006833
-0.003706
0.009720
-0.089010
-0.044835
-0.021288
-0.017298
0.032430
-0.040835
-0.032975
0.027452
-0.113737
-0.018449
-0.064838
-0.110117
-0.088656
-0.108261
0.081744
0.019432
-0.014954
0.031032
-0.031431
-0.032533
0.036302
-0.060958
-0.024412
0.021796
0.004832
0.068401
0.020794
0.029111
0.024975
-0.077042
-0.057356
-0.030151
-0.042727
-0.024772
-0.003379
-0.022739
-0.016144
-0.033701
-0.048362
0.009439
-0.055599
-0.071194
-0.020827
0.030048
-0.024427
-0.049617
0.110108
0.044995
0.044322
-0.018907
0.002742
0.032133
0.077090
0.038971
0.046234
0.043009
0.004092
-0.095995
-0.036464
-0.138143
-0.085335
-0.007426
0.040524
-0.003998
0.018506
0.096153
0.030247
0.015650
-0.023935
0.008403
-0.000006
-0.070338
0.040635
-0.046851
-0.037288
0.090373
0.003734
0.059372
0.072277
-0.001908
0.015576
-0.031461
-0.005459
-0.061814
-0.030086
0.014406
-0.032786
0.039071
0.017037
-0.076391
-0.098733
0.012887
-0.019728
-0.008328
-0.063648
-0.021298
-0.011641
-0.026036
0.001137
-0.030401
-0.061182
-0.094679
-0.044337
-0.082912
-0.008095
-0.065081
-0.093510
-0.080842
0.064833
0.009272
0.067972
0.041416
0.022679
-0.080990
-0.046809
0.099234
0.110458
0.015166
-0.017926
0.019676
0.105478
-0.041338
0.020625
-0.008392
0.039697
0.031344
0.111494
0.029829
-0.027651
0.153105
0.096084
0.027218
0.027329
0.016944
0.025597
0.017171
0.004403
-0.072435
0.003934
0.046263
-0.001780
0.119534
-0.042954
-0.074179
0.061035
0.090673
-0.012461
-0.006623
-0.012647
-0.101211
-0.005211
0.001657
-0.085427
0.043610
0.024407
-0.070983
0.034218
0.115535
0.090258
0.026167
0.015824
0.031775
-0.073437
0.043349
0.105662
0.057596
0.071232
0.100293
0.032161
0.026475
0.067597
0.085796
0.085462
0.071694
0.040631
-0.020121
0.023890
0.036454
-0.048479
0.109342
0.068821
0.018181
0.049310
-0.029186
0.022147
0.002805
0.015888
0.000566
-0.027399
-0.038878
0.080886
0.033751
0.033479
0.047878
0.032743
0.009166
0.015112
0.014563
0.063489
-0.048453
0.039318
0.187449
0.034622
0.084613
-0.016838
0.018391
-0.069539
-0.022352
0.010164
-0.038871
-0.039402
0.028626
0.007590
-0.014050
0.009396
0.018885
-0.026875
0.053125
0.094497
-0.029203
-0.043491
-0.035905
0.022172
-0.012682
0.015604
-0.001424
-0.041198
-0.022861
-0.016624
0.018509
0.017837
0.072931
0.119979
0.125183
-0.010804
-0.071291
0.050114
-0.030793
0.080272
0.029839
0.021689
0.069678
-0.009768
0.073114
0.029412
-0.011479
0.053718
0.074402
-0.048821
0.046792
0.010446
-0.047491
-0.060628
-0.102485
0.034798
0.052416
0.093768
0.070961
0.040738
0.017515
-0.016301
-0.041010
-0.009302
0.013526
-0.109974
0.016483
-0.073607
-0.110082
0.044068
0.051221
0.100888
0.095968
0.049246
-0.024478
0.015321
0.003091
0.031220
0.013179
0.023118
0.022570
0.068153
0.073667
0.089352
0.042501
0.001518
0.005028
0.084221
-0.017444
-0.050705
0.051552
-0.005748
0.000512
0.019261
-0.080742
-0.018896
-0.013445
-0.008995
-0.045454
-0.053933
0.022733
0.076202
-0.050700
-0.032171
-0.011627
-0.010451
-0.023858
0.036923
0.001211
0.020001
0.061434
0.017096
-0.018928
0.048414
0.000210
0.030303
0.056566
-0.034457
-0.013472
-0.042775
-0.009240
-0.070232
-0.045759
0.018545
-0.040754
-0.021452
0.045061
0.043820
-0.030625
-0.001970
0.078597
0.002566
0.003767
0.014026
0.066144
0.026109
-0.006750
0.077001
0.014439
-0.039116
0.081418
-0.052627
-0.058825
-0.026332
-0.091548
0.029615
0.004847
-0.041245
0.037674
0.060024
-0.015678
-0.052471
-0.062635
-0.095330
-0.065286
-0.032744
0.008659
-0.017915
-0.059005
-0.034907
-0.095515
0.081609
0.018003
-0.063490
0.062009
0.011148
-0.019352
0.001267
-0.060961
-0.055857
-0.020264
-0.062019
-0.005719
-0.046221
0.006585
-0.039721
-0.047934
-0.042048
0.057174
0.047936
0.049749
-0.052914
-0.078737
-0.067761
0.044554
0.072838
-0.084306
-0.044385
0.047877
-0.053129
0.022721
0.036618
-0.006451
-0.037548
-0.038397
-0.025607
-0.056139
-0.084654
-0.081425
-0.016401
-0.024582
0.031662
-0.027794
0.033860
-0.003272
-0.016291
0.023691
0.059493
0.059692
0.026230
0.001370
0.039972
-0.016331
0.031890
0.034437
0.003422
-0.061438
-0.023057
-0.030149
0.043626
0.014506
0.015325
0.018983
0.004973
0.060640
-0.022535
0.077138
0.006086
0.018384
0.109376
-0.022429
0.112170
-0.015607
-0.062150
-0.035283
-0.057578
-0.044505
-0.061641
0.018213
0.100986
-0.024702
0.031713
0.075592
0.002035
0.060576
-0.004981
0.002137
0.056191
0.021418
-0.026122
-0.060948
-0.127130
-0.040261
-0.076306
-0.043718
0.010010
0.093325
0.063591
-0.013432
-0.009116
-0.008912
-0.051564
0.046829
0.004174
-0.007886
0.010762
0.088778
-0.014768
-0.037415
0.066018
0.024675
-0.010734
0.031001
-0.000171
0.015075
0.031207
-0.035339
0.004570
-0.035229
-0.067915
0.020322
0.006535
-0.077182
-0.046095
-0.032499
-0.069236
0.003330
-0.050576
-0.146341
0.053126
-0.004503
-0.019778
0.012297
-0.000115
-0.051581
0.005689
0.086569
0.064385
-0.056321
-0.029958
-0.037488
-0.053920
-0.039789
-0.064887
-0.124350
-0.043715
0.037956
0.014691
-0.028883
-0.032466
0.037865
0.012284
0.061680
0.097767
0.029298
0.030488
-0.051221
-0.066069
0.060541
-0.052387
0.002389
-0.060522
-0.074569
-0.041649
0.035863
-0.010238
-0.058469
-0.028646
0.047184
0.050904
0.005107
-0.005052
0.082352
-0.017247
0.059517
0.091526
-0.118963
-0.024158
0.078508
-0.024310
-0.027312
-0.035810
-0.025877
0.055375
0.006793
0.037537
-0.033806
-0.097867
-0.038175
-0.078961
0.029561
0.028629
-0.042247
0.024762
0.064266
-0.010214
0.000618
0.014465
0.106015
0.081065
0.130169
0.039906
0.067895
0.039792
-0.118015
-0.100092
-0.086181
-0.031905
0.025720
0.006017
-0.070552
-0.024907
-0.041015
-0.048209
0.001049
0.064869
0.031969
0.006897
-0.024385
0.056787
-0.109837
0.009920
0.064886
0.047759
0.103684
0.033785
0.107509
0.075213
0.089675
0.034493
0.112808
0.027761
-0.083689
-0.020263
-0.090738
0.038458
0.033732
-0.017051
-0.005311
0.044577
-0.047695
-0.023935
0.049268
-0.072969
0.005990
-0.068474
-0.023045
0.067188
0.021013
-0.085753
-0.038794
-0.062146
-0.018630
-0.000628
-0.022844
0.006622
0.032748
0.011283
0.117947
0.086162
0.059169
0.024727
0.083147
0.040902
0.047217
0.006974
-0.035501
-0.021997
-0.013082
-0.120440
-0.009034
0.087794
0.083532
0.014104
-0.033233
0.018147
0.024117
0.012596
0.048053
0.049478
-0.013515
-0.006993
0.040109
-0.051626
0.019976
0.043343
0.041414
-0.012516
0.092338
0.020042
-0.012191
-0.030890
-0.021853
0.028287
0.011396
-0.030150
-0.078222
-0.011159
-0.011488
0.010896
-0.061615
0.002226
0.011453
-0.001181
0.044999
-0.014953
0.017118
-0.067349
-0.047370
0.079952
0.052931
0.133872
0.145780
0.021349
-0.017651
0.085972
0.030348
0.006525
0.055398
-0.009295
-0.005072
0.055025
0.073272
0.063024
0.103324
0.027972
0.034756
0.068361
0.049205
0.121796
0.186404
0.083797
0.049720
0.038292
-0.009879
-0.025664
-0.029441
0.053035
0.092685
0.047052
-0.001502
-0.029934
-0.024289
0.034654
0.028675
0.083673
0.045594
0.048901
-0.060898
-0.007123
0.048607
0.038421
0.007774
0.037071
0.100957
0.010542
-0.067166
0.085708
0.125960
0.112511
0.087945
0.043620
0.028667
0.038678
-0.022478
0.016144
-0.013711
0.079819
0.053625
-0.014918
-0.032963
0.048221
-0.063876
-0.005667
-0.008729
0.016074
0.088709
0.044201
0.043455
0.034290
-0.081189
0.009810
-0.084163
-0.021892
-0.013272
-0.006285
0.031356
0.008703
0.040807
0.045497
0.008248
-0.046404
0.042895
-0.068222
-0.036737
0.039770
0.057425
0.033928
-0.055511
0.035129
0.034137
0.100410
-0.016875
0.058086
-0.011013
-0.055721
-0.018329
-0.013346
0.034454
0.022827
-0.015387
0.038411
0.042844
0.081708
0.005275
0.098385
0.174968
0.078733
-0.033185
-0.001494
-0.002367
0.049773
0.008070
-0.023857
0.013118
0.094980
0.068163
0.066152
0.021284
0.068660
0.052711
0.068185
0.022968
0.048638
0.027177
-0.018545
0.048725
0.000153
-0.043676
-0.022828
0.009065
0.026456
0.064316
0.064581
0.012279
-0.096983
-0.005447
0.033196
0.018044
0.080683
-0.050690
-0.011643
-0.007608
0.006117
0.090307
0.021997
0.065691
0.063863
0.014958
0.134291
0.082500
0.019373
-0.001954
0.022243
0.022357
0.057829
0.047438
0.064640
0.024956
0.036781
0.003790
-0.050429
-0.066264
-0.100744
0.032311
-0.038054
-0.099582
-0.053309
0.030075
0.005173
0.036389
0.017564
0.116773
0.020260
0.071421
0.050137
0.083683
0.038094
-0.009110
0.009853
0.046163
0.006946
0.035903
-0.012143
0.056797
0.003267
-0.003530
0.008133
-0.107622
-0.081669
-0.040496
-0.057158
-0.124840
-0.045085
-0.083012
-0.034452
-0.026429
0.026034
-0.017283
0.027741
-0.042413
0.005118
0.140394
0.003113
-0.031107
0.000660
-0.036036
-0.080696
-0.010611
-0.033636
-0.011603
0.011034
-0.035000
-0.032094
-0.003901
0.042151
0.013051
0.026997
-0.098330
-0.016229
0.090309
-0.028967
-0.058537
-0.056371
0.007888
0.004117
-0.040178
-0.006734
0.067202
-0.062426
0.013105
0.064601
-0.021972
0.055377
0.082502
0.010458
-0.032774
-0.038538
-0.047135
-0.020591
0.049599
0.043440
-0.076565
-0.002917
0.001699
-0.028499
-0.008198
-0.008572
-0.036847
-0.032542
0.018912
0.009763
0.050083
0.037108
0.104562
0.121020
0.051685
-0.005425
0.042407
-0.008520
-0.078768
0.059924
0.162798
0.061981
0.057145
0.004459
-0.063252
0.038977
-0.038384
-0.002578
-0.014712
-0.086019
-0.007806
0.001334
0.046181
0.048894
0.026578
0.003795
-0.055198
-0.004385
0.041995
0.012107
0.021389
-0.019219
0.052526
0.027071
0.035070
0.011281
-0.010062
-0.058750
0.002897
-0.016975
0.011341
0.077525
-0.049696
-0.067587
0.009645
-0.056488
0.008443
0.077586
-0.006899
-0.078415
0.070169
0.020579
-0.034732
0.000150
-0.041376
-0.023294
0.061857
0.009674
0.127951
0.100684
-0.136766
-0.009029
0.026862
0.011077
-0.029653
0.017645
-0.028351
-0.087199
-0.001569
0.057698
0.106495
0.023164
0.070424
0.081160
0.066823
-0.047503
0.055272
-0.017022
-0.027837
-0.040901
0.012169
-0.048917
-0.021363
0.004658
-0.006557
0.055088
-0.029018
0.023100
0.063221
0.009839
-0.006795
0.031961
-0.023981
0.063995
0.058137
-0.053489
0.030705
-0.041195
0.046707
0.103541
0.043731
0.070911
0.001267
0.020700
0.094288
0.025223
0.057481
0.059385
-0.027898
0.092596
-0.024150
-0.020248
-0.096016
-0.042083
-0.068559
-0.079692
0.016326
-0.018921
-0.010265
0.070762
0.030659
0.033622
-0.037748
-0.021120
0.035746
0.023597
-0.050397
-0.021295
-0.008269
-0.067362
-0.013930
-0.039554
-0.011704
-0.034005
0.046208
0.083129
-0.014745
-0.002502
0.023875
-0.106455
0.030181
-0.007079
0.021619
0.001555
-0.004914
0.003878
-0.080537
0.020496
0.028003
0.015750
-0.005718
-0.061634
0.058419
-0.034727
0.004615
0.128658
0.064248
0.144519
0.021488
0.011170
0.013061
0.103673
0.047248
0.014261
0.073409
0.033248
0.039045
-0.040900
-0.010740
-0.018886
0.051644
0.072978
-0.005436
0.048208
-0.009594
0.031072
0.042033
0.145083
0.092630
-0.037239
0.089700
0.009290
0.009396
0.038551
0.045782
0.083158
0.014277
-0.034461
-0.054128
0.006982
-0.033156
-0.033918
0.116840
0.087164
0.081936
-0.039592
-0.040388
-0.019995
-0.018833
-0.007098
-0.004501
0.026582
0.014172
0.046731
0.035474
-0.048824
0.032486
-0.042840
-0.025945
0.058361
0.023741
0.091788
0.037243
0.083375
0.066173
0.044188
0.048360
0.033410
0.045548
-0.049024
0.071616
0.005266
-0.001231
0.000591
0.002545
-0.037536
-0.012506
0.006205
0.026972
0.080917
0.059951
0.080912
0.099506
0.035534
-0.008275
0.068503
0.038089
-0.128931
-0.003404
-0.044275
0.053851
-0.038545
0.017544
0.002001
-0.058543
-0.053942
-0.042316
-0.022470
0.075473
-0.025819
-0.030686
0.043234
-0.014015
-0.004842
0.117994
-0.077064
-0.090019
-0.041379
-0.085788
0.065523
-0.023608
-0.055280
-0.053615
0.007695
-0.010545
-0.039841
-0.064301
-0.091975
-0.052750
0.057822
0.021536
0.038952
-0.018215
-0.013932
0.091537
0.046467
0.055072
0.142058
-0.022688
0.040992
-0.012377
-0.032369
-0.068104
-0.056580
-0.044575
0.092795
-0.003775
-0.108801
-0.054382
-0.007537
0.082635
-0.010932
-0.037832
0.018671
0.017103
0.057660
0.011960
0.032473
0.041982
0.056777
-0.056656
0.047039
-0.028743
0.038933
0.072079
0.089826
-0.003096
-0.037311
0.044740
-0.007107
0.112710
-0.026107
-0.035086
0.070981
-0.004257
-0.061655
-0.047797
-0.019073
0.043693
-0.075964
0.017213
0.082144
-0.049460
0.048169
0.047286
-0.081522
-0.002582
0.040587
0.003358
-0.038800
-0.055521
-0.124847
-0.042041
0.020110
-0.076382
0.010220
0.119406
0.004562
0.001159
-0.223053
-0.052946
-0.021124
0.012684
0.086222
0.018908
-0.077849
-0.028948
-0.087710
-0.062200
-0.015229
-0.092475
-0.070198
0.030637
-0.008086
0.068497
-0.064265
-0.097120
-0.036366
0.019726
-0.019049
0.011201
0.077737
0.060871
0.086359
0.035298
0.020232
0.065503
0.056106
-0.001256
-0.065001
0.069259
-0.013398
0.046386
-0.029176
0.040639
0.016999
-0.000200
-0.038978
-0.051542
-0.041598
-0.003911
-0.021081
0.040742
0.084775
0.065409
0.182012
0.061198
0.056574
0.045142
0.004739
-0.015335
-0.017093
0.026428
-0.075405
-0.049868
-0.036313
0.010096
0.026227
-0.002295
-0.040986
-0.028764
-0.091441
-0.056840
-0.030511
-0.010159
0.012661
-0.004636
0.007923
0.030945
0.045647
0.010321
0.105180
0.095025
0.006516
-0.026129
-0.120150
-0.086726
-0.017145
-0.034543
0.032851
-0.042340
-0.040759
-0.009606
-0.061783
0.073644
0.066125
0.005529
-0.049385
-0.003674
-0.016732
-0.066241
-0.076877
0.022020
0.026927
0.054477
-0.007417
-0.033427
0.073808
0.103267
-0.008103
0.037702
0.069764
0.038409
-0.008067
0.000252
-0.027062
-0.050850
-0.049145
-0.025858
-0.005614
0.052970
-0.008029
-0.044623
-0.061239
-0.125821
-0.187672
-0.065595
-0.028117
0.023312
0.104897
0.124480
0.032845
0.042552
0.060010
0.005046
0.027889
0.127083
0.092833
0.098889
0.023196
-0.059112
-0.017849
-0.053250
-0.085115
-0.079137
-0.033286
-0.028997
-0.034708
-0.034014
0.015086
-0.003067
0.093130
-0.054430
-0.016316
0.024432
0.028241
0.165105
0.029537
0.047043
0.060958
0.012220
0.028476
0.050591
0.040123
0.020705
-0.039817
0.033371
0.021998
0.100152
0.081071
0.003193
-0.027105
-0.086772
0.004983
-0.056273
-0.100254
-0.080620
-0.100054
-0.084552
0.055276
-0.064942
-0.008919
0.013840
0.014006
-0.084003
-0.095804
-0.010472
-0.045058
0.046106
0.101444
-0.038994
-0.110307
-0.076696
-0.110369
-0.067242
0.018047
-0.085086
0.024614
-0.030175
-0.087805
-0.034989
0.033300
0.021226
0.033056
0.002429
-0.046502
-0.013618
-0.072129
-0.098151
-0.111290
-0.022895
-0.036212
-0.030777
-0.004465
-0.054131
-0.091369
-0.027562
-0.011002
-0.065247
-0.010376
0.023127
-0.031073
-0.054129
-0.051469
-0.027576
0.003085
-0.068739
-0.069924
0.037624
-0.034291
-0.006493
0.023191
-0.039817
-0.006927
-0.011833
-0.024986
0.027881
-0.039302
0.015065
0.084034
0.049982
0.042141
-0.080614
-0.079922
0.031177
-0.003645
0.032139
0.048660
0.044018
0.103342
0.032389
-0.000536
0.130854
0.072697
-0.064199
-0.024173
0.048194
0.038932
0.086313
0.078880
0.085718
0.073694
0.073338
0.058290
-0.097317
0.033927
0.016209
-0.011725
-0.083134
-0.140856
-0.080994
-0.094393
-0.027818
-0.000764
-0.024962
-0.018877
-0.065010
0.001125
-0.033182
0.056496
-0.015508
-0.044457
-0.034839
0.032892
-0.048086
0.066521
0.009321
0.013444
0.002395
0.020442
0.086056
0.039624
-0.025648
0.052706
-0.071382
0.061076
-0.000178
-0.019637
-0.049241
-0.103967
-0.006392
-0.044947
-0.033037
0.102294
0.106171
0.042384
0.153452
0.135659
0.087733
0.028584
0.064567
-0.023896
0.010363
-0.021788
-0.013959
-0.029037
0.007458
-0.007932
0.003566
0.052513
0.052414
0.017678
-0.032430
-0.095191
0.019987
0.032479
0.015259
0.004167
-0.003262
0.001834
0.012498
0.080663
0.049082
0.001743
0.029339
-0.027832
0.003479
0.014684
0.057276
0.079326
0.026830
0.058311
0.049347
-0.017730
-0.094195
0.042039
0.071207
0.027371
0.002414
0.003092
0.006612
-0.035514
0.018737
0.039995
-0.042607
0.055018
-0.110880
-0.028990
-0.065757
-0.027204
0.002408
-0.064454
-0.050172
0.027064
0.044098
0.002618
0.043985
0.134104
-0.061300
0.020727
0.008463
-0.023070
0.020666
0.052935
0.115819
0.091601
0.008992
0.031540
0.042261
-0.052694
-0.071806
0.065907
-0.040256
-0.021831
0.032265
-0.110702
0.033395
0.057772
-0.014408
0.028735
0.012744
0.040463
0.016401
0.066669
0.036921
0.026222
0.076864
-0.014730
0.079152
-0.080764
-0.057084
0.048975
-0.101835
0.053328
-0.007868
0.033602
0.038427
0.061207
0.063172
0.030570
-0.009826
0.064010
-0.088670
0.087567
0.139191
0.039736
0.103636
0.018771
0.049002
0.093587
0.004431
0.097791
-0.009452
0.000852
0.039377
-0.013564
0.051784
0.021349
-0.003555
-0.006918
0.008438
0.066796
-0.044203
0.051511
-0.050158
0.010500
0.049819
0.071860
0.082680
0.012439
0.008208
-0.063711
0.025165
-0.012399
-0.037811
-0.064348
-0.083205
-0.051220
-0.057427
0.003081
0.022537
0.096065
0.031556
0.107216
0.061981
0.152926
0.039796
0.059214
0.068902
-0.026812
0.007823
-0.068308
0.067308
0.066809
-0.036867
-0.032382
0.059827
0.031459
-0.016707
0.016978
-0.010516
-0.033105
0.037896
-0.040943
-0.034223
0.001255
0.063367
0.006185
0.042858
-0.022292
0.015278
0.045169
-0.051160
0.030402
0.000840
0.102823
0.022590
-0.012339
0.030941
0.066970
-0.076917
0.056409
0.027477
-0.031557
-0.074492
-0.024510
0.018768
-0.091091
-0.002462
0.090158
0.068955
0.075761
0.136163
0.027530
0.009029
0.046059
0.058572
-0.016262
-0.026270
-0.018384
0.044473
-0.002703
0.116257
0.092707
-0.012900
0.029571
0.060500
-0.015780
0.026718
0.018528
0.073830
0.012355
0.071202
0.111254
-0.011546
0.115637
-0.005894
0.050515
0.043140
-0.022638
-0.122610
-0.070301
-0.048654
-0.046933
-0.013616
-0.030613
-0.072203
0.046660
-0.029827
0.091109
0.029445
0.045717
-0.014720
-0.061400
0.046381
0.038173
0.032529
-0.059156
-0.115170
-0.045896
0.019792
0.003555
0.044932
0.000317
0.004328
0.001367
-0.068482
0.052246
0.090922
-0.054017
-0.071318
-0.078524
-0.111033
-0.042370
-0.088426
-0.004887
0.024043
-0.060104
0.052170
0.025263
-0.024319
-0.060623
-0.095806
-0.068768
-0.102616
0.073452
0.173486
0.114315
0.103255
0.036953
-0.057122
-0.043196
0.041552
0.018930
0.023439
0.036179
-0.061770
-0.086797
0.108142
0.129524
0.038516
-0.034264
0.020775
-0.098763
-0.059178
-0.020757
-0.003641
0.014295
-0.020396
0.025676
0.021473
-0.014401
-0.070871
-0.094714
-0.046344
-0.074765
-0.028090
-0.046496
-0.031619
-0.038331
0.036887
-0.044701
-0.011893
0.036390
0.106852
0.090782
0.004369
0.131972
0.084090
0.045530
0.135307
0.062246
0.021186
0.039170
0.034622
0.024728
-0.016526
0.001389
-0.044092
0.029420
0.010498
0.037040
0.068587
-0.022924
0.041782
0.084388
0.043850
-0.037765
0.019056
0.055431
0.038416
0.084735
0.045235
0.097052
-0.018698
-0.053633
0.002745
-0.006332
-0.102930
-0.028860
-0.030586
0.034954
0.019339
0.004899
0.026217
0.061020
-0.003245
-0.074646
-0.085777
0.031149
-0.002403
-0.018364
-0.073574
-0.028070
-0.033733
0.024373
-0.009028
0.087495
0.068357
-0.097473
-0.032692
0.085691
0.039475
0.002831
-0.003021
-0.020908
0.039849
0.079489
0.059465
0.016436
0.033973
0.020245
0.025293
0.059940
0.040139
0.030621
0.004626
-0.015800
-0.030497
-0.033346
0.023549
0.005655
0.034404
-0.006198
0.001344
0.141445
0.062187
0.103150
0.107780
0.106707
-0.054437
-0.079629
0.010449
0.036639
0.033784
0.070061
0.042449
-0.061842
-0.037879
-0.031372
0.035629
0.024288
-0.052185
-0.019439
-0.011855
-0.007944
-0.003933
0.058778
0.093098
-0.005086
-0.061132
0.044143
-0.003238
-0.109281
-0.027621
-0.047975
-0.070035
0.067250
0.082813
0.124043
0.014108
0.051833
0.020522
-0.168718
-0.047999
0.101940
-0.011894
0.075301
0.001773
-0.121154
-0.008273
-0.020515
0.030237
0.054439
0.029253
-0.050318
-0.003434
-0.040169
0.026233
-0.032672
0.074347
0.040623
-0.028003
0.063260
0.039509
0.078388
0.047814
0.003497
-0.034803
-0.110235
-0.008686
0.069813
0.050139
0.016280
-0.077732
0.006044
-0.018234
-0.117792
0.008166
0.079150
-0.025332
0.065329
0.011775
-0.007986
-0.066135
-0.027615
0.069180
-0.005333
-0.054142
-0.012989
0.086685
0.050734
-0.062388
0.048753
0.071440
-0.044305
-0.049459
0.024239
0.010988
-0.060200
0.022797
-0.023038
-0.105691
0.010233
-0.012548
0.030594
0.081784
0.049772
0.012495
-0.030499
0.026305
0.020581
0.032393
0.057741
-0.055396
0.050059
-0.064430
-0.055854
0.008925
-0.025290
0.058657
0.010273
-0.023721
0.019054
-0.060066
0.031489
0.012552
0.034338
-0.037261
0.034411
0.071041
0.045424
0.004076
-0.009887
-0.026144
0.030186
0.099037
0.047812
-0.011760
-0.080747
0.010745
-0.052675
-0.059536
0.070409
-0.015693
0.001181
-0.002540
-0.034594
-0.041184
0.055831
-0.027965
0.057428
-0.045451
0.015313
0.011014
-0.062483
-0.000398
-0.086730
0.003533
-0.047666
-0.046368
0.083340
-0.088577
-0.103506
-0.080286
0.008560
-0.023043
-0.079223
-0.007254
0.096893
-0.094182
-0.039753
0.038199
0.077988
0.018774
0.052461
0.018569
0.005717
0.003591
0.016051
0.030206
0.023131
-0.043378
-0.013947
-0.042803
-0.001436
-0.103333
-0.040238
0.042174
-0.088997
-0.015294
0.033222
0.040009
-0.035899
-0.026573
0.026633
-0.004294
0.001504
-0.001004
-0.045615
-0.025401
0.034316
-0.052521
-0.055854
0.046567
0.003687
0.029826
0.036764
0.112694
0.101590
-0.005360
-0.025289
0.068467
0.058043
-0.014151
-0.028362
0.057848
-0.032444
-0.025443
0.012950
0.067295
0.012183
0.053368
0.010590
0.039940
-0.009760
-0.037500
-0.000884
-0.030478
0.113105
0.071135
-0.065124
0.045757
0.001226
-0.087784
-0.021984
-0.026550
-0.033331
0.075072
0.071629
0.049889
0.006455
-0.039427
-0.029780
-0.009950
-0.003603
-0.097400
0.086259
0.058468
-0.032576
0.013531
0.026816
-0.054719
-0.048843
0.043873
-0.025173
0.020302
0.061667
-0.000646
-0.031742
-0.019321
0.049517
0.089510
0.037494
0.014634
0.008175
0.036418
0.002932
0.004095
0.021532
0.009988
0.020263
0.007904
0.005375
0.096811
0.005957
0.014363
-0.015418
-0.041836
-0.050607
0.000037
-0.044925
0.043100
-0.059430
-0.008701
-0.033005
-0.016998
0.043024
0.015489
0.024684
0.075022
0.067406
0.018245
-0.036467
-0.066332
0.078290
-0.002238
0.086870
0.043582
0.059022
0.121283
-0.056717
-0.041465
0.042210
-0.010642
-0.079917
-0.026681
0.078633
-0.003561
0.039367
0.097260
0.099908
0.000900
0.058843
0.018985
-0.093861
0.013656
-0.000991
0.035363
0.003758
-0.051648
-0.022743
0.024809
0.062203
0.050210
0.022188
0.037791
-0.010666
-0.019398
0.060904
0.066616
0.011188
0.048686
0.101121
0.069211
-0.085034
-0.043234
-0.009687
0.021964
0.003683
0.073864
0.051316
0.063184
0.061775
0.055135
-0.010868
-0.097211
-0.036865
0.025303
-0.055659
0.020033
0.061667
-0.058496
0.015777
0.024977
0.057865
0.072404
-0.006844
0.041677
0.005843
-0.002693
-0.064080
-0.034153
-0.008166
-0.021117
-0.080074
-0.026032
0.095423
0.057392
-0.026987
-0.044417
-0.044902
-0.017343
0.052865
-0.039554
0.087031
0.048858
0.029488
0.096062
-0.011949
0.081401
0.017789
0.044009
0.030874
0.040432
-0.006892
0.094727
0.009465
0.036178
-0.015160
0.025679
-0.017314
-0.001043
-0.026296
-0.083965
0.002355
-0.008609
0.003316
0.000501
0.073267
0.063301
-0.070373
-0.137556
-0.068680
0.034177
-0.124019
-0.045198
0.056911
0.026928
-0.021748
-0.006197
0.048341
0.012522
-0.014853
0.060180
0.072674
-0.046544
0.018600
0.029211
-0.034948
-0.024920
0.017230
-0.042769
-0.002054
0.014932
-0.078856
0.062128
0.128799
-0.084620
0.005085
-0.082220
0.060808
0.021756
-0.022926
-0.021330
-0.037012
-0.009491
-0.033655
0.027510
-0.007872
-0.009758
0.074876
0.078509
0.022075
0.043669
0.094888
0.045124
-0.085171
-0.001951
0.027315
0.064343
0.049070
0.007843
0.096887
-0.001937
0.008582
0.072367
0.061140
0.017335
-0.060254
-0.015517
0.017488
-0.007194
0.072602
0.052911
0.010348
-0.001320
0.115900
0.034776
0.037886
0.026233
-0.113509
-0.016592
0.031806
0.001187
-0.063017
-0.060258
-0.131963
-0.067988
0.003753
0.023940
0.029655
0.011249
-0.044879
-0.046637
-0.042442
0.033802
0.000857
0.080993
0.003794
0.004214
-0.014701
-0.018325
0.010652
-0.031356
-0.038268
0.011284
0.035252
-0.019666
-0.014311
0.031290
0.010912
0.013953
-0.053410
-0.045737
0.007009
-0.058358
-0.047224
-0.086517
-0.067593
-0.008285
0.035232
-0.140151
-0.094032
0.082395
-0.112636
-0.015768
-0.046710
-0.101005
0.021570
0.030708
-0.005664
0.000540
-0.002667
-0.050341
-0.056567
-0.014633
-0.039791
0.004370
-0.032344
0.070737
0.010684
-0.041785
-0.035268
-0.095438
-0.008206
0.046870
-0.060196
-0.015980
0.021230
0.071513
0.040993
-0.004956
0.038770
0.030358
-0.059699
-0.001215
-0.001360
-0.053250
-0.000055
-0.009910
-0.041506
0.039711
-0.044306
-0.058792
-0.083512
-0.101352
0.007736
-0.012089
0.039598
0.045237
0.047335
0.155644
0.052533
0.066929
-0.093175
0.053473
0.126195
0.016301
0.020010
-0.017212
0.007052
-0.029022
0.047949
0.008257
0.006516
0.003771
-0.001977
-0.018034
-0.058268
-0.057577
-0.047565
-0.070519
-0.099834
0.013315
-0.008309
0.031186
0.002778
-0.138197
-0.053934
-0.052090
-0.050089
0.058103
0.024640
0.023563
-0.098995
-0.060320
0.013361
-0.057474
-0.020645
-0.003037
-0.026242
0.022187
0.064793
-0.053231
-0.014024
0.038674
-0.013557
-0.101184
-0.133463
-0.103290
-0.043751
0.059802
0.107067
0.102402
0.116982
-0.009545
0.023590
0.072557
-0.070709
-0.010177
-0.011317
0.037017
0.059390
0.020340
0.069848
0.033962
-0.010240
-0.033930
0.037687
-0.009515
0.028898
-0.009530
0.058456
0.084883
0.005387
-0.041941
-0.019564
-0.073613
0.053654
-0.001757
0.061580
0.034928
-0.001939
-0.000318
0.043753
-0.074130
-0.056162
-0.054265
0.005379
0.034433
0.038695
0.019110
0.027175
0.084345
-0.053842
-0.038210
-0.081721
0.005366
-0.017732
-0.030443
0.018769
0.160690
0.106841
0.099128
0.051603
-0.078856
-0.065533
-0.039461
-0.034978
-0.017188
-0.047251
0.049449
0.025683
-0.023005
-0.033023
-0.135881
-0.035433
-0.022590
-0.116876
-0.045186
-0.062230
0.008434
0.073863
-0.034248
-0.017737
0.008036
0.034475
0.016901
-0.051359
-0.007913
-0.010883
-0.056880
-0.071968
0.008583
0.005021
-0.017766
0.019339
0.054910
-0.056488
-0.090013
-0.077316
-0.200537
-0.028548
-0.012133
0.009170
-0.088970
-0.063528
-0.023189
-0.057456
0.044116
0.061506
-0.029287
-0.028855
-0.025099
-0.036135
-0.087800
0.005128
-0.015897
-0.100473
0.024724
-0.008181
0.055200
0.036274
-0.017596
-0.070566
-0.085300
-0.173971
-0.137922
-0.039966
-0.071238
-0.061949
-0.008488
-0.043425
-0.028481
0.026588
0.080083
0.088718
0.042590
0.049537
-0.013311
-0.044826
0.003889
-0.123873
-0.029626
-0.050448
-0.029251
-0.004750
-0.006194
0.043342
0.063186
0.039369
-0.001086
-0.057941
-0.114719
-0.065649
0.027603
0.035757
-0.031957
0.006109
-0.024669
-0.075774
-0.099218
0.005567
0.087917
-0.029672
-0.078068
0.003414
0.081735
0.075214
0.070688
-0.043767
-0.033106
0.062837
-0.006875
-0.083918
0.014237
0.041252
-0.042122
-0.000318
0.031073
-0.063148
-0.092870
-0.123813
-0.096529
0.035558
0.061878
0.018949
-0.040867
-0.038816
0.104556
0.002449
-0.079602
-0.035594
-0.014054
0.049941
-0.022710
-0.074028
-0.018987
-0.054857
-0.045413
-0.077346
0.027222
-0.040383
-0.024095
-0.039106
-0.105798
-0.084642
-0.071012
-0.026446
-0.016070
-0.014991
-0.035509
0.032987
0.097466
-0.021142
-0.011648
-0.002728
-0.041666
0.029066
-0.089661
0.099067
-0.028936
-0.054463
0.110593
0.043377
0.071411
0.099403
0.061116
-0.008696
-0.104645
0.031046
0.084268
-0.007999
0.070642
-0.051376
-0.085331
0.059597
-0.036423
-0.068107
-0.049008
-0.001971
-0.074918
-0.115486
0.105274
0.079571
-0.044196
0.038805
0.052963
0.025315
-0.008327
0.019416
0.008766
0.017377
0.076203
-0.010322
-0.031866
0.022124
0.033456
-0.058566
0.018095
0.087563
0.001520
0.051006
-0.036904
-0.028341
-0.015813
0.040916
0.041592
0.023971
-0.039773
0.008940
0.050710
0.048330
-0.000761
0.014672
0.049329
0.007613
-0.061760
0.024334
-0.018763
-0.081955
-0.038915
-0.031221
-0.067986
-0.139848
0.031849
-0.010055
-0.040159
0.002295
-0.048900
0.029783
-0.041693
-0.022352
-0.098703
-0.033013
0.023042
-0.071951
-0.042348
-0.020298
-0.005861
0.084308
0.032811
-0.031986
-0.080837
0.028629
-0.026077
0.111330
-0.015555
0.035789
0.056514
0.100038
-0.024660
-0.092312
-0.067624
-0.060452
-0.081910
-0.003046
0.029402
0.087797
0.005547
-0.059573
0.029927
-0.081842
0.080084
-0.001041
0.067656
-0.001432
0.023135
0.043241
0.038039
0.029274
-0.037463
0.082865
0.072960
0.102666
0.093203
0.127489
0.127155
0.083929
-0.012147
0.057528
-0.030240
-0.028122
-0.059031
0.042092
0.052353
-0.068851
-0.097291
-0.013997
-0.034629
0.028196
0.041009
0.008212
0.023338
-0.073988
-0.001727
-0.078471
-0.064625
0.019530
0.041587
0.058286
-0.065317
0.076646
0.031146
-0.064938
0.045485
-0.022900
-0.071321
-0.055834
-0.024254
-0.024691
-0.107163
-0.053422
0.035412
0.020064
-0.067487
0.029828
-0.002751
-0.021709
-0.093480
0.000561
0.050846
0.012486
-0.064502
-0.027918
0.017693
-0.024469
-0.057217
-0.036883
-0.074055
-0.054714
-0.018111
0.008056
-0.020861
-0.050354
0.038269
0.028970
-0.001134
0.048378
0.004503
0.023650
0.022421
-0.027610
-0.027537
0.025980
0.016184
-0.012824
0.053521
-0.007785
-0.049662
0.020401
-0.009356
0.003817
0.006214
-0.047248
0.073388
0.018332
-0.036214
-0.067074
0.000943
0.047203
-0.015477
-0.033110
-0.042736
-0.037780
0.056201
0.098334
-0.026821
0.011887
0.135486
0.000142
-0.027765
0.141146
0.070107
-0.004575
-0.021142
-0.003316
0.038370
-0.017827
-0.022081
-0.038374
0.112769
0.022248
-0.035664
0.000878
0.001275
0.029117
0.059288
0.000634
-0.027501
0.102591
0.024495
0.055983
-0.020677
-0.021427
0.066766
0.035898
-0.086847
-0.053847
-0.026454
-0.049944
0.028220
0.047712
-0.043899
0.004278
0.027996
-0.055246
-0.002822
-0.001613
-0.107712
-0.054876
0.013402
0.035491
0.047800
-0.016162
0.039066
0.015598
0.007296
0.041102
-0.051745
0.024472
0.018422
0.008408
0.002281
-0.069515
-0.036155
-0.062537
-0.039287
-0.031322
0.064088
0.162826
-0.009166
-0.037731
0.019009
-0.000808
-0.065567
-0.071132
0.068951
-0.044171
-0.036295
0.069755
-0.034061
-0.127823
-0.070606
-0.052299
0.019462
0.048204
0.017946
0.064469
0.070909
0.075348
0.007610
-0.021003
0.047941
-0.028921
0.001543
0.026515
0.065083
-0.003690
0.016585
0.002876
-0.051329
-0.008159
-0.041588
-0.040330
-0.048535
-0.002860
-0.061684
0.015268
0.015283
0.006580
-0.064583
-0.077688
-0.000843
0.064120
0.011297
0.016580
-0.069953
-0.033286
-0.050122
-0.029342
-0.005975
0.088976
0.110274
-0.022118
-0.055739
0.043757
0.057043
-0.027572
0.021277
-0.083422
-0.142833
-0.025436
-0.040592
0.077537
0.046463
-0.005765
-0.027486
0.020401
-0.030794
-0.032549
0.012672
-0.046014
-0.029392
-0.054089
-0.054018
-0.037136
-0.002202
0.028457
0.032346
0.057070
-0.003722
-0.012363
0.008872
0.014895
-0.015415
-0.088758
-0.023454
-0.054437
-0.090318
-0.055022
-0.052675
-0.030731
-0.081559
-0.044546
0.001275
-0.025820
0.061962
-0.046795
0.015500
0.002657
-0.006414
-0.038459
-0.038898
0.071555
0.005863
-0.011501
0.043215
-0.009271
0.074846
0.084525
-0.024792
0.151515
0.152132
0.112988
0.085219
0.036649
0.049752
0.020870
-0.045344
0.038306
0.068814
0.003439
-0.052240
0.025703
-0.005553
-0.025889
0.061342
0.064472
0.017174
-0.029844
-0.027787
0.040295
-0.008115
-0.069798
0.007554
0.034405
0.050185
0.037008
0.015588
-0.005219
0.052882
-0.065815
-0.012962
0.057722
0.019895
-0.011108
0.023668
-0.000058
0.047357
-0.048767
-0.003205
-0.019560
-0.084859
0.011991
-0.013245
-0.003224
-0.095039
0.021691
0.001257
0.001320
0.098676
0.048097
0.053706
-0.032313
-0.100872
0.042474
0.004769
0.030509
0.042949
-0.032238
0.079234
0.018475
0.074878
-0.003444
-0.019467
0.091396
0.111573
-0.054057
-0.048033
0.037652
0.034739
0.039944
-0.043667
-0.073877
0.100911
-0.011309
-0.044192
0.033372
-0.058587
-0.051533
0.059815
-0.005405
-0.037618
0.002646
0.011659
-0.013205
0.011363
-0.039681
0.054578
0.000447
-0.043271
-0.026660
-0.001038
0.020636
-0.012063
-0.016127
0.006565
-0.000407
-0.020913
0.076667
0.022991
0.090153
0.074334
0.015017
0.058668
0.110511
0.030028
0.060033
0.043983
-0.027096
0.048245
0.062371
-0.069482
0.119989
-0.044948
-0.106319
-0.059561
-0.071194
0.021986
-0.074876
-0.029865
-0.044933
-0.042043
-0.034562
0.068306
0.020446
0.080001
0.106022
0.094425
-0.011421
0.027623
0.002189
0.106718
0.095404
-0.014778
0.016318
-0.035264
0.043035
-0.016603
-0.019949
-0.039574
-0.015630
0.032342
-0.043175
-0.028991
-0.008677
-0.017014
-0.019903
0.049004
0.054235
-0.016944
0.090290
0.050254
-0.029607
-0.032071
0.014755
0.069680
-0.064570
-0.115886
0.033859
-0.018864
-0.075332
-0.095704
-0.040283
0.038032
0.023848
0.015340
0.051194
-0.021533
0.006666
-0.048211
0.097553
0.069340
-0.068030
0.026981
-0.099206
-0.086771
-0.109633
-0.055446
-0.009963
-0.048340
0.045388
-0.088337
-0.081985
-0.024700
-0.059038
-0.028560
0.003456
0.036457
-0.014924
-0.089780
-0.046770
-0.005766
0.052970
0.066516
-0.018827
0.033655
-0.019735
-0.041038
-0.013614
-0.021188
-0.038417
-0.017922
0.004818
-0.021830
0.027301
0.036325
-0.029156
0.035331
0.104497
-0.005024
-0.023542
-0.090725
-0.088670
-0.023023
-0.053246
0.003173
-0.054750
-0.049610
-0.006676
-0.012807
-0.023525
-0.082393
0.040733
0.050361
0.002900
-0.011725
-0.046291
-0.011184
0.046761
0.059757
0.205028
0.126818
0.097399
0.107086
-0.061740
-0.028407
0.042173
0.051947
0.089782
0.089872
0.003311
0.070169
0.059505
-0.033437
0.073178
0.017230
0.044718
0.068442
0.045996
-0.029512
-0.036918
0.004608
-0.065775
0.013900
-0.030894
-0.006140
-0.014412
-0.023533
-0.005903
-0.085753
-0.010775
-0.103244
-0.079203
0.053346
-0.018251
-0.014419
0.010247
-0.060894
0.042574
0.019090
-0.013008
0.038326
0.018463
0.040964
0.023740
-0.020551
-0.033184
-0.070806
-0.096740
-0.033289
-0.035998
-0.111439
-0.024313
-0.077259
0.040189
-0.014942
0.067401
0.099986
-0.001295
0.012827
-0.027536
-0.004688
-0.010119
-0.079730
-0.010706
0.001304
-0.001319
-0.007880
0.028435
0.029802
-0.084898
-0.087874
-0.008383
0.007773
-0.018323
-0.038556
0.020389
-0.009764
0.000101
0.037045
0.031672
0.025506
-0.077570
-0.044684
-0.066352
-0.139533
-0.032142
0.003246
-0.121855
-0.107667
-0.035604
-0.016046
-0.027606
-0.021719
-0.065227
0.064873
0.020377
0.052663
0.103431
0.065475
0.118713
0.033347
0.040358
0.008031
0.041206
0.000471
0.046173
0.090052
-0.008376
0.029882
-0.057633
-0.001988
0.006246
-0.000515
-0.005760
0.066801
0.036810
0.056864
0.077509
0.011458
-0.039416
-0.084621
0.048640
0.092217
-0.000762
0.006438
-0.025898
-0.010146
-0.066918
-0.014608
0.020732
0.006130
-0.029234
-0.056617
0.076660
-0.011026
0.006954
0.131731
0.028356
0.018110
0.056907
0.060662
0.054025
-0.078016
0.018964
-0.010256
0.034173
0.055437
0.004771
0.068376
-0.007010
-0.003889
-0.027148
-0.079967
-0.052993
-0.028875
-0.070519
0.037777
0.068979
0.046592
0.074274
0.104716
0.123186
0.048390
0.031267
-0.012923
0.019067
0.038568
0.004541
0.000007
0.001455
0.082715
0.077764
0.112950
0.057955
0.019128
0.079470
0.067695
0.007914
0.031028
0.009776
-0.012767
0.031097
-0.018236
0.052819
0.075594
0.001984
0.017882
0.070442
-0.035686
-0.052383
0.037585
0.025310
-0.010750
0.009902
0.071078
0.032711
-0.025801
-0.058874
-0.013761
-0.031634
0.044216
-0.015034
0.013361
-0.076239
-0.018003
0.084781
-0.049608
0.011305
0.070704
0.031488
-0.004316
-0.007380
-0.010419
0.092524
-0.034666
0.006719
-0.031053
-0.034106
-0.029090
-0.030647
0.019683
0.041712
0.018905
0.060168
0.025622
-0.036969
0.105465
-0.002449
-0.034905
0.032229
0.085064
-0.010883
-0.017509
-0.078448
-0.011866
-0.027570
-0.011531
-0.005280
-0.083846
0.053483
-0.018774
0.033034
0.080579
0.035715
-0.029164
-0.049748
-0.017471
-0.006242
-0.049442
-0.022198
-0.011430
-0.012500
-0.014877
-0.074182
-0.101388
-0.019573
-0.015690
0.000834
-0.045296
-0.069331
-0.088515
-0.058755
0.011809
-0.110267
-0.001284
0.031360
0.064184
0.038507
0.012735
0.055959
0.002818
0.021124
0.001188
0.007592
0.023285
-0.030950
-0.020923
0.056453
0.054719
-0.004304
0.064003
-0.010296
0.010146
-0.005916
-0.017609
-0.016494
0.068492
-0.024962
0.023360
0.021792
0.013778
0.121511
0.023866
0.012609
0.106538
0.095050
0.043604
0.132691
0.103030
-0.020104
-0.013414
0.065732
0.030638
0.019195
0.003096
-0.055533
-0.067143
-0.042112
-0.191128
0.011303
0.000253
-0.052793
0.033057
0.008034
0.087911
0.047273
0.097384
0.114650
0.043351
-0.007053
-0.072347
0.008044
0.022624
-0.017382
-0.016672
-0.076281
-0.119364
0.058233
0.035495
-0.054917
0.073108
-0.030782
-0.058330
-0.027170
-0.036676
-0.012648
0.006436
-0.051621
-0.033316
-0.049000
-0.118667
-0.057178
0.085966
0.038345
0.075179
-0.015998
-0.029890
-0.004071
0.022888
-0.030373
0.064655
0.032440
-0.019584
0.054101
-0.000077
-0.043842
-0.014492
-0.007453
0.028944
0.054785
0.031492
-0.042432
-0.044497
-0.012750
-0.020889
0.076309
-0.037941
-0.027629
-0.068347
-0.016087
-0.078945
-0.032588
0.020424
-0.021977
-0.090303
0.002364
-0.057436
-0.053874
-0.004723
0.031512
0.020957
-0.095824
-0.060161
0.083670
-0.037247
0.012929
0.055706
-0.009984
-0.015769
0.009818
0.024723
0.007496
0.065427
-0.014756
-0.042136
-0.011640
-0.077568
0.008957
-0.000071
-0.022260
-0.031028
0.035030
0.061501
0.003167
-0.069804
-0.085043
-0.062794
0.011394
-0.081085
0.025909
-0.032643
0.040390
0.109617
0.050213
0.008021
-0.010790
0.043282
-0.003364
0.005608
0.029750
-0.082863
0.034865
0.000432
-0.156677
-0.062802
-0.045212
-0.147260
-0.090424
-0.032478
-0.052739
-0.111259
0.008028
0.027481
-0.012750
0.087968
0.135148
-0.026413
-0.013915
0.007897
-0.018521
0.021531
-0.010890
-0.086580
0.049885
0.086426
0.079087
0.068227
0.013894
0.036918
0.015074
-0.023713
-0.032235
-0.052869
-0.010685
-0.024790
0.000545
0.001756
0.058834
0.015045
-0.044658
-0.089327
-0.020823
-0.018626
-0.033456
-0.097570
0.007833
0.036517
-0.110582
0.053933
0.054084
-0.030049
0.007893
-0.039267
0.001247
-0.016574
0.053828
-0.003689
-0.065634
-0.099924
-0.047917
0.026477
-0.036150
-0.057082
-0.043542
-0.037177
0.014706
0.044465
-0.015853
-0.085914
-0.065443
0.038840
-0.048057
0.036005
0.003828
0.020037
-0.011792
-0.057249
0.101302
0.034253
-0.025936
0.052257
-0.089932
-0.003322
0.011385
0.011332
-0.013908
-0.011323
0.005914
0.007073
-0.002758
0.062486
0.129281
-0.043427
-0.028053
-0.034276
-0.065875
-0.045138
0.041560
0.067544
-0.002725
0.011623
-0.013244
0.001214
0.031052
0.019419
-0.082754
-0.042207
0.022730
-0.006352
0.073389
-0.029504
0.101428
0.101089
0.086266
0.042940
-0.068753
-0.075380
0.061017
0.072448
-0.066613
-0.109287
-0.015721
-0.038015
0.035983
0.069441
-0.063995
-0.056665
0.085252
-0.009289
0.124531
0.005712
-0.078330
0.027776
-0.008202
-0.060236
-0.032705
-0.015488
0.006676
0.035109
0.067698
0.076935
0.013618
-0.011403
-0.035722
-0.084248
-0.035350
-0.049769
-0.046284
-0.009214
0.005751
-0.090029
-0.089557
-0.082493
0.012291
-0.007753
0.014543
0.062975
0.068772
-0.057157
0.033518
0.024061
0.070708
-0.007458
-0.035028
-0.110893
-0.088704
-0.055527
0.007540
0.023664
0.020071
0.015735
-0.102500
-0.142388
0.011973
-0.048233
-0.071365
0.009610
0.020625
0.023344
-0.031484
-0.072929
-0.045254
0.070192
0.032059
-0.023231
0.017651
0.023202
-0.094746
-0.031487
-0.000210
0.000679
-0.084291
-0.034767
0.029646
0.112657
0.085926
0.100904
0.028861
0.093962
0.045219
-0.027826
-0.126382
-0.046997
0.014454
-0.045837
0.019316
-0.066321
0.036708
-0.013478
0.000038
0.026658
-0.004346
-0.011253
0.030498
0.097854
0.061322
0.025127
0.074203
0.038662
0.072244
0.075267
0.071668
-0.038851
0.037805
-0.013397
-0.091269
-0.028622
-0.015884
-0.056932
-0.068262
0.046064
0.033609
-0.018345
0.059232
0.001695
0.014907
-0.025223
-0.021609
-0.063373
-0.100278
-0.001994
0.028970
0.090137
0.017183
0.103663
0.013887
-0.075685
-0.020737
-0.016959
-0.089779
0.022232
0.095580
0.020018
-0.068036
0.001433
0.128164
0.074464
-0.013233
0.000612
0.059327
-0.051608
0.015001
-0.048751
-0.021361
-0.027627
-0.036980
-0.037850
0.006935
0.081908
-0.066805
-0.141012
-0.041786
-0.098234
0.002601
-0.036194
0.044274
-0.085371
-0.038994
0.032029
0.044158
0.037994
-0.006884
0.075185
0.140255
-0.031614
-0.040685
0.017820
-0.014255
-0.088794
-0.064777
-0.026745
-0.063823
-0.121293
-0.119823
-0.010463
0.043240
0.063984
0.032862
0.001752
0.045173
-0.014302
-0.016338
-0.010833
0.022071
0.035939
0.024088
0.007547
-0.012848
0.093734
-0.023215
0.080256
0.072913
-0.081677
0.025586
-0.014911
0.007295
-0.081989
-0.073483
0.001887
-0.077895
-0.015952
-0.025358
0.014734
0.046264
-0.042441
-0.094933
-0.034735
-0.014203
0.013281
0.036399
0.047636
0.084228
0.088478
0.017855
0.044964
-0.071123
-0.133177
-0.002722
-0.068525
-0.097576
-0.023154
-0.042973
-0.008167
-0.051143
-0.121732
-0.101620
-0.050446
-0.096101
-0.112798
-0.089519
-0.100674
-0.038287
-0.075043
-0.028408
-0.050616
-0.099074
-0.012682
-0.065538
-0.048886
-0.042521
-0.029087
-0.000288
0.039263
-0.025247
-0.015435
0.016388
0.000375
0.011381
0.082524
0.107095
0.009434
0.011124
-0.053732
-0.030652
0.027054
0.043382
0.039040
0.041397
0.026031
0.098769
0.000436
-0.039348
0.048617
0.103400
0.012640
0.088210
0.099452
0.071819
0.122263
0.113197
0.109273
0.068658
0.105942
0.055717
0.000545
0.065669
-0.053646
0.033003
-0.035377
-0.094791
0.013147
-0.024659
-0.075330
-0.066391
0.080788
0.018798
-0.028892
0.043969
-0.056263
-0.044282
0.016286
-0.068513
-0.064558
0.023197
0.055058
-0.098981
-0.007546
-0.068600
-0.014701
-0.008326
-0.069465
-0.025760
-0.011800
-0.091148
-0.032551
0.020861
0.052841
0.091543
-0.017913
0.046126
0.007282
-0.050597
0.002954
0.093942
0.021833
0.064570
-0.003068
0.071296
0.075884
-0.137950
0.031174
-0.030611
0.027443
0.048945
-0.012657
0.025656
0.014819
-0.035703
-0.030272
-0.027916
0.041372
-0.025628
-0.006524
0.029299
-0.031867
-0.030592
-0.088446
-0.108972
-0.055593
-0.019348
0.001514
-0.039783
-0.057002
0.054388
0.018402
0.023834
-0.029521
-0.052725
-0.095775
-0.072905
0.055301
0.066669
-0.000893
0.019153
-0.005842
-0.050021
-0.010507
0.039291
-0.077393
-0.083866
-0.034662
-0.082572
0.035234
0.018968
0.023845
-0.033575
-0.052903
-0.030643
-0.064526
-0.014486
-0.047662
-0.065748
0.002026
0.014837
-0.121408
-0.087519
-0.076069
-0.069185
-0.066369
-0.172465
-0.051336
-0.003622
-0.133705
0.024702
-0.069547
-0.009306
-0.025308
0.067023
-0.003603
0.073727
0.050517
0.026031
-0.061617
-0.067489
0.039159
-0.074300
0.116707
0.003259
0.005670
0.011946
0.011723
0.032149
0.095878
0.098120
0.073006
0.063431
-0.020659
-0.055279
0.110480
0.064788
0.102128
0.030127
0.047101
0.073227
-0.043071
0.020054
0.023080
-0.012634
0.073156
0.030794
0.076762
0.116290
0.038247
0.020583
-0.081926
-0.067309
0.029928
-0.053629
0.011505
0.002572
-0.062819
-0.088083
-0.074591
-0.005318
-0.096398
-0.056137
-0.030028
-0.052548
-0.086668
-0.022944
-0.022279
-0.035338
0.011388
-0.050616
-0.057887
-0.056116
-0.157066
0.011378
0.000176
-0.028982
-0.074567
-0.046229
0.006434
-0.003264
-0.045519
0.072162
0.045367
-0.011848
0.025836
0.031087
-0.006467
-0.036444
-0.073083
-0.006756
-0.075082
-0.137505
-0.041759
-0.077618
-0.135635
-0.028944
-0.077286
0.049247
0.044867
-0.016191
0.062977
-0.042306
-0.088840
0.006864
-0.002454
-0.078917
0.007600
0.025920
-0.007533
0.015920
0.006753
-0.040733
-0.015851
-0.031079
0.028795
-0.063320
0.028867
0.033482
0.053592
0.067444
0.117995
0.081769
0.065885
0.032998
-0.059352
0.035507
-0.020745
-0.050348
-0.012408
0.041716
-0.000706
-0.008657
0.054056
0.004124
0.009563
0.019145
-0.094066
-0.033927
-0.104301
-0.055663
-0.085520
0.050404
-0.027331
-0.051187
-0.008976
-0.029419
0.033535
-0.029553
0.072776
0.066349
0.043319
0.078417
0.064805
0.101268
-0.003697
0.089360
0.047757
-0.018310
-0.018584
-0.092234
-0.017044
0.029136
0.042684
0.013308
0.085558
0.040796
-0.028591
-0.089004
-0.020387
-0.090286
-0.022286
-0.027213
-0.120146
-0.060416
-0.045376
-0.037130
0.033645
0.071706
0.084937
-0.005828
0.018639
0.095197
0.000221
-0.003138
-0.070762
-0.051253
-0.056574
-0.010733
-0.039242
0.047451
0.004356
0.069559
-0.014676
-0.019257
0.055260
0.054635
-0.018635
-0.074231
-0.014724
0.090592
-0.015758
0.029924
0.157762
0.050552
0.140383
0.154584
-0.007049
-0.014811
-0.065917
-0.043854
0.021642
-0.051148
0.066691
0.008967
-0.019484
0.029341
-0.009746
0.025861
-0.037098
0.011353
-0.047060
-0.132282
-0.086372
-0.095139
-0.082697
-0.029651
0.020423
0.021261
-0.068098
-0.017362
-0.052411
-0.061343
0.052026
0.032197
0.006146
0.053187
0.002999
-0.019529
-0.083530
-0.071250
-0.048578
-0.064823
0.036964
-0.057589
-0.036161
-0.069515
0.015891
0.076988
-0.036117
0.025827
0.039419
0.061427
-0.025191
-0.016132
-0.009055
-0.008112
-0.165445
-0.108249
-0.025619
-0.054839
-0.012027
-0.004385
-0.062389
-0.082110
-0.061594
-0.024340
-0.004225
-0.000400
-0.038856
0.028720
0.052788
0.056976
0.030979
0.047348
-0.079667
0.009419
-0.002002
0.008944
0.064271
0.059057
0.038770
-0.006158
-0.022297
-0.001627
0.032395
-0.017066
-0.052830
-0.057725
-0.071402
-0.069425
-0.056863
-0.009980
0.052073
0.045936
-0.061920
0.053881
0.027920
-0.039570
-0.012182
-0.058374
-0.039010
0.053025
0.005759
-0.010329
-0.009183
0.065960
-0.049743
-0.045901
0.051869
-0.008475
-0.084286
0.002764
-0.066583
0.052719
-0.018012
-0.029916
-0.052847
-0.017071
0.018525
0.003500
0.058871
-0.074198
-0.033679
0.030643
-0.012853
-0.074795
0.128903
0.082985
-0.001904
-0.025924
-0.019362
-0.045296
-0.128035
-0.029514
-0.045679
-0.007238
-0.026952
0.003730
0.030523
0.021529
0.076525
-0.011078
-0.051333
-0.054907
-0.065219
-0.098221
-0.054018
0.017992
-0.057702
-0.019919
-0.057327
-0.060615
0.011158
0.020672
-0.014222
0.000031
-0.038777
0.013296
0.004567
0.050764
-0.003140
0.036364
0.039221
-0.070609
-0.012030
-0.087567
-0.061055
-0.012525
-0.092234
-0.139358
-0.075858
-0.069922
-0.011931
-0.090881
-0.062125
-0.068939
-0.154855
-0.085913
-0.032181
-0.003064
-0.011169
-0.066060
0.011481
-0.052682
0.072708
0.003167
0.058070
0.035271
-0.005740
-0.042602
-0.063802
-0.005646
0.034575
0.080113
-0.025392
0.090388
0.010871
0.047523
0.074076
-0.026516
-0.010459
0.003720
-0.019548
0.022242
0.090494
0.082487
-0.032436
-0.020132
-0.039208
0.041427
-0.048795
-0.029526
0.036529
0.090587
0.002868
0.044089
0.036718
-0.050275
0.044770
0.040788
0.057304
0.017499
0.051056
-0.021229
-0.017141
0.095124
0.037890
-0.072396
0.007963
-0.063549
-0.020989
-0.004420
-0.036116
0.023477
-0.082963
0.029495
-0.012907
-0.006436
0.043279
0.024324
-0.038308
0.022301
-0.062937
0.034247
0.138887
0.046166
0.060989
0.010130
0.016779
-0.031574
0.076169
-0.009077
-0.028522
-0.030858
-0.129478
-0.087166
-0.039322
-0.101479
-0.130327
-0.005908
-0.030524
0.095757
0.015880
0.003799
0.059825
0.036469
0.026867
-0.038497
-0.065957
-0.060478
-0.028577
-0.031044
-0.045933
0.054976
0.078725
0.043944
-0.015286
0.087496
0.019057
-0.061121
-0.046676
0.032692
0.057006
0.048632
-0.074408
-0.049665
-0.038462
0.023633
-0.013213
-0.002515
0.011816
-0.031188
0.033627
0.020505
0.019515
0.061849
0.105286
0.079070
0.114384
0.051010
0.020625
0.015825
0.028159
-0.008307
0.032501
0.035180
0.013212
-0.049199
0.050003
0.050221
0.012987
0.105842
0.063013
-0.015055
-0.023205
0.000152
0.012376
-0.026013
-0.009308
0.011173
-0.063155
-0.034249
0.033188
0.041931
0.042345
0.111350
0.100811
0.050618
0.044971
0.018766
0.002133
0.066788
-0.061656
0.015496
-0.032536
-0.069571
-0.037887
0.077608
0.065818
0.042444
-0.015995
0.040310
0.044073
-0.097258
-0.059943
-0.043072
0.022633
-0.057631
-0.055676
-0.094697
-0.200439
-0.045648
-0.099260
-0.040044
0.005965
0.046668
0.045222
0.004378
-0.001530
0.010003
0.057283
0.042420
0.006358
-0.009820
-0.017365
0.029420
0.015178
-0.028347
-0.031863
-0.048208
-0.120934
-0.029248
-0.014770
0.003835
0.108103
0.054327
0.032918
0.019212
0.091257
0.034177
0.140299
0.063384
0.045378
0.069555
0.224851
0.057810
0.013017
0.148100
-0.054908
0.055277
0.026675
0.103593
0.079946
0.100105
0.081574
-0.022112
0.001808
-0.020562
0.067319
0.122110
0.033028
-0.071812
-0.065981
-0.042836
0.014783
-0.059558
0.045836
0.020281
-0.055018
-0.017963
-0.093766
-0.093459
-0.022849
0.032335
-0.046269
-0.000014
-0.008006
-0.009852
0.001009
-0.016680
-0.011618
-0.003498
0.014474
0.070808
0.073136
0.070523
-0.016446
0.110353
0.052662
-0.008480
0.043018
-0.004282
-0.082075
-0.014269
0.030423
0.060988
0.080982
0.119123
-0.035316
0.029982
0.089786
-0.002639
0.047444
0.080881
0.004241
-0.030914
0.063150
0.006937
-0.030326
0.044831
-0.000464
0.017620
0.098332
0.030764
-0.009788
0.054803
0.027052
-0.003744
-0.054241
0.032684
0.087348
0.021401
0.023967
0.004494
-0.053749
-0.013618
0.039833
0.002712
-0.045709
-0.047212
-0.111435
-0.114634
-0.068224
-0.100587
-0.010319
0.081248
-0.087741
0.017711
0.042759
-0.021065
0.036176
-0.046243
0.021971
-0.012299
-0.017643
-0.059107
-0.063976
-0.065164
-0.029727
-0.002298
0.069234
0.009887
-0.012816
0.002871
-0.030331
0.008574
-0.077353
0.029419
-0.026504
-0.025439
-0.155979
-0.040071
0.031921
-0.071760
0.041726
0.030318
-0.021923
0.098705
-0.028005
-0.062155
0.031393
0.104973
0.020401
-0.023411
-0.010201
-0.035068
-0.030528
-0.090431
-0.077627
-0.058221
0.035694
0.021960
-0.000699
-0.025513
-0.065537
-0.019362
0.042716
-0.018761
0.056848
0.012552
-0.066679
-0.018590
-0.012060
-0.049117
0.018288
0.068165
0.048717
-0.017982
0.000782
0.012849
-0.042721
0.002943
-0.103807
0.018994
0.136477
0.003793
-0.049105
0.014610
-0.045017
-0.042479
0.051066
0.014727
0.097553
0.075545
-0.058455
0.063963
0.074829
0.047235
-0.029619
-0.015558
0.070556
-0.107173
-0.056805
0.000928
-0.004659
0.040467
-0.054952
-0.049882
0.091011
-0.030588
0.009623
-0.050049
-0.011574
-0.117345
-0.098852
0.021635
-0.041288
0.022395
0.044305
0.022957
0.030893
0.013733
-0.042563
-0.031834
-0.025256
-0.078364
0.024696
0.031893
0.043439
0.018789
-0.051660
0.038411
-0.008793
-0.043915
-0.066035
-0.090091
0.001429
-0.072422
-0.057443
0.095941
-0.024937
-0.003336
-0.084704
-0.009997
-0.031881
-0.020248
0.102246
-0.015240
0.051317
0.039421
-0.020422
-0.069377
-0.023767
0.010214
0.019726
-0.056804
-0.034091
0.032929
-0.053119
-0.049035
0.072785
0.047407
0.042737
0.050854
0.010863
-0.017786
-0.064744
-0.118033
-0.054032
-0.034539
-0.042905
-0.056020
-0.017610
-0.049837
-0.033815
0.086650
0.051897
-0.019038
-0.105857
-0.082246
-0.137536
-0.138998
-0.062251
-0.036443
0.111070
0.045113
0.006382
0.041034
-0.082328
0.014411
-0.091811
-0.086604
0.011859
-0.009886
-0.032394
-0.023994
-0.051376
-0.074597
-0.057991
0.003796
0.019060
-0.012994
-0.040323
0.042492
-0.006299
0.069770
-0.027051
-0.027130
0.051532
-0.020412
0.030547
0.041456
0.003415
-0.010400
-0.072097
-0.066782
-0.021483
-0.101972
-0.096396
-0.013107
0.046034
0.092468
0.020504
0.026760
-0.056815
-0.020343
0.017384
-0.043578
-0.028930
-0.019163
0.083151
-0.001885
0.002658
0.043275
0.041789
-0.052974
0.004361
0.011318
-0.017671
-0.017379
0.044785
-0.031365
-0.067652
0.011528
0.026641
-0.066620
-0.002375
0.047976
-0.025250
0.014426
-0.007295
-0.049451
-0.073280
-0.037630
0.099007
0.007864
0.089744
0.013091
0.013575
0.090829
0.017011
0.031986
0.061036
0.062508
-0.019442
-0.011706
0.009682
-0.047206
-0.018735
-0.115338
-0.123654
-0.129513
-0.234369
-0.142638
-0.087441
-0.119025
-0.056905
-0.051020
-0.058237
-0.119440
-0.011557
0.062748
0.005345
-0.015655
0.061809
-0.035605
0.023321
0.045832
0.070564
0.023477
-0.149889
-0.093588
-0.023257
-0.092365
0.049935
-0.040360
-0.010562
0.056390
0.065474
0.061341
0.090101
-0.030722
-0.023110
0.029479
-0.061864
0.073130
0.004602
-0.024841
-0.028033
-0.024336
0.118313
0.064890
0.077551
-0.004611
0.053707
0.038624
-0.160223
-0.035997
-0.118883
-0.093369
0.038296
0.098801
0.078556
0.066503
0.070955
0.012742
0.038960
0.047678
0.105386
-0.035407
0.054645
-0.019164
0.011918
-0.026791
-0.004437
0.035150
-0.018685
0.160024
0.019073
0.045359
0.107744
0.140461
0.061368
0.119922
-0.024468
0.027266
0.060470
-0.027171
0.008484
0.000370
-0.064142
-0.054211
-0.025991
-0.006857
0.033031
0.039273
0.016013
0.075130
0.042647
0.009456
-0.017244
-0.008448
-0.012611
0.027536
-0.004371
0.021051
-0.021439
0.045658
0.059125
0.108139
0.148819
0.058392
0.028128
0.026313
0.097415
-0.051342
-0.057182
-0.060555
-0.092310
0.013076
-0.009779
0.077751
0.080907
0.026582
0.021448
-0.003531
-0.022303
0.060399
-0.033940
0.004111
-0.015570
0.025721
-0.071049
-0.002268
0.022011
0.089682
0.100871
-0.010197
0.057133
0.071015
0.031869
-0.031305
-0.034723
-0.053377
-0.014308
0.078936
0.057238
0.031497
0.040672
-0.044347
-0.044894
0.064839
-0.050457
-0.024850
-0.065423
0.028158
-0.050859
-0.005308
-0.039975
-0.035933
-0.044596
-0.032076
-0.033469
-0.051358
0.053656
-0.022494
0.037888
0.095036
-0.014517
0.075681
0.005520
-0.056746
-0.004888
0.030146
0.040865
0.094756
0.092236
-0.033801
0.075313
-0.073712
-0.005553
0.001254
-0.121779
-0.123405
0.061630
-0.047493
0.012607
0.065643
0.043605
0.000253
-0.054094
0.014277
0.028371
-0.001368
0.098720
-0.027716
-0.039305
-0.041763
0.005263
-0.052758
0.008203
0.009579
-0.005475
-0.046038
-0.023740
0.062797
-0.016371
0.046177
0.146706
0.063483
0.010478
-0.044493
-0.013437
-0.024568
0.061677
-0.022300
-0.062794
0.059612
0.049630
-0.020949
0.029532
0.028090
0.023471
0.064916
0.045343
0.028155
0.060084
0.014086
0.004227
-0.024500
-0.095599
0.002260
-0.028212
-0.034048
-0.031066
0.014522
0.006884
-0.072914
-0.080806
-0.046888
-0.028349
-0.036113
-0.019128
-0.040512
0.013892
0.005994
-0.015304
-0.008659
-0.055865
0.016592
-0.018846
0.040396
-0.042992
-0.033375
0.061790
0.015620
0.093509
0.031546
0.077455
0.079652
0.010677
0.106497
0.097352
0.015729
0.117981
0.092302
0.075784
-0.011177
-0.033425
-0.019617
-0.027829
0.007282
-0.038327
0.046817
0.040404
-0.111536
0.092632
0.017661
-0.006962
0.014621
0.035861
0.055370
0.074175
0.039298
0.060831
0.127156
0.106903
0.049983
0.000637
0.100913
0.076927
-0.104685
-0.014103
-0.017426
0.030652
-0.009415
-0.032797
0.001679
-0.027323
0.009766
0.017670
-0.002505
-0.014472
-0.006941
-0.003456
0.007569
-0.036346
0.012775
0.031722
0.009242
-0.018632
-0.073534
-0.083630
0.072879
0.057626
0.042522
0.073440
0.084406
0.107817
0.073029
0.047144
-0.065371
-0.011314
0.065018
0.114018
0.163145
0.130608
0.084911
-0.016788
0.021030
0.092772
-0.021412
0.019484
0.066543
0.042604
-0.016951
-0.086662
-0.032033
-0.007616
-0.029295
-0.024368
-0.009204
-0.056877
-0.024598
0.062410
0.050775
0.129406
0.124610
0.129112
-0.006722
-0.013353
0.022558
0.073114
0.099850
0.037300
0.034797
0.107109
0.081940
0.106491
-0.042882
-0.003414
-0.068869
0.051540
-0.087525
0.049095
-0.045850
-0.046685
-0.029398
-0.023506
0.001623
-0.026768
-0.008761
-0.096673
-0.008069
-0.005021
0.079922
0.033029
-0.105668
0.057163
0.076523
-0.038428
-0.015013
-0.082804
0.007916
0.010683
-0.101851
0.065201
0.032362
0.007147
0.045747
0.075009
0.029750
0.055410
-0.017536
0.045950
-0.051163
-0.006140
-0.111686
-0.186255
-0.134355
-0.086503
0.051989
0.029961
0.018540
-0.095255
0.024855
0.052246
-0.004651
-0.028273
0.053302
-0.004024
-0.059929
-0.062004
0.016916
0.002813
-0.025938
0.000698
0.030355
0.074085
0.008099
0.019557
0.084203
-0.052917
-0.051425
-0.024070
-0.136587
0.075437
0.086126
-0.005441
0.041965
0.074255
0.074641
0.131980
0.103971
0.113644
-0.049242
-0.112887
-0.122056
-0.047063
0.006779
-0.027025
-0.073331
-0.057400
0.097308
0.074943
0.096043
0.022445
0.004454
-0.059895
-0.062288
-0.000011
0.003602
-0.028925
0.005795
0.052560
-0.036563
0.019818
0.028672
0.005668
0.010353
0.019990
-0.059665
0.026500
0.007650
0.032211
0.071210
-0.031646
0.055244
0.007510
0.040771
0.050971
-0.013465
0.000500
0.054450
-0.012476
0.085928
0.020993
-0.024565
-0.032425
-0.038420
0.014683
-0.091117
-0.081597
-0.085986
0.061781
0.016105
-0.030696
-0.022114
-0.025203
0.007022
-0.002908
0.051520
-0.042527
0.017735
0.067166
0.001199
0.036236
0.006344
-0.130647
0.025572
0.016556
-0.151505
-0.110404
0.024168
-0.046878
0.020104
-0.017518
-0.069871
0.007967
0.075036
-0.053122
-0.029944
0.052347
0.025675
0.122720
0.088744
-0.045448
0.052313
-0.000244
0.061576
-0.008344
-0.090913
0.024036
-0.122556
-0.116006
-0.071924
-0.086824
-0.057214
-0.057737
-0.018219
-0.057956
-0.063241
-0.023012
-0.063999
-0.004192
0.005827
0.015274
0.012706
0.014967
0.048129
0.046749
-0.009762
-0.017574
0.005795
-0.027626
-0.035138
0.049148
0.020670
0.052353
0.005950
0.016176
-0.057420
-0.065460
-0.053005
-0.055782
-0.050921
0.021425
0.001337
0.033519
0.013317
0.004475
0.053143
-0.027440
0.016387
-0.038648
0.026716
0.046674
0.098560
0.004350
-0.003123
-0.030483
-0.062847
-0.002811
-0.054722
0.096500
0.060127
0.045124
0.072419
-0.009605
0.036289
0.023900
-0.006817
-0.005662
0.014996
0.064380
0.164071
0.085961
0.114295
0.107791
-0.017106
-0.011883
-0.043132
-0.038436
0.009558
0.070253
0.059082
0.024950
0.021919
-0.050861
-0.044586
0.004541
-0.017159
0.015355
0.059727
-0.020188
0.026530
0.048479
0.043585
-0.008700
0.022847
-0.035968
0.018776
0.018937
-0.030407
-0.043321
-0.037006
-0.087128
-0.029039
-0.014351
-0.060929
-0.058279
-0.005392
-0.033611
-0.022095
-0.000628
-0.044555
-0.030815
0.035995
0.053925
0.054910
0.042086
-0.004656
-0.009496
-0.034950
0.007367
-0.111171
-0.052535
-0.042187
-0.047392
-0.031946
0.050799
-0.016238
0.122385
0.097877
-0.005862
0.026548
0.044559
0.061778
-0.035706
-0.091698
-0.029436
-0.015776
-0.075883
-0.073652
-0.077415
-0.078416
-0.039929
-0.031163
-0.049359
-0.079154
-0.056768
0.005496
0.040494
0.020403
-0.049406
-0.001899
-0.108833
-0.042302
0.007185
0.072032
0.060231
0.013574
0.023047
0.076524
-0.003879
-0.022664
0.079373
-0.089818
-0.014156
-0.017668
0.014699
-0.000674
-0.037468
-0.042060
-0.071072
-0.008890
-0.011067
0.014588
-0.053436
0.005607
-0.009385
-0.056602
-0.052335
0.036056
0.016557
-0.014555
0.026670
0.014640
-0.064026
-0.008495
-0.093773
-0.044326
-0.013991
-0.133794
-0.024414
-0.028356
0.038232
0.027516
0.030182
-0.009692
0.002190
0.084089
0.014621
0.065905
-0.078022
-0.077248
-0.085006
-0.033580
0.063184
0.117731
-0.075210
-0.136844
-0.039730
-0.045245
-0.029908
-0.047621
-0.089112
-0.079177
-0.093305
-0.155681
-0.013982
0.028296
0.034192
0.091984
0.071816
0.089321
0.085490
0.047752
0.013492
0.002850
0.005574
-0.018901
0.033813
0.112410
0.092784
0.040484
0.004927
-0.030453
-0.026839
-0.014036
0.044474
0.015052
0.006658
0.048285
0.007052
0.101989
0.045548
-0.062348
0.031734
-0.085147
-0.004578
-0.032897
0.035567
-0.009399
-0.071430
0.022620
0.010267
-0.073547
-0.050615
-0.007359
-0.027201
-0.085211
0.013028
-0.049332
0.026699
0.063829
0.013627
0.087328
0.010981
-0.041358
0.033461
0.047233
0.022296
0.066599
0.030646
0.021577
-0.051589
-0.022440
0.016201
-0.056974
-0.026101
-0.124728
-0.009536
0.044760
-0.047811
-0.030744
-0.019581
-0.032876
-0.010962
-0.001498
-0.043785
0.067700
0.022906
-0.023340
0.064210
0.063996
0.070088
0.005638
-0.018361
0.017258
-0.026411
0.042475
0.065621
0.150669
-0.014939
-0.056720
0.015623
-0.136892
-0.048714
-0.048702
0.030718
0.051334
-0.026044
-0.037566
0.008012
0.065713
0.103228
0.094980
0.111365
0.106653
0.027003
0.085155
0.051937
-0.061360
0.074385
0.039311
0.085392
0.005544
0.058193
-0.043530
0.043833
0.035889
0.047234
-0.019441
-0.082184
-0.017585
-0.051773
0.007003
0.005641
0.029667
-0.018537
0.060712
0.037610
0.071406
0.141157
0.114285
-0.063981
-0.070035
-0.039299
0.077887
0.062799
0.051593
0.078107
0.020043
-0.030092
-0.007430
0.021442
0.013717
-0.091840
-0.078238
0.017623
-0.016890
0.027319
0.000339
0.004345
-0.009523
0.004725
0.041265
-0.056314
-0.003158
0.128139
0.057404
0.035850
-0.014353
-0.063831
-0.053732
0.047215
0.089839
0.142647
0.113081
0.032871
0.045550
0.038843
-0.002717
-0.035301
0.021098
0.016051
-0.035047
-0.053158
0.046510
-0.077778
-0.055002
0.000711
0.001073
0.072964
0.124794
0.078665
0.047821
-0.054361
-0.013171
0.014780
0.031553
-0.058171
0.018429
-0.028147
0.027355
0.018582
0.072573
0.110012
-0.044668
0.013542
-0.084574
-0.044425
0.080259
0.026572
0.042136
0.002849
0.099309
-0.021842
0.034915
0.017689
-0.048191
-0.064532
-0.000864
0.035120
-0.074912
0.046276
0.024039
0.052780
0.035203
-0.090564
0.045293
-0.017174
-0.005166
-0.003931
-0.009387
0.042441
0.008070
-0.004243
0.017099
-0.025297
0.013986
0.016569
-0.029286
0.061483
0.079517
0.004219
-0.020404
-0.094842
-0.011359
0.021644
-0.071804
0.015828
-0.072873
0.030093
0.022127
-0.057107
-0.055008
-0.001182
-0.028838
-0.073214
-0.084186
-0.090325
0.029961
0.002219
0.014641
-0.089570
-0.016647
-0.129175
-0.009658
-0.074691
-0.005080
0.045226
-0.075217
-0.044306
-0.039672
-0.020850
0.059087
0.033922
0.099704
0.031348
-0.024181
-0.042179
0.008702
0.052401
-0.057597
0.024908
0.018036
0.017520
-0.028555
-0.046015
-0.021854
-0.003009
0.018284
0.051438
-0.007009
0.080552
-0.054490
-0.106518
-0.085503
-0.049822
0.048126
0.041055
0.060457
0.052918
-0.084841
-0.035808
0.004144
0.013554
0.037742
0.071985
0.000401
-0.021486
0.059272
0.030154
0.033686
0.043316
-0.106911
-0.035428
0.017019
-0.012824
0.020798
-0.025937
0.010094
-0.008726
-0.087127
-0.091147
-0.156949
-0.043217
0.041432
0.074796
0.003800
-0.107105
-0.011438
0.010195
0.022577
0.014495
-0.030373
0.035180
0.036923
0.022492
0.076044
0.106180
0.059833
0.066155
0.084334
-0.042868
0.024563
0.103623
-0.020301
0.042287
0.012446
-0.019635
0.046681
0.009011
-0.024140
-0.050944
0.034401
0.033306
0.051407
0.047598
0.040284
0.019290
-0.050225
-0.038303
0.049252
-0.044428
0.006796
0.052748
0.000121
0.014206
0.056847
0.136936
0.024125
0.038139
0.126229
0.081991
0.076537
0.012965
-0.040528
-0.007653
-0.020075
0.004816
0.143721
0.059647
0.043180
0.035467
0.043583
0.066121
-0.026965
0.063158
0.027576
-0.023073
0.005228
-0.005494
-0.018960
-0.050563
-0.008486
-0.039651
-0.063453
-0.083556
-0.067984
-0.113231
-0.031081
0.003725
0.096767
0.018287
-0.039973
0.040665
0.103745
0.069802
0.094983
0.066264
-0.032328
0.017955
0.044283
-0.066404
-0.025602
0.015732
-0.052262
-0.059893
-0.055970
0.019616
-0.045924
-0.026900
-0.097965
-0.065491
-0.061376
-0.090511
-0.014035
-0.051918
-0.078709
-0.035607
0.023014
0.104887
0.070724
0.025473
-0.030375
-0.024132
0.033234
0.042507
0.027377
0.083406
-0.020881
0.005297
0.017510
0.055365
0.092267
0.092033
0.023411
-0.094555
-0.049497
-0.008816
-0.006415
-0.037578
0.023712
0.037238
0.020942
0.005440
0.019587
0.020690
-0.032044
0.013031
0.106351
0.020519
0.042941
0.018364
-0.054459
-0.008816
-0.089811
0.012295
-0.039757
0.008412
0.012943
-0.018441
0.089005
0.060739
0.057530
0.098639
0.037565
0.018163
0.030709
0.011122
-0.024534
0.065986
0.064934
0.018328
-0.053800
0.057211
0.101374
0.072919
-0.028646
0.051951
0.049563
0.019562
-0.028928
0.021188
0.055186
0.042458
-0.025460
-0.078327
-0.038180
-0.029780
0.003301
-0.052767
-0.003554
0.015289
-0.025215
-0.042432
0.004939
-0.004881
0.063218
-0.003054
-0.051565
0.005103
0.054889
0.007187
-0.065463
0.042297
0.042732
0.016134
0.031612
-0.034205
0.088834
0.094962
-0.008761
-0.044203
0.027800
0.083811
0.063252
0.022767
0.028676
0.057659
0.144297
0.001399
0.045346
0.018284
-0.055370
-0.083111
-0.129185
-0.001597
0.025333
-0.032456
-0.002669
0.020302
-0.038592
0.041637
0.028587
-0.028007
0.027503
0.148881
0.036054
0.057277
-0.043084
-0.036844
0.044347
0.029038
0.009854
0.039277
0.030849
-0.017943
0.059627
0.059322
-0.025421
-0.023761
-0.022311
0.022543
0.036315
-0.060443
-0.068547
-0.037297
-0.007492
-0.041426
-0.005967
0.048905
0.045824
0.034401
0.000634
0.034691
0.103635
0.086832
-0.046315
0.012349
0.040572
0.001762
-0.003265
0.014542
0.099494
0.025928
0.015807
-0.006077
-0.026990
-0.029530
0.026719
-0.011312
-0.064728
-0.038431
-0.014221
-0.076304
-0.076737
0.011879
0.022950
-0.007279
-0.013332
-0.052788
0.020015
0.009318
-0.158556
-0.028311
0.016295
0.039455
0.037719
0.080139
0.039080
0.021338
0.020242
-0.023970
0.066342
0.034835
0.024891
-0.031177
0.007829
0.029212
0.034681
0.002450
-0.033890
0.053099
0.034787
-0.005626
0.004256
0.022937
0.047903
0.070542
0.094178
0.051741
0.096606
0.149232
0.058690
0.059270
-0.018611
0.029417
0.045029
-0.000105
-0.003493
0.135630
0.072409
0.035073
0.118133
0.082293
0.000102
0.020769
0.057171
0.017721
0.035193
0.131652
0.079325
0.045206
0.046757
0.031101
0.074520
0.004943
-0.008988
0.119610
0.044227
-0.038578
0.038818
0.110279
0.112479
0.120143
-0.006535
-0.011297
-0.094455
-0.145132
-0.117662
-0.046748
-0.017311
-0.109057
-0.070207
-0.100117
-0.049680
0.007745
0.018209
0.065819
0.054903
-0.008481
0.042461
0.011618
0.034686
0.019763
-0.033242
-0.001683
0.062052
0.025462
0.052893
-0.026182
-0.051807
-0.074602
-0.021575
-0.019516
0.014909
-0.029299
-0.162463
-0.102937
0.051991
-0.044363
-0.058123
0.054467
-0.034859
-0.042504
0.019631
-0.026522
0.079824
0.178767
0.052226
-0.007270
-0.001225
0.085412
0.014206
-0.051986
-0.006902
-0.045574
-0.010470
0.046838
-0.015414
0.001497
-0.030249
0.020484
0.028439
0.064709
0.022852
0.083745
-0.000985
-0.068007
-0.025512
-0.052052
-0.013541
-0.047502
0.007104
-0.012450
-0.112579
0.021728
0.022969
0.074263
-0.018518
0.026497
0.008479
0.046137
0.018662
0.010721
-0.035833
-0.011439
-0.010769
0.008533
0.011966
0.102636
0.031414
-0.000171
0.051898
-0.053956
-0.045546
0.016146
-0.053845
0.010810
0.010994
-0.065532
-0.009815
0.008496
0.052678
-0.037680
-0.044853
-0.026720
-0.033540
-0.111581
-0.095727
0.001638
-0.045156
-0.044291
0.067026
-0.058714
-0.062985
0.008454
-0.012725
0.048365
0.162783
-0.013349
-0.038358
0.132711
0.036708
0.052953
0.136902
0.029240
0.010698
0.051556
0.003998
0.062298
0.034989
0.034917
0.064256
-0.029876
0.012117
0.049440
-0.027148
0.008789
0.121266
0.048787
-0.034398
-0.067618
-0.025883
0.048767
-0.037898
-0.028483
0.050145
-0.114656
-0.173639
-0.097847
-0.000884
-0.031786
-0.007004
0.128156
0.001989
-0.020720
-0.079539
0.030308
-0.034550
0.022727
0.002231
-0.037214
-0.002162
-0.007151
-0.065741
-0.027340
0.024357
0.080005
0.028132
-0.060392
-0.040539
-0.040992
-0.075546
-0.007847
0.014573
0.001393
0.032365
0.014702
0.017483
-0.046595
-0.044537
-0.033272
-0.033808
-0.155948
-0.077337
0.010592
-0.135652
-0.108876
-0.058212
-0.054815
