2.781286
0.692250
0.660161
0.387834
0.326487
0.304309
0.155024
0.198133
0.187456
0.193823
0.179887
0.201174
0.146159
0.090910
0.138477
0.122546
0.134132
0.132115
0.091031
0.128741
0.142474
0.089226
0.137434
0.187409
0.105654
0.094259
0.096719
0.137322
0.194739
0.189866
0.185232
0.175920
0.066866
0.042794
0.052685
0.104337
0.067701
0.119190
0.048254
0.108132
0.114158
0.055868
0.111540
0.075543
0.067394
-0.013276
-0.031332
0.075039
0.074175
0.081092
0.031759
-0.000800
-0.025762
-0.015780
0.072128
0.012244
0.089798
0.082456
0.037934
0.122237
0.078252
0.086810
0.099537
0.043391
0.056105
0.130263
0.011351
0.054484
0.048081
0.108039
0.065382
0.031343
0.133079
0.062065
0.108529
0.218691
0.061799
-0.021908
0.025128
-0.010090
0.030164
-0.008370
0.025520
0.062462
0.077661
0.058934
0.020757
-0.003053
0.035251
0.059750
0.059075
0.071152
0.042777
0.002523
-0.022759
-0.023779
0.020938
0.103208
0.046412
0.129003
-0.003657
0.036520
0.059464
-0.032227
-0.013471
0.086121
0.093244
0.062294
0.070590
0.117127
0.037753
0.095751
0.030472
0.044174
-0.004897
0.076239
-0.020017
0.075879
0.167276
0.141243
0.040920
-0.025025
0.037252
0.073544
0.023644
0.024396
-0.043263
-0.021448
0.070699
0.151405
-0.049666
-0.035472
-0.024603
0.003847
0.019842
0.071148
0.121139
0.053921
0.113086
0.144011
0.156566
0.157803
0.048914
0.049653
0.140701
0.129979
0.071392
0.092353
0.148646
0.117812
0.112217
0.144498
0.041301
-0.056821
0.020852
0.068736
-0.003496
0.000635
0.059490
0.072419
0.086305
0.064114
0.128972
-0.018314
-0.043561
0.094290
-0.015979
-0.005293
0.039513
0.033665
0.073581
0.059983
0.067396
-0.029094
0.088283
-0.014192
-0.007055
0.005857
0.018376
0.065281
-0.078008
0.072757
0.018828
0.006339
0.046039
-0.024452
0.006100
0.043073
0.078928
-0.062563
-0.036772
-0.002619
-0.007316
-0.008067
0.015704
0.027062
0.073112
0.114573
0.051390
0.072012
0.030125
0.098584
0.080957
0.103948
0.015731
-0.019982
0.025417
0.048284
0.076757
0.084272
0.035161
0.086335
0.030909
0.082208
-0.016059
-0.033393
0.020540
0.046402
0.058068
0.070159
0.019489
0.056700
0.035678
-0.059339
0.018569
0.011958
0.023911
0.064683
0.106111
0.040145
0.033134
0.005720
0.003645
-0.024310
-0.031838
-0.057997
0.027391
0.038479
-0.027222
0.019948
-0.074693
-0.079320
0.060505
0.112006
-0.006011
0.028286
0.034494
0.006222
0.028491
0.016069
0.059103
-0.020134
0.003615
0.102266
0.053031
-0.062133
0.040285
-0.040714
-0.018071
-0.006872
-0.017438
0.043124
0.027579
0.077366
0.007892
-0.032057
0.060332
-0.002131
0.013131
0.003662
-0.000433
0.042746
-0.048342
0.092991
0.095489
0.002206
0.031076
0.038090
-0.063778
0.037210
0.026609
-0.005734
0.073378
-0.035027
0.026850
0.073518
-0.033803
0.030710
-0.031339
-0.027646
0.086636
0.056569
0.023724
0.068450
0.091310
0.029049
0.053281
0.139274
0.031365
-0.005329
0.056363
0.088392
0.032000
0.155759
0.151744
0.003257
0.090799
0.071378
0.030456
0.034767
0.105136
0.132249
0.039475
0.158167
0.043781
0.012615
0.046209
-0.024013
0.007251
-0.012196
0.038418
0.012728
0.051106
0.027217
0.035310
-0.052376
-0.064681
-0.010602
-0.049264
-0.022973
-0.007542
0.000517
0.033035
0.108942
0.099574
0.064261
0.072538
0.005344
0.029929
0.041669
-0.003234
0.016118
-0.021592
0.054543
0.061964
-0.038890
0.038573
0.038032
0.017787
0.096295
-0.022345
0.000027
0.050907
-0.033890
0.036201
0.034018
0.012434
0.008113
-0.126246
-0.028221
0.058060
0.025741
0.027132
0.065425
0.087046
-0.025238
-0.006845
0.002437
0.075638
0.119849
-0.016415
-0.000369
0.026930
0.033908
-0.069431
0.012530
0.176236
-0.001546
0.042587
-0.070779
0.118994
0.136598
0.028856
0.033179
0.001539
0.015647
0.009604
0.050685
0.031705
-0.013983
-0.067703
-0.041691
-0.027020
-0.051224
0.052918
-0.014498
-0.182100
-0.016012
0.041102
0.006843
-0.082318
0.147602
0.036822
-0.062831
-0.034507
-0.131362
-0.050885
0.004710
0.106549
0.023063
0.026861
0.060203
0.028263
0.022901
-0.007202
-0.046811
0.017264
0.011718
-0.078580
0.032839
-0.028984
-0.031857
-0.089666
-0.026048
0.019066
-0.067170
0.041513
0.037062
-0.056358
0.095268
0.013703
0.028241
0.082092
0.003538
-0.002307
0.113453
0.099137
0.119807
0.089687
0.088873
0.083207
-0.026442
0.040685
-0.037321
-0.044458
0.058533
0.039799
0.031036
-0.009050
0.019057
0.103640
0.020008
-0.045720
-0.020823
0.009434
0.034257
0.013486
0.050374
0.073276
0.059272
0.024376
0.061850
0.045716
-0.021770
0.065788
0.092334
-0.045251
-0.075535
0.012430
-0.002031
0.087680
0.058744
-0.027659
0.024311
0.031631
-0.055580
0.009150
-0.014646
-0.001637
0.045842
0.004837
-0.066229
-0.032069
-0.000859
-0.034709
-0.004270
0.000772
0.035701
0.008037
-0.004790
-0.070322
-0.061993
-0.043330
-0.034405
-0.005250
0.065961
0.002479
0.061121
0.071384
0.038036
-0.022102
0.019554
0.039837
-0.090133
0.004566
0.001828
0.017547
0.092701
0.039860
0.026668
0.007341
-0.025521
-0.000413
-0.048364
-0.037511
-0.072494
-0.052534
-0.047233
0.000942
0.064836
-0.055350
0.005628
-0.016669
-0.018476
-0.094380
-0.003687
-0.038294
-0.099070
-0.010344
-0.024503
-0.044888
-0.034736
-0.030421
0.030927
-0.058740
0.011252
0.036833
-0.008607
0.049397
0.002089
0.031050
-0.021898
0.021808
0.063078
0.032414
-0.037841
-0.007688
0.087211
0.113177
0.085810
0.090474
0.105938
0.051530
-0.090948
0.071653
0.071142
0.029063
0.045359
-0.014411
0.128937
0.000087
-0.013966
0.008699
0.015400
0.066851
0.019966
0.062058
0.062337
0.030549
0.002694
0.091730
0.100034
-0.005827
0.093558
0.048000
0.035790
0.100261
-0.005914
-0.107994
0.046781
-0.036710
-0.034574
0.021707
-0.016462
0.066117
-0.007512
0.016952
0.042517
0.119804
0.035258
0.012076
0.021663
0.010107
0.003018
0.083685
0.000691
-0.077760
0.043400
-0.043237
-0.023284
0.059864
0.095916
0.063718
0.066918
0.074358
0.042887
-0.009518
-0.049809
0.022469
-0.104610
-0.032827
-0.051752
-0.010318
0.035787
0.019006
0.054137
0.021350
0.040904
0.051797
0.123373
-0.005457
0.019971
-0.029223
-0.048623
-0.050475
-0.059563
0.018591
-0.039826
-0.020554
0.063357
-0.015559
0.003345
-0.034727
-0.034442
0.015542
-0.030837
0.010767
0.004180
-0.037972
0.011808
0.022687
0.123737
0.055550
0.036153
0.005095
-0.041801
-0.004362
0.029090
0.069961
-0.027824
0.082371
0.095889
-0.062305
-0.024564
-0.017824
-0.035048
-0.097156
-0.062066
-0.021005
-0.038613
-0.033511
0.001689
0.029983
-0.037969
-0.062571
-0.051759
-0.033499
-0.017624
0.055758
-0.003588
0.014066
0.065289
-0.040501
0.005143
0.018458
-0.036711
0.074176
0.049751
-0.000706
-0.012444
0.046453
-0.030302
0.037664
0.033666
-0.015289
0.059670
0.045977
0.011211
0.149133
0.105544
0.019214
0.118385
-0.004047
0.058809
-0.017987
0.055417
0.027385
0.083249
0.116397
0.041684
-0.002831
-0.018368
0.029946
-0.063664
-0.024083
-0.085775
-0.000286
0.046080
-0.063804
-0.035988
0.000813
-0.003436
-0.038287
-0.043062
-0.022166
-0.029288
-0.057289
-0.035161
0.070505
-0.036877
-0.094458
-0.011532
0.042664
0.009013
0.029593
0.082103
-0.055025
-0.026922
0.005934
-0.005396
0.016425
0.090839
0.042812
-0.038842
-0.011220
0.012963
-0.031904
0.028086
-0.029078
-0.004319
-0.005023
-0.038991
0.056461
0.046528
0.018002
-0.056218
-0.019868
0.049568
0.016257
-0.029155
0.015038
-0.073942
-0.060814
0.048454
0.002004
0.006188
0.112536
0.037476
0.102503
0.085932
0.089122
0.046673
0.044011
0.057068
-0.006201
0.081142
-0.010582
-0.122272
0.052833
-0.014414
-0.023315
0.047763
-0.034431
-0.070376
-0.035706
-0.006973
-0.003634
0.019898
0.068367
0.069197
0.006512
-0.012615
0.007627
-0.017189
-0.066981
-0.078231
-0.072335
-0.005754
0.030373
0.011019
-0.012270
-0.025918
0.036695
0.003878
-0.022822
-0.004839
-0.003495
0.004178
-0.003260
0.034510
0.013408
0.003475
0.007114
0.052324
-0.049272
0.005932
0.111593
0.058187
-0.030877
0.016804
0.027598
-0.042486
-0.023143
0.037504
0.000202
0.025964
0.072373
0.095684
0.055081
-0.006669
-0.049881
-0.061935
0.017721
0.008601
0.050458
-0.025814
-0.015252
0.006068
0.017846
0.004405
-0.068160
0.032412
0.043130
-0.020158
-0.050590
0.033782
0.034692
0.059068
-0.020726
0.113796
0.038447
-0.068195
0.025234
-0.030697
0.057932
-0.034013
-0.027116
-0.033031
-0.072994
0.000521
0.018702
-0.030601
0.103566
-0.054362
-0.129244
-0.032066
-0.098863
-0.049799
-0.000724
-0.074465
0.001686
-0.019613
0.063640
0.041446
-0.024658
0.008141
0.034369
-0.031559
0.069986
0.120956
0.033890
0.039511
-0.018657
0.007246
-0.087587
0.052057
-0.033963
-0.021643
-0.012074
0.027305
0.072028
0.072780
-0.011392
0.020289
-0.048855
0.171766
0.061802
-0.009596
0.040064
-0.007343
0.027534
-0.028498
-0.105842
-0.018589
0.030409
-0.105861
-0.021931
0.045396
-0.027078
0.105657
0.031449
-0.007865
0.089874
0.048002
-0.025676
-0.061045
-0.015902
-0.050239
-0.024620
-0.092889
-0.069506
0.059038
0.050724
-0.001158
0.069379
0.029806
-0.021496
0.033687
0.039143
0.103572
0.026142
0.033017
0.057851
0.033478
0.006534
-0.045633
0.012340
0.056816
0.055519
-0.009808
-0.013198
0.016211
0.024538
-0.048734
-0.096931
0.013262
0.043203
0.066909
-0.019452
-0.016684
0.036223
0.027030
-0.044656
-0.121339
-0.064869
-0.018561
-0.031365
0.011710
-0.001595
0.087758
-0.038776
-0.032818
0.029414
-0.010930
0.021301
0.016044
-0.088521
-0.021688
0.074915
0.030996
0.025571
0.084756
-0.033933
-0.001708
0.016761
-0.031063
0.026697
0.083260
-0.081702
-0.076444
-0.067273
-0.020804
-0.076831
-0.019701
0.073666
-0.027243
-0.021992
0.067725
0.032692
-0.048787
-0.048913
0.049361
0.062574
0.126105
0.041806
0.113019
0.005169
0.067389
0.034294
0.018590
0.051901
0.027777
0.034663
0.034030
0.127111
-0.039927
0.004474
0.041262
0.033070
0.035820
-0.034810
0.048972
0.055683
-0.077701
-0.015783
0.000736
-0.013174
-0.011171
-0.054577
0.086036
0.098927
0.059500
0.004445
0.026322
-0.060171
0.001527
0.032287
-0.068088
-0.014342
-0.025145
-0.060982
0.035509
0.018718
-0.020992
0.002082
0.099884
0.139692
0.063504
0.015432
-0.027862
-0.024857
-0.012766
-0.035628
-0.007056
0.000551
0.046159
0.074554
0.017819
-0.002306
-0.019824
-0.145314
-0.112175
-0.067238
-0.074830
-0.048895
0.053603
-0.023571
-0.104735
0.019743
-0.002145
0.038319
0.010884
0.011219
0.082693
-0.004139
-0.016130
-0.098295
-0.068594
-0.000527
-0.066216
-0.028217
0.005031
0.060762
0.023713
0.045446
0.049862
-0.031705
-0.078314
0.027638
0.107920
-0.071089
-0.029745
-0.003089
-0.102296
-0.110977
-0.104946
-0.045673
-0.021445
0.018358
-0.013670
0.018100
-0.006730
-0.065656
0.002269
-0.099023
-0.045602
-0.025229
-0.056334
-0.027391
-0.013144
0.038444
-0.082211
0.015035
-0.056952
-0.026523
0.006584
-0.035624
0.072024
-0.059485
-0.000084
0.026177
-0.059755
0.046930
-0.001824
0.027707
-0.012475
-0.122549
-0.072064
0.040805
-0.007531
0.153240
0.054568
-0.038260
0.052561
-0.026028
-0.031518
0.020891
0.018767
-0.025617
0.053759
0.024490
0.020619
0.085518
0.025552
-0.015852
-0.108111
-0.020667
-0.047784
0.019567
0.030770
0.008391
-0.044005
0.003198
0.016849
0.061876
0.086071
0.103383
0.044334
0.066956
-0.009009
-0.092180
-0.035403
-0.045214
-0.066371
0.052534
0.059778
-0.025376
0.063786
0.022901
-0.023484
0.037107
0.050110
0.087491
0.080633
0.095938
0.063248
-0.010797
0.034793
0.009237
0.050746
0.009291
-0.029327
0.038683
0.055417
0.102914
0.007266
0.049117
0.027957
0.076780
0.001732
-0.021975
0.068000
0.024843
0.021964
0.110434
-0.013278
-0.021569
0.091575
0.018485
-0.013795
0.012937
-0.003471
0.010570
-0.056612
-0.046027
0.073095
0.024929
-0.038937
0.026183
-0.000218
0.025661
-0.008574
0.091044
0.024526
-0.024691
0.078873
0.002379
-0.052441
-0.041897
0.097621
0.125243
-0.024169
0.018497
-0.078476
-0.000760
-0.010114
-0.010849
0.073531
0.083540
0.067050
0.015994
-0.037008
0.034930
0.014125
0.055775
0.067385
0.031588
0.038895
0.053982
-0.003395
0.040196
0.007081
0.118021
0.072034
0.074136
0.092587
-0.048194
0.016177
0.010495
-0.135881
-0.049325
0.012591
-0.000332
0.027055
0.069676
-0.079358
-0.004097
0.005628
0.063966
0.035311
0.072556
0.030768
-0.020521
0.040330
0.049371
0.071667
0.010802
0.044006
0.005247
0.024907
-0.029283
0.057342
0.079209
0.026552
0.036502
0.080066
0.026598
0.009291
0.153176
-0.010219
0.044196
0.089356
-0.060787
-0.055072
0.001309
-0.009793
0.027708
0.068492
0.075816
0.066486
-0.031756
-0.007304
0.021719
-0.052053
0.046243
0.021622
-0.010174
-0.016008
-0.000908
-0.085780
-0.007771
-0.021218
0.036632
-0.024145
-0.045726
0.055311
0.064330
-0.040565
0.035615
-0.018576
-0.059819
-0.012480
-0.011500
0.015798
0.082411
0.030135
0.036845
0.009715
0.036253
-0.022942
0.041359
0.101971
0.058066
0.073964
0.000932
0.079630
0.001834
0.003352
-0.029743
0.028505
0.074334
0.013197
0.086447
0.122107
0.010733
0.046779
0.015141
0.006678
0.053718
0.045017
-0.021137
-0.004413
0.093181
0.031733
0.076902
0.068068
0.082275
0.056956
-0.066567
0.017347
0.036775
-0.048838
0.021744
0.030071
0.026161
0.070450
0.096616
-0.004125
0.033657
0.015788
0.009942
0.040439
0.045159
0.030426
0.013299
-0.050902
0.036997
-0.040491
-0.009077
-0.016100
0.028055
0.015921
0.028832
0.066192
-0.006019
-0.042611
0.046457
-0.028812
-0.029456
0.007002
-0.075888
-0.017370
0.001123
0.015854
-0.020564
0.012378
-0.004343
0.027879
-0.020241
-0.038111
0.033182
0.005635
0.009844
0.105759
0.086556
0.000731
0.056335
0.070780
0.038103
0.023092
0.012401
-0.016349
-0.027091
-0.014672
-0.120804
-0.015449
0.031042
0.090661
0.014105
-0.017928
0.118692
0.025501
0.062753
0.080419
0.001617
0.102024
-0.005810
0.044887
-0.011335
0.033095
0.071407
-0.071635
-0.004899
-0.036072
-0.076094
-0.067196
-0.045052
0.025358
-0.030446
0.000910
0.029971
-0.047506
-0.027791
-0.009734
-0.041811
-0.060998
0.059846
-0.007980
-0.051646
0.047439
-0.000414
-0.012763
0.076834
-0.000071
-0.040823
0.034809
0.071275
0.062674
0.037542
0.077451
0.034560
-0.012475
0.061967
0.058822
-0.026258
0.015169
0.040849
0.068244
0.015096
-0.005240
0.044798
-0.021906
-0.051326
-0.071691
-0.088418
-0.016021
0.012813
0.035481
0.053319
0.019655
-0.042373
0.038314
-0.009940
0.011899
0.048570
-0.008670
-0.017712
0.000766
-0.060633
-0.049646
-0.026531
-0.057903
-0.033399
0.015335
-0.021278
-0.037405
0.016725
-0.015310
-0.027957
-0.051007
-0.074343
-0.038904
0.052396
0.028078
-0.076778
-0.051928
-0.018757
-0.070136
-0.132097
-0.016407
-0.031011
-0.106001
0.033853
0.000030
-0.018524
0.002232
0.054265
0.003378
-0.010007
-0.076321
-0.059785
0.026580
-0.003007
0.053023
-0.003805
-0.091289
-0.029491
0.025108
0.081383
0.028400
0.007833
0.001040
-0.006730
-0.019691
0.012002
0.027192
0.023393
0.071410
0.024735
0.003399
-0.022475
0.105948
-0.038797
0.012068
0.042017
0.062353
-0.024311
-0.021252
-0.004716
-0.012490
-0.029861
-0.010370
0.037236
0.020567
0.023902
0.058181
-0.016266
-0.025489
-0.032403
0.012324
-0.027011
-0.005765
0.051060
0.023128
0.025884
0.020288
-0.028504
-0.012635
0.087137
0.115425
0.029889
0.039907
0.011110
0.006590
-0.063044
0.004662
-0.026902
-0.034269
0.033729
0.104733
0.060672
0.058309
0.127272
0.030509
0.094443
0.098209
0.108495
-0.038951
0.016150
0.014314
-0.026345
0.031330
0.067196
0.051588
0.084220
0.085909
0.045487
-0.010845
0.070692
0.127600
-0.016335
0.016326
0.092693
0.094188
-0.024101
-0.019921
0.012073
-0.031706
0.030076
-0.002830
0.028509
-0.004338
0.041056
0.076966
-0.008318
0.054344
-0.010621
0.055763
0.094949
0.031137
-0.099716
-0.001459
0.055615
-0.003772
-0.007102
-0.000223
0.007576
0.110474
0.089722
0.023855
0.005443
0.057960
-0.063613
0.032448
0.099382
0.037914
0.145748
0.112965
0.057053
0.083714
-0.015000
-0.018631
-0.000691
-0.042429
0.075529
-0.001217
-0.026621
0.043104
0.078965
0.037164
0.047792
0.055546
0.029336
-0.025383
-0.109788
-0.028731
0.007152
-0.009879
0.082812
0.096456
0.055764
0.013629
-0.046987
0.048147
0.043610
-0.050216
-0.043179
0.037683
-0.055412
0.026811
0.022717
-0.016804
0.072642
0.069185
0.126013
0.065266
0.016466
0.014310
0.021576
0.038030
0.083935
0.110129
0.010901
-0.073152
-0.056522
-0.013483
0.044819
-0.136183
0.000167
0.072420
-0.024123
0.051352
0.028266
0.014980
0.013752
0.008182
-0.042973
-0.078314
-0.022222
-0.027156
0.005882
-0.008999
0.041570
-0.032416
0.054545
0.030938
0.005029
-0.020223
-0.011569
0.054075
-0.056828
0.056790
0.111299
-0.022808
0.001945
0.049876
0.048834
-0.000582
-0.097782
0.013686
0.015825
0.014364
0.070700
-0.058569
0.044328
-0.050529
-0.035145
-0.033260
-0.051521
-0.019502
-0.010056
-0.108940
-0.092679
-0.054893
-0.052176
-0.011126
0.075290
0.028739
0.014562
0.038914
0.005406
0.076348
0.001998
0.036911
0.065317
-0.015816
0.065966
-0.015410
-0.086744
-0.038986
0.029374
-0.027996
0.039089
0.024039
0.073537
-0.037486
-0.059498
-0.100963
-0.071489
0.023471
-0.068946
0.012590
0.063465
-0.030215
0.047255
0.081185
0.014311
0.015269
-0.001880
-0.070009
0.022089
0.004955
-0.054053
-0.113099
0.008005
0.029859
-0.025062
0.085261
-0.030212
-0.073664
0.032736
0.021914
0.023385
0.015830
-0.027691
0.021446
0.059451
0.059526
0.000642
-0.024249
0.010821
0.090163
0.055964
-0.024103
0.020506
0.062993
0.032338
-0.052624
0.035956
0.040412
0.022870
-0.014532
-0.077011
-0.049540
-0.111791
-0.029931
0.074338
-0.036058
-0.017832
-0.029005
0.087007
-0.029640
-0.070488
0.027393
-0.010743
-0.002350
0.046558
-0.065059
-0.001039
0.073192
0.061440
0.007389
-0.035448
-0.000844
-0.036494
0.050917
-0.068331
-0.013427
-0.003961
-0.049734
0.050592
-0.016788
-0.007879
-0.077003
-0.031679
0.003622
0.044885
0.052380
-0.042109
0.085243
0.154989
0.019443
0.039294
-0.014093
0.045844
0.039034
-0.000784
-0.088293
-0.140526
-0.029617
0.012443
0.073915
-0.046540
-0.003011
-0.128968
0.019093
0.045595
-0.061571
-0.005513
-0.010817
-0.036057
-0.023597
0.065545
0.015558
-0.024086
0.039582
0.033039
0.077141
0.044273
0.152576
0.148779
0.084751
0.099251
-0.036586
-0.049280
0.015262
-0.121072
-0.041882
0.007350
0.095474
-0.007837
0.013876
0.045294
0.062060
-0.019582
0.011430
0.011098
-0.023828
0.003792
-0.084346
-0.016860
-0.011147
0.062034
-0.022446
-0.000946
0.101805
-0.012270
-0.110565
0.010143
0.041841
0.118078
0.036728
0.033337
0.008449
-0.014372
-0.050786
-0.001080
0.037632
-0.013485
0.027108
0.113590
0.059306
-0.019955
-0.016579
-0.037642
0.111286
0.038839
-0.005117
-0.034945
-0.066998
-0.012343
-0.021324
0.129279
0.030708
0.063673
0.008753
-0.008785
0.042441
-0.051421
-0.016734
0.081428
-0.043837
-0.071290
-0.020655
-0.043508
-0.062076
-0.021596
0.057854
-0.053952
-0.067030
-0.041643
-0.066799
-0.075271
-0.036725
0.059989
0.042230
0.022061
0.045827
0.038862
-0.072651
0.057543
0.023767
-0.016711
-0.017915
0.000627
0.051793
-0.024580
0.013599
0.019148
0.016637
0.007681
0.009253
0.093486
0.051322
0.053609
0.050829
0.047986
-0.013762
0.099500
0.047165
0.048676
0.020807
0.020013
0.029725
-0.037613
-0.035676
0.032629
0.078407
0.022947
0.064160
-0.031598
0.021327
0.041632
-0.028409
0.005169
0.061287
0.054260
0.068233
0.080334
0.008515
0.034403
-0.022906
-0.028092
0.065350
0.120636
-0.023945
0.008679
0.001613
-0.029743
0.064498
0.042668
-0.003321
0.023222
-0.010891
0.049498
-0.002615
0.055738
-0.021403
-0.053156
-0.028309
0.025540
0.043988
0.080826
0.061482
0.028476
0.014753
0.010559
-0.003968
0.023465
0.026068
0.030231
-0.008189
-0.029337
-0.047686
-0.091535
-0.117750
-0.051463
-0.024679
0.064270
-0.049806
-0.051070
-0.025647
0.015918
0.014001
-0.010709
0.025110
-0.000453
-0.017321
0.014841
0.009286
-0.050872
-0.027316
0.001793
0.017189
-0.005568
-0.008991
0.010771
0.075222
-0.046297
0.081804
0.058876
0.019265
0.152394
0.120571
-0.005244
0.016352
0.048504
0.016368
0.037606
0.029837
-0.043668
-0.088106
0.009725
-0.016886
-0.056957
-0.023159
0.015369
0.029487
0.017102
0.099746
0.081237
0.015710
0.030894
0.094670
0.051413
-0.002860
0.047743
0.023627
-0.034565
0.076083
0.018743
-0.043516
0.051325
0.040860
0.052969
0.060435
0.035352
-0.008780
-0.019531
0.008144
-0.021881
0.070645
-0.013039
0.049778
0.007883
0.043896
-0.013852
0.012987
0.039945
0.022544
-0.026334
0.013047
0.012788
0.038777
-0.025608
0.013602
0.037618
-0.023969
-0.008276
0.056317
0.037068
-0.037518
0.005386
0.125782
-0.011718
-0.046222
0.056018
-0.040078
0.083689
0.068574
0.027293
0.004233
0.006429
-0.027700
-0.054605
-0.006162
-0.024597
0.011199
0.009964
-0.032386
0.063861
0.071062
0.041969
0.065027
0.049703
-0.017019
0.064962
0.047627
-0.036376
-0.017450
0.017876
0.009467
-0.011594
0.076483
-0.039570
0.024141
0.034800
0.005827
0.026868
-0.054926
-0.041072
-0.052648
-0.074839
0.004983
0.081755
0.066989
0.016572
-0.010431
0.033825
0.021843
-0.005528
-0.102801
0.012390
0.038146
-0.038527
0.107524
0.066233
0.084065
0.005894
0.031977
-0.012421
0.029352
0.080564
-0.003588
0.104201
-0.031809
-0.000818
0.076138
0.043320
0.122052
0.032200
-0.004337
0.013928
0.070882
0.031383
0.090310
0.030094
-0.041994
0.000545
0.001601
-0.040515
-0.003056
0.028556
0.048421
0.022383
-0.037830
-0.075897
-0.047057
-0.039200
-0.009811
0.005546
0.048745
0.071083
0.024567
0.184507
0.059620
-0.026614
0.016499
0.035859
0.067382
-0.006337
0.045016
0.002546
0.002766
0.044906
0.048135
-0.008431
-0.020110
0.081246
-0.007622
-0.084216
-0.045450
0.084012
-0.004123
-0.023926
0.040529
0.070071
0.029586
-0.002096
0.011507
-0.004135
-0.012544
0.008757
0.057732
0.002412
-0.010552
0.031696
-0.029499
-0.057576
-0.040007
0.029948
-0.045741
-0.018748
0.053235
-0.003707
0.038200
0.075793
-0.027618
0.015938
-0.065547
-0.044622
-0.018252
-0.093454
-0.008918
-0.020500
-0.017139
-0.014467
-0.007990
0.075915
-0.008630
0.065404
0.022976
-0.023878
0.106877
-0.032066
-0.019603
0.053206
-0.040940
0.033313
0.052533
0.005198
0.014811
0.015147
-0.004242
0.033495
0.059156
-0.007487
0.071863
0.067317
0.024651
-0.009598
-0.030751
-0.036809
-0.117287
-0.022777
0.019758
-0.002471
0.004557
-0.073341
-0.009249
0.008208
-0.011360
0.022422
-0.029896
-0.049861
-0.110125
0.038967
0.036838
-0.005520
-0.024925
0.052509
0.096053
-0.070864
0.022838
0.045072
-0.036628
0.035094
-0.056302
-0.032956
-0.049410
-0.026667
-0.008551
0.040094
0.033636
0.120304
0.045736
0.019863
0.014491
0.041215
-0.036963
-0.002712
-0.026491
-0.020077
0.084302
-0.010084
-0.045287
0.037204
0.063207
-0.072594
-0.021030
0.057941
0.071589
0.033254
0.030552
0.089174
0.080430
-0.058285
-0.020146
-0.010248
-0.058320
0.012541
0.036519
0.027629
-0.007672
-0.008354
-0.013194
-0.095646
-0.048501
-0.053734
-0.094142
0.044543
0.022956
0.034252
0.005893
0.038976
0.058522
-0.048947
-0.039733
-0.102729
-0.041732
0.004325
0.052827
0.059920
-0.051791
0.001343
0.013297
0.010851
0.023325
-0.033026
0.020400
-0.048539
-0.087413
-0.048138
-0.083734
-0.065787
-0.094458
-0.000918
0.014782
-0.048707
-0.007163
-0.078309
-0.037004
-0.014775
0.013755
-0.045077
-0.019491
0.024118
-0.022793
-0.054270
0.051718
-0.019696
-0.071886
-0.092415
-0.009591
-0.035821
-0.082037
-0.033853
-0.033186
0.055015
0.001800
-0.003783
0.031854
-0.000304
-0.040048
-0.032801
-0.002874
0.013677
-0.034439
0.042343
0.072892
-0.080428
-0.007482
-0.086149
-0.093080
0.082073
0.022942
0.099374
0.056952
0.009868
-0.036228
0.033655
-0.060340
-0.007531
0.051900
0.013550
0.019188
0.028238
0.001789
0.031926
0.011271
0.033883
0.028942
-0.014463
0.011585
0.061174
-0.048967
0.024927
-0.032109
-0.040655
0.016383
0.063427
0.001194
-0.007308
-0.038575
0.000526
-0.035530
0.001542
0.047887
0.089843
0.082672
-0.000390
-0.101308
-0.023684
-0.069558
-0.070337
-0.048935
-0.085948
0.088863
0.055283
0.020221
0.084196
-0.011134
0.089105
-0.010768
0.036524
0.040500
0.091603
0.089909
0.006435
0.010497
0.056522
0.059244
-0.001794
0.050776
0.007647
0.043675
0.005286
0.035549
-0.017725
0.007086
0.065809
0.042317
0.062630
0.089395
0.083500
0.032488
0.040265
0.021347
0.051931
0.034764
-0.037229
-0.007561
-0.128783
-0.018855
0.056612
-0.017410
-0.027426
0.006001
0.002719
0.023228
0.025028
-0.003119
0.091655
0.029059
0.045123
0.020343
0.028162
0.065170
0.132529
0.047552
0.053241
0.014064
-0.078830
0.083275
0.035439
-0.006866
0.120738
-0.002443
-0.043621
0.074387
0.099096
-0.033149
0.037693
0.081008
0.078164
0.064042
0.004571
-0.060154
0.113368
0.043246
0.030377
0.029828
0.035409
0.101184
-0.046263
-0.066913
-0.003219
-0.020472
0.082020
0.032130
0.013120
0.049553
0.013209
-0.033646
0.032210
0.053721
0.028638
0.016094
0.035566
0.060959
0.015712
-0.061719
0.034068
-0.042106
-0.061161
-0.044213
-0.010810
-0.073700
-0.040642
0.033183
-0.043870
0.046424
0.050726
0.026026
-0.061683
-0.032320
-0.002644
0.006241
0.039857
0.017817
0.014818
0.083430
-0.000457
0.067074
0.088336
-0.006745
0.029098
0.076116
0.023632
-0.024273
0.021152
-0.012417
0.016088
0.065344
0.113164
0.056261
0.022539
-0.001261
0.082687
0.146677
0.047379
0.044595
0.088387
0.088725
0.026262
0.033803
-0.015894
0.006091
0.024790
-0.007661
0.001951
-0.095138
-0.041263
0.187207
0.078351
0.106273
0.103806
-0.047445
-0.062994
-0.052711
-0.051288
-0.006470
0.008943
-0.008557
0.020129
0.071732
-0.000708
-0.031630
0.033556
-0.006418
-0.064595
-0.043841
0.066809
0.030212
-0.028873
-0.008320
0.016824
-0.102575
0.000901
-0.012388
-0.020629
0.069455
0.053923
0.054046
-0.009967
0.149353
0.021980
0.028840
0.102453
0.061171
-0.028468
-0.040667
0.063211
-0.009810
0.048243
0.072655
0.002850
-0.028270
-0.050616
0.004385
-0.047988
-0.016453
-0.056814
0.020316
-0.012140
-0.014819
0.001916
-0.005573
0.009300
0.023869
0.044298
0.064349
0.068216
0.028053
0.071367
0.035012
0.008120
-0.027569
0.049779
0.058890
-0.092259
-0.074596
-0.061430
0.018352
0.064108
0.018279
0.056129
0.024519
-0.035577
-0.021954
-0.003405
-0.031749
-0.036586
-0.037122
-0.032959
0.029504
-0.096197
-0.054398
0.031383
-0.043606
0.011368
0.028179
0.045862
0.073722
-0.077756
-0.057048
0.012251
0.088314
-0.035832
0.039172
0.024988
0.030636
0.023706
0.096870
0.077245
-0.000358
0.026739
0.021355
-0.031358
-0.019283
-0.014731
-0.017216
-0.042789
0.034740
0.031065
0.039409
-0.054304
-0.033286
-0.017739
0.045149
-0.002050
0.011499
0.087793
-0.024907
0.031697
-0.042728
-0.012652
-0.016269
0.091219
-0.023008
-0.057539
0.029977
-0.090247
-0.016754
0.018312
0.013872
-0.030878
0.008679
0.027762
-0.007081
0.045947
0.033007
-0.006250
0.020076
0.082424
0.084616
0.024216
-0.014940
0.002640
0.021978
-0.021337
-0.003496
0.031596
-0.017445
-0.035215
0.039239
0.002720
-0.072860
-0.022704
0.047491
-0.054611
-0.020159
0.046751
-0.062536
-0.085765
0.003512
0.088279
0.029540
0.041541
-0.013911
0.117327
-0.016023
-0.012875
0.053049
-0.000810
0.019987
-0.054294
0.019981
-0.024831
-0.031582
-0.005164
-0.006583
0.057237
-0.028493
-0.047999
0.088170
-0.062090
-0.083498
-0.056019
-0.011031
-0.036438
-0.064624
0.055281
0.016595
-0.024973
-0.044154
-0.018515
-0.038178
0.013996
-0.013976
-0.048340
0.015125
-0.003894
0.015077
0.042550
-0.008213
-0.082909
-0.027777
-0.016266
0.072792
0.065038
0.087964
0.010759
-0.012002
0.059881
0.037321
-0.008711
-0.046903
-0.015844
0.020093
0.008267
-0.010728
-0.034105
-0.068860
-0.059483
0.050332
-0.021041
-0.024812
0.119509
0.048882
0.089949
0.033809
0.038961
0.092747
-0.023778
0.039455
-0.027511
-0.114346
-0.090289
-0.100751
0.036627
0.062208
0.032596
0.009560
0.050329
0.012827
0.034959
0.059639
-0.061529
0.039287
0.083567
0.013524
-0.006075
0.058578
0.067844
0.063870
0.014957
0.023075
0.035399
0.028654
-0.015518
0.068820
0.036177
0.002538
0.111128
0.042105
-0.027473
0.003442
0.047202
-0.002303
-0.061010
0.002937
0.015072
0.029458
0.067810
0.087116
0.026069
0.080957
0.100571
0.039978
0.074696
0.087386
0.050421
0.088923
0.058424
0.016482
0.097656
-0.030175
0.012621
0.035305
-0.004612
0.003176
0.076152
0.065416
-0.003321
0.089394
0.045382
0.016399
-0.010367
-0.045828
0.024475
-0.004253
0.028668
0.035344
-0.028328
-0.058552
-0.054597
0.035875
0.067324
0.057666
0.056607
0.017107
0.005799
-0.042473
-0.050469
0.031051
0.039140
0.063370
0.051519
0.003360
0.067050
0.001399
0.027170
0.082728
-0.010883
0.035109
-0.001969
-0.012362
0.027665
0.052239
0.075525
0.012895
0.038998
-0.006429
0.063145
0.059971
0.061591
0.082157
0.002253
0.034209
0.031886
-0.011081
-0.018234
-0.075817
-0.019568
0.021567
-0.070232
-0.064029
-0.062863
-0.115786
-0.016272
-0.097522
-0.012088
0.056398
0.064419
0.040101
-0.039350
-0.004571
-0.020285
0.045636
0.025405
0.016921
-0.046204
-0.085154
-0.024016
-0.054228
-0.025582
0.060055
0.016601
0.045022
0.068222
-0.015324
0.065002
0.109263
-0.007244
-0.027756
-0.018326
0.002468
-0.027006
-0.077462
0.007522
0.082173
0.022289
-0.044665
0.028563
0.009591
0.071855
0.030935
0.012416
0.038253
0.035805
0.067562
0.007996
-0.023819
0.003436
0.039172
-0.081921
-0.060854
-0.025264
0.020494
0.010471
-0.034412
-0.048546
-0.030179
-0.038723
-0.056826
0.006921
0.109000
0.010744
-0.032403
0.104206
0.032889
0.013483
0.082559
-0.005108
-0.155498
-0.028737
0.091865
0.054730
-0.068865
-0.070042
-0.000787
-0.014549
0.038330
0.064598
0.024211
-0.027242
-0.042790
0.003000
0.012734
0.001704
0.004745
-0.022426
-0.033232
0.023061
-0.011048
0.078031
0.056477
-0.007693
-0.017411
-0.007802
-0.018382
0.020492
0.045470
0.087708
0.077679
-0.010480
-0.042386
-0.014645
-0.023141
-0.048641
-0.033257
-0.105679
-0.070457
0.027130
-0.028692
-0.003625
0.002781
0.024688
0.037534
0.045510
0.026164
0.068788
-0.017855
0.032309
-0.051750
-0.069421
-0.089662
-0.072380
-0.021243
-0.017043
-0.011074
0.045032
-0.034664
-0.000059
-0.101019
-0.064075
-0.022696
-0.022664
0.029132
0.108835
0.054591
0.011172
0.023164
-0.028451
-0.026600
0.010842
0.013424
-0.008234
-0.010197
-0.026241
-0.043542
-0.122057
0.046405
0.067379
0.015616
0.015431
0.051240
0.085937
0.046785
-0.038104
-0.015975
0.043496
0.000348
0.009294
0.091910
0.009414
-0.069193
-0.017742
0.035967
0.060837
0.017391
0.059927
0.104533
0.074780
0.005530
0.014579
0.100982
0.037699
-0.072482
-0.090402
-0.084035
-0.116100
0.006722
-0.027749
-0.007645
-0.017095
0.056743
0.017632
0.033869
0.118998
0.025640
-0.026505
0.009374
-0.026203
-0.000810
0.028409
0.026986
0.024020
0.017985
0.032696
-0.013771
-0.007136
0.100103
-0.021112
-0.018376
0.048493
-0.005096
0.082932
-0.021859
-0.008560
-0.020561
0.073859
0.047303
0.014811
-0.039063
-0.023143
-0.007654
0.026631
0.048325
0.087140
0.007349
-0.031211
-0.071726
0.100471
0.087028
-0.023315
0.029288
0.124490
0.005914
0.037277
0.033358
0.017882
0.097070
0.085370
0.092635
0.000797
0.037517
-0.045032
0.058281
0.049822
-0.047733
-0.025386
-0.051653
-0.040359
-0.050850
0.026065
0.000223
-0.023355
0.031146
-0.033856
-0.021352
0.051694
0.027518
0.054981
0.082278
0.037532
0.012503
0.037137
0.046827
0.010376
0.063083
-0.006808
0.048855
0.021339
-0.001358
0.079092
-0.015897
0.037646
0.063438
0.026539
0.038146
-0.052246
0.049273
-0.068252
0.003605
0.025622
-0.033971
-0.021330
-0.014490
0.022654
-0.030911
-0.038228
0.018314
-0.007657
-0.061440
0.001701
0.034555
0.090703
-0.026595
-0.055291
-0.040580
-0.050257
-0.030049
-0.001685
-0.046397
-0.044278
-0.121425
0.003827
-0.025775
-0.034093
-0.012359
0.044846
0.044351
-0.012472
-0.021594
0.004961
-0.013626
0.001586
0.005466
-0.021035
-0.000332
0.010804
0.033829
0.079453
0.109626
0.030139
0.044405
0.118160
-0.034337
0.016465
0.055121
-0.057610
0.032752
0.055710
0.002883
-0.050849
-0.024080
0.039320
0.063141
0.055165
0.120745
0.014820
-0.018040
0.065942
-0.036974
0.012491
0.089414
0.065927
0.038451
0.033031
0.048279
0.006130
0.060067
0.085684
0.022440
0.029461
-0.021445
0.032534
0.031715
0.006325
-0.015144
0.016008
0.037479
0.033560
0.037922
-0.020975
-0.031772
-0.013961
0.006773
0.022157
-0.006542
-0.048539
-0.024032
-0.103796
-0.013070
-0.038555
-0.024409
0.065590
0.053929
0.010482
0.002042
-0.020359
0.042314
-0.049918
0.045141
0.019625
-0.088216
0.061455
0.016467
0.005466
-0.042249
-0.081698
-0.066374
0.028895
-0.025530
0.038689
-0.043144
0.021584
-0.013705
-0.054695
0.030051
-0.045459
-0.056815
-0.089300
-0.023428
0.095994
-0.017160
-0.077869
0.082573
-0.041637
0.016553
-0.050131
-0.023278
0.092723
0.054182
0.008277
-0.051459
-0.021868
0.029716
-0.006174
0.030952
0.047139
-0.064322
0.076722
0.079468
-0.035357
-0.092975
0.006633
0.027143
0.038565
0.063055
-0.003054
0.017142
0.059745
-0.016480
0.016369
0.007435
0.032389
0.064671
0.085381
0.148717
0.056160
0.049385
0.028785
0.024108
0.009511
0.041044
0.151442
0.051621
0.106570
-0.005599
0.087352
0.059373
0.000794
0.092248
0.080652
0.068605
-0.060340
-0.076995
0.035910
0.038380
-0.137400
-0.015279
-0.032486
-0.082270
-0.042601
0.021757
-0.049561
-0.001322
-0.051815
-0.046995
-0.033608
0.037700
0.053006
0.032571
0.050216
0.027761
0.033986
-0.043819
0.004524
0.065554
0.012064
-0.112738
-0.030377
0.000770
-0.023391
-0.003600
0.050189
0.004424
0.104825
0.093506
0.009042
0.082267
-0.030118
0.000380
-0.032629
-0.078861
-0.001433
-0.058881
0.099731
0.044235
-0.072577
-0.043190
-0.036811
-0.031721
0.038790
0.030917
0.001602
0.006344
-0.044593
0.007920
0.031015
-0.060779
0.021208
0.007329
-0.038836
-0.041998
0.027471
0.032849
-0.003370
0.025253
-0.055435
-0.093024
0.002138
-0.057150
-0.045917
0.066112
-0.018558
0.018750
0.023422
0.030887
0.070673
-0.048853
-0.001211
0.018483
-0.021260
0.018860
0.007024
0.009435
0.002426
0.006730
0.099092
0.082266
0.085174
0.083651
-0.020530
0.033434
0.027123
0.106672
0.095669
-0.038019
0.090886
0.014936
0.008845
0.003365
-0.153183
-0.004406
-0.065735
-0.013842
-0.029885
-0.003011
0.022139
-0.088359
0.045396
0.081920
0.097955
0.056557
0.001947
-0.017812
-0.003054
-0.024004
-0.004376
0.010063
0.019640
0.073585
0.048738
0.042471
0.058956
-0.011644
-0.010369
-0.039988
-0.034437
0.018914
0.099988
-0.011801
0.023401
0.033820
0.037642
0.042793
0.027329
0.016960
0.072738
0.075680
-0.000921
0.050942
-0.038942
-0.064852
-0.007266
0.036639
0.065451
0.011441
0.060746
-0.035029
-0.054852
0.027224
-0.003505
-0.073141
0.016141
-0.069486
0.005563
-0.000327
-0.042753
0.095676
0.053245
0.037901
-0.020399
0.084389
0.018817
0.051827
0.002836
-0.009270
0.116759
-0.007323
-0.000661
0.073162
-0.024905
0.038218
0.083052
0.006724
0.133034
0.108092
0.027316
0.062480
-0.041423
0.040008
-0.020051
-0.017551
0.136538
0.025986
0.011477
0.034210
-0.016605
-0.112589
-0.067909
-0.036422
0.040258
0.094577
0.024178
-0.075100
-0.018807
-0.030801
0.012242
0.013216
0.031478
0.049985
0.042380
0.037341
-0.028348
-0.061472
0.013697
-0.009748
0.043940
-0.031173
-0.071478
0.020173
-0.053401
0.050689
-0.028212
-0.085500
0.023135
-0.045756
-0.074382
0.040135
-0.022446
-0.100750
-0.006017
-0.016124
-0.001309
-0.014884
-0.066026
0.052905
0.033112
0.033717
-0.023870
-0.035556
-0.030047
0.011813
0.020817
0.105448
-0.040684
-0.013016
0.052163
-0.026934
0.001251
-0.059512
-0.054011
0.002659
-0.028241
-0.055640
-0.007105
-0.131384
-0.073155
-0.058279
-0.052942
0.011671
0.031921
0.029814
-0.046797
-0.007929
-0.054494
-0.056687
0.045124
0.054207
0.032964
0.028513
-0.001951
0.041097
0.019297
-0.043948
-0.041702
0.018265
0.026719
0.086671
0.023156
-0.019444
0.042430
-0.055765
-0.054873
-0.007593
0.023618
0.013852
-0.083737
0.035476
0.178442
0.172421
0.024474
-0.002988
0.077390
0.018220
-0.042783
-0.003308
0.117713
0.022996
-0.083776
0.096349
-0.046517
-0.039400
0.034384
0.046407
0.049483
0.067977
0.000571
0.032079
0.062193
-0.027277
-0.063067
-0.004836
-0.108168
0.005792
0.011777
-0.021429
0.028591
-0.036331
0.013287
0.103159
0.037717
0.018176
0.081583
-0.026110
0.054651
-0.041567
-0.023883
0.009057
-0.121756
-0.089282
-0.074102
-0.050245
-0.094063
-0.131201
-0.135228
-0.034970
0.017250
-0.024740
0.041084
0.068824
-0.027682
0.010821
0.026231
-0.027993
0.031091
0.035192
-0.010290
0.011362
-0.033510
-0.006765
-0.003094
0.094884
0.008389
0.005607
0.089288
0.017484
-0.035682
-0.026747
-0.016417
0.037371
-0.062405
-0.059140
-0.011042
-0.057887
-0.037831
-0.011399
0.038805
0.085864
0.069954
0.024749
0.082940
0.037219
0.011848
-0.077956
-0.075255
-0.084649
-0.063124
-0.061683
0.026589
0.026537
0.038605
0.019946
0.043650
0.005882
-0.079453
-0.034598
0.040139
0.042958
-0.004208
-0.002114
-0.022792
0.046783
0.031518
0.013588
0.033424
-0.016403
0.022823
0.092177
0.039221
-0.031662
-0.043038
0.000421
0.017132
0.012446
0.023340
0.072398
-0.023757
0.026328
0.096968
-0.012076
-0.035671
0.071252
0.046755
-0.072400
0.041801
0.032579
-0.047548
0.077645
0.047628
0.047478
0.072823
0.042573
-0.069829
-0.063465
-0.037682
-0.029538
0.015821
0.015370
0.025422
0.046826
0.070313
0.129478
0.158646
0.004522
-0.008183
0.035652
-0.001085
0.094764
0.019222
-0.016895
0.023600
0.047770
0.010322
-0.035718
0.013503
0.002085
0.001086
-0.015005
0.054779
-0.007172
0.072848
-0.016296
-0.027042
0.049386
0.025186
0.085646
0.063018
0.013626
0.031363
-0.001100
0.019483
0.085615
0.051284
0.018676
0.037863
0.026949
0.020868
0.017360
-0.005275
-0.004169
0.055939
-0.021666
0.047523
0.046435
-0.049912
-0.024026
-0.123377
0.019239
-0.048029
0.006486
0.059400
0.001067
-0.030481
0.004379
-0.036237
-0.019931
-0.040849
0.133836
0.049702
0.027465
0.065728
0.063230
0.021894
-0.016949
0.019722
0.052850
-0.006555
-0.082473
-0.020628
0.026868
0.001801
0.060181
0.051845
0.071989
0.007061
0.073014
0.070790
0.055546
0.084938
0.090664
-0.062140
0.013330
0.032498
-0.029645
0.102468
0.041110
0.121911
0.070275
0.034171
0.015985
0.092816
0.009966
0.000432
-0.022815
-0.041086
0.000714
-0.056131
-0.032331
-0.048258
0.033201
0.048775
0.022260
0.038722
0.068315
0.018161
-0.049803
-0.051634
0.043362
0.011101
0.034563
0.103993
0.051116
0.034891
0.024520
0.016040
-0.029839
0.073274
0.028056
0.005990
0.059420
-0.049519
-0.013972
0.013223
-0.039315
0.002594
0.034602
-0.001012
0.055679
0.060574
0.009825
0.069240
0.063821
-0.058055
-0.033235
0.038237
-0.093878
-0.020190
0.000074
0.103507
0.080977
-0.031962
0.035372
0.041154
-0.004680
0.048299
0.017665
0.037663
-0.029079
-0.063390
0.044737
-0.010770
-0.022708
-0.013443
0.162887
0.071997
0.012038
0.039696
0.078190
0.037937
-0.002739
0.062500
-0.039817
0.021562
0.017118
-0.017150
-0.018611
-0.062790
0.016325
0.031611
0.030533
0.088638
0.054998
-0.038628
0.016836
0.061935
0.039091
-0.062142
0.003028
0.033585
0.025841
-0.009216
0.080532
0.072729
0.066707
0.059950
-0.038315
0.061926
0.057968
0.044949
0.088138
-0.000880
0.037012
0.033688
0.025754
0.015357
0.049371
0.015727
0.047860
0.029627
0.070915
-0.003487
0.001051
0.004165
-0.050737
-0.058139
-0.078637
-0.082838
0.003851
-0.047317
-0.011715
0.020112
-0.034723
-0.061844
0.023467
-0.075614
-0.083176
0.030402
0.097220
0.005196
0.037262
-0.110297
-0.001254
-0.090717
-0.076372
-0.074552
-0.036445
0.036114
-0.051381
-0.009238
0.033212
0.002139
0.001067
-0.013919
0.000116
-0.012847
-0.083452
-0.074597
-0.060351
-0.143038
-0.018167
0.043542
0.005965
-0.001162
0.050928
-0.017187
-0.070498
-0.002175
-0.011001
-0.023536
0.016259
-0.007324
0.014484
-0.001345
-0.002560
0.107147
0.007983
-0.026897
-0.022373
-0.052251
0.031464
0.012065
-0.016464
-0.024867
0.001536
0.021256
0.021698
0.056749
-0.010512
0.039071
0.002902
-0.042806
-0.032646
0.090083
0.037799
-0.071584
0.021897
0.005200
0.026066
0.079004
-0.019526
-0.097161
-0.009901
0.035882
0.104495
-0.045471
-0.050616
0.039170
-0.084475
-0.077363
0.010921
-0.062163
0.036752
0.005487
-0.048837
-0.070066
-0.057065
-0.060097
-0.023289
-0.013913
0.028719
0.064334
0.085293
0.150657
0.126328
0.083336
0.068449
0.044115
0.033643
0.069351
0.022126
-0.019126
0.063533
0.005871
-0.025955
0.081940
0.018070
-0.010474
0.107008
0.077929
0.047941
0.008345
-0.046892
-0.060085
-0.039559
-0.013806
0.001404
-0.014739
-0.044145
0.030660
0.016414
0.009215
0.047520
0.000967
0.011166
0.042494
0.000186
0.034577
0.101901
0.030276
0.025323
0.005930
-0.010212
0.001592
-0.052868
-0.051795
0.017087
0.040650
0.086228
0.035870
-0.012468
-0.023799
-0.022945
-0.004347
0.058136
0.066875
0.031535
0.066251
0.024289
-0.020241
0.045242
0.032033
-0.045423
-0.025891
0.063994
0.025793
-0.015183
0.071189
0.060570
0.005181
-0.028877
-0.064397
-0.101562
-0.079357
-0.039398
-0.109037
-0.123751
-0.062527
-0.040099
-0.076061
-0.069108
0.020204
-0.053753
-0.005221
0.021739
0.038786
0.061451
-0.017807
0.000353
-0.033347
0.009454
0.024478
0.032665
0.063699
0.037875
0.067317
-0.012546
0.006861
0.003613
-0.002926
0.079847
0.001777
0.021597
0.016481
-0.002452
-0.017642
0.012617
-0.021481
0.005357
0.084862
0.178392
0.073885
0.035606
0.121565
0.076245
-0.034133
0.050612
0.092232
0.029531
-0.035076
-0.127376
0.060492
-0.045593
-0.006168
0.076222
-0.070129
0.068931
0.048406
-0.036660
0.069309
0.003068
-0.034929
0.009071
0.080317
0.070575
0.031229
0.054072
0.052085
0.002682
0.061269
0.043872
0.042707
0.002039
-0.021977
0.036290
0.085333
0.024933
-0.039485
0.057246
-0.011704
-0.043809
0.003959
-0.071879
-0.043494
0.057698
0.017015
-0.002960
0.005920
0.018038
0.042783
0.063683
0.013748
0.021712
0.037269
0.105167
0.028780
-0.034102
0.112079
0.030033
0.044388
-0.022333
-0.102303
0.001794
0.016494
-0.024302
0.049211
-0.004898
-0.023972
0.016916
0.001286
0.052290
0.091444
0.079113
-0.004683
0.008980
0.012981
0.032847
0.125441
-0.075641
-0.079588
-0.039561
-0.012152
0.003627
-0.017511
-0.009119
-0.042930
0.034858
0.024088
0.050514
0.031893
0.000163
-0.023338
0.011324
0.002441
0.058043
-0.007676
0.028764
0.031783
-0.006846
0.088231
-0.014068
0.015643
0.068975
0.001107
-0.017928
-0.053954
-0.104443
-0.015173
-0.003238
-0.057214
-0.001168
0.001820
-0.017861
-0.016071
-0.045048
-0.050830
-0.047837
-0.069014
-0.041667
0.000053
-0.015722
0.033520
-0.016447
-0.062567
-0.021039
-0.046039
0.011157
0.017885
0.017711
0.086737
0.012652
0.020481
-0.024820
0.040804
-0.009015
-0.025563
0.008041
0.002962
-0.008680
0.045530
0.023037
0.040073
0.026407
-0.083403
0.001483
-0.055187
-0.026044
0.106690
0.042128
-0.026631
-0.022148
0.016029
0.017778
0.023363
0.004406
0.038185
0.032670
-0.002825
0.017765
-0.059994
-0.068517
-0.006411
-0.068383
0.000026
0.033056
0.027598
0.094976
0.023451
0.024847
0.027198
-0.061008
0.021438
0.026692
-0.013744
0.004906
0.103235
-0.016387
0.016177
0.015104
0.007398
0.004699
0.014047
0.090325
0.044075
-0.004729
-0.012424
-0.021827
0.044132
0.022843
-0.030918
0.014330
0.103264
-0.016466
0.036646
0.028337
0.058664
0.098710
-0.001394
0.034906
0.048974
0.016765
-0.053321
0.050300
0.064815
-0.052636
-0.031124
-0.010220
-0.101908
0.024562
-0.045702
-0.085113
-0.015781
-0.085862
-0.040081
0.012792
-0.010683
-0.023058
-0.065528
-0.022861
0.037040
-0.043712
0.098632
0.048370
0.075836
0.039849
0.010721
0.029144
0.057485
0.052331
-0.033363
-0.052118
-0.051463
-0.004845
0.066259
0.014881
-0.029715
0.038789
0.000246
0.005558
0.105231
-0.048555
0.076097
0.092032
0.042652
0.050567
0.011149
-0.071941
-0.045812
0.042982
-0.001860
0.049856
0.000260
-0.044818
0.004277
-0.043182
0.080488
-0.031503
-0.047072
0.013756
0.033283
-0.002948
-0.036292
0.093141
0.026535
-0.075476
0.020932
-0.008236
-0.082829
-0.153827
-0.059584
-0.109806
-0.006615
-0.069824
-0.067773
-0.078011
-0.006395
0.003650
-0.017710
0.069496
-0.081136
-0.028009
0.078375
0.016107
0.021521
-0.129886
0.000775
0.078118
0.027602
0.028131
-0.020825
0.087361
-0.086456
-0.196126
-0.038291
-0.039191
0.001418
0.007534
-0.028563
-0.165320
-0.099521
-0.035499
-0.050000
-0.137887
-0.118759
-0.014748
-0.000048
-0.020953
-0.087654
-0.036730
-0.056589
-0.055116
-0.027078
-0.031114
0.024557
0.062442
0.032139
0.006207
0.031630
0.003959
-0.063052
-0.059396
0.011798
-0.046889
-0.018677
0.007896
-0.042893
-0.025118
-0.045225
0.020036
-0.010657
-0.046058
-0.004546
-0.038685
0.032800
0.051119
0.047037
0.027849
0.011283
0.010898
-0.023127
-0.053967
0.022718
0.048873
-0.006287
-0.054447
-0.009971
-0.024437
-0.121754
-0.086921
-0.057180
-0.000306
0.070489
0.029480
0.039917
0.062295
0.006368
-0.026324
0.002944
0.031365
-0.022656
0.014665
-0.008967
0.003727
0.000861
0.067946
-0.003514
-0.036076
0.051410
0.002874
-0.034654
0.073767
-0.025873
0.023563
0.009189
0.052624
-0.051050
-0.102231
-0.066533
0.028810
-0.020279
-0.037804
0.076324
-0.036249
0.070353
0.021522
0.048035
0.044181
0.017283
0.037449
0.030045
0.050242
0.052918
0.003125
0.047086
-0.013531
0.034984
0.031870
-0.007502
0.023913
-0.010377
0.029893
0.002835
-0.024769
0.002050
0.070788
0.084384
0.048696
0.026552
0.020782
-0.044064
-0.021856
0.034941
-0.028731
-0.014976
-0.019775
0.006051
-0.127746
-0.088048
0.018618
0.004499
-0.039640
-0.049033
0.015902
0.023232
0.022934
0.064047
0.015129
0.029881
0.047960
-0.003147
-0.048447
-0.107749
-0.006449
-0.068735
-0.031599
-0.040375
-0.002777
0.034837
0.044220
0.059640
-0.009938
-0.065715
0.018036
0.088254
0.112702
0.103977
0.039424
0.073415
0.060114
0.011767
-0.035555
-0.037232
-0.018890
-0.051804
0.023457
-0.010710
0.015789
0.016152
0.067349
0.012756
0.045916
0.023781
0.049345
0.021213
0.057744
-0.003099
0.071435
-0.019044
0.012146
0.030766
-0.014531
-0.000567
0.055870
-0.071610
-0.063326
-0.002570
-0.029933
-0.038540
-0.022178
0.009112
-0.060923
-0.052847
0.021942
-0.033944
-0.072284
0.030365
-0.000795
-0.030923
0.001409
-0.018247
-0.001972
0.037377
-0.105126
-0.026929
0.065157
-0.093057
0.006146
0.019248
-0.107611
0.006747
0.066978
-0.043773
0.026122
0.040714
-0.055738
-0.097431
-0.099806
-0.015245
-0.012082
0.022146
0.046284
-0.035012
0.000942
0.024647
0.018297
-0.020772
-0.008538
0.041140
-0.011568
0.092451
0.051392
-0.018772
-0.003936
0.005594
0.034471
-0.041340
-0.124239
-0.053898
-0.042195
-0.063402
-0.038768
0.011582
-0.005944
0.044026
-0.048356
0.033955
0.055017
-0.044824
0.021415
0.118897
0.034299
0.028040
0.105635
0.084766
0.002771
0.050358
0.008145
0.061929
0.023831
0.050677
-0.009945
0.027474
0.003543
-0.089040
-0.048699
-0.034879
-0.005308
-0.028489
0.023723
0.042590
-0.008347
0.009304
0.080519
0.073254
0.040080
-0.006888
-0.014437
0.086060
0.083090
-0.024134
-0.008324
0.023749
-0.019118
0.058946
0.054037
-0.035534
-0.035794
-0.023413
0.073772
0.026229
-0.036916
0.095800
0.015352
-0.016026
0.004325
0.015068
-0.109054
0.059661
-0.016466
-0.012259
-0.005693
-0.049111
0.075573
0.121549
-0.009336
0.071527
0.095234
0.070080
-0.016729
-0.071315
0.043072
0.034182
0.019379
-0.009172
0.012529
-0.028303
-0.007166
-0.137670
-0.000049
0.003058
-0.035291
0.037200
-0.069841
-0.012045
-0.047492
-0.020331
0.076895
0.026820
0.002632
0.026164
0.005762
0.020388
-0.013403
-0.013745
0.002321
0.036094
0.067934
-0.062606
0.077172
-0.043077
-0.010892
-0.044695
-0.060745
0.036047
0.042045
0.066832
-0.038569
-0.021584
-0.090907
-0.000692
-0.016518
0.016896
-0.036535
-0.009273
0.030359
0.050739
0.033368
0.006800
-0.031524
-0.110019
0.008492
-0.033307
-0.016750
0.080187
0.052869
0.070843
0.039681
-0.007705
0.044842
0.104143
0.081306
0.071660
0.145814
0.046848
-0.006728
0.036868
-0.050017
0.041017
0.049684
0.062648
0.004349
-0.001035
-0.017276
0.005557
-0.001152
-0.051573
-0.018642
0.020815
-0.002891
-0.047020
-0.018447
-0.073398
-0.028239
0.061526
0.058925
0.062452
0.000188
0.031119
-0.005579
0.071976
-0.085788
-0.034193
0.049759
-0.016186
0.021149
-0.033101
-0.017114
-0.048148
0.022471
0.028820
-0.020494
0.009184
0.069324
0.104764
0.020770
0.074394
0.000760
-0.003804
-0.010550
-0.028111
0.063726
0.011209
0.084830
0.038492
-0.006174
-0.088146
-0.014852
0.061279
-0.027612
0.023782
0.039440
0.130215
0.079852
-0.035112
-0.026706
-0.055697
-0.063463
-0.035279
-0.087640
-0.017737
0.030918
-0.074652
-0.009410
-0.047586
0.000183
0.053108
0.003233
-0.071847
-0.071645
-0.067965
-0.049355
-0.004379
0.070033
0.074532
-0.012757
-0.092406
-0.040058
-0.123007
-0.032134
0.007058
-0.089729
-0.047896
-0.071566
0.019621
0.040797
-0.045772
-0.057379
-0.006939
0.008048
0.033182
0.052782
0.071217
0.050024
0.080304
0.151869
0.057096
0.006841
0.057139
-0.000530
-0.043271
-0.018064
-0.072724
0.073718
0.043516
-0.033374
0.000771
0.005514
0.007774
-0.040327
0.068300
0.041932
0.090269
-0.012074
-0.074130
0.069948
0.034841
0.011163
-0.091600
0.048064
-0.037953
-0.118968
-0.004180
-0.101617
-0.062255
0.038938
0.062918
0.028685
-0.011773
-0.048379
-0.052089
-0.043496
0.039415
0.039710
-0.138889
-0.063126
-0.022272
-0.024403
-0.004180
0.041354
0.078459
-0.019365
-0.044106
-0.055139
-0.017992
-0.106965
-0.092237
0.008224
-0.019821
-0.041868
0.052847
0.102969
0.069887
0.031699
0.048327
0.027996
-0.005918
-0.007750
0.000466
0.045328
-0.015333
-0.048965
0.042823
-0.088714
-0.015867
-0.035042
-0.004113
0.020193
-0.050858
-0.030126
-0.044693
0.003231
-0.018459
-0.024780
-0.034365
-0.051647
-0.046089
-0.096785
-0.070817
-0.028263
0.035548
0.062242
0.013991
0.015357
-0.028071
0.031258
0.073254
0.048153
0.078024
0.024692
0.083295
0.057455
-0.030722
0.046238
0.111744
0.036753
-0.005756
0.023642
0.042933
0.042448
-0.058862
-0.038453
0.079698
0.008471
-0.004332
0.005591
0.017167
-0.021690
-0.015953
0.076773
-0.013163
0.015089
0.094734
0.053427
0.052738
0.051216
0.021193
-0.012699
-0.008189
0.000781
0.025487
-0.082285
0.006207
-0.004996
0.003906
-0.004515
0.046746
-0.049961
-0.054805
0.031292
0.030723
0.045079
-0.062330
-0.049552
-0.021548
-0.120577
0.027499
0.052382
0.044777
0.094787
0.001920
-0.101674
-0.015984
-0.036216
-0.009405
0.067651
-0.014539
-0.052171
-0.037364
0.004241
-0.021092
0.026322
-0.022500
-0.092744
-0.010541
0.034813
0.083556
-0.027351
0.027005
0.037134
-0.082593
-0.009831
0.018365
-0.007209
-0.009848
-0.026046
-0.027039
0.017134
0.049450
0.050759
0.032507
-0.016288
-0.041247
-0.003937
0.011707
0.080206
0.024993
0.052343
0.032471
0.048467
-0.002846
-0.097125
-0.044446
0.035938
0.002255
-0.034056
-0.058071
-0.020195
-0.049774
0.034874
-0.040522
-0.001248
-0.007339
-0.049959
-0.062712
-0.036288
-0.028708
-0.016682
-0.001079
0.010981
0.025304
0.060107
0.008456
-0.085020
-0.103067
-0.015427
0.009635
0.002090
-0.011403
0.002231
-0.045191
-0.036030
-0.060283
-0.027508
-0.030657
0.011636
0.023251
0.079678
0.026330
-0.031062
0.062806
0.035675
0.162753
0.087111
0.041037
-0.006249
0.037885
0.039879
-0.028272
0.006446
0.066250
-0.055293
0.014032
0.067189
0.011324
0.037742
0.020000
0.036924
0.040852
0.032474
-0.013824
-0.037115
-0.080909
-0.060275
-0.023704
-0.060721
-0.039389
0.052815
-0.017447
0.059689
0.039942
0.056947
0.005787
-0.030044
-0.043669
-0.053518
-0.025576
-0.050188
-0.070073
-0.045111
-0.017440
0.000244
0.008797
-0.013191
-0.023454
-0.005652
-0.036028
-0.024659
-0.041356
-0.080983
-0.059450
-0.012573
-0.022937
-0.057934
0.032411
-0.052952
0.102625
-0.010352
-0.072747
0.036040
0.035339
0.138388
0.073449
-0.032209
0.021761
-0.036892
0.033534
0.018702
-0.105000
-0.072437
-0.019867
0.067322
0.059790
-0.081683
0.062516
0.014422
0.018651
0.015676
0.069099
0.001306
0.023189
-0.003734
-0.015581
0.016747
-0.090997
-0.049386
0.000160
0.008881
-0.058450
0.021866
-0.011950
0.003182
0.036945
-0.039938
-0.020889
0.018148
-0.034581
0.022395
0.076669
-0.072670
-0.059945
0.049707
-0.067896
-0.059586
-0.062798
-0.021411
0.029538
-0.039124
-0.053379
-0.013540
0.002719
-0.002312
-0.117339
-0.018336
-0.037299
-0.025753
0.017418
0.120947
0.053403
0.001645
0.051031
-0.015110
0.037696
0.032800
0.079456
0.022535
-0.001212
0.084412
0.067877
0.050223
0.046018
0.072097
0.023603
-0.041069
-0.003168
0.036587
0.024878
0.044660
0.056885
-0.005950
-0.008392
0.028636
0.031766
-0.050657
0.023010
-0.003026
-0.014409
-0.005096
0.033182
0.027830
0.013999
-0.004820
0.060397
0.017036
-0.037802
-0.000459
0.103417
-0.016356
0.055821
0.040106
-0.035635
0.019125
0.023101
0.080310
0.057276
0.037915
0.049148
-0.017745
-0.029292
-0.057182
0.053188
0.100448
0.057161
0.091599
0.015524
0.122508
0.042674
0.028999
0.090106
0.043059
0.064859
0.071810
0.038671
0.023788
0.103261
-0.003234
-0.037451
0.024678
0.009013
-0.004531
0.005719
0.017980
0.001050
0.081760
-0.003850
-0.060518
-0.048104
-0.072825
-0.100615
-0.069138
-0.056404
-0.003408
-0.024609
-0.044889
0.004176
-0.018999
-0.075385
-0.112233
-0.010127
0.072903
-0.001454
-0.006473
0.101165
-0.024245
0.163864
0.053600
-0.001600
0.148793
0.041394
0.026812
0.037901
0.012826
0.005003
0.035151
0.044994
0.006007
-0.029281
0.008835
-0.011392
0.047539
0.033203
0.050654
0.074687
0.021064
-0.060367
-0.053302
-0.042872
-0.143003
-0.088968
-0.148965
-0.036454
-0.080617
-0.093452
0.035818
0.069208
-0.027075
0.056707
0.031129
-0.061633
0.104521
-0.036861
0.035616
-0.004246
-0.074168
-0.061143
-0.031294
-0.024019
0.015384
-0.020241
0.011180
0.022549
0.107858
0.074315
0.052905
0.012664
-0.042187
-0.020366
-0.082027
-0.055012
-0.093008
0.061843
-0.075307
-0.064350
0.007603
-0.006747
0.010243
0.009966
0.010000
-0.000507
-0.015599
0.039657
-0.025134
-0.041655
-0.018938
0.053997
-0.028459
-0.018584
-0.036119
-0.075406
0.039160
0.006164
-0.058359
0.040280
-0.027857
0.048076
0.005497
-0.049560
0.023541
-0.099203
-0.025723
0.041068
-0.019775
0.047469
-0.022532
0.051126
-0.009403
0.079031
0.071926
0.023005
-0.014124
-0.033084
-0.028098
-0.027302
-0.008647
0.009657
-0.009151
0.001705
-0.026678
-0.010864
0.007389
-0.043880
0.009630
0.028718
0.034632
0.042900
-0.001915
-0.005735
0.025791
-0.035142
-0.041977
-0.077704
-0.040585
-0.005516
0.003098
0.006001
0.021333
-0.035291
-0.005703
-0.062040
0.002916
0.000799
0.022389
-0.001392
0.053285
0.036496
0.101063
0.111662
0.048824
-0.015658
0.003570
-0.050224
-0.131403
-0.020317
-0.079731
-0.056160
0.077765
0.010116
0.015669
-0.012965
-0.004417
-0.037045
-0.041504
-0.003208
0.031513
-0.067583
0.031656
0.006556
0.023688
0.017649
-0.025296
-0.017419
0.068542
0.037064
0.053376
0.042750
0.116316
0.085615
0.033931
0.068032
0.042489
0.098960
0.045979
0.041480
-0.012669
-0.112550
-0.004469
-0.046817
-0.152743
-0.086908
-0.062085
-0.051894
0.008369
-0.032184
0.057020
0.059233
0.074861
-0.022439
0.055935
0.159989
-0.016069
0.094770
-0.009794
-0.043027
0.026332
0.011174
0.023375
-0.040964
0.065651
-0.011364
-0.087523
0.038775
0.034080
0.047408
0.031340
0.015749
-0.075046
-0.010584
0.016688
0.015520
-0.030502
0.068759
0.132396
-0.023022
-0.042366
0.042093
0.029342
0.031414
-0.002811
0.084276
0.068723
0.036424
0.007854
-0.023348
-0.028482
-0.031237
-0.032175
0.062693
0.036596
-0.046278
-0.002743
-0.020205
0.019409
-0.006787
-0.058312
0.020472
0.057181
-0.041454
0.031194
-0.010766
-0.048963
0.046807
-0.042652
0.070848
0.002700
-0.054199
-0.041206
-0.033077
0.078132
-0.034959
-0.053663
-0.050730
-0.042744
0.006004
-0.044855
-0.008721
0.032275
-0.034004
-0.011220
0.007052
-0.062431
0.004211
0.047544
-0.012745
0.019437
-0.034140
0.033566
-0.004963
-0.014982
0.026205
-0.087331
0.024008
0.061477
0.014813
0.032244
0.209547
0.056573
-0.056826
-0.041986
-0.009606
-0.060784
0.029373
-0.028200
-0.001611
-0.027129
0.010173
0.077112
-0.046913
-0.050817
0.008118
0.012656
-0.066879
-0.024608
-0.001871
-0.027992
0.065362
0.024853
-0.010560
0.018446
0.025856
-0.013475
-0.001837
-0.034382
-0.040680
-0.066936
-0.010546
-0.019253
-0.013174
0.004492
0.028909
0.064978
-0.010450
0.029990
0.011589
-0.028958
0.009944
0.016263
-0.047918
-0.081695
-0.060181
-0.026058
-0.029899
0.030544
-0.055828
-0.037286
0.025881
0.083445
0.008613
0.013532
-0.011202
0.152365
0.134489
0.059065
0.019942
-0.053112
-0.032627
-0.061400
-0.066950
-0.020583
-0.042363
0.013720
-0.042360
-0.002357
-0.058736
-0.018569
-0.026185
-0.082702
-0.081958
-0.108119
-0.031350
-0.076629
-0.017758
-0.015411
-0.145982
-0.070441
-0.090847
-0.056862
-0.009470
0.084591
0.052815
0.082302
0.026166
0.004057
-0.007933
0.001419
0.104824
0.005474
0.071486
0.013838
0.068418
0.119169
-0.018499
0.039868
-0.010007
-0.013338
0.000186
-0.069001
-0.080067
-0.042712
0.012827
-0.112877
-0.015338
-0.020121
0.044489
-0.044114
-0.046853
0.018863
0.013833
-0.017134
0.043925
-0.090693
-0.011629
0.036290
-0.000560
-0.010228
0.048764
-0.027744
0.058301
-0.027376
-0.055426
0.008506
-0.017887
0.000610
0.015205
-0.074167
-0.081222
-0.021644
-0.025970
-0.021534
-0.095928
-0.001809
0.068695
-0.022481
-0.016403
0.019809
-0.086558
-0.005135
-0.013810
0.096597
0.029069
0.074038
0.121760
0.061050
0.064770
-0.034456
-0.013031
0.002627
-0.020328
-0.034679
0.023770
-0.000504
0.033932
0.051464
0.043713
-0.011637
0.056139
0.027863
-0.030937
-0.042157
0.166643
0.020964
0.013086
0.027815
0.044936
-0.041478
-0.009846
0.060188
-0.026035
0.100866
0.040214
0.065629
0.051825
-0.024318
-0.056379
-0.037414
-0.104660
-0.075877
-0.011933
-0.104959
-0.079282
-0.000712
0.049708
0.028448
0.040620
0.042722
-0.020682
0.047201
0.052559
-0.013131
-0.024246
-0.001372
0.046099
-0.041743
-0.005235
0.062625
0.018088
-0.012096
0.018966
0.024988
-0.005261
-0.010033
-0.002806
0.035183
0.088142
0.030179
0.026487
-0.032307
-0.025275
0.056295
0.055958
0.068535
0.015354
-0.033341
-0.109306
-0.088098
0.004792
-0.026927
0.006817
0.038443
0.007380
-0.084220
0.012155
0.122475
-0.006986
-0.074830
-0.006779
-0.064762
0.009071
-0.125977
-0.071265
-0.003574
-0.027719
-0.086997
0.011257
0.013276
-0.009136
0.023506
-0.033020
-0.052016
-0.113989
-0.018313
-0.040650
-0.034215
-0.031670
-0.079126
-0.004676
-0.009929
-0.046055
-0.006607
-0.051712
-0.044244
-0.032776
-0.016872
0.018255
0.037037
-0.026482
0.029910
-0.007647
-0.066905
-0.001064
-0.075342
-0.108261
-0.050706
-0.002566
0.053193
0.022157
0.055511
0.072280
0.064054
0.056646
0.043870
-0.089334
-0.017869
-0.025504
0.021289
-0.036337
0.059105
0.053377
0.104030
-0.018503
-0.022501
0.164430
-0.006678
0.053502
0.081030
0.100251
0.030924
-0.021111
0.010873
-0.027434
-0.005186
0.044762
0.125274
-0.032143
-0.007942
-0.033173
-0.017092
0.032007
-0.044764
0.003956
-0.125360
0.029957
0.022198
-0.033675
-0.009671
0.064493
-0.061593
0.055837
0.004853
-0.096877
0.039467
0.070024
-0.059619
0.033401
0.008728
-0.016919
-0.034233
-0.017951
-0.016193
0.001176
0.046101
0.021825
0.047139
0.056772
0.068174
-0.006477
0.003177
-0.038551
-0.027506
0.017604
0.052623
0.042136
0.053629
-0.034450
-0.050022
0.059002
-0.026949
-0.021758
-0.027385
-0.107189
-0.073949
0.033814
0.007454
0.041593
0.063098
-0.064281
-0.033187
0.009495
0.066587
0.042831
0.051155
0.077489
-0.054626
-0.002173
0.136095
0.136416
0.008137
0.000112
0.049278
0.009317
-0.055764
0.001582
0.059199
0.025533
-0.014363
-0.006943
-0.039144
0.078299
0.041978
0.023836
-0.003466
-0.070903
-0.039179
-0.068360
-0.132762
-0.007858
0.028423
0.058961
0.042784
0.031227
0.003086
-0.062384
0.020338
0.016956
0.090698
0.030850
0.021860
0.057340
-0.025132
-0.057755
0.102870
-0.066512
-0.010495
0.052940
0.017081
-0.020381
0.024318
0.000373
-0.078941
-0.017873
0.012613
-0.056942
-0.131041
-0.113749
-0.067587
-0.019875
-0.000107
-0.051217
0.016346
-0.013608
-0.045018
0.001833
-0.003641
0.032531
-0.002122
0.002615
-0.028516
0.014489
-0.033229
-0.026427
0.048327
0.000409
0.022520
0.044553
-0.012490
0.028165
0.027506
-0.032681
-0.027659
-0.021551
-0.033498
0.076398
-0.002914
0.026071
-0.053789
0.019175
0.009160
0.018014
0.008919
0.007239
0.028988
0.086628
0.042607
0.067646
0.129288
0.047185
0.033730
-0.011322
0.014078
0.083397
-0.043396
0.037131
-0.015539
0.046621
0.080928
-0.017211
0.051207
0.014837
0.069031
0.098823
0.075667
0.093435
0.014385
0.015464
0.091064
0.062293
0.005058
-0.060571
0.035348
0.014529
-0.077241
-0.106367
-0.035673
-0.070312
-0.094258
-0.041767
0.009351
-0.093371
0.067854
0.030248
-0.015468
0.014232
0.059384
0.000627
-0.022295
0.021609
-0.059262
-0.023020
-0.081993
-0.040323
0.010601
0.012962
-0.023740
-0.050635
0.030024
-0.067461
-0.032432
0.041987
0.001396
0.007189
-0.079890
-0.025847
0.007047
-0.060530
0.036438
0.030074
0.073002
-0.093736
-0.045733
-0.010960
-0.056752
0.037384
-0.081597
0.018625
-0.048987
-0.032649
-0.054413
-0.075760
-0.085175
-0.069189
-0.033264
-0.094224
-0.056871
-0.066328
0.004514
-0.040677
-0.025625
-0.008791
-0.111855
0.031018
0.075053
0.008173
0.123731
0.055597
0.038788
0.050744
-0.074124
0.047846
0.018792
-0.003975
-0.000669
-0.023381
-0.017123
0.028319
0.017538
0.110589
-0.010895
-0.076742
-0.065524
-0.020029
-0.039503
-0.039485
-0.017192
-0.066926
0.074911
0.016696
-0.099502
-0.012530
0.022841
-0.123845
0.044565
-0.010453
0.025289
-0.034134
0.008721
-0.070753
0.072862
0.103853
0.014214
0.038241
0.041982
0.000075
0.001628
-0.003448
-0.035056
0.075242
0.039883
-0.003967
0.086293
-0.012941
0.135658
0.017121
-0.027010
0.031660
-0.058184
0.070086
-0.058685
-0.035277
0.019788
0.009316
-0.050249
-0.003389
-0.022234
-0.020620
0.015477
0.088392
0.035500
0.067054
0.046743
-0.016300
0.025447
0.009109
0.035152
0.075954
0.038796
-0.012782
0.013860
0.059497
-0.017626
0.023891
0.000651
0.004893
0.068834
-0.007607
-0.040596
-0.054720
0.018164
-0.082449
-0.067851
0.038244
-0.053889
-0.010867
0.011611
-0.021727
0.050001
0.022221
-0.005161
-0.067747
-0.034180
0.078339
0.078996
0.085234
0.051616
-0.010051
0.029521
-0.008595
0.001992
-0.007761
-0.019660
0.029611
0.057352
0.007954
0.096434
0.063807
0.045511
0.011555
0.078037
0.001242
-0.000948
-0.007458
0.011241
-0.044634
-0.010937
0.007493
-0.088781
0.025615
0.046876
-0.059543
-0.039467
0.007264
-0.085258
-0.004156
0.093868
-0.018240
-0.019986
-0.079475
0.056134
0.003186
-0.050395
0.024403
0.023719
-0.011093
0.004558
0.021898
0.011727
0.034752
0.035777
-0.057732
-0.000922
-0.048674
-0.019437
0.057101
0.065346
0.046458
0.003579
0.011524
-0.003952
0.088891
0.001146
0.039086
0.004120
0.021332
0.061792
0.165409
0.080866
-0.050002
0.121332
0.012624
-0.006198
-0.062177
0.071051
0.057964
-0.056918
0.054730
0.018535
-0.007009
-0.016703
-0.016071
-0.044283
0.022101
0.048573
0.014240
0.013006
0.084282
0.076679
-0.033627
0.013404
0.028507
0.048770
0.025949
0.038257
0.065070
-0.062274
0.045758
0.036584
-0.006392
-0.006662
-0.022479
-0.006055
-0.018534
-0.059812
-0.077885
-0.039085
-0.119522
-0.060970
0.063973
-0.004412
-0.079040
0.018242
-0.045266
0.010197
0.050651
-0.036211
-0.074190
-0.115648
0.001495
-0.035749
-0.029868
0.064356
0.027930
0.032858
0.066434
0.043114
-0.027001
0.007257
0.016918
0.034525
-0.008116
-0.065324
0.012015
-0.022888
-0.000241
0.025260
-0.040305
0.003854
0.017897
0.040551
-0.083516
-0.120866
-0.059109
0.008524
-0.008383
-0.021220
0.048265
0.063869
-0.040217
-0.055280
-0.027422
-0.006545
-0.013706
0.047250
-0.011944
0.011316
-0.009301
-0.040275
0.073041
-0.015079
-0.034420
-0.000420
0.048396
-0.056671
0.026958
0.051632
-0.042606
-0.007303
0.066711
0.020248
-0.054574
-0.042679
0.010925
0.082267
0.056295
-0.014742
-0.044241
0.028712
-0.001848
0.027332
0.054243
0.028816
0.019961
-0.031958
0.017989
0.021493
0.054437
0.032932
0.057062
0.042122
-0.090349
-0.009802
-0.061251
-0.018842
0.079093
-0.054995
-0.026219
0.013700
-0.042919
-0.004649
-0.024326
0.043343
0.068486
-0.044961
0.121242
0.046447
-0.024689
0.018453
-0.024417
0.118733
0.034987
0.059871
0.011771
-0.043345
0.073397
0.057256
0.073162
0.074586
0.023819
0.021753
0.026486
-0.002018
-0.017991
0.007067
-0.002851
-0.014682
0.005626
0.016028
0.029908
0.045643
0.034299
0.030393
0.039459
0.117982
-0.021152
0.028984
-0.018761
-0.043090
0.060653
-0.016202
0.113445
0.030131
0.060023
0.035099
-0.042099
0.022101
0.031118
-0.031631
0.063202
-0.003649
-0.069287
0.005041
0.019019
-0.069222
0.070778
0.028270
0.027619
0.133844
0.023394
0.034229
0.048509
-0.024258
-0.027236
-0.041127
-0.092578
0.020637
-0.053657
-0.073800
0.076251
-0.010587
-0.082827
0.035042
-0.057421
-0.067631
-0.012419
-0.086305
-0.002471
-0.058564
-0.084803
-0.052450
0.029430
0.040955
-0.036913
0.032147
0.035725
-0.092776
-0.083895
-0.017904
0.064290
0.050472
0.047481
0.081102
-0.019247
0.040400
-0.010839
-0.019869
0.016628
0.064417
-0.025590
-0.043761
0.008600
-0.090341
0.018580
-0.004189
-0.050145
-0.045199
0.056304
0.004086
0.017310
-0.025147
-0.033854
-0.090686
-0.095713
-0.035500
-0.079652
-0.007719
0.002789
-0.077480
-0.018624
-0.105067
-0.065401
-0.015863
-0.157275
-0.055862
-0.040788
-0.085157
0.023987
-0.030928
0.057515
-0.109827
-0.009651
-0.056249
-0.026992
-0.102792
-0.047727
-0.048295
-0.045053
-0.017157
-0.003045
-0.032314
-0.022482
-0.018666
0.011857
0.012990
0.029732
-0.053642
-0.051772
0.018415
-0.029254
-0.005662
-0.082161
-0.030691
-0.017451
-0.042552
-0.041584
-0.090760
0.020025
-0.055493
-0.035651
0.006460
0.020019
0.029428
-0.055454
0.036921
0.000024
-0.041129
-0.005860
-0.029009
-0.085007
-0.043435
-0.003718
-0.018295
-0.097289
-0.049536
-0.009309
-0.018578
0.049088
-0.039431
-0.011979
0.086436
0.120200
0.021960
0.014244
0.020466
-0.001781
0.076582
0.033170
0.014586
-0.028900
-0.105528
-0.036687
-0.004701
0.006432
-0.008978
0.007952
0.076633
0.032167
-0.014432
0.098847
-0.006835
0.014391
-0.014755
-0.031375
0.045646
0.041671
0.021594
-0.003434
-0.028170
-0.071383
-0.034633
-0.017954
-0.015285
0.001917
-0.009553
-0.001001
-0.013085
-0.104699
-0.045382
0.021277
-0.043890
-0.056439
-0.027768
-0.003325
0.055710
0.013362
-0.053980
-0.001726
0.033613
-0.047091
-0.070308
-0.038978
0.006555
-0.074407
-0.006915
0.050115
-0.042711
-0.013461
0.041722
-0.019945
-0.015891
0.001658
0.006459
0.053534
0.007352
0.000618
0.020931
-0.049688
-0.035924
-0.019375
-0.023143
0.014817
-0.042286
-0.062077
-0.046517
-0.029745
-0.052718
-0.017741
-0.043390
0.089512
0.067126
-0.029307
0.074571
0.028137
0.099279
0.059630
0.006309
0.040649
0.072809
0.009816
-0.047132
-0.066277
-0.001878
0.058212
0.019666
-0.007036
0.002232
-0.039670
-0.046617
-0.045823
-0.049838
0.083110
-0.032959
-0.048470
-0.090353
0.017824
0.055346
-0.013394
0.037100
0.044981
0.007616
0.002543
-0.093763
0.013733
0.099621
-0.080752
-0.038425
0.023726
0.040742
0.081388
-0.016467
-0.028648
0.046005
0.031149
-0.046756
0.026378
-0.052859
-0.022475
0.060837
-0.064441
-0.123978
-0.027897
0.002942
-0.008541
0.021129
0.051685
0.068641
0.014693
0.019148
-0.014482
-0.025445
-0.090899
-0.021203
0.008076
0.002949
0.051847
0.018244
0.018000
0.176288
0.028150
-0.007924
0.074552
-0.018590
-0.029177
-0.072902
-0.061937
-0.036556
0.021066
-0.025073
-0.003444
-0.095950
-0.062606
-0.004540
0.025882
-0.061190
0.083312
0.078081
-0.061234
-0.030141
-0.046372
-0.086596
0.013891
0.088209
0.047273
-0.051929
0.071541
-0.137839
-0.011094
-0.038174
-0.013016
-0.028706
-0.063534
-0.077758
0.026202
-0.106773
-0.058232
-0.016867
0.003815
0.018666
-0.043052
-0.022303
-0.007438
-0.017792
0.005145
0.016638
0.074101
0.122322
-0.005650
-0.057008
-0.053397
-0.016919
0.006361
-0.110245
-0.030971
-0.022605
0.002670
0.017257
0.007325
-0.041226
-0.096085
-0.005470
-0.000967
-0.119077
-0.050859
-0.020890
0.047526
-0.035633
-0.009746
-0.028681
-0.058099
0.011167
0.022300
0.023513
0.035902
-0.065983
0.017205
0.029788
0.013231
-0.020575
-0.069495
0.119129
0.122007
0.070464
-0.037085
-0.015810
0.082436
0.023066
0.005267
0.068463
0.070069
0.147544
-0.024759
0.078961
0.095098
0.020518
0.025369
0.081569
0.019979
-0.054610
-0.086951
-0.011261
0.019482
0.056099
0.110128
0.108352
-0.025467
0.050048
0.003546
-0.057979
0.041572
-0.072641
-0.004380
-0.062268
-0.047162
0.060131
-0.027484
0.062827
0.064193
0.013497
0.054649
-0.017624
-0.031033
0.027868
-0.010073
0.008406
-0.023118
-0.033461
-0.023087
-0.002025
0.083004
0.087087
0.042370
0.004405
-0.027023
0.031879
-0.060706
-0.006869
0.044407
0.172736
-0.017390
0.021047
0.011382
-0.002811
0.075611
-0.042758
-0.023672
0.093584
0.030102
0.019411
0.091522
-0.068959
0.034226
0.044901
-0.040670
-0.049732
0.032970
0.023575
-0.082055
-0.028916
0.062291
0.015153
-0.091153
0.084901
0.023034
-0.056361
0.052757
0.087880
0.036664
0.038299
-0.072428
0.000245
-0.024599
0.001499
0.016486
-0.034953
0.183035
0.061739
-0.021977
0.004286
-0.018979
-0.030897
-0.075285
-0.004609
0.001904
-0.042768
-0.004562
-0.051064
-0.142636
-0.055772
-0.120450
-0.171915
-0.045526
-0.073233
0.084120
0.055304
0.030337
0.043896
0.031629
0.012899
-0.002777
-0.021270
-0.004886
0.044578
0.021523
-0.125723
-0.042624
0.003362
0.048047
-0.068731
-0.076280
0.001552
0.088267
-0.053080
-0.025083
0.011983
-0.061420
0.029788
0.097348
0.051718
0.028252
0.051477
-0.051792
0.012492
-0.012247
0.057776
0.058634
-0.039584
-0.005962
-0.017025
0.034308
0.029136
-0.066330
-0.048148
-0.126362
-0.077158
-0.013344
-0.023833
-0.015551
-0.083312
0.030073
-0.054920
-0.094455
0.054346
0.086096
-0.023286
0.048934
0.087719
0.073430
-0.011915
-0.014853
-0.013991
-0.018437
-0.011478
-0.026561
0.037683
0.050252
0.074063
0.111692
0.041183
-0.049544
0.009467
0.078032
-0.022843
-0.001782
0.032670
-0.026785
0.054613
-0.071640
-0.014701
0.017715
0.057634
0.034860
-0.040228
0.035493
-0.080541
-0.021416
-0.031044
-0.065874
-0.096267
-0.083447
-0.050614
-0.091555
-0.051581
-0.108361
-0.084374
-0.063138
-0.035092
0.080601
-0.066749
-0.043911
0.097810
-0.056851
-0.013599
-0.003058
0.002197
0.022861
0.017166
-0.018136
0.004740
0.002170
-0.021874
0.051072
0.000575
0.077925
0.060218
-0.043625
0.056674
-0.005208
0.007209
0.025131
0.036616
0.079624
0.054650
0.017656
0.000637
-0.010209
0.063223
0.017517
0.007594
0.093784
0.154077
0.106037
0.030737
0.046473
-0.014587
-0.014268
0.005108
0.007923
-0.028824
0.010762
0.083744
0.064076
-0.028475
-0.020432
0.041273
0.031591
-0.044099
0.067474
0.025359
-0.072942
0.025753
0.082361
0.123792
0.173760
-0.014170
-0.023379
-0.120591
-0.099759
-0.025763
-0.022211
0.063691
-0.021539
-0.021436
0.044457
-0.043015
0.011765
-0.070678
-0.054849
-0.022730
-0.062850
0.007947
-0.104723
-0.054755
0.020040
-0.049656
-0.003098
-0.007430
0.043493
0.050462
-0.012975
0.057119
0.024376
0.036288
0.026861
0.062575
0.027500
0.014126
0.034270
-0.004286
-0.072375
0.111188
0.087870
-0.016175
0.108094
-0.009608
0.081899
0.069716
0.052642
0.021970
-0.041619
0.092547
0.017115
0.089377
0.000906
-0.017094
0.093476
-0.016777
0.012300
0.068958
0.013805
-0.026000
-0.020737
0.090940
-0.007288
-0.095117
-0.007465
-0.038719
-0.043112
-0.009436
0.033164
-0.021794
-0.037417
-0.097136
0.038974
0.096612
-0.068179
-0.034468
-0.019106
-0.011480
0.016891
-0.110687
-0.052479
-0.036287
-0.078614
-0.003506
-0.096954
-0.060640
-0.004066
-0.079173
-0.017540
-0.064933
-0.026697
-0.088727
0.056511
-0.044681
0.019190
0.017545
0.000839
-0.037835
0.011926
0.040291
0.035674
0.024581
-0.058320
-0.078775
-0.049042
-0.052401
0.003670
0.011120
-0.102783
-0.022955
-0.010712
0.043253
-0.017807
0.009642
-0.011224
-0.050948
-0.023434
0.032140
-0.001346
-0.106965
-0.001176
0.008137
-0.047000
0.071516
0.049835
-0.006688
-0.074114
-0.043674
0.060871
0.031877
0.000259
-0.070209
0.038249
-0.067701
-0.129668
-0.006083
-0.013965
0.053770
0.099104
0.051511
0.031318
-0.061900
0.048826
0.008765
-0.008393
-0.004715
-0.075742
-0.046777
-0.028477
0.000502
0.003362
0.020678
0.144836
0.043985
-0.041199
-0.042590
-0.026540
-0.031186
-0.049837
-0.011988
-0.037737
-0.081912
0.030640
0.017675
-0.027976
-0.002352
-0.092075
-0.064625
0.007247
-0.055038
-0.083075
-0.045281
-0.005832
-0.063789
-0.002938
0.065721
-0.005088
-0.000812
0.054025
-0.049144
-0.041180
-0.042049
-0.060326
-0.038166
-0.041535
-0.082729
0.051089
-0.074923
-0.130726
-0.048825
-0.047240
-0.075198
-0.007482
-0.032374
-0.086989
-0.051007
-0.068703
0.006983
-0.005461
0.040066
0.051786
0.028556
0.007563
0.016745
0.040068
-0.024198
0.048478
0.038815
-0.034213
-0.106896
-0.074124
0.010077
-0.037226
0.056079
-0.045317
-0.012660
-0.038471
-0.111668
-0.066828
-0.046049
-0.036411
-0.009914
0.065960
-0.011366
0.019081
0.028096
-0.012917
0.065537
0.002940
-0.100210
-0.024569
0.044766
0.098677
-0.059245
-0.061776
0.061662
0.096898
0.081596
0.116791
-0.004556
-0.064639
-0.059480
0.017933
0.024503
-0.010481
-0.053451
-0.041240
-0.071355
-0.026288
-0.008979
-0.026746
-0.005644
0.029124
-0.021120
-0.011338
-0.052455
-0.120323
-0.035307
0.025613
0.024969
0.026881
-0.073586
-0.019522
-0.042798
-0.059771
-0.009164
-0.025053
0.011632
0.016210
0.045054
-0.010650
-0.007091
0.025640
0.015415
0.039171
-0.017816
0.036987
0.001020
-0.031953
-0.039239
-0.022473
-0.023832
0.042921
0.023808
0.091892
0.036092
0.056467
0.027145
0.071202
0.019913
-0.066243
0.048812
0.004766
-0.087546
0.035041
-0.035202
-0.052872
-0.012440
0.039896
0.024974
0.028127
-0.024188
-0.015947
-0.009119
-0.022774
0.041726
0.086482
0.032293
-0.111384
-0.027503
-0.056700
-0.085264
-0.052551
0.041218
-0.073462
-0.008725
-0.025662
-0.101708
-0.100429
-0.011177
-0.007076
-0.018328
-0.069565
-0.069319
-0.031504
-0.043929
-0.031521
-0.011686
-0.035953
-0.012883
0.011740
0.009746
0.051760
-0.001899
-0.103433
0.013105
-0.029708
-0.007580
0.005227
-0.039188
-0.008565
0.007187
-0.002514
-0.061804
-0.031933
-0.012212
0.002753
-0.003763
0.018260
0.031063
-0.002439
-0.010185
0.007697
-0.068074
-0.066709
0.013321
0.017669
0.068488
-0.105699
-0.100915
-0.058867
-0.073611
-0.049054
0.005291
-0.113384
-0.087816
-0.002539
0.039183
-0.003651
0.009091
0.038247
0.043135
-0.010852
-0.055314
-0.090583
0.009211
-0.023846
0.042605
-0.014194
-0.081875
0.002084
0.005818
-0.034822
-0.079609
-0.051127
-0.020292
-0.057154
0.086704
-0.063911
0.018723
0.036682
-0.058733
-0.025068
-0.094189
-0.073701
0.039843
-0.078340
-0.103791
0.056353
0.019769
0.000412
0.042409
-0.034953
-0.028566
-0.065791
-0.042494
-0.038479
0.010328
-0.065287
-0.024558
0.037740
0.008653
-0.015120
0.024016
-0.029328
-0.036487
0.015911
0.098181
-0.057560
-0.028481
-0.082302
-0.104985
-0.038903
-0.082776
0.021935
-0.077466
0.008100
-0.043012
-0.080500
-0.003710
-0.021423
-0.001142
-0.086443
-0.008487
0.055740
-0.009552
0.086310
0.065613
-0.005871
-0.120878
0.018171
0.009311
0.010004
0.045652
0.040382
0.025477
-0.035461
-0.001618
-0.022020
-0.019799
0.070425
0.001652
-0.033902
0.083903
0.030851
-0.062930
0.051990
-0.010933
-0.006286
0.002573
-0.081370
0.002787
-0.054363
-0.057970
-0.033903
-0.040996
-0.047937
0.017804
-0.006615
-0.024765
0.006516
0.002564
-0.047213
0.031661
-0.028354
0.063831
0.053450
0.056339
0.098463
0.035546
0.005118
0.034722
0.039580
-0.030700
0.006942
0.042741
-0.016240
-0.014643
0.016057
0.049465
-0.004711
-0.038473
0.037036
0.020678
0.000655
-0.006721
-0.020053
0.031751
0.056292
0.002762
-0.012602
-0.010659
-0.078501
0.027801
0.035519
0.021866
0.051237
0.057418
0.021888
-0.022902
-0.057920
0.033745
0.076091
-0.042795
0.007920
0.033100
0.001710
0.062486
-0.021001
0.003637
0.011476
-0.034597
-0.051074
0.105605
-0.047382
0.042153
0.107192
0.102149
0.128620
0.044057
0.043494
0.038956
-0.031358
-0.025337
-0.010395
0.047847
0.058807
0.062193
0.096552
0.077289
0.052323
-0.016562
-0.070403
-0.038104
0.001596
-0.020543
0.019909
0.011064
-0.040551
-0.012595
-0.021086
0.007548
-0.015243
-0.094013
-0.036783
-0.008415
-0.048349
-0.047358
-0.084134
-0.028007
0.036464
-0.023895
0.006041
0.038654
0.029213
-0.017458
0.039712
0.073804
0.027036
-0.017733
-0.072318
-0.000473
-0.059044
0.010100
-0.062434
-0.041595
-0.008444
-0.017848
-0.082123
-0.029985
0.028179
0.103284
0.005613
-0.117686
-0.048928
-0.053294
-0.072073
0.017564
0.022841
0.011031
0.007816
0.072702
-0.026783
0.035525
0.024077
-0.015295
0.103174
0.113381
0.030545
0.059502
0.028454
0.112236
0.049588
-0.030335
-0.031389
-0.027913
0.050875
-0.000457
-0.043342
0.047049
0.101724
0.076427
0.004313
0.008786
-0.001581
-0.062178
-0.061245
0.064820
0.018754
0.043765
-0.000235
0.079996
0.040255
-0.091174
-0.025733
0.062529
0.089775
0.133699
0.014540
0.052063
-0.056994
-0.034720
0.107075
0.071004
0.007903
0.001378
0.024375
0.048001
0.045143
0.005400
0.047940
0.024902
0.050490
0.049238
-0.032991
-0.043942
-0.019842
0.021457
0.001757
0.028341
-0.020213
-0.030133
-0.031619
-0.016396
0.052030
0.030847
0.018564
0.018978
0.035630
0.015870
0.044420
0.034271
0.102150
-0.035336
-0.045153
-0.000359
-0.006191
0.030237
0.075894
0.013264
0.020953
0.039673
-0.077799
-0.062660
0.003737
-0.011979
0.006983
0.071735
-0.031247
-0.008693
-0.051503
-0.000667
0.133556
0.109397
0.027498
0.058234
-0.037461
-0.037031
0.005682
-0.045213
-0.012627
0.048958
-0.039087
0.016648
0.033652
0.002589
0.076207
0.151178
0.125723
0.007041
0.057584
0.015552
-0.030444
0.016470
0.027737
-0.040478
-0.081554
-0.003451
-0.005097
-0.044710
0.111017
0.072177
0.061515
0.035576
-0.046515
-0.017857
-0.011565
-0.006318
-0.011311
0.047011
0.039237
0.066915
0.091176
0.043526
-0.114431
-0.127937
0.016388
-0.115315
-0.108368
0.033585
-0.085148
-0.106257
0.024867
-0.044203
-0.079599
-0.038378
-0.094794
-0.003533
-0.081916
-0.043189
-0.065934
-0.057686
0.045249
0.012979
0.013800
0.008770
0.084462
-0.030473
0.056304
0.008863
0.034747
0.020949
0.059917
-0.029172
0.034622
0.097740
-0.067725
0.046428
0.004935
-0.037057
0.033974
-0.028410
0.028137
-0.009580
-0.009747
0.010644
0.030342
-0.007844
-0.019555
0.033242
0.093231
0.055268
0.124370
-0.036628
0.039302
0.024310
-0.005125
0.002746
-0.045477
0.041792
-0.040202
0.038025
0.013485
-0.013872
-0.033675
-0.026213
0.026280
0.023545
0.114874
0.031496
-0.032624
0.034874
-0.038599
-0.045735
-0.043757
-0.057007
-0.065785
-0.065121
-0.077485
0.014088
0.029434
0.068647
0.107717
0.081214
0.121901
0.026581
0.025595
0.117454
-0.003007
0.018291
0.071532
0.026974
-0.034543
0.041211
0.107627
0.034532
-0.023736
0.023819
0.092671
0.036530
-0.013724
0.007897
0.057158
0.081578
-0.003868
-0.055438
-0.010093
-0.029794
-0.030274
-0.002564
0.017329
0.038727
-0.044734
-0.015396
0.070492
-0.051449
0.034342
-0.055882
0.019169
0.013367
-0.080750
-0.086576
-0.019721
-0.090538
-0.054875
0.018409
0.023656
0.131984
0.031962
-0.020076
0.014909
-0.038390
-0.073271
-0.043029
-0.018193
-0.048735
-0.077868
-0.063324
0.037990
0.065027
0.077323
-0.013128
0.009094
0.128052
0.129343
0.131580
-0.010919
-0.095478
0.083191
-0.030106
0.027196
-0.020801
-0.075820
-0.108179
-0.043107
0.046513
-0.074369
-0.004039
0.042009
-0.019161
-0.002566
-0.062303
-0.099101
-0.049325
-0.026175
-0.038263
-0.054989
-0.006426
-0.060251
-0.044311
-0.027124
-0.025528
-0.028540
-0.038498
0.009835
0.078113
0.010349
0.044259
0.027861
0.079371
0.040381
-0.077836
0.050720
0.161107
0.034125
-0.022428
0.017736
0.001343
0.020315
0.046134
0.077874
0.058624
0.087753
-0.059055
0.034115
0.005586
-0.003043
-0.006109
0.072035
0.090908
0.015461
0.048848
0.026685
0.041796
0.054158
-0.036310
-0.026517
-0.012386
-0.029406
0.008864
0.067051
0.089277
-0.025525
-0.014791
0.050755
-0.041545
-0.031418
-0.074285
0.051556
0.001160
-0.005744
0.007361
-0.062617
-0.017917
0.057201
0.074373
0.113126
0.120720
0.027801
0.060433
0.063566
0.032428
0.030290
0.030292
0.048925
0.015886
0.062349
0.035739
0.002277
-0.091793
-0.107643
-0.039346
-0.015696
0.036378
-0.008159
0.013893
0.031661
0.047932
-0.007375
0.040313
-0.027298
-0.034325
-0.030728
0.032737
0.018817
-0.066677
-0.028919
-0.056299
-0.046320
0.017342
0.013267
-0.004771
-0.009780
0.010173
0.018675
0.084955
0.049376
0.117696
0.062825
0.022715
0.064574
0.097581
0.064807
-0.040924
-0.033683
-0.070156
-0.076561
0.028943
0.040630
-0.007123
0.028330
0.001010
-0.007642
0.040109
0.031216
0.062192
0.026058
0.017489
0.024579
-0.007190
0.040132
-0.014877
0.004317
-0.023608
-0.029157
0.050238
-0.013731
-0.033819
-0.054455
-0.011817
-0.085087
-0.120321
-0.070889
-0.064943
-0.007445
-0.072617
-0.081146
-0.069954
-0.085500
-0.005436
0.015284
-0.016805
0.021865
-0.083385
-0.072456
-0.064656
0.026460
-0.057148
-0.071793
0.031350
0.029292
0.009471
-0.074664
-0.042375
0.015497
-0.044249
-0.015083
-0.124059
-0.012073
-0.056661
-0.090658
0.066852
-0.004687
0.014886
0.053116
-0.035096
-0.055865
0.047943
0.003963
0.055779
0.049290
-0.029855
0.013770
0.070420
0.081086
0.005404
-0.019968
0.057812
-0.011085
0.042630
-0.055135
-0.044221
-0.031388
-0.042988
0.035793
-0.095695
0.036091
0.080572
-0.029439
-0.044973
-0.018924
0.037590
-0.004773
0.025863
0.041780
-0.016835
-0.046889
-0.062298
0.046118
0.028268
0.027111
0.027404
0.010227
-0.035646
-0.035264
-0.021933
-0.075929
0.024385
0.005323
-0.010882
0.063442
0.002358
0.055176
0.019779
-0.030256
-0.046298
-0.017809
-0.081999
-0.105985
0.023192
0.008142
-0.103724
-0.033638
-0.028451
-0.086879
0.019350
0.044656
0.003150
-0.014865
-0.039871
0.015674
0.008334
0.019258
-0.043854
-0.023509
-0.019922
0.030515
0.057779
0.042298
0.037905
0.006637
-0.004476
-0.006303
-0.020973
0.093718
-0.048859
-0.036062
0.033710
-0.145868
0.072454
-0.001661
-0.000426
0.071384
0.032805
-0.044679
-0.093460
-0.080023
-0.013971
-0.004263
-0.041585
0.025839
-0.034297
-0.069245
-0.008732
-0.053262
-0.006283
0.009038
-0.003983
0.013426
0.043238
0.040889
0.024091
0.006621
-0.035408
-0.057240
-0.016330
0.012092
-0.051289
0.015198
0.062797
0.001199
0.000853
0.013118
-0.085183
-0.021804
-0.058504
-0.013966
0.047759
-0.033838
-0.038778
0.012899
-0.041607
0.022727
0.045214
-0.021556
0.011005
0.026554
0.005721
0.036646
0.114880
0.046823
-0.007206
0.007570
0.078535
0.023377
0.029541
0.023949
-0.026339
-0.077303
-0.082084
0.018714
-0.037625
-0.040029
-0.094843
-0.071826
-0.118667
0.013767
-0.030476
0.015473
0.115615
0.075281
0.015083
0.082210
0.034036
0.001237
-0.064376
0.014263
0.103167
0.042665
-0.018669
-0.003666
-0.090583
-0.055517
0.072988
0.024533
-0.078542
0.042010
0.097858
0.018098
-0.014543
-0.074047
-0.010061
-0.070946
-0.080700
0.046999
-0.045366
0.007172
-0.018436
-0.059027
0.007332
0.110108
0.045050
0.043227
-0.010349
-0.030572
0.007298
-0.084242
0.020632
0.067630
0.023486
0.025418
0.068665
-0.015786
-0.054719
0.076352
-0.029484
-0.055718
-0.030092
-0.035348
-0.018383
0.047802
-0.051608
0.026028
0.028437
-0.079207
-0.103278
-0.023764
-0.021600
0.012255
0.023562
0.025897
-0.005123
-0.038720
0.048131
0.029045
0.005525
0.099186
-0.077618
-0.004498
0.020180
-0.006274
-0.013505
-0.004737
-0.037061
0.004992
0.013612
-0.040060
0.023735
0.016673
-0.011131
0.005236
0.064150
0.004957
0.008439
-0.032470
-0.037774
0.061122
-0.041519
-0.024474
-0.027089
-0.049490
-0.035365
0.026449
-0.061979
0.026398
0.014001
0.062885
0.054358
-0.023777
0.044706
0.042884
-0.076763
0.068199
0.074653
0.045269
-0.022078
-0.028379
0.025598
-0.000688
-0.024246
0.004381
-0.000237
0.019264
0.056755
-0.072052
-0.073571
-0.039509
0.051800
0.097820
-0.002339
-0.012690
-0.015496
0.032536
-0.028744
0.021508
0.109457
0.019781
-0.019330
0.011456
0.003919
0.055935
-0.009698
0.021911
0.024233
-0.051183
0.052602
-0.023278
-0.073224
-0.011257
0.017923
-0.030703
-0.046075
0.003121
-0.015183
0.044195
0.084461
0.023127
-0.036397
-0.043416
-0.024333
0.028597
-0.007584
-0.043081
-0.024734
0.048951
0.010714
0.005874
0.017149
0.039187
0.178037
0.083397
0.095289
-0.004519
-0.078989
0.031043
0.041797
0.001217
0.076957
0.030437
-0.028336
0.005339
-0.058253
-0.017316
0.058466
0.021122
0.002871
0.036252
-0.085185
-0.085634
-0.012650
-0.034801
0.049450
0.035315
0.000778
-0.024754
0.065381
-0.134177
-0.039484
-0.015060
-0.077349
-0.016654
-0.088217
-0.023853
0.035248
0.044427
-0.011701
0.054105
-0.074519
0.020375
0.009992
0.067517
0.050600
0.024119
-0.069430
0.072349
0.101817
-0.003807
0.001498
0.036358
-0.024872
-0.016358
0.067047
-0.084754
-0.066256
-0.025740
0.014875
-0.051043
0.052227
0.035024
-0.040030
0.019442
0.050454
0.056120
0.065194
0.067790
0.024909
-0.095283
-0.016271
0.008259
-0.004760
-0.006836
0.026012
-0.020792
-0.020188
0.041359
0.060309
-0.003472
0.031339
0.095906
0.020904
0.022749
-0.010326
0.003736
-0.017055
-0.016568
0.021440
0.020306
0.073459
0.065281
0.058833
0.053314
-0.030730
-0.024625
-0.001845
0.042215
-0.059296
0.031418
-0.012819
0.043653
0.108803
0.058197
0.085818
0.051388
0.065125
0.003851
0.049326
0.010987
0.000033
-0.060862
0.046646
0.041745
-0.050009
0.080264
0.047385
0.028070
0.046919
0.070740
0.062504
-0.010657
-0.047354
-0.035456
-0.046544
0.048556
-0.054999
-0.021780
0.005376
-0.061273
-0.004476
-0.056909
-0.016017
0.080602
0.007569
-0.058756
-0.012799
0.047602
-0.010154
-0.037971
-0.000276
0.065699
-0.015201
-0.033391
-0.051743
-0.060021
-0.093308
0.018161
0.090229
0.040632
0.055397
0.006585
0.017956
-0.010952
-0.002777
0.038355
0.018113
0.000869
-0.022265
0.002083
-0.040635
-0.069513
0.115616
-0.002618
-0.013115
0.037115
-0.083503
-0.036960
0.017472
-0.071113
-0.052731
-0.117101
-0.080371
-0.031452
-0.162140
-0.012066
-0.051679
0.027890
0.026798
-0.025760
0.025688
-0.080079
0.103066
-0.037127
0.063250
-0.024384
-0.017443
0.031954
0.025715
0.037685
-0.075281
0.093761
0.021437
-0.058888
0.038404
0.088868
0.130228
0.080685
-0.043612
-0.046710
-0.011210
-0.051495
-0.050974
-0.013646
-0.011605
0.080368
-0.019509
0.006834
-0.009261
-0.079456
-0.067884
0.055163
-0.005763
-0.066012
-0.007725
0.011311
-0.025215
-0.010083
0.047805
0.026510
-0.000594
-0.029539
-0.017424
-0.008375
0.076089
-0.056289
-0.123266
-0.053753
-0.055871
0.031547
-0.118048
-0.030322
0.052074
-0.011088
-0.010673
0.077666
0.086055
0.064554
0.014991
0.012842
-0.031137
0.005720
-0.169874
-0.092849
-0.106250
-0.050543
0.004229
0.007069
0.051976
-0.051960
0.008770
-0.024794
-0.163431
-0.019156
-0.003248
-0.061764
-0.001594
-0.010801
0.072071
-0.047142
0.039871
0.024286
-0.012454
0.013046
0.103443
0.080349
0.060738
0.087012
0.031896
-0.018212
0.021766
-0.021614
0.031233
0.048812
0.033205
0.025286
-0.041001
-0.032420
0.051782
-0.047462
0.025708
0.028783
0.013195
0.056940
0.011774
0.042673
0.035668
-0.045263
0.053694
0.025153
0.021223
0.022963
0.021347
0.012835
-0.045615
-0.006505
0.037688
0.015493
-0.025628
-0.002503
0.090927
0.010455
-0.031329
-0.004015
0.009966
-0.040765
0.038222
-0.009934
-0.100967
-0.090635
-0.046674
-0.068399
-0.035688
-0.009951
-0.007647
-0.022828
-0.125236
-0.055186
-0.001665
-0.000450
0.017726
-0.051397
0.021065
0.047262
-0.066643
-0.110314
-0.081763
0.019277
-0.012476
-0.095565
-0.040558
0.048583
-0.010440
-0.001786
0.022264
-0.028928
0.008449
-0.048514
-0.005759
-0.018960
-0.022339
-0.051502
0.045242
-0.011519
-0.027007
-0.065814
0.050220
0.069450
0.007520
0.078599
-0.011778
-0.093993
-0.066615
-0.051633
0.001814
0.089055
0.058178
0.050410
0.051501
0.022168
-0.020121
0.032358
0.009502
0.020292
-0.006092
0.002811
0.010309
-0.013064
0.066407
0.059162
0.016171
0.036101
0.126667
0.106844
0.022448
-0.082159
0.041862
0.005346
-0.088877
-0.047664
-0.021512
-0.092979
0.032714
0.065874
-0.063699
0.017245
-0.027586
-0.030932
-0.008048
-0.071992
-0.010850
-0.025734
-0.109711
-0.100532
-0.045701
0.070643
-0.010027
0.015243
0.063730
0.026273
-0.030403
0.007008
-0.000600
-0.057554
-0.028222
0.095063
0.050392
0.028706
-0.012731
-0.045995
-0.014171
0.053622
-0.046222
0.086714
0.056784
0.089781
-0.059306
-0.037558
0.028368
-0.101688
-0.082687
-0.023142
-0.074261
-0.083113
-0.099885
-0.075596
-0.142628
-0.050916
-0.030713
0.021437
0.078480
0.014505
-0.017216
0.031458
0.021112
0.032938
0.027929
0.027106
0.031839
-0.067449
-0.048479
-0.059963
0.043704
-0.003234
0.067228
-0.004935
-0.075046
-0.026281
-0.007100
0.051233
-0.079662
-0.034870
-0.094423
-0.008540
0.031956
-0.018486
-0.006893
0.009374
0.023377
0.111790
0.069480
0.042269
0.067671
-0.107483
-0.000616
-0.041538
-0.008158
0.038463
-0.003972
0.021392
0.006488
0.065278
-0.014810
-0.022521
0.032504
-0.026768
0.028447
0.020535
0.060020
0.076612
0.034095
0.013092
-0.030753
-0.048923
0.005695
-0.046960
-0.005567
-0.028192
0.023642
0.057063
0.020819
0.020063
0.020601
0.017003
0.029432
-0.004075
-0.030481
-0.000979
0.012745
-0.048431
0.005659
-0.062600
0.037147
-0.026484
-0.068132
-0.000855
-0.028346
0.052859
0.037907
0.027023
-0.014943
0.028990
0.019555
-0.055294
-0.020366
0.035357
-0.014410
-0.090825
-0.030433
0.079810
-0.011860
-0.025794
0.007168
0.044866
-0.024252
0.051801
0.060692
0.030698
0.007104
0.040798
-0.001003
-0.026452
0.002362
0.057921
0.081587
0.137047
0.007771
0.064275
0.068191
-0.089128
-0.012957
0.035213
0.004116
-0.041319
0.073927
0.016672
0.085046
0.027311
0.004792
0.092136
-0.033205
0.040672
0.109269
0.063547
0.095914
0.073583
-0.047895
0.031630
0.102536
0.039120
-0.069683
-0.022727
-0.072508
-0.027457
0.059706
-0.059847
0.010546
0.126967
0.033050
-0.106157
0.044073
0.002463
-0.017473
0.115354
0.083036
-0.009755
0.031837
-0.007933
0.050707
-0.023327
-0.142410
0.107811
0.065126
-0.027022
0.007279
-0.003879
-0.091108
-0.057370
-0.032609
-0.005448
-0.024625
-0.048495
-0.000646
0.114551
0.054817
0.107297
0.075102
0.044856
0.017436
0.003378
0.005908
0.038961
0.051169
-0.010369
-0.086027
-0.037807
-0.053541
-0.088194
0.060210
0.030068
0.004145
-0.014690
-0.001950
-0.069778
-0.049446
0.009978
-0.033415
0.009134
0.014442
-0.011385
0.016103
0.034617
0.024873
-0.036571
0.068371
0.004732
-0.051626
0.013611
0.058756
-0.013064
0.021154
0.030980
-0.047124
0.016848
0.055633
-0.047207
-0.080798
0.019053
0.017220
-0.021860
0.013390
0.013175
0.018806
0.034335
0.011739
-0.000917
-0.065491
-0.042599
-0.091194
-0.012091
0.009266
-0.047859
-0.008755
0.048081
-0.041940
0.015905
-0.013239
-0.115803
-0.056470
-0.048839
-0.014749
-0.012170
0.052524
0.032335
-0.013619
-0.087293
-0.017028
0.037368
0.059028
-0.070397
0.112221
0.038617
-0.030816
0.127024
0.026900
-0.038074
0.051997
0.010534
0.006182
-0.017276
-0.002902
0.021977
0.073970
-0.028017
-0.026587
0.055290
0.007028
-0.031035
-0.000758
0.050708
-0.003523
-0.027862
0.013213
0.065612
0.004412
-0.050158
-0.043075
-0.113789
-0.003203
0.024577
-0.032973
0.017874
0.052045
0.016087
-0.007486
-0.018700
-0.016348
-0.022367
-0.019310
-0.000015
-0.055543
-0.045421
-0.008241
-0.048157
-0.110196
-0.015522
-0.041038
0.016780
-0.084624
-0.141777
-0.071575
0.075930
-0.005731
0.073972
0.020249
0.001963
0.009641
-0.012787
-0.018551
-0.056523
-0.016487
-0.012188
-0.069124
-0.046848
-0.056112
-0.011053
0.058224
-0.118350
0.005448
-0.082944
-0.037862
0.000874
-0.059275
0.024184
-0.041616
0.063866
-0.011774
-0.057812
-0.001817
-0.030729
-0.003280
0.040998
0.008686
-0.017778
0.010184
0.005212
0.093632
0.080353
0.013139
-0.034693
-0.133771
-0.066395
-0.067762
-0.101929
-0.053166
-0.113931
-0.000476
-0.011019
-0.165614
-0.024719
0.100557
-0.015492
-0.047551
-0.022631
-0.001271
-0.050492
-0.000947
0.011605
0.053137
-0.037064
-0.013339
-0.038399
0.056838
0.058068
0.121764
0.077149
-0.010043
-0.007712
-0.082580
-0.017110
0.056494
0.026258
0.044971
-0.011639
-0.147828
-0.030326
-0.070839
-0.054148
-0.058033
-0.003712
-0.043998
-0.056856
-0.036278
-0.009623
-0.063158
-0.141661
-0.055231
0.041094
-0.000602
-0.004929
-0.144581
-0.058560
-0.032226
-0.086410
-0.033424
0.066088
0.099676
-0.030244
-0.002939
0.071185
-0.053987
-0.066789
-0.046847
0.009942
-0.012774
0.009073
0.030067
-0.026596
-0.006220
-0.099868
-0.011795
0.093803
-0.034284
-0.018547
-0.029067
-0.087586
0.002440
0.023185
-0.085320
0.033988
-0.052085
-0.144672
-0.037713
-0.034540
0.061432
0.013355
-0.037854
0.053680
0.016046
0.058688
0.038864
0.011471
0.118985
0.053143
-0.012475
-0.062953
-0.064201
-0.034889
-0.030578
-0.021058
0.073921
0.002429
0.060417
0.016010
-0.031475
0.064339
-0.012403
-0.082896
0.017954
-0.001739
0.034547
-0.049227
0.015824
0.054511
-0.017296
0.002975
-0.082854
0.003830
0.018505
0.024758
0.025174
0.005742
-0.032602
-0.008177
0.038572
-0.068855
0.001862
-0.028093
0.005767
-0.013340
-0.021631
0.019709
-0.064594
-0.037155
-0.045248
0.033924
0.054381
-0.013737
-0.033395
0.000795
-0.052247
0.028615
0.075750
-0.014481
0.095297
0.123152
0.069807
0.075679
-0.057251
-0.039264
0.030712
0.051615
-0.008580
0.049980
-0.065478
0.028126
0.073292
-0.083061
-0.019676
0.013362
0.014006
0.012164
0.078733
0.131765
0.022674
0.013066
0.024767
-0.020461
0.046664
0.108370
0.111178
0.059933
0.071302
0.022433
-0.015342
-0.014782
-0.023672
0.004746
-0.041079
-0.002642
-0.030006
-0.014641
-0.074142
-0.069906
0.030959
-0.009185
0.009079
-0.037529
-0.118318
-0.040164
0.074630
0.077621
0.001395
0.008364
-0.016901
-0.028531
0.003548
-0.141913
0.007345
0.074846
-0.062407
-0.040755
-0.008117
-0.027648
-0.083322
0.028655
-0.012341
-0.034329
0.010508
-0.117342
0.001455
0.095748
0.014462
0.076396
0.015725
-0.097742
-0.126420
-0.020297
-0.067290
0.051776
-0.020252
0.048657
0.091398
0.015231
-0.017160
0.057734
-0.018154
-0.053061
-0.013595
0.125738
0.056784
0.009518
0.056388
0.026064
-0.010786
0.004420
0.072032
0.085805
-0.005678
-0.078629
-0.037324
-0.063524
0.070093
0.033695
-0.063910
-0.103881
-0.041823
-0.040741
-0.051269
0.060855
0.035470
0.040481
0.021180
-0.029998
-0.156068
-0.200638
-0.071681
0.043419
-0.019983
-0.031612
0.078650
0.084196
0.011527
0.125527
-0.019479
-0.082190
-0.058318
0.002156
0.015990
-0.057425
0.036011
0.040323
-0.023235
0.010728
-0.054583
-0.024094
-0.015168
-0.025482
-0.018393
-0.008917
0.081245
0.058062
0.011576
-0.006637
-0.063248
-0.024564
-0.089433
0.012978
-0.094935
0.023718
0.010380
-0.108775
0.058049
0.057369
-0.004061
0.087560
0.028443
0.060057
0.075172
0.019930
0.034703
0.049509
0.112345
0.049015
0.114168
0.156517
0.014376
0.075975
0.001882
0.021766
0.007838
-0.030702
0.000678
0.042214
0.062345
0.028952
-0.010439
0.031391
-0.047723
-0.052124
-0.057196
-0.094882
-0.099700
-0.088312
-0.054826
-0.073298
-0.033967
-0.040230
0.013757
-0.046531
0.018934
-0.072587
0.036741
0.021406
0.026935
0.102809
-0.058361
0.004983
-0.037084
-0.073297
0.021531
-0.013458
-0.026340
-0.156818
-0.041660
-0.003465
-0.011111
-0.073253
-0.015597
0.007118
0.034651
-0.040017
0.003685
-0.022666
-0.036145
0.060415
0.058525
-0.045232
-0.087532
-0.065731
0.052332
-0.062823
-0.061500
-0.022920
-0.006378
-0.005584
-0.030641
-0.051990
0.019626
-0.005984
0.041708
0.087055
0.048150
0.008062
-0.011981
0.023040
-0.030034
-0.003288
0.046420
-0.007341
-0.005225
-0.044279
-0.025707
-0.030358
-0.066407
-0.015890
0.012307
-0.051075
-0.042071
-0.006135
-0.007734
0.007982
-0.048403
-0.020296
-0.039040
-0.007478
0.026054
-0.022594
-0.028955
-0.021364
0.026683
0.011891
-0.055721
-0.011643
0.034104
0.050688
0.045237
0.019592
0.027871
-0.000026
-0.095759
-0.057891
0.047311
-0.020813
-0.047308
0.011329
-0.021460
0.086673
0.074036
-0.077510
0.027846
-0.013611
0.003463
-0.008595
-0.036403
-0.018723
-0.055489
-0.062939
-0.027286
-0.091362
-0.038297
-0.091554
-0.040552
-0.090705
-0.016612
0.035791
0.007120
-0.032062
-0.028357
-0.048800
-0.032271
-0.002850
0.003169
0.033958
0.016721
0.000952
-0.037533
0.001008
0.059670
0.046260
0.023903
0.058281
-0.031545
-0.091199
-0.129571
-0.033876
0.015289
0.056126
0.040783
0.025036
0.045041
-0.014506
-0.015454
0.008249
0.069371
0.001782
-0.016467
0.057127
0.031740
0.120122
-0.040216
-0.049293
0.029730
0.088217
0.154893
0.071143
0.034205
0.054996
-0.047568
-0.042304
0.043807
0.044559
0.018796
0.012311
-0.002115
-0.053641
0.045190
0.042421
0.050223
0.023188
-0.028152
-0.061768
-0.017249
0.013963
-0.004125
0.013348
-0.053798
0.032058
0.037807
-0.024606
0.044315
0.065767
0.005356
0.030543
-0.062628
0.028698
-0.009770
-0.089643
0.026103
0.043288
-0.091219
-0.038586
0.035747
-0.043009
0.027051
0.038279
0.074585
0.096186
0.045585
-0.010043
0.014788
-0.061114
0.022867
0.055500
-0.055317
0.013088
-0.000422
-0.018283
0.003799
-0.105072
0.048543
0.075170
0.060201
0.125222
-0.049003
-0.032879
0.012255
-0.101333
-0.041954
0.048088
0.016780
0.035646
-0.005892
0.036482
0.020333
0.003057
0.041620
0.060440
0.032441
-0.008237
0.040003
0.014430
-0.033754
0.030376
-0.030638
0.077351
0.076822
0.013580
0.066544
0.000800
-0.055260
-0.035276
-0.018804
0.040717
0.010275
-0.019635
0.002161
0.067773
-0.024715
-0.000712
-0.020040
0.066011
0.038558
0.038841
0.076524
0.072393
-0.042674
-0.039757
-0.040085
0.011379
-0.007640
0.066791
0.119956
0.038743
0.084587
0.068848
-0.005076
0.059555
-0.039273
-0.012489
0.059219
-0.029834
0.065594
0.019168
0.109433
0.037378
0.037823
0.090070
0.061521
0.100316
0.022070
0.083070
0.052996
0.023239
0.026399
0.008818
0.058554
0.009693
-0.006676
-0.031933
-0.060963
-0.048897
0.014156
0.014657
-0.001040
0.041961
-0.029453
-0.000545
0.025554
0.023719
0.126849
0.069622
-0.073626
0.012759
-0.065372
-0.049134
-0.011148
0.025309
-0.063564
-0.013182
0.053649
0.016431
0.019428
-0.092424
-0.105299
0.005229
-0.019727
-0.003339
0.054604
-0.009580
0.008708
0.057066
0.018606
0.023168
-0.060101
-0.034220
0.068650
0.036124
-0.018087
0.050637
0.020620
-0.043649
-0.062739
-0.080117
0.051414
-0.009501
0.004853
0.103470
-0.021732
-0.062077
0.007531
0.023636
-0.002155
-0.074430
0.010005
-0.092041
-0.108130
-0.063383
-0.005059
0.026688
-0.069051
-0.007954
-0.065829
0.013145
-0.001279
0.029515
0.033844
0.029702
0.061816
-0.002743
0.043793
0.119743
0.007869
0.010600
-0.006585
-0.056469
-0.030189
-0.047300
0.039612
-0.010444
0.040216
0.096054
-0.076544
0.008781
0.065047
0.008072
-0.056749
0.041577
0.048400
0.041072
0.054953
0.015467
-0.071618
-0.070309
0.013317
-0.000053
0.099306
0.069584
0.113009
0.048067
0.005728
0.089313
-0.017520
-0.003609
