0	30	30	30	30	30	30	218	30	30	30	7172	169	30	30	30	30	30	30	30	30	30	199	30	30	30	30	30	30	30	30	30	30	30	30	30	30	169	30	30	30	30	30	30	30	30	30	30	30	30	30	30	30	30	139	30	30	30	30	30	169	30	30	30	30	30	30	30	30	30	30	30	30	30	30	30	30	30	30	30	30	
50000	30	30	218	30	30	30	30	30	30	30	30	30	30	7172	30	398	30	30	30	30	30	30	30	30	30	30	30	30	30	30	30	30	30	30	30	30	30	30	30	30	30	30	30	30	169	30	30	30	30	30	30	30	30	139	169	30	30	30	30	30	30	30	30	30	30	30	30	30	30	30	30	30	30	30	30	30	30	30	
100000	6608	30	30	30	30	624	30	30	30	30	30	30	368	30	30	30	30	30	30	30	30	30	30	30	30	30	466	30	30	30	30	30	30	30	30	30	30	30	30	30	30	30	30	30	30	30	30	30	30	30	30	30	30	30	30	139	30	30	30	30	30	30	30	30	30	30	30	30	30	30	30	30	30	30	30	30	30	30	30	
150000	30	30	248	30	30	30	30	30	30	6589	30	30	30	30	30	30	30	30	30	30	30	30	30	30	30	368	30	169	30	624	30	30	30	30	30	30	30	30	30	169	30	30	30	30	30	30	30	30	169	30	30	30	30	30	139	30	30	30	30	30	30	30	30	30	30	30	30	30	30	30	30	30	30	
200000	30	30	248	30	30	30	30	30	30	30	30	30	30	30	6698	30	30	30	30	30	30	30	30	30	30	30	30	30	398	30	30	30	30	30	624	169	30	30	30	30	30	30	30	30	30	30	169	30	30	30	30	30	30	30	30	30	30	30	30	30	30	30	30	30	30	169	30	30	30	30	30	30	
250000	30	248	30	30	30	30	30	30	169	30	30	30	8058	30	30	30	30	30	30	30	30	30	30	30	30	30	30	30	30	30	30	30	30	30	30	30	30	30	30	30	30	30	30	30	30	30	30	30	30	30	30	30	30	30	30	30	30	30	30	30	30	30	30	30	30	30	30	30	
300000	30	30	30	30	248	30	30	30	7938	30	30	30	30	30	30	30	30	30	30	30	30	30	30	30	30	169	30	30	30	30	30	30	30	30	30	30	30	30	30	30	30	30	30	30	30	30	30	30	30	30	30	30	30	30	30	30	30	30	30	30	30	30	30	30	30	30	30	30	30	30	30	30	
350000	30	30	30	30	30	248	30	30	30	30	30	30	30	30	7968	30	30	30	30	30	30	30	30	30	30	30	30	30	30	30	30	30	30	30	30	30	30	30	30	30	30	30	30	30	30	30	30	30	30	30	30	30	30	169	30	30	30	30	30	30	30	30	30	30	30	30	30	30	30	30	30	
400000	30	30	30	30	30	30	30	30	30	30	30	8317	30	30	30	30	30	30	30	30	30	30	30	30	30	30	30	30	30	30	30	30	30	30	248	30	30	30	30	30	30	30	30	30	30	30	30	30	30	30	30	30	30	30	30	30	30	30	30	30	30	30	30	30	
450000	30	30	30	30	30	30	30	30	30	30	30	8088	30	30	30	30	30	30	30	30	169	30	30	30	30	30	30	30	30	30	30	30	30	30	30	30	248	30	30	30	30	30	30	30	30	30	30	30	30	30	30	30	30	30	30	30	30	30	30	30	30	30	30	30	30	30	30	
500000	8227	30	30	30	30	30	30	30	30	30	30	30	30	30	30	30	30	30	30	30	30	30	30	30	30	30	30	30	30	30	30	30	30	248	30	30	30	30	30	30	30	30	30	30	30	30	30	30	30	30	30	30	30	30	30	30	30	30	30	30	30	30	30	30	30	30	30	
550000	8535	30	30	30	30	30	30	30	30	30	30	30	30	30	30	30	30	30	30	30	30	30	30	30	30	30	30	30	30	30	30	30	30	30	30	30	30	30	30	30	30	30	30	30	30	30	30	30	30	30	30	30	30	30	30	30	30	30	30	30	30	30	30	30	
600000	8088	30	30	30	30	30	30	30	30	30	30	30	30	30	30	30	30	30	30	30	30	30	30	30	30	30	30	30	30	30	30	30	30	30	30	30	30	30	30	248	30	30	30	30	30	30	30	30	30	30	139	30	30	30	30	30	30	30	30	30	30	30	30	30	30	30	30	30	
650000	7622	30	30	30	30	30	30	30	30	169	30	30	30	30	30	30	30	30	30	30	30	30	485	30	30	30	30	30	30	30	30	30	30	30	30	30	30	30	30	30	30	30	30	30	30	30	30	30	30	30	30	30	30	30	30	30	30	30	30	139	30	30	30	30	30	30	30	30	30	30	30	
700000	7284	30	30	30	30	30	30	30	30	30	30	30	30	30	30	30	30	30	30	30	169	30	30	30	30	30	30	30	30	30	30	485	30	30	30	30	30	30	30	30	30	30	30	30	30	30	30	30	30	30	30	30	30	30	248	30	30	30	30	30	139	30	30	30	30	30	30	30	30	30	30	30	30	30	30	
750000	30	30	30	7344	30	30	30	30	30	248	30	30	30	30	30	30	169	30	30	30	30	30	30	30	30	30	30	30	30	30	485	30	30	30	30	139	30	30	30	30	30	30	30	30	30	30	30	30	30	30	30	30	30	30	30	30	30	30	30	30	30	30	30	30	30	30	30	30	30	30	30	30	30	
800000	248	30	30	30	30	30	30	7742	30	30	30	30	30	30	30	30	30	30	30	30	30	30	30	30	30	30	30	30	30	30	30	485	30	30	30	30	30	30	30	30	30	30	30	30	30	30	30	30	30	30	30	30	30	30	30	30	30	30	30	30	30	30	30	30	30	30	30	30	
850000	30	30	30	30	30	7404	30	30	30	30	30	278	30	30	30	30	30	30	30	30	30	30	30	169	30	30	30	199	30	30	30	30	30	30	30	30	30	30	30	30	30	30	30	30	30	30	485	30	30	30	30	30	30	30	30	30	30	30	30	30	30	30	30	30	30	30	30	30	
900000	30	515	30	30	7622	30	30	30	30	30	30	229	30	30	30	30	30	30	30	30	30	30	30	199	30	30	30	30	30	30	30	30	30	30	30	30	30	30	30	30	30	30	30	30	30	30	30	30	30	30	30	30	30	30	30	30	30	30	30	30	30	30	30	30	30	30	
950000	30	30	515	30	30	7731	30	30	30	30	30	30	199	30	30	30	30	30	30	30	30	30	30	30	30	30	30	30	30	30	30	30	30	30	30	30	30	30	30	30	30	30	30	30	30	30	30	30	30	30	30	30	30	30	30	30	30	30	30	30	30	30	30	30	30	30	30	30	30	
1000000	7938	30	30	30	30	30	30	30	199	30	30	30	30	30	30	30	199	30	30	30	30	30	30	30	30	30	30	30	30	30	30	30	30	30	30	30	30	30	30	30	30	169	30	30	30	30	30	30	30	30	30	30	30	30	30	30	30	30	30	30	30	30	30	30	30	30	30	30	
1050000	30	7998	30	30	30	30	199	30	30	30	30	30	30	30	30	30	30	30	30	30	30	30	30	30	30	30	30	30	30	30	30	30	30	199	30	30	30	169	30	30	30	30	30	30	30	30	30	30	30	30	30	30	30	30	30	30	30	30	30	30	30	30	30	30	30	30	
1100000	1011	6987	30	30	30	30	30	30	30	30	30	30	30	30	199	30	30	30	30	30	30	30	30	30	30	30	30	30	30	30	30	30	30	30	30	30	30	30	30	30	30	199	30	30	30	30	30	139	30	30	30	30	30	30	30	30	30	30	30	30	30	30	30	30	30	30	30	30	
1150000	7216	30	1041	30	30	30	30	30	30	30	199	30	30	30	30	30	30	30	30	30	30	30	30	30	30	30	30	30	30	30	30	30	30	30	30	30	30	30	30	30	30	169	30	30	30	30	30	30	30	30	30	30	30	30	30	30	30	30	30	30	30	30	30	30	
1200000	7720	30	30	30	30	30	30	30	30	30	30	30	30	30	30	30	30	30	30	30	30	199	30	30	30	30	30	30	30	30	30	218	30	30	30	30	30	30	30	30	30	30	30	30	30	30	30	30	30	30	169	30	30	30	30	30	139	30	30	30	30	30	30	30	30	30	30	30	30	30	30	
1250000	6679	1011	30	30	30	30	30	30	30	30	30	30	30	30	30	30	30	30	30	30	30	30	199	30	30	30	30	30	30	30	30	30	30	30	30	30	30	30	30	30	30	30	218	30	30	30	30	30	30	30	30	139	30	30	30	30	30	30	30	30	30	30	30	30	30	169	30	30	30	30	30	30	30	
1300000	30	30	8456	30	30	30	30	30	30	30	30	30	30	30	30	30	30	30	30	169	30	30	30	30	30	30	30	30	30	30	30	30	30	30	30	30	30	30	30	30	30	30	30	30	30	30	30	30	30	30	30	30	30	30	30	30	30	30	30	30	30	30	
1350000	30	7551	30	30	30	30	30	30	169	30	30	30	30	30	30	30	30	30	30	30	139	248	30	30	30	30	30	30	30	30	30	169	30	30	30	30	30	30	30	30	30	30	30	30	30	30	30	30	139	30	30	30	30	30	30	30	30	30	30	30	30	30	30	30	30	30	30	30	30	30	30	30	30	
1400000	30	30	30	30	30	30	7979	30	30	30	30	30	248	30	30	30	30	30	139	30	30	30	30	30	30	30	30	30	30	30	30	30	30	30	30	30	30	30	30	30	30	30	30	30	30	30	30	30	30	30	30	30	30	139	30	30	30	30	30	30	30	30	30	30	30	30	30	30	
1450000	8028	30	30	30	30	30	30	30	30	30	248	30	30	30	30	30	30	139	30	30	30	30	30	30	30	30	30	30	30	30	30	30	30	30	30	30	30	30	30	30	30	30	30	30	30	30	30	30	30	30	30	30	30	30	30	30	30	30	30	30	30	30	30	30	30	30	30	30	30	30	
1500000	8148	30	30	30	30	248	30	30	30	169	30	30	30	30	30	30	30	30	30	30	30	30	30	30	30	30	30	30	30	30	30	30	30	30	30	30	30	30	30	30	30	30	30	30	30	30	30	30	30	30	30	30	30	30	30	30	30	30	30	30	30	30	30	30	30	
1550000	1180	30	139	169	30	30	30	30	30	6314	248	169	30	30	30	30	30	297	30	30	109	30	30	30	30	30	30	30	30	30	30	30	30	30	30	30	30	30	30	30	30	30	30	30	30	30	30	30	30	30	30	30	30	30	30	30	30	30	30	30	30	30	30	30	30	30	30	30	
1600000	1120	139	30	6998	30	30	30	248	30	30	30	30	30	30	30	30	30	30	30	30	30	30	30	30	30	30	30	30	30	30	30	30	30	30	30	30	30	30	30	30	30	30	30	30	30	30	30	30	30	30	30	30	30	30	30	30	30	30	30	30	30	30	30	30	30	30	30	30	
1650000	169	4965	1150	30	30	30	30	30	30	30	1804	218	30	30	30	30	30	30	30	30	30	30	30	30	30	30	30	30	30	30	30	139	30	30	30	30	30	30	30	30	30	30	30	30	30	30	30	30	30	30	30	30	30	30	30	30	30	30	30	30	30	30	30	30	30	30	30	30	30	30	30	30	
1700000	7780	30	30	30	30	30	30	30	30	30	30	30	30	30	30	30	30	30	30	30	248	30	30	30	30	30	30	30	30	30	30	30	30	30	30	30	30	248	30	30	30	30	30	30	30	30	30	169	30	30	30	30	30	30	30	30	30	30	30	30	30	30	30	30	30	30	30	30	30	30	
1750000	8039	30	30	30	30	30	30	30	30	30	30	30	30	30	30	30	218	30	139	30	30	30	30	30	30	30	30	30	30	30	30	30	30	30	169	30	30	30	30	30	30	30	30	30	30	30	30	30	30	30	30	30	30	30	30	30	30	30	30	30	30	30	30	30	30	30	
1800000	6769	1180	30	30	30	30	30	30	30	30	30	30	30	30	30	30	30	30	30	30	30	30	30	169	30	30	30	218	30	30	30	30	30	30	30	30	30	30	30	30	30	30	30	30	30	30	30	30	30	30	169	30	30	30	30	30	30	30	30	30	30	30	30	30	30	30	30	30	30	
1850000	6859	30	30	30	30	30	30	30	30	30	30	30	30	30	169	981	30	30	30	30	30	30	30	30	30	139	30	30	30	30	30	30	30	169	218	30	30	30	30	30	30	30	30	30	30	30	30	30	30	30	30	30	30	30	30	30	30	30	30	30	30	30	30	30	30	30	30	30	30	
1900000	6859	30	30	30	30	30	30	30	30	30	30	30	30	30	30	30	30	169	30	30	30	30	30	30	30	30	30	30	30	30	30	30	981	30	30	30	30	30	30	169	30	30	139	30	218	30	30	30	30	30	30	30	30	30	30	30	30	30	30	30	30	30	30	30	30	30	30	30	30	
1950000	4352	30	30	30	30	30	30	30	30	30	30	30	1744	30	30	169	30	30	30	30	30	30	30	30	30	30	30	951	30	30	30	962	30	30	30	30	30	30	30	30	30	30	30	30	139	30	30	30	30	139	30	30	30	30	30	109	30	30	30	30	30	30	30	30	30	30	30	30	30	30	
2000000	199	4044	218	30	30	30	30	30	139	30	30	30	1684	30	30	30	30	30	30	30	30	30	30	30	30	169	30	1041	30	30	30	30	30	981	30	30	30	30	30	30	30	30	30	30	30	30	30	30	30	30	30	30	30	30	30	30	30	30	30	30	30	30	30	30	30	30	30	30	30	30	30	30	30	
2050000	30	1259	30	30	5510	30	30	30	30	30	30	30	139	30	30	30	30	30	30	30	30	30	951	199	30	30	30	30	30	30	30	30	30	30	30	30	30	30	30	30	30	248	30	30	30	30	30	30	30	30	30	30	30	30	30	30	30	139	30	30	30	30	30	30	30	30	30	30	30	30	30	30	30	
2100000	5570	169	169	1120	30	30	30	30	30	30	30	30	30	30	30	30	199	169	30	30	30	981	30	30	30	30	30	30	30	30	30	30	30	30	30	30	30	30	30	30	30	30	30	30	30	30	30	30	30	30	30	218	30	30	30	30	30	30	30	30	30	30	30	30	30	30	30	30	30	
2150000	30	199	30	1883	30	3657	1567	30	30	30	30	30	398	30	30	30	951	30	30	30	30	30	30	30	30	30	30	30	30	30	30	30	30	30	30	30	30	30	30	30	30	30	30	30	30	30	30	30	30	30	30	30	30	30	30	30	30	30	30	30	30	30	30	30	30	
2200000	30	199	1744	4420	30	30	496	30	30	30	398	30	30	30	981	30	30	30	30	199	30	30	30	30	30	30	30	30	30	30	30	30	30	30	30	30	30	30	30	30	30	30	30	30	30	30	30	30	30	30	30	30	30	30	30	30	30	218	30	30	30	30	30	30	30	30	30	
2250000	3597	30	3003	30	30	30	169	30	199	30	30	30	1011	30	30	30	30	30	30	199	30	30	30	30	30	30	30	30	30	30	30	30	30	30	30	30	30	30	30	199	30	30	30	30	30	30	30	30	30	30	30	30	30	30	30	30	30	218	30	30	30	30	30	30	30	30	30	30	30	
2300000	3131	30	1319	2142	30	466	30	1041	30	30	30	30	30	30	30	30	30	169	30	30	30	30	30	30	30	30	30	199	30	30	30	30	30	30	30	30	30	30	30	30	30	30	30	30	30	30	30	30	30	30	30	30	30	30	218	30	30	30	30	30	30	30	30	30	30	30	
2350000	1774	3101	30	278	30	1041	30	368	30	30	823	466	30	30	30	30	30	30	30	30	30	30	30	30	30	30	30	30	30	30	30	30	30	30	30	169	169	30	30	30	30	30	30	30	30	248	30	30	30	30	30	30	30	30	30	30	218	30	30	30	30	30	30	30	30	30	30	30	30	30	