2.172420
0.869041
0.621872
0.300676
0.263275
0.265665
0.209631
0.234102
0.207003
0.155617
0.180742
0.226692
0.251027
0.131346
0.099207
0.094342
0.056476
0.124811
0.005610
0.130542
0.111944
0.006492
0.096575
0.191322
0.256413
0.176017
0.029460
0.055687
0.106957
0.020757
-0.039550
0.075108
0.015193
0.052117
0.008934
-0.007740
0.058646
-0.010212
-0.034496
0.031567
0.076273
-0.065616
-0.016241
0.153149
0.133358
0.136972
0.042623
0.037195
0.071182
0.073418
0.065973
0.117151
0.009538
0.066018
0.136325
0.096471
0.137954
0.085994
0.087515
0.048590
0.021974
0.045727
0.000391
0.031590
0.080923
0.101515
0.058094
0.119527
0.073032
0.032281
0.141127
-0.004906
-0.069899
0.095648
0.041321
0.075908
0.133685
0.172331
0.076037
0.009880
0.091340
0.036674
0.036800
-0.003414
-0.080148
0.073283
0.037347
0.084490
0.055834
0.148070
0.032963
-0.033762
0.042656
0.128514
0.096922
-0.038995
-0.018902
-0.057022
0.091553
0.092733
0.007142
0.125149
-0.056216
0.029688
0.012757
0.007542
0.020349
-0.053899
0.057044
0.009484
0.017410
0.030398
-0.021549
-0.025092
0.077179
0.042409
0.083376
0.055251
-0.002337
0.077383
-0.019442
-0.003061
0.016699
0.089375
0.126449
0.060976
0.063727
0.045849
0.037431
0.080682
0.072934
0.058523
-0.032631
-0.015869
-0.078428
-0.018042
0.100827
0.072600
0.083396
0.054435
0.051755
0.023085
0.096033
0.076719
0.032349
0.034614
0.033280
-0.027782
-0.096308
0.098411
0.114321
0.121921
0.041998
0.118333
0.057432
-0.024138
0.023401
0.056704
0.045147
0.080463
0.005381
-0.015536
0.039299
-0.017056
0.093751
0.047343
0.003189
0.098127
-0.018227
0.039530
0.047575
0.100426
0.150098
0.052752
0.100450
0.030301
0.016123
0.040503
0.090594
0.033629
0.040645
0.055194
0.056562
-0.037338
0.027916
0.042827
0.063987
0.120235
0.108882
0.068019
0.015563
0.041904
0.069002
-0.061489
0.044114
-0.021705
-0.004970
-0.002609
0.030235
0.063325
-0.018194
0.012379
0.014878
0.049076
0.068683
0.020724
0.023660
0.021116
0.076114
0.138982
0.073523
0.053959
0.030132
0.040686
0.047597
0.099113
0.046188
-0.036087
-0.007859
0.030161
0.043996
0.055212
0.050337
-0.017668
-0.038567
-0.018116
-0.067861
0.152395
0.053552
0.016967
0.005009
0.078751
0.005798
0.039109
0.018477
-0.038987
0.118848
0.107750
0.064243
0.103592
0.066268
0.032380
0.056216
0.080293
-0.015595
0.040403
0.055824
-0.023580
0.061882
0.019961
0.002238
0.065484
-0.005724
-0.011136
-0.085520
-0.069595
0.067826
0.016133
-0.019242
-0.041730
-0.040648
0.027053
0.063462
-0.027445
0.040297
0.061456
-0.064677
0.015430
0.022252
-0.018299
-0.029852
0.124535
0.030535
-0.058561
0.067278
0.143503
0.029940
0.120734
0.042685
-0.001823
0.057119
0.099850
0.033321
0.022039
-0.067949
0.003517
-0.061558
-0.063740
0.094230
0.023541
0.031134
0.073388
-0.007247
0.023429
0.041261
0.037878
0.008936
0.078815
0.014688
0.005815
-0.008221
-0.019681
0.042325
0.017910
-0.025333
-0.038014
-0.031968
0.037336
0.066439
0.042806
-0.019166
0.037887
0.016306
0.084730
0.023312
0.013557
0.029102
-0.055876
-0.055700
0.052705
0.020604
-0.042995
0.034538
-0.043998
-0.039614
0.034388
0.038184
0.054855
0.037870
0.052199
0.028005
0.024858
-0.045651
0.005149
0.017055
0.015402
0.080734
0.059326
-0.016383
-0.064275
-0.027579
0.025100
0.016293
0.032019
-0.024219
0.081291
-0.057780
-0.087859
0.039127
0.006013
0.035856
0.027635
0.031214
0.047393
0.027972
0.043827
-0.030150
-0.047446
-0.108003
-0.121904
0.008501
0.099613
-0.023414
-0.018996
0.027160
-0.046360
0.043240
-0.000275
0.060914
0.025038
0.076126
0.033434
-0.030643
0.009366
0.009576
0.052122
-0.025990
0.004499
0.092816
0.014355
-0.024220
-0.046033
0.020484
0.125737
-0.130780
-0.074157
-0.011289
0.017424
0.062578
0.092575
0.064277
0.023275
0.041059
-0.004396
-0.012358
-0.022475
-0.041190
0.067340
-0.020853
-0.045187
0.097982
0.014381
-0.041371
-0.008801
0.002589
-0.039994
-0.071063
0.001938
0.063271
0.047525
-0.001791
0.031709
0.036038
0.090688
0.085322
0.024586
0.048436
0.027858
0.040325
0.064069
0.034058
0.109850
0.038347
0.027602
0.062095
0.031009
0.027189
0.050059
0.185504
0.001246
-0.012206
-0.038065
0.012084
0.020273
-0.112587
0.064139
0.044673
0.082993
0.140768
0.081340
-0.029191
0.038232
-0.001550
-0.001689
-0.013239
0.044836
0.044131
-0.007872
0.041564
0.060851
0.004397
-0.081100
-0.052800
0.083737
0.015396
0.075295
0.092983
0.044484
0.114754
0.058703
0.072609
0.036931
0.028692
0.033483
0.037030
0.113821
0.078489
0.040637
-0.025562
0.032313
0.082703
0.036471
0.025034
0.081200
-0.004000
-0.071488
-0.021847
-0.061900
0.009476
0.018568
-0.043034
0.046172
-0.021996
-0.014919
0.025836
0.036343
0.080988
0.049166
0.005292
0.002577
0.119227
0.058605
0.026982
0.076085
-0.004469
0.006268
0.047033
0.068467
0.041409
0.081309
0.082944
0.035000
0.013871
0.003617
-0.052529
0.012327
0.007642
0.002612
-0.010529
0.017143
0.112291
0.009218
-0.024027
0.048605
0.110042
0.058871
0.009130
0.009779
0.021447
0.010130
0.004358
-0.035785
0.055961
0.070140
0.033483
0.096293
-0.033983
0.072323
0.094193
0.022914
0.071643
-0.000293
0.014940
-0.026708
0.019043
0.000516
0.109718
-0.056010
0.062649
0.083488
-0.027181
0.059158
0.014497
-0.028038
0.066257
0.054335
0.069073
0.066118
0.085976
0.042539
0.002914
-0.010760
0.039027
0.023548
0.118466
-0.053664
-0.004070
0.048402
-0.061292
0.039843
0.083495
0.041572
-0.014721
-0.039975
-0.074657
-0.012866
0.007166
0.031808
0.061662
-0.026662
0.021752
-0.013785
-0.014301
-0.036322
-0.012807
0.013460
0.023628
-0.016009
0.020530
0.021435
-0.043018
-0.128107
-0.055657
0.029250
0.150244
0.064407
-0.026797
0.069984
-0.001525
-0.002722
-0.047305
0.040356
0.092555
0.044366
0.109563
0.161765
0.068037
0.153356
0.083010
-0.008852
-0.039824
-0.018112
-0.002581
-0.052964
0.038034
0.015108
0.061932
0.112967
0.030343
0.072829
0.067496
0.105574
0.129180
0.014511
-0.005654
0.013546
-0.001275
0.020184
0.034574
0.078713
0.140449
0.028286
0.030802
0.013600
-0.097440
0.001298
0.046954
0.061842
0.105534
0.071686
0.128629
-0.010042
0.013912
0.045338
-0.007233
-0.034857
-0.009069
0.021194
0.022681
-0.053351
-0.098879
-0.024709
-0.005769
-0.127268
-0.085709
-0.005680
-0.076043
0.080325
0.065770
-0.048703
0.032815
0.045928
0.106288
0.059769
0.122712
0.095423
0.043465
-0.002453
0.091720
-0.027951
-0.008163
0.007445
0.058555
0.048260
0.019439
0.032754
0.066466
-0.030001
0.023722
-0.018592
-0.005173
0.095481
-0.064750
0.008582
0.008070
-0.034894
0.031662
-0.024639
0.063775
0.033747
0.048947
-0.072276
0.001529
-0.032962
-0.037014
-0.003484
-0.007678
-0.014940
0.013737
-0.024569
-0.041950
0.052080
0.090369
0.047325
0.050257
0.053123
0.020040
0.043037
0.095008
0.019587
0.003169
-0.097397
-0.118641
0.009182
-0.020506
0.029040
0.056502
-0.035455
-0.014139
-0.071004
0.006124
0.097277
0.067758
0.086863
0.038580
0.045188
0.091130
0.052495
0.041017
-0.011714
0.110914
-0.052558
-0.019043
0.028125
-0.073769
-0.050945
-0.037891
-0.034183
0.079708
0.070297
-0.047270
-0.087508
-0.038345
0.021499
0.009572
-0.021056
0.100513
0.103246
0.026657
0.054106
0.000714
0.034840
-0.032205
0.008332
0.052441
0.017584
0.038882
0.104109
0.011530
-0.089082
-0.017766
0.099092
-0.008460
0.047115
-0.096808
-0.021218
0.024520
-0.125168
-0.039287
0.035030
-0.056113
-0.008404
0.021898
0.011724
0.121059
0.197402
0.043413
-0.051284
0.010364
-0.048980
0.012400
-0.002128
0.091593
-0.020400
-0.039781
-0.033181
0.031032
0.118510
-0.019673
0.007614
0.006088
0.019133
-0.011325
-0.006676
0.024708
-0.068567
-0.022330
-0.032441
-0.004227
0.029366
0.050153
0.038813
-0.016701
0.009349
0.043921
0.059387
-0.035031
-0.046282
-0.006869
-0.030317
0.007526
0.065790
-0.072573
-0.066296
0.030364
0.061129
0.007937
0.033286
0.014149
0.025602
-0.058221
-0.162786
-0.045616
0.025466
-0.040522
-0.049547
0.087985
-0.041447
-0.050447
-0.041906
-0.033357
0.036832
0.055420
0.000897
0.016418
0.010255
0.109328
0.031610
0.005789
-0.079643
-0.042983
0.003229
0.101597
0.129325
-0.035687
0.086724
0.047149
-0.014070
-0.001758
-0.026378
-0.029399
-0.069530
-0.054983
-0.011385
-0.045372
-0.043532
-0.060918
0.020961
-0.031484
0.010931
-0.045227
-0.019704
-0.031695
0.000480
-0.007191
0.057446
0.028048
0.029793
-0.020042
0.004380
0.008065
-0.032679
-0.037772
-0.070000
0.086744
0.027369
-0.038232
-0.002655
-0.003396
-0.024771
0.012394
-0.032300
-0.074904
0.008926
0.010663
-0.015467
0.034295
0.096459
0.100069
0.030195
-0.052559
-0.034875
0.022084
0.070053
-0.014685
0.002687
-0.035441
-0.109824
-0.038103
-0.038904
-0.044887
0.032701
-0.026488
-0.002755
-0.045254
-0.079875
-0.034836
-0.103479
-0.138075
-0.099604
-0.037147
0.004387
0.007241
-0.021400
0.028422
-0.050713
0.027426
0.007162
-0.015077
-0.002863
-0.017373
-0.084667
-0.012090
0.024571
0.007626
0.026741
-0.080268
0.056179
-0.075516
-0.081213
-0.008052
-0.084345
-0.121897
-0.030804
-0.038501
-0.015518
0.020609
-0.008382
-0.024484
0.003491
-0.119429
-0.050261
0.068188
0.048074
0.004038
0.084130
0.036127
-0.049199
0.010057
-0.126096
0.061918
0.112921
-0.058552
-0.000424
0.073040
-0.016948
-0.056279
0.021019
0.048389
0.005598
-0.087721
-0.039923
0.038349
-0.058587
0.058814
0.141073
0.082956
0.024401
0.092604
-0.016811
-0.011577
0.035817
-0.057319
0.029581
0.012353
0.073178
0.097701
0.005046
-0.007152
0.010193
0.030618
-0.022033
0.009616
-0.054798
-0.008335
-0.108112
-0.124357
0.002769
-0.056597
-0.148694
-0.104867
-0.118673
-0.137187
-0.011199
0.002673
-0.042254
-0.088449
-0.008395
-0.101672
-0.018743
0.123379
0.062944
0.030386
-0.004407
0.107274
-0.021242
-0.031311
0.010540
-0.076415
-0.051403
-0.094217
-0.007097
-0.000049
-0.010725
0.101351
-0.004027
0.057548
0.046201
-0.034691
0.096333
0.119715
-0.039019
0.052168
0.012309
0.028381
0.068516
-0.045195
0.007902
0.016128
0.071531
0.056588
0.039048
0.003496
-0.022245
-0.029580
0.018724
0.019408
0.087329
0.032138
0.010382
-0.054719
-0.034668
-0.006406
0.103403
0.061080
-0.034279
0.058561
0.077615
0.049150
0.011471
-0.024612
0.049940
0.010523
0.006864
0.011217
0.065881
0.034299
0.057808
-0.006908
-0.002083
-0.041965
-0.004534
0.001010
0.021217
0.080827
0.004146
0.009068
0.092661
0.008613
0.050447
-0.038291
-0.017293
0.046728
-0.093231
0.019023
-0.025645
-0.030150
-0.046499
-0.102237
-0.023858
-0.084130
-0.121755
-0.043699
-0.049693
-0.119299
-0.020798
-0.061328
-0.051788
-0.010820
0.011120
0.095351
-0.002967
-0.007557
0.036730
0.084717
-0.021176
-0.063690
0.007222
0.061612
0.024218
0.050766
0.021770
-0.048917
0.016639
-0.005292
-0.039463
-0.059491
-0.035424
-0.004593
-0.079372
0.031902
-0.027524
-0.019508
0.024040
-0.061594
-0.015067
-0.040013
-0.139552
-0.075497
-0.017584
0.008939
0.013681
0.029317
0.044843
-0.002882
0.004847
-0.078340
0.074532
0.033181
0.049170
-0.049145
-0.051025
-0.066424
-0.095459
0.032422
-0.012887
-0.077888
0.029636
-0.057215
0.024298
0.020248
-0.023757
0.025489
0.090260
-0.018256
-0.016011
-0.040143
-0.020380
0.029450
0.096254
0.075847
0.081263
0.032720
0.017682
-0.010920
0.019286
-0.008222
0.021687
-0.001388
-0.084866
0.036673
0.062774
-0.024606
0.172372
0.123532
0.064691
0.053899
0.037803
0.088815
0.021949
-0.004022
0.021605
-0.003391
0.070059
-0.082624
-0.120863
-0.020664
-0.094992
-0.019402
0.046914
0.020965
-0.041872
0.074477
0.103461
0.099425
0.045551
-0.036333
-0.012352
-0.054546
-0.005118
0.059014
0.030336
0.081004
0.050118
0.023917
-0.042643
0.015706
0.032518
-0.056057
0.114856
0.011394
0.033814
0.039161
0.055026
0.131935
-0.055720
-0.065515
0.110632
0.017321
0.047499
-0.003184
0.002746
-0.018460
0.026770
-0.043598
-0.004761
0.034653
0.002691
-0.016144
0.034784
0.072766
0.069087
0.022317
0.068876
0.017690
-0.042411
-0.103169
-0.047028
-0.108972
-0.040410
0.049705
0.082844
0.002378
0.122597
0.150268
0.023053
-0.030162
-0.038674
-0.065287
0.026176
-0.026523
-0.003608
0.035909
-0.014417
0.031857
0.002496
-0.132063
-0.099210
0.030460
0.066744
0.020758
0.003808
-0.033353
-0.046940
-0.051867
0.049816
0.096894
0.044008
0.030858
-0.022155
-0.053944
-0.091993
-0.127339
0.016125
0.018059
-0.032484
-0.020735
-0.018517
-0.048281
-0.055572
0.019127
-0.023450
0.047858
-0.044799
-0.070349
-0.000308
-0.069875
-0.025338
-0.073432
0.014694
0.086490
-0.048402
-0.067473
-0.002351
0.023825
0.061719
0.101102
0.119902
0.078962
-0.029604
-0.037451
-0.020539
0.002623
0.004167
0.005470
0.043919
0.114353
-0.003665
-0.024685
-0.001546
-0.049173
0.057338
0.085702
0.107594
0.072160
0.056089
0.010743
0.022156
-0.005989
0.005721
0.087329
0.042001
-0.058873
-0.064485
-0.013230
0.038741
0.046601
0.043171
0.077575
0.037933
0.086838
0.078804
0.008738
-0.025921
-0.007362
0.054769
0.049670
0.026750
-0.006721
0.105412
0.063376
-0.018637
-0.053474
-0.017062
-0.096621
-0.005044
-0.001512
-0.024361
-0.096879
-0.052912
-0.009537
0.018475
0.082213
0.051659
-0.013208
0.045238
0.063949
0.023584
0.064356
0.027574
0.010844
-0.042962
-0.065717
-0.031053
-0.028486
-0.050886
0.044249
-0.058537
-0.093094
-0.006798
-0.069794
-0.070176
0.008060
-0.010203
0.061144
-0.021058
-0.061713
-0.029940
0.026668
0.020848
0.146083
0.080411
-0.102216
0.063960
-0.019184
-0.009288
-0.097315
-0.058722
0.014642
0.046086
0.063410
0.088229
0.106010
-0.008245
-0.031662
0.041134
0.020594
-0.007937
-0.050941
0.052360
0.045780
0.023968
-0.053034
-0.046537
0.053982
-0.035879
0.028863
0.008377
-0.026220
-0.016389
-0.091477
-0.024581
-0.050072
-0.010428
0.083784
0.081775
0.144660
0.105853
-0.051328
-0.000161
0.001688
0.028554
0.080275
0.037282
-0.065325
-0.012414
0.058529
0.029919
0.048656
0.134468
-0.014801
0.024881
-0.068773
-0.054190
0.028810
0.020218
0.092866
0.017648
0.013465
0.004126
-0.009960
-0.081545
-0.039220
0.073763
0.012359
0.086760
0.029204
0.053867
0.112613
0.060620
0.089010
0.005963
0.002162
-0.003109
0.015961
0.002134
-0.012567
-0.053107
-0.033997
-0.068019
-0.016742
-0.019890
-0.043230
0.050537
0.041596
-0.003089
0.052073
-0.032330
0.026855
0.042755
0.057468
-0.072147
-0.018541
0.044099
-0.027810
0.040827
0.065107
0.001396
-0.043837
-0.019077
-0.025065
0.051872
0.100334
0.117917
0.063487
0.099224
0.060317
-0.034017
0.023125
0.003701
0.048193
-0.015049
-0.036799
0.061914
0.106749
-0.009466
-0.009116
0.032345
0.000938
0.024072
0.032509
-0.028890
0.062488
0.030699
-0.018817
-0.017487
-0.002347
0.043133
0.025288
0.024819
-0.017295
-0.012002
-0.014439
0.060536
0.046287
0.040260
0.024421
0.037690
-0.037077
-0.064278
0.016010
0.151014
0.019413
0.081864
-0.007266
-0.033600
-0.014812
-0.101752
0.038800
0.078529
0.050083
0.009176
0.000199
-0.052875
0.019616
-0.056985
-0.027744
-0.070317
0.019887
0.010556
0.044901
0.082161
0.113730
0.034335
0.096589
0.071691
0.010788
-0.030203
-0.030796
-0.071227
-0.035946
0.029269
0.068143
0.039242
0.071717
-0.014420
-0.019477
0.068304
-0.004042
-0.068288
0.038173
-0.030644
0.094588
0.014372
-0.040686
0.060887
-0.071528
-0.054333
-0.034432
0.022891
0.093747
-0.047790
-0.004855
-0.003152
-0.026770
0.023057
-0.004904
-0.038191
0.050420
0.074311
0.111238
0.023581
-0.044809
0.064517
0.132765
0.052981
0.023948
0.071177
0.016638
0.058608
0.023927
-0.041376
0.035872
-0.029712
0.002418
0.113992
0.031308
0.018673
-0.023293
0.006629
0.068063
-0.085240
0.000082
0.009202
0.007985
-0.001205
-0.038722
-0.005504
0.026657
-0.012678
-0.037133
0.033092
0.011925
0.077578
0.067796
0.058374
0.019898
0.045032
0.053988
-0.116775
-0.048372
0.023016
0.001243
-0.038582
-0.002129
0.009132
0.055434
0.008397
-0.040812
-0.015659
0.021708
0.117762
0.026604
-0.017545
-0.010668
-0.074917
-0.146737
-0.025096
-0.036925
0.069411
0.014425
-0.085136
-0.025153
-0.059003
-0.041152
-0.051628
0.014800
-0.050718
-0.017085
0.054768
-0.068810
0.071483
0.002461
0.017153
0.073419
0.014335
0.026133
0.022329
0.007183
0.009787
0.002899
0.009416
0.019656
0.006954
0.043743
0.041190
-0.034970
0.057693
0.028181
0.001962
0.032770
0.062633
0.055143
0.004082
0.076997
0.006221
0.054542
0.068398
-0.063052
-0.063259
0.043185
0.051764
0.038935
0.019737
0.054212
0.067738
0.044804
0.052902
0.010408
-0.112917
0.028347
-0.035661
0.031237
0.003364
0.035024
0.017585
0.018014
-0.002241
0.091123
0.019610
0.074996
-0.010590
0.022957
0.049751
0.011061
0.066399
0.043066
-0.004612
0.096567
0.023846
0.126031
0.064784
0.063084
0.078845
0.037036
0.040118
0.021290
0.020429
0.036220
0.067194
0.068441
0.071102
0.048850
0.093316
-0.020159
-0.099744
0.015274
-0.001236
-0.013013
0.045308
0.047177
0.059088
0.096672
0.048474
0.007182
-0.006656
0.034572
-0.055105
0.015446
-0.008716
0.061808
0.084093
0.016896
0.080162
0.037367
-0.020571
0.103578
0.032107
0.044633
0.058777
0.114083
0.010474
0.002348
-0.050980
-0.045195
-0.028267
-0.075254
-0.021285
0.022691
0.072311
-0.041244
0.030245
0.049926
0.030772
0.094059
0.132846
0.120343
0.077218
0.015937
0.025281
0.012396
0.094296
0.064394
-0.028996
0.041892
-0.015076
-0.014069
-0.022990
-0.026965
-0.043425
0.079556
0.054612
0.036851
0.007144
0.031817
-0.032519
0.040334
0.037617
0.034439
0.022341
-0.009023
0.056600
-0.080690
0.010110
0.088515
0.137846
0.118860
-0.014029
-0.063601
-0.059380
0.025265
-0.051782
-0.028888
-0.020779
0.029988
0.017421
-0.023324
-0.009586
0.055618
0.059788
0.032781
0.041201
0.094169
-0.013534
-0.029185
0.033907
-0.003016
0.098637
0.123037
0.070146
-0.023224
-0.010112
0.055805
-0.117525
-0.051340
-0.075073
-0.055441
-0.057654
-0.058484
-0.009557
0.026232
0.008522
0.009552
0.041950
-0.005270
0.089362
-0.005210
-0.011254
0.009781
-0.068477
-0.047335
-0.035541
-0.110715
-0.084858
-0.081952
-0.033564
0.032286
-0.005925
0.067082
0.167175
0.032955
0.004407
0.143429
0.096380
0.095186
0.032342
-0.004430
-0.027748
-0.039147
-0.076953
0.056812
0.153049
0.040511
-0.015065
-0.017615
-0.008803
0.017978
0.025233
-0.002963
-0.006736
0.028379
-0.018657
-0.045459
0.013128
0.014271
0.039857
0.038437
-0.045291
0.121709
0.034355
-0.001297
0.015855
-0.004483
-0.018481
-0.028467
-0.062067
-0.060392
0.024244
-0.021737
0.029841
-0.004016
0.070755
0.041150
0.079738
0.020843
-0.053707
0.048224
0.033030
0.104674
0.032204
-0.049430
-0.005360
-0.016737
0.019865
0.039710
0.014197
0.058042
-0.016570
-0.006811
0.031143
0.004187
0.021157
0.069278
0.012786
-0.040035
-0.001329
0.032773
-0.007771
-0.027144
0.089934
0.072626
-0.024865
0.011059
0.062137
0.004290
-0.015618
-0.025066
-0.024344
0.012419
-0.063118
0.072109
0.020628
0.030468
0.008935
0.084771
0.143401
0.034243
0.026697
-0.014257
0.062235
0.082956
0.057560
0.001328
-0.008322
-0.071306
0.047408
-0.041441
-0.068020
-0.015613
-0.012043
-0.003528
0.022891
0.013844
-0.003250
-0.001782
-0.021927
-0.050225
0.079150
0.023624
0.046057
-0.078579
-0.039889
-0.001055
-0.016517
0.032473
0.029509
0.097711
0.054321
0.058558
-0.045780
-0.055208
0.030205
0.053830
-0.051857
-0.027758
0.034905
0.107045
-0.018991
0.003061
0.005052
-0.038752
-0.039388
-0.020440
0.143116
0.028442
-0.018731
0.098369
0.039114
0.002994
0.028569
0.012429
-0.043969
-0.029326
-0.082778
-0.070983
0.023096
-0.022132
0.040921
0.030942
-0.100671
0.049724
0.044448
0.044595
0.022889
-0.070718
0.040695
0.011675
0.033633
-0.010339
0.032741
-0.027506
0.033306
0.138027
-0.014093
0.030452
0.008591
-0.040444
0.036913
0.016926
-0.013251
-0.032874
-0.009795
0.074857
0.075898
0.013195
0.083933
-0.000582
0.019707
0.043433
-0.004791
0.026961
-0.005482
0.095026
0.079428
-0.018029
0.061168
0.028684
0.107391
0.103747
0.043977
0.043291
0.014850
-0.042923
0.073836
-0.048165
0.003003
0.079254
0.090834
0.040979
0.036145
0.093678
0.063261
0.044052
0.044624
0.009393
-0.074278
-0.005229
-0.015362
0.073404
0.115413
0.059264
-0.016700
-0.028852
0.069739
-0.051543
0.013019
-0.038486
-0.023507
0.006892
-0.005137
-0.060567
-0.043311
-0.005092
0.003273
0.068010
-0.033223
-0.069111
0.016436
-0.025243
-0.112888
-0.025098
-0.008368
0.025808
0.007679
0.013382
0.032187
-0.045550
-0.075001
0.016513
-0.042859
-0.000595
-0.119329
-0.130763
-0.073948
-0.048785
-0.028116
0.010261
-0.047728
-0.029844
0.013268
0.032515
-0.017478
-0.069251
-0.036478
0.011520
-0.003502
0.110714
0.046137
0.025773
-0.060222
-0.035382
0.077666
0.048415
-0.012244
-0.025913
0.073699
0.004745
0.025135
0.091131
0.027257
-0.030350
-0.097513
0.015928
0.045478
-0.013603
0.038903
0.005525
0.052775
0.008493
0.000897
0.038175
-0.034545
-0.063929
0.014851
-0.009627
-0.036523
-0.083424
0.011112
-0.014402
0.016550
0.092309
0.075797
0.003160
-0.058224
-0.053887
-0.008094
0.032146
-0.028213
0.120182
0.084814
-0.009401
-0.040568
-0.037833
-0.042375
0.115612
0.013543
-0.010927
0.075381
-0.095500
-0.055219
0.071448
-0.000785
0.050702
-0.008624
-0.093477
0.040986
0.055559
0.138083
0.011020
0.021320
-0.064199
0.017199
0.056628
0.031349
-0.090801
-0.051764
0.045801
-0.039070
0.002081
0.032058
-0.066363
-0.032482
0.011729
0.004909
0.074485
0.063803
0.014118
0.039720
-0.022813
0.071007
-0.048521
-0.072488
0.017762
0.067385
0.014716
0.021854
0.020886
0.155949
0.083883
0.004491
0.045907
-0.001694
-0.006492
-0.116906
-0.052980
-0.019047
-0.000140
-0.050818
0.054181
-0.004688
0.058511
0.023637
0.070999
-0.024755
-0.145113
-0.062370
0.013052
-0.036788
-0.039549
0.073764
0.042262
-0.052427
0.033468
-0.008631
0.020533
-0.043704
-0.032047
0.039726
-0.025912
0.036308
-0.071080
-0.069416
-0.010925
0.022326
-0.023836
0.008100
-0.014907
-0.126073
-0.009556
-0.008313
-0.006174
0.022819
0.035380
-0.008653
0.033162
0.090726
0.098821
0.119922
0.021972
-0.004706
0.015989
0.057155
0.057919
0.013588
0.014821
0.027546
-0.026801
-0.056674
0.071257
-0.015115
-0.024267
-0.095366
0.039988
0.025655
0.005396
0.105560
0.029451
-0.036682
0.093113
-0.071235
0.089110
0.053504
0.043367
0.051054
0.020561
0.074005
-0.031217
-0.003750
0.102767
-0.060993
0.004785
0.035300
0.032337
0.009763
-0.011528
0.098035
-0.056809
-0.020603
0.002029
-0.053130
-0.044814
-0.032791
-0.048424
-0.051020
0.025283
0.067040
0.071858
0.020109
0.000293
0.063672
0.066140
-0.009126
-0.093701
0.012666
0.040314
0.007170
-0.015949
0.005997
0.024255
-0.029567
0.026846
-0.025526
0.017641
0.110796
0.030485
-0.027421
-0.077966
0.080727
0.053206
0.011094
0.018747
0.021475
-0.017270
-0.041834
0.033337
0.080010
0.065625
0.055559
-0.044638
0.011823
-0.053847
-0.124226
0.066767
0.018941
0.015052
0.075041
0.031142
0.090015
-0.021165
-0.015196
0.036113
-0.077077
0.013173
-0.133560
-0.016494
-0.052793
0.039490
-0.024935
-0.075979
-0.153437
-0.004709
-0.000494
-0.006474
0.003276
0.053219
-0.035200
0.028913
0.108527
0.040378
-0.106163
0.024510
0.028363
0.076720
0.085505
0.078289
0.023807
-0.040440
0.012898
0.091630
0.008944
-0.020083
0.082897
0.056699
0.048767
-0.017069
0.028669
0.037514
0.017876
-0.093763
0.056993
0.045430
-0.017115
-0.059536
-0.079228
-0.026023
-0.101240
-0.039129
-0.065343
-0.022393
0.011624
-0.061960
-0.027051
0.041413
-0.053190
-0.052586
0.038455
-0.004957
-0.020111
-0.030137
-0.003568
-0.003939
0.007257
-0.082001
0.035595
-0.039434
-0.056181
0.034545
-0.053053
0.054867
0.025677
-0.029854
0.006348
0.011272
0.012974
0.015278
-0.051195
-0.096707
0.015159
0.014347
-0.025828
-0.031958
-0.008805
0.017044
0.013873
0.052591
0.075960
0.073222
-0.016295
-0.010253
0.024714
0.017251
0.155685
0.046352
-0.021335
0.178863
0.081502
0.050576
0.083272
0.022896
-0.040552
0.004366
-0.003894
-0.043183
-0.153787
-0.147540
-0.094675
-0.046938
-0.019480
-0.007798
-0.124488
0.019908
0.094628
-0.020416
0.065396
0.000978
-0.033027
0.071392
0.050348
-0.013532
-0.022706
0.033303
-0.028265
0.032992
0.004146
-0.016741
0.018819
-0.047340
0.032119
-0.054835
0.008642
-0.003571
-0.039539
0.080140
0.009568
0.030240
0.130157
0.078468
0.038650
-0.014523
0.065472
0.103731
-0.028470
0.015071
0.094875
0.064303
-0.027362
-0.024123
-0.042584
-0.049563
-0.015089
-0.039707
-0.017040
0.017435
0.025617
-0.054734
-0.016576
0.029760
0.014870
-0.037714
0.058839
0.016851
-0.015693
0.019301
0.095499
0.027325
-0.020751
0.034465
0.025095
0.075140
0.018656
-0.093424
0.000400
-0.027608
-0.054580
-0.005940
-0.012831
0.001616
0.113308
0.056085
0.040276
0.135215
-0.008676
-0.001001
0.054171
-0.039758
-0.001690
-0.057815
-0.020818
-0.042853
0.053606
0.010138
-0.014576
-0.048086
-0.009367
-0.057535
-0.113080
-0.118608
-0.090964
-0.010887
-0.027263
0.029656
-0.050463
0.021316
0.007578
-0.020786
-0.067014
-0.194058
-0.083184
-0.061729
-0.044688
0.034235
0.071909
0.080672
0.027061
0.062165
-0.016826
-0.020806
-0.016984
-0.062085
-0.116038
0.045733
0.065975
0.125057
0.032564
-0.070771
-0.082154
0.013319
-0.004387
0.045882
0.065502
0.052168
0.078845
-0.014781
0.020398
0.067599
0.065044
-0.001063
-0.031046
0.048167
0.011020
-0.005079
0.006632
0.067671
0.002748
-0.013449
0.120785
0.107865
0.086757
0.124917
0.011481
0.027882
-0.015491
0.005091
0.054081
0.053972
0.028721
-0.018769
-0.065840
-0.084083
-0.159731
0.000995
-0.008816
-0.013066
-0.005416
0.077706
0.026521
-0.082475
-0.074996
0.096668
0.007399
-0.024159
0.001999
0.045166
0.011475
-0.011007
-0.059097
-0.039978
0.074409
-0.048391
-0.019029
0.008167
0.046755
0.065187
0.040875
0.030313
-0.032612
-0.026330
-0.038721
-0.004974
-0.033699
-0.090979
-0.074596
-0.006772
-0.010718
-0.065147
-0.011900
-0.017206
-0.034972
-0.002437
-0.040618
0.046956
0.036836
-0.080427
-0.048270
-0.066221
-0.115300
-0.048097
-0.076317
-0.011264
0.050989
0.033811
-0.002794
-0.049724
-0.030191
0.056119
-0.075106
-0.000552
-0.002366
0.022423
0.068567
0.019724
0.030389
-0.029985
0.048228
-0.023801
0.007152
-0.005520
0.037657
-0.105783
0.062760
0.044947
-0.056892
0.067867
0.078455
-0.106748
-0.085711
-0.007571
-0.006428
0.000177
0.041798
-0.064240
0.042881
-0.107635
-0.078570
0.017007
-0.033263
-0.058124
-0.135747
-0.146932
-0.024290
-0.073306
0.019785
0.035011
0.037738
0.035803
0.096539
0.027936
-0.010737
0.044088
-0.005634
-0.076021
0.007324
0.011558
-0.042311
-0.050689
0.018388
-0.025508
-0.161190
-0.151593
-0.036239
-0.075544
-0.092918
-0.007749
0.017960
0.081761
0.054374
0.065350
0.077622
-0.009689
-0.001462
0.082362
0.058387
0.014035
0.060061
0.095235
0.068127
0.044368
0.022283
-0.019262
-0.011430
0.010591
0.059655
-0.032044
0.007177
0.008237
-0.044634
0.015489
0.029043
0.073594
0.079813
0.132333
0.108408
0.001926
-0.052409
-0.020604
0.033955
0.028167
0.036000
-0.075891
-0.044671
-0.030802
-0.129086
-0.102391
0.065801
-0.005489
0.097464
0.058510
0.038432
0.066045
0.028849
-0.044495
-0.027690
-0.055926
-0.017366
0.044812
0.017852
0.092329
-0.068726
-0.054178
0.008855
-0.017364
0.024514
-0.069561
-0.011815
-0.029018
-0.067631
-0.078946
0.015530
-0.013644
0.018674
-0.026853
-0.087293
0.055662
0.026365
-0.042475
0.089314
-0.013474
0.001648
0.063453
-0.021672
-0.036908
0.075102
0.065470
-0.021920
0.053097
-0.016992
-0.004235
-0.061199
0.052651
-0.060075
-0.061975
-0.044308
-0.079348
-0.022307
0.033204
-0.061701
-0.033539
-0.024028
-0.005943
-0.058884
-0.017628
0.086848
0.013000
-0.027677
-0.072308
0.008774
-0.053248
-0.011143
-0.030010
-0.037858
0.002714
0.075330
0.089732
0.023903
-0.047793
0.055155
0.028338
-0.052958
0.037941
0.010796
-0.109171
-0.011595
-0.001604
-0.009975
-0.077605
-0.134553
-0.060042
-0.031056
-0.065615
-0.099552
-0.012916
-0.021808
-0.056449
-0.058200
0.035347
0.067040
-0.101709
-0.040163
-0.020534
-0.048573
-0.000222
0.010565
-0.016970
0.054696
0.067695
0.029427
0.006699
-0.047903
0.029366
-0.042901
-0.047973
-0.006136
-0.035051
0.014346
-0.064283
0.061230
0.017148
-0.040625
0.069919
-0.038424
-0.012782
0.073654
0.024454
0.038464
0.016233
0.038059
0.042152
-0.014947
0.024379
-0.041807
0.055200
0.052131
0.140928
0.006388
-0.134030
0.030941
0.073237
0.035804
0.062966
0.028817
0.050787
0.046760
0.016949
0.076784
-0.012217
0.003412
0.012732
0.086275
0.057982
-0.034461
-0.020383
0.024919
-0.045765
-0.030940
0.065143
0.016456
-0.016117
0.032752
0.026835
-0.094256
-0.020582
0.070057
-0.011441
0.027120
-0.019782
-0.014207
-0.115541
-0.064318
0.050696
-0.062644
-0.017221
-0.038010
-0.062250
-0.007086
-0.051472
-0.042722
0.048821
-0.022300
-0.100624
-0.026327
-0.077179
-0.035556
-0.054986
0.050803
0.107738
-0.024118
0.062073
0.013355
-0.026975
0.027840
-0.082349
-0.078471
-0.031176
-0.018843
0.020990
-0.074624
-0.059160
-0.051625
-0.033060
-0.036189
-0.061094
-0.012854
-0.057411
0.016575
0.002448
0.048851
0.006965
-0.082923
0.065434
-0.019472
-0.056445
-0.034667
-0.010746
-0.071401
0.001802
-0.042081
0.098168
0.010335
-0.005306
0.081821
0.090281
0.051789
0.069432
0.007504
0.056473
-0.043056
-0.060878
-0.109509
-0.025966
-0.059608
0.035098
0.047870
0.011908
-0.013645
0.065891
-0.065400
0.013387
0.068360
-0.025942
-0.016089
0.037357
0.030030
-0.090859
-0.044431
0.012871
-0.017070
0.016477
0.093616
0.133855
0.031204
-0.033440
0.042514
-0.013084
-0.022526
-0.004641
-0.006942
0.004921
-0.040086
-0.031521
0.023866
0.038285
0.029576
0.057217
-0.071243
-0.035354
-0.063567
-0.153707
-0.030109
-0.049893
-0.057595
-0.032748
-0.034796
-0.058979
-0.003271
0.058238
-0.041285
-0.048777
-0.040430
0.014302
-0.015880
-0.041320
-0.102398
-0.077705
0.008219
-0.017531
-0.033811
-0.018792
-0.042907
-0.089613
0.002716
0.072183
-0.052877
-0.131467
-0.004171
0.013881
-0.031534
0.017442
0.070057
0.103184
-0.077540
-0.035903
0.083559
-0.094679
-0.062110
-0.042340
-0.164951
0.006043
0.031623
-0.004277
0.140444
0.085019
-0.020333
0.000150
0.061842
0.061361
0.065521
0.102483
-0.018170
-0.077974
0.026368
0.045378
0.022092
0.001890
-0.040853
0.043894
0.022518
-0.019556
0.084997
-0.003913
-0.028141
0.070265
0.059162
-0.063844
-0.025938
0.003265
-0.024571
0.010008
-0.143378
0.008619
-0.042240
-0.003464
0.033628
-0.093615
0.023878
-0.014302
-0.062588
-0.041152
-0.033386
-0.017071
-0.089840
-0.055928
0.052865
-0.021401
-0.012436
-0.030178
-0.029529
-0.019964
-0.026519
0.027668
0.042710
0.134814
-0.011555
-0.001316
0.106825
0.053398
-0.063995
0.012527
-0.052844
0.008203
-0.054262
-0.023104
-0.046664
-0.033204
0.032338
0.046914
-0.009009
0.140502
0.013290
0.004526
0.007244
0.104071
0.061379
-0.060796
-0.077714
-0.138089
0.058166
-0.019736
0.101920
0.138048
0.005693
0.034765
0.071270
0.043882
0.022424
-0.066298
-0.073676
0.061053
-0.025404
0.008279
0.059830
0.002769
0.045598
-0.006046
-0.051293
-0.032166
-0.025442
-0.043965
-0.046550
-0.053687
-0.043497
-0.022821
-0.051821
-0.040150
-0.045744
-0.065901
0.034880
-0.090272
0.027026
-0.030606
-0.050768
-0.045340
-0.001910
-0.054797
-0.017626
0.073374
0.087222
0.112747
-0.032679
0.037535
0.062064
-0.025083
0.033660
-0.020432
0.017557
-0.031413
-0.008128
0.019240
-0.062529
-0.111356
-0.030146
-0.068969
0.011294
0.071490
-0.034277
0.000374
0.012216
-0.028040
0.008216
0.060495
-0.022451
0.012543
0.033480
-0.022017
-0.024915
-0.116263
0.009804
0.052397
0.053849
-0.021724
0.085231
0.091514
0.002485
0.082437
0.008143
-0.024535
0.048483
-0.029175
0.023808
0.045459
-0.032440
-0.000513
0.094852
-0.056131
-0.016133
0.029096
-0.112266
0.022338
0.008651
0.076932
0.074583
-0.066733
0.061522
0.059300
0.014171
0.002941
-0.075549
-0.080231
-0.089439
-0.074014
-0.068264
-0.049171
-0.005591
0.004583
0.014772
0.083596
0.034312
0.040459
0.091477
-0.006619
0.003634
0.021076
-0.002035
0.097531
0.058705
-0.000313
0.027392
-0.024344
-0.000026
-0.025963
-0.079239
-0.111923
-0.017913
-0.008431
-0.006738
0.008362
-0.001019
-0.046263
-0.021929
-0.042139
-0.023814
-0.023739
-0.117580
-0.026033
-0.059708
0.097107
0.018317
-0.014364
0.062888
0.050472
0.092564
0.076775
0.056699
0.058455
0.062371
0.086448
0.043046
0.009198
0.064099
0.003526
0.068588
0.037392
-0.031505
0.005565
-0.051917
0.067934
0.086979
0.067805
-0.014628
0.031568
-0.032202
-0.024469
-0.039753
-0.053281
0.000929
-0.036418
-0.111689
-0.065176
-0.074551
-0.061369
-0.036115
0.064314
0.111525
0.021265
0.095989
-0.047590
0.005721
0.091620
0.014050
0.048628
0.074250
0.077305
-0.014720
-0.002828
0.018508
0.039983
0.031029
0.024113
0.036528
0.037714
0.006608
0.094125
0.019652
0.036653
0.048266
-0.093436
-0.058368
-0.026661
0.027500
0.035269
0.007588
0.045041
0.007343
-0.060526
0.103214
-0.028303
-0.053063
0.040284
-0.120541
-0.118367
-0.090694
-0.031376
-0.053897
-0.008475
0.060347
-0.012082
-0.041665
0.067576
-0.114686
-0.034427
0.039301
-0.003814
-0.038442
-0.024410
-0.006726
0.057738
-0.016975
-0.080958
-0.006231
-0.019668
-0.018985
0.087409
0.092694
0.082449
-0.044967
-0.014097
-0.016029
-0.017121
0.012125
-0.007219
0.045515
0.043965
0.089989
0.037178
0.034491
-0.047628
-0.105779
0.037362
-0.014930
0.044366
0.030921
0.052411
0.124755
-0.032626
0.042522
-0.016555
0.053517
0.087849
0.035815
-0.026944
-0.112537
-0.038001
-0.099684
-0.027299
-0.045251
0.023189
0.038841
0.050068
0.043108
0.020936
0.068105
0.111680
0.016048
0.018823
0.060011
0.095313
0.064206
0.121971
-0.049621
0.091080
0.112919
0.036076
-0.003115
0.036105
0.093147
0.056707
0.004583
0.003412
0.002455
-0.001116
-0.062031
-0.057159
0.052287
0.059875
-0.043898
0.078893
0.065488
0.039969
-0.060454
-0.009322
-0.027842
-0.108419
0.008842
0.047724
-0.003173
0.037640
-0.041861
0.013767
-0.001256
0.006472
0.079603
0.065137
0.032757
-0.019144
-0.001934
-0.054862
-0.100287
-0.052898
0.005121
-0.131719
-0.016891
0.061070
0.020344
0.026142
0.000382
-0.058710
-0.074497
-0.042318
-0.069856
-0.007947
-0.042481
-0.139761
-0.108142
0.014560
0.040986
-0.028672
0.058037
-0.069035
-0.037872
-0.030688
0.051769
0.033180
-0.028995
0.061850
0.036526
-0.022268
0.068041
0.023049
-0.042913
-0.018647
0.070586
0.021902
-0.002282
0.024562
-0.067458
0.031625
0.040005
0.055816
0.004959
-0.070865
0.029459
-0.049169
-0.090761
-0.005218
-0.008818
-0.032692
-0.029354
-0.016266
0.008483
0.074471
-0.006883
-0.113379
-0.114724
-0.062674
-0.041822
-0.005433
0.038026
0.019969
0.064138
-0.087188
0.047588
0.070788
-0.061632
-0.012534
-0.036226
0.026965
0.095620
0.021200
0.086973
-0.015330
0.040648
0.051690
0.037409
-0.017041
-0.065989
0.030234
-0.009704
-0.014687
0.035195
0.104970
0.072909
0.002977
-0.031020
-0.021832
-0.017223
-0.018467
0.063876
0.059421
0.106170
0.021399
0.098615
0.006641
0.013723
0.101293
0.022879
-0.046779
-0.110285
-0.068584
-0.071479
-0.018183
0.037084
0.074744
0.031996
0.036513
0.028301
-0.068083
-0.009073
0.011163
-0.082300
0.020853
-0.004786
-0.078990
-0.046927
-0.003909
-0.026157
0.042976
0.097813
0.022822
-0.106500
-0.053794
-0.051196
0.007997
0.030656
-0.043351
0.001167
0.006572
0.022321
-0.010080
-0.033548
0.098108
0.045662
0.093405
0.018278
-0.016874
0.012233
-0.030931
0.051679
0.057593
0.015251
-0.044150
-0.053706
0.018199
-0.002083
-0.023055
0.029666
0.002024
0.019836
0.017442
0.071092
0.130487
0.129439
0.116847
0.099965
0.023629
-0.044212
-0.038866
0.011377
-0.014799
-0.061406
0.016275
0.048678
0.035221
0.134581
-0.021965
0.014340
0.069159
0.014399
0.026903
-0.066692
0.036226
-0.044097
-0.047447
0.036967
-0.015914
0.029621
0.013973
0.071146
0.009064
0.028473
-0.066968
-0.066800
-0.047323
0.029778
0.012276
-0.091604
0.055830
-0.103202
-0.021561
0.090920
0.037064
0.068411
-0.055041
0.047767
-0.080942
-0.030436
0.000212
0.055114
0.067187
0.016602
0.051644
0.011490
-0.004075
0.040588
0.024325
0.035473
0.061916
-0.042805
0.035037
0.022745
0.054344
-0.000226
-0.030720
0.036584
0.090832
-0.058640
0.008960
-0.087854
-0.009190
0.046113
0.057132
-0.046243
-0.057472
0.000905
-0.070464
-0.040067
0.028725
-0.084598
0.047607
-0.011142
0.009071
-0.058019
-0.036348
-0.048555
-0.042606
0.010862
-0.087005
-0.076076
0.026599
-0.038528
-0.018948
-0.020529
0.098802
0.006972
-0.024580
0.041832
0.039760
-0.009779
0.043708
0.024471
0.041743
-0.017908
0.030258
0.025994
0.085472
0.039337
0.028992
0.052106
-0.035254
0.055433
0.029110
0.007005
0.005024
0.001377
-0.038798
0.018533
0.022081
-0.014812
-0.144487
-0.107832
-0.075612
-0.036314
-0.031125
-0.002027
0.014216
-0.082825
-0.007032
0.037912
0.034397
0.144833
0.094259
0.080463
0.051084
0.020050
0.091016
0.156957
0.044758
-0.042307
-0.023593
-0.035388
0.004312
0.012127
-0.014827
-0.073484
-0.095800
-0.083100
0.033974
-0.031070
0.019229
0.073694
0.014048
0.100325
0.101502
-0.007535
0.007076
0.022524
-0.004766
0.016415
0.046115
0.019128
-0.030715
0.009988
-0.030296
-0.020983
0.014269
0.030491
-0.021568
-0.009746
0.016579
-0.061092
-0.063049
0.006283
0.015424
-0.033851
0.036227
-0.010303
0.050964
0.006425
0.072867
-0.022631
-0.039777
0.146174
0.058823
0.008896
0.098669
0.115497
0.051592
0.060866
-0.008984
-0.043837
-0.010886
0.009713
0.029329
0.111396
0.097387
0.054529
-0.031546
0.082963
0.023559
-0.104212
-0.003711
0.049372
-0.010051
-0.036733
0.035199
-0.024085
0.061428
0.016709
-0.092877
-0.021312
-0.005422
-0.074776
0.029932
-0.026098
-0.012100
-0.029630
-0.018403
-0.015769
0.035102
-0.055863
-0.044915
0.090813
0.109930
-0.058897
0.024269
-0.015731
-0.025316
0.082604
0.016034
0.011797
0.021169
-0.063592
0.018191
0.063458
0.087298
0.043679
0.082504
-0.051807
-0.025844
0.002241
-0.067567
-0.072639
0.038878
0.059917
-0.030038
0.107721
0.097971
0.028702
0.044313
0.153040
-0.022446
-0.009941
0.009355
-0.048946
-0.025026
-0.014682
0.033536
0.018046
-0.094728
-0.099217
-0.015616
0.095479
0.120564
0.008532
0.067793
0.030397
-0.025800
0.011141
-0.026640
-0.014609
0.025409
0.110452
0.002821
0.051043
0.024245
-0.100109
0.036379
0.055830
0.033344
0.011502
-0.005566
0.032851
-0.085791
0.034928
0.030600
0.140087
0.025416
-0.010309
0.024000
-0.078008
-0.038137
0.007626
0.044094
0.060268
0.003058
0.014193
0.001961
-0.022294
-0.047636
-0.020664
-0.129297
0.015954
-0.055140
-0.038002
-0.005265
0.076930
0.076526
0.017622
0.084799
-0.097448
-0.008151
0.028502
-0.044001
0.040850
0.024995
0.074382
0.105907
-0.000713
0.050897
0.062626
0.004581
0.039877
0.028960
0.027325
0.045140
0.130208
0.099728
0.120971
0.048242
-0.009191
-0.013168
-0.002631
0.038178
0.046843
0.059602
0.020797
-0.078569
0.070256
0.021333
-0.039196
0.024575
-0.058326
-0.016460
-0.048472
-0.014927
0.014258
-0.029353
0.007542
-0.107889
0.030285
-0.010785
-0.019484
0.033792
-0.096121
-0.028369
0.044514
-0.086757
0.072210
0.051388
-0.053541
-0.011499
-0.051242
0.040005
0.104571
-0.034596
0.006972
0.001770
-0.041906
0.034630
0.066556
0.094187
-0.037180
-0.020349
0.027004
0.035283
0.092417
0.004631
-0.001126
0.076087
0.050290
0.099760
-0.095135
-0.021354
0.115784
0.029929
0.047708
0.079933
0.064162
0.071346
0.022619
0.012594
0.059910
-0.042810
-0.089973
-0.064711
-0.003046
0.060920
0.060885
0.027502
0.018234
0.028024
0.006344
0.021300
0.032620
-0.017206
0.034431
0.019756
-0.009193
0.042843
-0.046625
-0.010138
0.140949
0.062989
0.061133
0.085293
0.149883
0.092860
-0.045745
-0.051297
-0.011625
0.000258
0.049082
0.039680
-0.037086
-0.016368
-0.049535
0.002965
-0.005768
0.045685
-0.020478
-0.014006
0.005035
-0.046842
-0.029708
-0.006460
0.020424
0.060046
0.024444
0.038241
0.040134
0.001809
-0.035151
-0.030426
-0.056703
0.018634
0.007195
-0.035594
0.067149
0.018150
-0.020882
-0.072787
0.022013
0.005530
-0.071812
0.103868
-0.010301
0.059011
0.005027
-0.002416
0.026390
-0.030829
0.063056
0.037201
0.118811
0.104791
0.058035
0.030908
0.100224
0.079577
-0.039540
0.012194
0.049255
0.031544
0.047704
0.030719
0.019506
0.086805
-0.051022
-0.044356
-0.017801
0.066126
0.027018
0.035795
0.074902
0.063121
0.051282
-0.064250
0.046920
-0.014008
-0.086768
-0.023500
-0.062322
-0.064480
-0.074870
0.000973
0.044120
0.029249
0.006150
-0.035648
-0.069875
-0.019243
0.050927
-0.014010
-0.021476
0.008564
0.050034
0.026439
0.010546
0.100312
-0.003482
0.098482
0.025881
0.058755
0.128527
0.025693
0.078549
0.169443
0.057102
0.100163
-0.020124
0.026975
0.085352
-0.002100
0.049946
-0.020854
-0.050570
0.020749
-0.120517
-0.107405
-0.009298
0.017818
0.025175
0.069415
0.091335
0.023271
-0.013784
0.049971
-0.019544
0.052192
0.003660
0.052030
0.013585
-0.062435
0.045572
0.072835
0.089106
0.098649
0.016796
0.031963
0.085903
0.026371
-0.011624
0.004203
0.053128
0.050998
0.071344
0.093230
-0.017056
0.017089
0.003061
-0.022833
-0.110042
-0.013372
0.027878
0.029120
0.076419
-0.066103
0.011852
-0.034201
-0.088207
-0.033189
0.026627
-0.017057
-0.023200
0.058268
0.088718
0.020820
-0.016809
-0.026281
-0.010051
0.049328
0.085967
0.066988
0.089982
0.045348
-0.063590
-0.041468
-0.012969
-0.021505
0.025771
-0.030964
-0.081763
-0.043009
-0.008574
-0.047566
-0.026804
0.006826
0.025815
0.032533
-0.066393
-0.003976
0.002542
-0.040215
0.015110
0.080297
0.015049
-0.000367
-0.018372
-0.071136
-0.083865
-0.044467
-0.019865
0.034056
0.134366
0.014019
0.005242
0.070987
0.003308
-0.104984
-0.044595
0.005053
-0.022396
0.032484
-0.011301
0.006004
0.005160
-0.045726
-0.013673
0.018430
0.024992
-0.019686
0.064775
-0.056877
-0.052696
-0.017235
-0.079399
0.009766
-0.045118
0.002775
-0.057835
-0.040018
0.002459
0.017904
0.047318
-0.007388
0.126913
0.088286
0.022989
-0.061777
-0.014327
0.095673
-0.015366
0.009776
0.014280
0.044835
0.071774
0.035208
0.055015
0.011315
0.031766
-0.055696
-0.047286
-0.042793
0.001167
0.001765
-0.008486
-0.026875
-0.010805
-0.044929
-0.020824
0.081465
0.058206
0.044501
0.040786
0.048227
-0.064617
-0.131240
0.021257
-0.063968
-0.081593
-0.026353
0.026201
0.087346
0.079437
0.017150
-0.011026
-0.014321
0.041124
0.003763
-0.004555
-0.063875
0.026414
0.076132
-0.081199
0.104916
0.039820
-0.044437
0.080138
0.042897
0.122972
0.105101
0.025690
-0.027365
-0.022725
-0.027374
-0.000837
0.023027
-0.010820
0.046675
0.010814
0.030647
0.140065
0.004765
-0.083238
0.064373
0.043422
0.027623
0.108162
-0.017807
0.015623
-0.020295
-0.086320
-0.001871
-0.052890
-0.053521
-0.109330
-0.106817
-0.033957
-0.000239
0.042122
0.045454
-0.029514
-0.017355
-0.015191
-0.047814
-0.052265
0.012319
-0.039898
0.035591
0.085541
0.050099
-0.011438
0.041620
0.097853
-0.028115
0.052267
0.017426
0.042046
-0.003128
0.060323
0.038468
0.034420
0.029049
-0.012356
0.071744
0.032053
-0.011043
0.030445
-0.003451
-0.011248
0.002279
-0.045337
0.041222
0.013491
-0.015161
-0.002831
-0.007352
0.029529
0.016472
0.069357
0.074403
0.081104
0.073041
-0.086705
0.030596
0.074537
-0.023965
-0.035590
0.007525
-0.025256
-0.010988
-0.027356
-0.111006
-0.106662
0.034534
-0.055257
0.014869
0.086062
-0.010001
0.063829
0.042672
0.042527
0.036655
-0.006648
-0.005209
0.049944
-0.044551
0.006342
0.021662
-0.087029
-0.082095
-0.020541
-0.048528
-0.015693
-0.053832
-0.091245
-0.023095
0.008751
-0.085239
-0.098315
0.035107
-0.033702
0.107861
0.088441
0.064053
0.017634
0.032031
0.070649
0.029363
-0.002803
0.040717
0.001825
0.063435
-0.022246
0.013052
-0.015012
0.075198
-0.049700
-0.026495
0.040910
-0.038637
0.103745
0.038804
-0.079880
0.027138
0.055773
-0.005883
-0.002033
-0.094148
0.060186
-0.024682
-0.009622
0.023270
-0.105857
-0.011791
-0.091714
-0.097804
-0.052699
-0.092159
-0.014720
-0.044792
0.037086
0.044234
-0.013098
-0.139741
-0.162666
-0.097510
-0.035422
-0.017082
-0.037481
-0.020086
0.031876
0.135766
0.096190
0.110453
0.092336
0.007643
0.029685
0.054796
0.015141
-0.026947
-0.054484
0.069130
0.027293
-0.036488
-0.009724
-0.087190
0.023275
-0.019776
0.070139
-0.022937
0.018079
0.006111
0.042341
-0.000325
0.017722
-0.064053
-0.016085
-0.018251
-0.020672
0.112342
-0.019853
0.063622
0.098209
0.005794
-0.022479
0.037793
0.017963
-0.016972
-0.057047
0.050408
0.012766
0.007269
-0.043149
-0.012920
-0.029217
-0.031044
0.002026
0.044269
0.111001
0.067916
0.065289
0.132763
-0.046376
0.000697
-0.017634
0.053509
0.002142
0.079303
-0.059323
-0.050306
0.005442
-0.049785
-0.058687
-0.016000
-0.001825
-0.021516
-0.059573
-0.025437
-0.101157
-0.060804
0.018211
-0.047931
-0.107460
-0.058089
0.011037
0.024053
-0.076554
0.066682
0.021670
-0.096162
0.058759
0.029490
0.051740
-0.053878
-0.104427
-0.029719
-0.013901
0.009861
0.003610
0.058339
0.007696
0.014284
-0.072858
-0.066067
-0.072908
-0.051228
0.084169
-0.008227
0.059407
-0.072467
0.042278
0.070617
0.045573
-0.034604
-0.009262
0.053542
0.045279
-0.009493
-0.071400
0.068429
-0.072677
-0.060564
-0.073407
-0.024007
0.045303
-0.042844
-0.004722
-0.066914
-0.013030
-0.006951
-0.014193
-0.037090
-0.050007
-0.007961
0.060539
0.072785
0.124241
0.085597
0.068993
0.065544
0.061716
-0.058123
-0.020392
-0.017963
-0.003397
0.039460
0.021915
0.032124
0.039520
-0.000579
0.001330
0.033359
0.074316
0.096746
0.111326
0.086614
0.021116
-0.003199
-0.060486
-0.032005
-0.023515
-0.025723
0.036851
0.066025
0.028288
0.041016
0.022778
-0.014604
0.009954
0.034419
0.030632
0.007670
-0.140276
-0.048203
-0.033704
0.068353
0.063872
0.049855
0.093638
0.034804
-0.007167
-0.087903
-0.053937
-0.028131
-0.013066
-0.057186
-0.079810
-0.056278
-0.018679
0.006937
0.059048
0.101538
0.029902
0.019444
0.009233
-0.014897
-0.039474
-0.092081
0.024345
-0.009855
-0.014908
-0.016843
-0.067120
0.027800
0.067300
-0.056440
-0.009142
0.086401
-0.030094
-0.045731
-0.016816
0.040187
-0.030703
0.086829
0.077124
-0.025183
0.038968
0.046324
-0.020239
-0.024078
0.025538
0.026360
-0.011170
0.022437
-0.028957
0.053815
0.078601
-0.109912
-0.010796
-0.038156
-0.143970
-0.067183
-0.018118
0.012118
0.065434
0.003579
0.007321
-0.053222
-0.028968
0.030277
0.011127
-0.011247
0.059828
0.026175
0.011408
0.030934
-0.052601
-0.060888
0.004903
-0.005859
0.027699
-0.022908
-0.052733
-0.012336
-0.038725
0.039450
-0.011192
-0.043399
0.062890
-0.011476
-0.054472
-0.022280
0.011987
0.004069
0.046056
0.029185
-0.103502
0.014302
0.031634
-0.007310
-0.064012
0.090513
0.091438
-0.003631
0.043678
0.096366
0.039640
0.050036
0.116528
0.085013
-0.104963
-0.033140
-0.050406
-0.034776
0.081010
0.046718
0.050633
0.015011
0.020023
0.030724
0.027761
0.029303
-0.059248
-0.078386
-0.010809
-0.063509
0.005959
0.024517
-0.029741
0.024806
0.013961
-0.034199
0.062558
-0.005237
0.018492
0.013109
0.038643
-0.102540
-0.036001
0.100120
0.051470
0.112300
0.048202
-0.031281
-0.046064
-0.027455
0.049746
0.052578
0.069754
0.087479
0.038699
0.016363
0.001369
-0.057241
-0.078424
-0.034712
-0.003538
0.010439
-0.131173
-0.068281
0.027293
-0.139809
0.028540
0.059795
-0.068224
0.052489
-0.008139
0.016972
0.019905
0.011839
0.023076
-0.004483
0.055225
-0.008160
-0.034232
0.073719
-0.040802
-0.058851
0.019999
-0.074687
-0.047516
-0.032367
-0.055237
-0.067374
-0.059312
-0.046415
-0.029435
0.075606
-0.007395
-0.101648
-0.008719
0.001530
0.044557
0.015891
-0.039953
-0.064521
-0.014745
0.001410
0.042739
-0.053293
-0.014867
-0.113356
-0.049651
-0.067582
-0.080996
-0.036154
-0.065566
0.074125
0.132896
0.121339
0.023526
0.062747
-0.010588
-0.043404
0.059432
0.046043
-0.005319
-0.040156
0.011496
0.026920
-0.022490
0.094494
0.005550
0.090102
0.109064
0.059737
0.052863
-0.033163
-0.061917
-0.058447
0.002239
0.019415
-0.016880
-0.025163
-0.023855
-0.042243
-0.035309
0.001823
0.081459
0.141307
0.036534
0.030588
-0.013538
0.027906
-0.050131
-0.030872
0.038006
-0.079649
-0.074076
0.054429
-0.085222
0.039205
0.003820
-0.039334
-0.038413
0.035464
0.107744
0.097760
0.050752
-0.028565
0.028756
-0.071382
-0.003887
-0.061909
-0.064013
0.049775
0.059622
-0.093267
-0.048979
-0.039472
-0.045328
0.079247
0.034622
0.012492
-0.007264
-0.003008
0.063889
0.043945
0.007536
-0.030357
0.020504
-0.011598
0.012407
-0.014549
-0.060953
0.022300
0.089814
-0.015808
0.052890
0.033355
-0.018228
0.130288
0.030898
0.084019
0.002874
-0.025476
-0.022570
-0.075479
0.010305
-0.027930
0.013658
0.069356
0.000561
-0.008114
0.007548
0.089032
0.041408
-0.023056
0.052159
0.005526
0.016537
0.037588
0.071465
0.082280
-0.045993
-0.037157
-0.059393
-0.039062
-0.050266
0.036219
-0.026804
-0.022294
-0.013516
-0.012850
-0.072809
0.024051
0.056854
0.048153
-0.000179
-0.016964
0.109840
-0.017443
-0.035490
0.008874
-0.068174
0.012664
-0.105626
0.029795
0.031137
0.001314
0.060512
0.045993
0.084388
-0.015934
-0.017615
-0.050595
-0.007911
0.107050
0.069439
0.025210
0.111157
0.068810
0.069582
0.033072
-0.079462
-0.090354
-0.053459
-0.022418
-0.053892
0.047167
0.000812
0.046387
-0.066242
0.011861
-0.028805
-0.030896
0.060152
-0.021737
0.008705
-0.060900
-0.013569
-0.047377
0.030672
-0.003234
-0.077616
-0.085919
-0.055107
-0.063151
-0.029557
-0.137177
-0.121097
0.028773
-0.012445
-0.072721
-0.008209
0.028336
0.079942
0.038858
0.053190
0.075278
0.022046
-0.088205
-0.019593
0.037749
-0.001984
-0.029673
-0.073615
-0.049434
-0.039317
-0.047435
-0.094613
-0.030292
-0.045650
-0.046528
0.012399
-0.024772
-0.030427
-0.053233
0.011116
-0.065435
0.061106
0.041191
-0.009305
0.001889
-0.022096
-0.067788
-0.032791
-0.046449
-0.069410
-0.024268
-0.060766
0.033395
-0.095040
0.002243
-0.072068
-0.011425
0.041741
0.026513
0.074607
-0.019159
0.090612
-0.044477
-0.051428
0.036111
0.055397
0.020577
0.083076
-0.042279
-0.025305
-0.060282
-0.071983
0.039445
0.051859
-0.000828
0.078872
0.032652
-0.087021
-0.019974
-0.023634
0.029305
0.001821
0.049003
0.030418
-0.042121
-0.008247
-0.046084
-0.032039
-0.064018
-0.070647
-0.030025
-0.104299
-0.078287
0.000456
0.013758
0.046524
0.013357
-0.080504
-0.045686
-0.027143
-0.039623
0.060352
0.052267
-0.003121
0.056991
0.036330
0.041392
-0.053940
0.025015
-0.056264
-0.113233
-0.022317
-0.005155
0.029831
0.006709
-0.037420
-0.005251
-0.031588
-0.039554
-0.145671
-0.037896
-0.055679
0.010386
-0.032743
0.032766
0.015534
-0.023628
0.019531
-0.011775
0.004369
0.010245
-0.007755
0.010792
0.048690
0.084262
0.067225
0.050133
0.032865
-0.107582
-0.072384
-0.004202
0.076492
0.001476
0.023867
0.018233
-0.014709
-0.000443
0.031423
0.033240
0.040728
0.013184
0.037037
0.002189
0.056286
0.037738
0.074497
0.005337
0.081321
0.042771
0.002614
0.076078
-0.042455
0.005902
0.040633
-0.012338
-0.034297
-0.063302
0.057338
0.034273
-0.017399
-0.075546
-0.000519
0.017606
0.034146
0.036162
0.015133
-0.023996
-0.037929
-0.009433
0.021213
-0.010052
0.040001
0.017914
-0.009131
-0.084941
-0.047046
-0.083060
-0.122940
-0.073080
-0.040766
-0.023574
0.002685
0.005441
-0.048964
-0.031433
-0.091682
-0.151659
-0.061112
-0.111666
-0.138904
-0.009766
-0.064680
-0.067886
0.017273
0.010970
-0.057707
-0.130361
-0.000435
0.043765
-0.062937
-0.020776
-0.003559
0.002577
0.005983
0.041065
0.019907
0.055573
-0.059704
-0.001817
0.076836
0.024791
0.064210
0.001326
0.085275
-0.020181
-0.025247
0.057881
0.059068
-0.071339
-0.078878
-0.012549
0.038827
-0.009969
0.011027
0.051089
-0.029794
0.002665
0.062183
-0.044975
-0.068493
-0.058374
0.003638
0.016671
-0.046792
-0.065379
-0.065091
-0.030604
-0.042945
0.020362
0.030722
-0.039650
-0.035854
0.012144
0.085613
0.102340
-0.030222
-0.007350
0.066199
0.004972
0.028060
0.012888
0.037049
0.009206
0.016883
-0.021186
0.019182
-0.000542
-0.038517
-0.000086
0.041794
-0.051533
0.045123
-0.048116
-0.018349
-0.007319
-0.072339
-0.032896
0.034559
-0.047484
0.057931
0.082825
0.042047
0.005356
-0.074750
-0.036135
0.088915
-0.032483
-0.007436
0.076991
-0.016833
0.017361
-0.042747
0.021361
0.115515
-0.067864
0.009260
0.063842
0.056851
0.038965
0.033351
-0.057570
-0.077261
-0.004378
-0.062726
-0.044010
-0.054152
-0.081909
-0.007212
0.047819
0.011935
-0.123392
0.013455
0.077124
0.016469
0.047542
0.020187
0.033378
0.066078
0.041307
-0.031638
-0.012218
-0.072433
-0.046068
-0.016120
-0.037175
0.070829
0.102539
0.024802
0.044832
0.088077
0.089814
0.139677
0.029125
0.067498
0.096014
0.013372
0.042803
0.073579
0.026576
0.031269
0.026173
0.059578
0.121381
0.110830
0.023781
-0.028218
-0.072813
-0.066265
-0.003234
-0.091030
-0.106983
-0.015318
0.046065
0.096416
0.120926
0.046551
-0.031246
0.012811
-0.059186
-0.087588
0.015676
0.066549
0.084105
0.028934
0.050681
-0.015279
0.126526
0.112045
0.032134
0.007299
0.035569
-0.004750
-0.075026
-0.097256
0.036274
-0.029000
-0.106021
-0.003193
-0.038272
0.008140
-0.046372
0.024231
0.057728
0.107056
0.002630
-0.011864
0.031620
0.002646
0.010421
-0.000717
0.051720
0.069106
0.050879
0.082675
0.069871
-0.042580
-0.027568
-0.056419
-0.030813
-0.002437
-0.037716
0.021582
0.063978
0.024203
0.056227
0.030240
0.011714
0.033651
0.015495
0.009716
0.027019
-0.083741
0.068492
0.042697
-0.043928
0.028805
-0.044207
-0.078247
-0.018532
0.084557
0.060982
0.047997
0.094643
0.062071
-0.028678
0.014410
0.085749
0.022855
0.036913
0.061906
-0.031410
-0.000920
0.011115
0.013129
-0.004247
0.027566
-0.021426
0.062071
0.021203
0.063904
0.033720
0.010167
0.115118
0.027544
-0.012024
-0.021547
-0.033112
-0.011964
0.089277
-0.037695
0.033297
-0.048735
0.029367
-0.005700
-0.068093
0.034621
-0.048552
-0.017182
-0.028171
-0.002430
-0.014746
0.054852
0.018692
0.006255
-0.117678
0.023511
0.034813
0.036714
-0.008464
-0.025424
-0.032686
0.045269
0.088858
0.087924
-0.025247
0.032108
0.116338
0.077788
0.050196
-0.005699
-0.057198
0.027968
-0.081149
0.048817
-0.044029
0.003105
-0.030046
-0.105977
-0.072666
-0.011701
-0.096832
0.004657
0.018336
0.009103
-0.003682
-0.012141
-0.068046
-0.068373
0.018267
0.081661
-0.005607
0.012787
0.003353
-0.000397
0.078468
0.082796
-0.012189
-0.132263
-0.047704
0.066071
0.027103
-0.093153
-0.019416
0.073416
-0.076088
0.046658
0.084282
0.005135
0.036074
-0.062151
-0.072321
-0.017917
-0.050636
-0.114135
-0.056066
-0.007307
0.043423
0.069297
0.118371
0.092075
0.030527
0.114536
0.087100
0.045645
0.077420
0.069465
-0.015124
0.024064
-0.006723
-0.011660
0.058481
0.008393
0.003322
-0.058872
-0.056163
-0.006853
0.057834
-0.048653
-0.089338
-0.041933
-0.059835
0.127974
-0.018095
-0.037173
-0.028990
-0.070558
-0.053026
-0.034494
0.026715
0.024785
-0.028000
-0.012998
-0.094666
-0.055868
-0.030482
-0.003914
0.027446
0.075996
-0.011847
0.030609
0.113783
-0.088365
-0.193209
-0.072605
-0.014706
0.044848
0.072060
0.043046
0.078767
-0.021352
-0.074100
-0.035997
-0.034795
0.083551
0.084004
-0.028679
-0.061779
0.034886
0.005904
-0.117281
0.047321
-0.011191
0.024937
0.068191
-0.052304
0.001647
-0.014591
-0.015448
0.026603
0.009881
-0.013633
0.054893
-0.096553
-0.066872
0.035238
0.027244
0.012791
0.011551
0.043492
0.081406
0.076386
0.111176
0.035366
0.013007
0.058998
-0.039335
-0.010605
-0.103576
-0.056751
-0.034369
0.017991
0.090293
0.118960
0.017642
0.038815
0.030109
-0.057254
0.016620
0.018897
0.020909
-0.059055
-0.059168
0.036575
0.102114
-0.011315
0.018071
-0.054261
-0.030620
-0.040143
-0.128960
0.041871
-0.053644
0.040648
-0.024998
-0.011478
-0.006399
-0.011753
0.005219
0.000128
0.011019
-0.066443
-0.100466
0.047101
-0.052556
0.003040
-0.025946
-0.009578
-0.046845
0.010552
0.043007
-0.051265
-0.001508
0.006758
0.012677
-0.006671
0.028413
-0.035985
-0.089861
0.070161
-0.020716
-0.023421
0.035658
-0.040930
0.055300
0.009265
0.032807
0.019198
0.040061
-0.094603
0.032006
-0.040186
-0.014911
-0.033173
-0.036650
-0.068485
-0.067947
0.072485
-0.016029
-0.047140
0.028543
0.028517
-0.002600
0.031136
0.033632
-0.050840
-0.027983
-0.066407
-0.041596
0.015569
-0.007799
0.001439
-0.026173
0.000185
-0.094376
-0.034722
-0.021363
0.049360
0.017891
0.018545
0.000592
0.055314
-0.046800
0.012357
-0.051630
-0.002689
0.023523
-0.045634
-0.044272
0.076584
0.154611
0.161970
0.104282
-0.036529
0.027365
-0.009487
-0.053238
-0.011555
-0.059687
0.042177
-0.008611
-0.018748
0.038250
0.049886
0.001852
-0.099067
-0.093876
0.012882
0.046415
0.017717
0.117163
-0.008155
0.059545
-0.063549
-0.020300
0.054440
0.038701
0.111628
-0.007499
0.011957
-0.005104
-0.028899
-0.054120
-0.020219
-0.063975
-0.091725
-0.016580
-0.026629
0.017032
0.027233
-0.086907
-0.018088
0.016649
-0.053478
0.034531
0.022484
0.155877
0.109491
-0.005618
0.073049
-0.012728
-0.054005
0.013569
0.013125
-0.086232
0.054558
0.072843
-0.032391
-0.085966
0.025822
0.059525
-0.021059
0.022862
0.028114
0.055479
0.021622
0.006973
-0.041264
-0.076248
-0.061304
-0.022573
-0.010944
0.083574
-0.014434
0.043341
0.028151
-0.083701
0.051271
0.100471
0.053021
0.054563
0.106800
0.072203
-0.006593
0.028918
0.030741
0.004003
0.036398
0.090523
0.036827
0.101100
0.029495
-0.008270
0.057067
0.064515
-0.016965
-0.077277
0.051051
0.029920
-0.028682
-0.010553
0.004367
-0.015874
0.008079
0.006725
0.018164
-0.031920
0.028802
0.071322
0.032247
-0.035827
0.031380
-0.024342
-0.108816
-0.077209
0.009290
-0.067828
-0.000088
0.098515
0.041436
-0.026109
0.038996
-0.045309
-0.083864
0.029500
-0.002391
-0.068375
-0.015408
0.013396
0.007499
-0.044068
0.011940
0.014867
0.082865
0.089743
-0.006562
0.021553
0.054957
-0.034715
-0.018558
-0.026486
-0.003814
0.080098
0.044932
0.102321
0.052038
0.012701
0.032779
0.120833
0.055047
-0.063910
-0.013688
-0.134384
-0.022428
-0.021955
-0.050531
-0.063081
-0.000580
0.001357
0.011827
0.087044
0.148806
0.168185
0.101454
-0.004729
0.054738
0.085266
-0.038505
0.000608
-0.025922
0.019060
-0.055640
-0.057517
0.022695
0.059464
0.120024
0.045104
-0.015924
0.028116
0.000413
-0.054149
-0.012269
-0.012462
-0.030959
-0.037531
-0.042090
0.070575
0.020424
0.091175
0.110862
-0.000268
-0.001282
-0.074045
-0.092317
0.031762
0.026170
0.012253
0.026348
0.107030
-0.047143
-0.057040
-0.079081
0.042378
-0.020781
-0.084611
-0.033103
-0.025730
0.001634
0.039499
0.018914
-0.006368
0.018816
-0.050642
-0.030838
0.033976
0.005332
0.007053
0.061240
-0.017828
-0.018001
-0.022414
-0.020289
-0.022964
-0.007640
0.000630
0.009022
0.020958
0.091357
-0.065665
-0.063621
-0.103014
0.054068
-0.035829
-0.023555
-0.039334
-0.065710
0.009570
0.061208
0.008602
0.006329
-0.040538
-0.032564
0.060061
0.022372
-0.013168
-0.121595
-0.015240
-0.004763
-0.099355
-0.117269
-0.023241
0.019116
-0.002089
-0.015964
-0.117832
0.011489
-0.080174
-0.075911
0.006761
0.011299
0.036517
0.000580
-0.004986
0.018126
0.065287
0.046356
0.010791
-0.058064
0.019898
-0.026952
-0.066933
-0.060267
0.037860
0.015093
0.018565
0.134973
0.091463
0.071650
-0.047947
0.057507
0.051443
0.026961
-0.020659
-0.046099
-0.056682
0.038870
0.010157
-0.019977
0.002626
0.015831
0.004361
-0.017251
-0.024256
-0.008613
-0.049828
0.002984
-0.115692
-0.019635
-0.005874
-0.065398
-0.005720
-0.048416
0.024866
-0.048471
0.008097
0.006443
-0.046276
0.016525
-0.045073
-0.107295
-0.092288
-0.077569
-0.090866
0.001036
-0.093500
-0.046094
-0.027197
-0.052648
0.041294
0.056625
0.038917
0.020156
-0.009376
0.045868
0.034508
-0.009131
0.036193
-0.001371
-0.022371
-0.035175
0.010525
0.010690
-0.020938
-0.035460
-0.007165
-0.042706
0.049192
0.025137
0.007010
0.139704
0.054130
0.102161
0.096624
0.063518
0.036838
-0.003956
0.015007
0.030299
0.028341
0.020550
0.064106
0.002943
-0.096781
-0.058286
-0.060417
-0.027493
0.016890
-0.077224
-0.000832
-0.003807
0.052233
0.063854
-0.008812
0.112400
0.082072
0.086559
-0.004356
-0.063891
-0.007414
-0.024548
0.046407
-0.001372
-0.044708
0.008677
0.029242
-0.074377
-0.023208
-0.068550
0.004036
0.071478
-0.030855
-0.014719
-0.061958
0.001704
-0.155018
-0.122006
-0.104714
-0.067939
-0.034178
-0.116615
-0.093243
-0.002341
0.000841
-0.085220
0.006007
-0.041033
-0.027941
0.005217
-0.044060
-0.082071
0.005333
0.088576
0.108004
0.001437
0.015488
0.052849
0.006793
0.014702
0.015489
-0.023911
-0.066553
-0.018544
-0.027603
-0.022768
0.061661
-0.009261
-0.050705
-0.018422
-0.058821
-0.106661
-0.157635
-0.070449
-0.108327
0.027313
0.015764
-0.089811
0.005469
-0.005709
0.028193
0.029932
-0.005138
-0.017199
-0.105138
-0.029815
-0.031260
-0.015468
-0.012205
-0.049426
0.009222
0.078166
0.090294
0.010320
-0.072346
-0.036870
-0.042266
-0.039383
-0.054047
0.070328
0.020916
0.024713
-0.059876
-0.020002
-0.010177
0.050527
-0.012660
0.052057
-0.018708
-0.098482
-0.020755
-0.019093
-0.039399
-0.004262
0.044506
-0.037261
0.071861
0.005970
0.058762
0.138993
0.008367
0.036282
-0.019837
-0.017804
-0.011982
-0.019259
0.002789
-0.007642
0.025597
0.005766
0.017892
-0.033488
0.036476
-0.053614
-0.006878
-0.091881
-0.069123
0.027258
-0.019265
0.022919
-0.029217
-0.058389
0.038768
0.057578
-0.018931
-0.037564
-0.011393
0.026702
0.042974
0.004874
-0.059745
-0.025383
-0.045532
-0.073661
-0.059346
0.021067
-0.067822
-0.037481
0.045407
0.107156
-0.006662
-0.010313
0.111813
0.066285
0.052590
0.083145
0.071739
0.019117
0.023520
0.015919
-0.022443
0.138856
0.073374
0.037901
0.019177
0.003814
0.063127
-0.039195
-0.095070
0.010313
0.012298
-0.050180
-0.010109
-0.023592
0.032514
0.006620
0.056495
0.036249
-0.000111
0.027776
0.010170
0.003179
0.096709
0.008163
-0.000541
0.013695
0.009103
0.074786
0.035257
-0.028112
0.050463
0.073779
0.036613
0.021280
0.049179
-0.042828
-0.072059
-0.065852
0.009983
0.002069
-0.051854
0.020468
-0.074184
-0.015771
0.117929
0.093801
0.072820
0.022277
0.050819
-0.001291
0.070608
0.083275
0.024678
0.033627
-0.018936
0.106156
0.072912
0.069730
0.002065
-0.006866
0.024311
0.008168
-0.004151
0.019359
-0.017533
0.008395
0.014494
0.066272
0.101855
0.117289
0.062254
0.066780
0.029845
-0.002954
0.090210
0.027527
-0.043220
-0.004495
-0.101656
-0.047132
-0.103870
-0.054271
-0.000841
-0.001813
0.012480
-0.081090
-0.005151
0.031281
-0.002547
0.007704
0.046526
-0.020553
0.000633
0.021472
0.016831
-0.042125
-0.005515
0.041737
-0.084549
0.012215
-0.006306
-0.036672
-0.057704
0.002869
0.063966
-0.046856
0.045469
0.087199
-0.008627
-0.007854
-0.031547
0.017972
0.051892
-0.035911
-0.043537
0.017042
0.021588
0.016420
0.057882
0.085197
-0.025347
0.105702
-0.004226
-0.059332
0.091048
0.038766
0.009627
0.051419
-0.072912
-0.052943
-0.002447
0.003055
-0.064234
-0.060567
-0.033717
-0.048881
0.054308
-0.046950
0.074837
-0.046028
-0.054574
-0.018186
0.065058
-0.036274
0.018519
0.016162
-0.082423
0.142162
0.001287
-0.003661
0.047423
-0.022059
-0.027825
-0.055841
-0.061779
-0.075356
-0.029092
-0.014032
-0.042495
0.056205
-0.015814
-0.027075
-0.041545
-0.017177
-0.008018
-0.015492
-0.009971
-0.021048
-0.017385
0.024730
-0.100266
-0.022245
0.013212
0.041398
0.118960
0.086943
0.078765
0.084955
-0.100188
0.049189
0.042790
-0.037371
0.038439
0.094069
0.075738
0.065278
0.020228
0.098485
-0.029815
0.017465
-0.011898
-0.101871
0.047731
0.020149
-0.007512
-0.019787
0.005073
-0.018060
-0.000285
0.063305
0.051103
0.058929
0.108546
0.035891
0.018524
-0.038267
0.020572
-0.012903
0.014287
0.043872
-0.031202
0.101936
-0.019088
0.034875
0.032519
0.038662
0.081411
-0.034895
0.021636
0.093270
-0.071124
-0.034404
-0.049841
0.047055
0.078630
0.001994
-0.027669
-0.015117
0.045839
-0.021232
0.057712
-0.031741
-0.018499
0.061412
0.000166
0.069927
0.079110
-0.053941
-0.101060
-0.063927
0.022646
-0.033635
-0.044837
0.000494
0.055328
-0.095283
-0.151446
0.013406
0.024437
0.019603
0.061031
0.012296
0.003082
-0.032712
-0.065294
0.031808
0.040110
-0.029143
0.048239
0.059926
0.082803
0.052044
-0.059239
0.039598
0.039701
0.105042
0.090053
0.019826
-0.031990
0.000603
0.038303
-0.061538
0.006142
0.082616
0.110838
0.174351
-0.011179
0.105508
0.074250
-0.080180
0.083748
0.031180
-0.017180
0.027013
0.001037
0.101117
0.002818
0.031612
0.091045
0.031134
0.005008
0.066813
0.092967
0.014517
0.051812
0.047354
-0.072235
-0.008489
-0.092100
-0.102816
0.039091
-0.060552
0.037942
0.071041
0.114363
0.088653
0.054967
0.020809
0.075954
0.122163
0.049805
0.043174
0.015571
-0.014775
0.020609
0.031766
-0.025884
-0.007309
0.028630
-0.118469
-0.040669
-0.048841
-0.010723
-0.010802
-0.049300
-0.005586
-0.082020
-0.063110
-0.036886
-0.054994
0.037678
-0.042360
-0.024261
-0.046318
-0.076637
0.028198
-0.026939
-0.005664
-0.002504
-0.027397
0.006145
-0.068591
-0.102847
0.007786
-0.035395
-0.161993
-0.122335
-0.018818
0.004721
-0.145581
-0.051775
0.093603
0.011798
-0.012212
-0.133735
-0.011244
-0.006062
0.026770
0.040271
-0.013601
-0.077831
-0.047968
-0.056922
0.010032
-0.065115
-0.063893
0.025381
0.047486
-0.011962
0.040144
0.048503
0.035495
0.006490
0.091032
0.030280
-0.016113
0.004217
-0.021910
0.021738
0.099431
0.061502
0.135302
0.022331
-0.068473
0.038495
0.077391
-0.036700
-0.073770
-0.018852
-0.025943
-0.058349
0.083257
0.052486
0.034142
0.030618
0.122709
0.098017
0.013495
0.018164
0.076752
0.035335
0.024573
-0.031661
-0.040510
0.004520
-0.042799
0.049387
-0.007231
-0.052531
0.046034
-0.019468
0.037339
0.016966
0.067584
-0.027784
0.037733
-0.015255
-0.051864
-0.047058
-0.065670
0.006638
-0.057414
-0.022962
-0.023726
0.013616
0.005964
-0.045308
-0.002075
0.061371
0.018877
0.017142
0.033477
0.079651
0.045163
0.097069
0.021230
0.047305
0.048482
-0.013659
0.000341
0.081125
0.001953
-0.008643
-0.059188
-0.103879
0.017778
0.003114
0.008443
0.037216
0.129395
0.049456
0.023863
0.004209
-0.038116
0.031414
0.031591
0.015697
0.033434
-0.020210
0.085348
-0.060980
-0.077444
0.072058
-0.034849
0.034787
0.082722
0.004642
-0.018674
-0.088774
-0.092697
-0.015233
0.014327
0.028489
0.014245
0.027732
0.023626
0.060477
0.023904
0.014712
0.017102
0.022893
0.009029
0.013276
0.020416
0.050822
-0.054271
0.051180
-0.061205
0.014109
0.037516
0.005942
0.022099
-0.049221
-0.073468
0.019055
-0.038584
-0.021297
-0.013381
-0.092669
-0.117907
-0.050801
-0.040155
0.077329
-0.053860
0.060271
0.066993
0.104871
0.134155
0.040846
0.075661
0.023997
0.029690
0.010726
0.002435
0.040456
-0.061569
-0.057278
-0.049992
-0.056235
-0.083976
-0.076449
-0.001399
-0.082373
0.002164
-0.001231
-0.042250
-0.160271
-0.097930
-0.002549
0.014501
-0.069667
-0.002776
-0.066398
-0.116738
0.015097
-0.051577
0.003865
0.107348
0.021763
-0.048755
-0.041903
-0.029744
-0.001279
0.019716
-0.025828
0.097550
-0.058180
-0.096449
0.023025
-0.012680
0.007911
0.015509
0.164564
0.173594
0.044092
-0.075041
0.030583
-0.107784
-0.080020
-0.023269
-0.044864
-0.028056
0.088075
0.044782
-0.001494
-0.004423
0.034113
-0.024867
-0.025898
-0.013716
-0.093625
-0.004055
-0.013486
-0.002834
0.045493
-0.034955
-0.010993
0.038482
-0.079383
-0.001621
0.040933
0.141659
0.030566
0.123117
0.140307
0.034266
-0.052007
-0.036107
-0.109828
-0.079636
-0.016290
0.071925
0.086545
-0.002871
0.035429
-0.002639
-0.015176
0.093302
0.020793
-0.009697
0.055974
-0.011990
-0.100608
0.016055
0.013882
0.101760
0.095202
0.047983
0.065642
0.055357
-0.013422
-0.019910
-0.097470
0.000068
0.030839
0.040810
0.015849
0.082902
0.136523
-0.037409
-0.035544
0.012162
0.024142
0.059188
0.044209
0.019674
0.005095
0.012342
0.065038
0.037592
0.009770
-0.018267
0.059048
0.046465
-0.036409
0.063254
0.015977
0.013834
-0.032755
-0.026368
0.047765
-0.023250
-0.022113
0.039285
0.013035
0.086279
-0.016484
-0.042497
-0.010825
-0.028149
0.040845
0.109734
0.056094
0.107996
0.053543
0.053902
-0.026818
0.046688
0.004736
-0.115203
-0.102332
-0.130067
-0.088091
-0.044309
0.002843
0.051383
0.074406
0.091407
0.092767
0.119929
0.018947
0.012977
-0.023957
-0.027780
-0.053265
0.029646
-0.018260
0.086531
-0.029141
-0.036868
-0.055027
0.050372
0.029607
-0.025588
-0.011887
-0.030251
0.056403
-0.064544
-0.025194
-0.006346
-0.046126
0.055034
-0.027669
-0.013318
-0.042881
-0.014961
0.027994
-0.016791
0.021044
0.026877
-0.027276
0.013599
-0.062618
-0.022278
0.023258
-0.073914
0.010359
0.004587
0.004726
0.042080
-0.059153
-0.028338
-0.031926
-0.010568
0.012041
-0.035391
-0.017393
0.003409
-0.034557
-0.061696
0.069567
0.023892
0.000108
0.016339
-0.053443
0.049159
-0.008437
-0.020878
0.059038
0.003246
-0.012695
0.092377
-0.009128
-0.008058
-0.013317
-0.032451
0.006213
0.001519
-0.023659
0.044737
0.008099
0.056375
-0.062499
-0.042738
-0.048617
0.014528
0.071745
0.018105
-0.011898
-0.028082
-0.005782
0.011034
-0.090113
0.046001
-0.027719
-0.006882
0.057502
-0.017823
0.045762
0.074725
-0.111125
-0.104721
0.001908
-0.009382
-0.037455
-0.026951
0.026217
-0.066030
-0.122604
-0.135076
-0.032326
0.008285
0.031954
0.040293
0.011062
0.007232
-0.004340
0.009767
-0.074690
0.039023
0.031168
0.055000
-0.046956
-0.009986
-0.087169
-0.071656
-0.063625
-0.009485
-0.003145
-0.018119
0.008774
-0.033377
-0.072200
-0.055427
-0.031034
-0.008080
-0.047012
0.011818
0.017729
-0.106120
-0.064352
-0.067961
-0.034286
-0.027977
-0.132446
-0.111653
-0.104574
-0.022823
-0.051335
-0.038450
0.037742
0.067469
-0.073384
-0.084938
0.028782
0.025913
0.043879
-0.004662
0.017319
0.079293
0.007032
0.080625
0.068597
-0.043607
0.015123
-0.095195
-0.042783
0.018585
0.042119
0.038187
-0.036811
0.039056
-0.122172
-0.016884
0.094656
0.039661
0.108827
0.068536
-0.011529
0.074363
-0.036260
-0.074451
-0.051327
-0.069748
0.002536
-0.050169
-0.005273
-0.007325
0.100567
0.104646
0.052709
-0.022924
-0.083087
-0.060972
-0.110813
-0.134444
-0.040995
0.028300
-0.024927
-0.049084
-0.045267
-0.020831
0.012825
0.010903
0.053921
0.031131
0.114015
0.070501
-0.006743
0.053651
0.063524
-0.003863
-0.051336
0.008205
0.080433
0.067115
0.021704
-0.046052
-0.010049
0.039601
0.009056
0.091993
0.031888
0.040477
-0.006882
0.063323
-0.012310
0.083887
0.117173
-0.047190
-0.009913
-0.021016
0.000772
0.076656
-0.071343
0.024812
-0.019728
-0.080198
0.031798
-0.022329
-0.063156
-0.113809
-0.029138
-0.124320
-0.074180
-0.033449
0.100523
0.019290
-0.033410
-0.030542
-0.024624
0.028885
0.034975
-0.024682
0.048898
0.036729
0.028739
-0.037560
-0.029022
0.053573
0.013359
0.020273
0.073611
0.019450
0.114699
0.034156
-0.046854
-0.043953
-0.021319
0.009030
-0.008641
-0.132451
0.002833
0.063219
-0.066019
0.048875
-0.014478
-0.019760
-0.034804
0.012261
0.001397
-0.024681
-0.038068
0.018723
-0.013000
0.044538
-0.024115
-0.050515
-0.027115
0.045732
0.022196
-0.034124
0.027678
0.025388
-0.041369
0.014114
0.044561
0.041864
0.022304
-0.004693
0.051442
0.034595
0.066963
-0.023209
0.017824
0.018134
0.040721
0.019161
0.006165
0.029438
-0.098760
-0.048281
-0.010922
0.020563
-0.055666
-0.002086
-0.012803
-0.007594
0.025467
0.011980
-0.005171
0.034700
-0.005186
-0.004389
-0.029351
-0.031473
0.005636
0.010355
0.025933
-0.032100
0.002024
-0.058357
0.039277
-0.082777
0.058488
-0.006161
0.024971
0.025475
0.059276
0.080832
-0.051786
0.088430
0.093362
0.056126
0.029584
-0.018733
0.028362
0.024478
-0.014342
-0.014288
0.018670
0.045417
-0.015616
0.050538
0.025434
-0.019464
0.013163
-0.050130
0.012042
0.017275
0.040174
0.015607
-0.027140
0.069366
-0.019778
-0.027095
0.005251
-0.008702
0.026206
-0.002632
-0.086655
-0.018625
0.023006
-0.002966
-0.043579
0.019159
0.038558
0.011025
0.014335
-0.060929
-0.027859
0.013279
-0.030129
-0.019721
0.031057
0.144749
0.115956
0.077868
0.089067
0.108908
0.028386
0.029877
0.028433
0.023859
0.123796
-0.008536
0.041653
0.033548
0.034223
-0.001713
-0.059547
-0.079965
-0.047451
-0.087637
-0.037171
-0.036729
-0.047045
0.046801
-0.067267
0.020855
0.040663
-0.092672
-0.084807
0.024933
0.020286
-0.025058
0.058299
-0.109229
-0.022314
-0.004104
0.023717
0.062031
-0.009710
-0.046178
-0.060987
-0.064252
-0.033395
-0.067030
-0.051657
0.006526
0.062131
0.044120
-0.035607
-0.000511
0.009640
0.002816
0.064086
-0.010497
0.031705
0.029440
0.041028
-0.033238
-0.021366
0.049120
-0.012423
-0.008999
0.027807
-0.093241
-0.116352
0.002863
0.030673
0.017654
-0.029791
-0.049272
-0.121525
-0.015938
-0.031011
-0.104759
-0.036816
-0.053478
0.018049
-0.038110
0.000083
0.074536
0.024300
-0.047526
0.006200
0.007431
-0.005499
0.082167
-0.096737
-0.040263
-0.026998
-0.076345
0.013197
-0.079311
0.113296
0.016958
0.058560
0.051656
0.080834
0.011578
-0.064676
-0.046389
-0.073613
0.041605
0.034791
-0.005964
-0.075762
0.050644
0.051944
0.033181
0.064532
0.049809
0.005607
0.037475
-0.030513
-0.012311
0.035859
-0.019031
-0.077006
-0.043372
0.010218
0.004718
-0.003019
-0.017523
0.023382
0.086422
0.036868
-0.057285
0.012720
-0.033614
-0.038925
-0.032077
-0.089410
-0.081926
0.002146
0.029310
-0.079710
-0.067597
0.023708
-0.010123
-0.036804
0.024384
-0.014302
-0.011117
-0.089598
-0.085506
0.000258
-0.008656
-0.071172
0.080981
0.103482
0.050894
0.071553
-0.001685
-0.016813
-0.028740
-0.033937
0.000935
-0.080611
-0.087797
-0.059356
-0.001743
-0.028641
0.108976
-0.000526
-0.005083
0.017666
0.028528
-0.092601
-0.085613
-0.098284
-0.125666
-0.013843
-0.081616
-0.173339
-0.154686
-0.114985
-0.023003
-0.086470
-0.023455
-0.026331
-0.004624
-0.042619
-0.034656
-0.041389
0.024639
-0.020577
0.036128
0.020368
-0.111420
0.085052
0.056494
0.053105
0.021604
0.006334
0.013481
0.013787
0.068875
0.074514
0.069997
-0.005821
-0.003838
0.021708
-0.039522
0.011249
0.056225
-0.002647
0.018679
-0.073600
0.042191
-0.057789
-0.071371
0.041456
-0.028724
0.003703
0.004088
0.112680
0.037318
-0.044897
-0.114796
-0.002206
-0.098897
-0.026310
0.074004
-0.005698
0.052612
0.064488
0.001791
0.025186
0.025391
-0.012073
0.062408
-0.051849
-0.007452
0.068812
0.007525
-0.013332
-0.018710
-0.048641
-0.021426
-0.030083
-0.026820
-0.028946
-0.087778
-0.156074
-0.054963
0.020486
-0.005980
-0.006222
0.006615
-0.012503
0.018948
0.025885
0.007935
0.029951
0.052424
0.069272
0.003009
-0.086656
-0.028187
-0.052063
-0.121638
-0.104668
-0.034535
0.015007
-0.031245
-0.000378
-0.003041
-0.061047
-0.045926
-0.010490
0.019365
0.028427
0.019006
-0.032077
0.033465
0.019100
0.065280
0.058549
0.028652
-0.041177
-0.033877
-0.006435
-0.018518
0.062513
-0.041857
-0.016774
0.034083
0.028692
-0.037062
-0.029001
-0.038682
0.047934
-0.057795
-0.068009
-0.045197
-0.034077
-0.022637
-0.008940
-0.062241
-0.112859
-0.073945
-0.091930
-0.046644
-0.042239
0.059775
0.008956
0.048673
-0.028305
-0.072518
-0.030135
-0.052297
-0.000775
-0.070311
-0.110561
-0.030719
-0.021384
0.030435
-0.033613
0.063705
0.008426
0.013715
0.015852
0.116678
0.071030
0.024447
-0.016977
0.002012
-0.074820
-0.047215
-0.002004
0.054771
-0.039084
-0.078757
-0.025992
-0.036328
-0.019392
0.089602
-0.005953
0.026895
0.036634
0.013067
0.144196
0.034750
-0.060268
0.016233
-0.034589
-0.021701
-0.023504
0.013911
-0.066895
0.062126
-0.039483
-0.084240
-0.007317
-0.052042
-0.004637
0.037499
0.069098
0.046202
0.098029
0.111148
0.100599
0.015308
-0.009263
0.022604
0.072925
0.029861
0.007876
0.010117
0.042132
0.021237
-0.039630
0.048900
-0.017279
0.049010
0.059869
-0.037632
-0.040562
0.063994
-0.001849
0.110276
0.061512
-0.114890
-0.036272
-0.043086
0.048861
0.020884
-0.046995
-0.117031
-0.007115
-0.045404
-0.078802
-0.082183
-0.061765
-0.100983
-0.033025
-0.105527
-0.033361
-0.024735
-0.088729
0.021980
-0.011954
-0.021760
0.012246
0.023435
0.148241
0.019888
0.136997
0.094693
-0.029031
-0.024875
0.084622
0.043285
0.014812
0.136546
0.010361
0.036198
0.076181
0.092325
-0.044441
-0.012845
-0.026395
-0.006857
0.002615
-0.074341
-0.106391
-0.007188
-0.092398
-0.120780
-0.028365
-0.122002
-0.047750
-0.072946
-0.099087
0.033436
0.064267
0.017252
-0.033161
0.004810
0.014698
-0.033856
0.043069
0.053534
0.052749
-0.004685
-0.039191
0.003819
0.138119
0.060336
0.072672
0.086536
0.020716
0.054848
0.064274
0.001751
0.048246
0.082107
-0.003795
0.029920
0.073584
-0.017034
0.092311
0.120712
-0.040993
-0.020518
-0.042855
-0.037470
0.029920
0.084455
-0.031053
0.130569
0.034203
0.010005
0.024176
-0.045377
0.025865
-0.007969
-0.016936
0.030484
0.037806
0.086763
0.023349
0.003231
0.091026
0.076061
0.041756
-0.047405
0.082853
-0.013342
-0.040656
0.044613
0.021380
0.039983
0.105755
0.071844
-0.008307
-0.001100
-0.083692
0.088017
-0.064232
0.122241
-0.071688
-0.047775
0.002796
-0.110032
-0.083578
-0.098067
0.022349
0.004557
0.004598
0.012235
0.010987
0.054855
0.033084
-0.066452
-0.048152
0.040243
0.088757
0.035448
-0.001157
-0.026015
0.084851
0.051953
-0.097825
0.006763
0.017531
-0.026978
0.026982
0.003285
-0.017782
0.012875
-0.059736
-0.025068
0.031353
0.001139
0.014593
0.037013
-0.007641
0.011004
0.035457
0.012457
-0.031526
0.053731
0.012571
-0.024271
-0.013380
0.013427
0.027807
0.062462
0.072093
0.069946
0.074233
0.031345
0.021418
0.055765
-0.048790
-0.040331
-0.031611
-0.061357
0.007606
-0.044116
0.038344
-0.012952
-0.063379
-0.009843
-0.051713
0.034593
-0.027126
-0.049349
-0.029910
-0.052268
-0.092628
-0.074051
-0.058940
-0.010188
-0.027764
-0.067141
-0.048661
0.074040
-0.026289
0.006844
0.031470
0.080958
0.138492
0.056930
0.035082
0.066286
0.020979
-0.042362
0.047545
-0.026183
-0.034167
-0.038283
0.104915
0.002022
-0.060542
0.077726
0.042506
0.034079
0.093631
0.026322
-0.052352
-0.023057
0.019558
0.005888
0.020283
-0.045910
0.036333
-0.022271
0.044177
0.049159
-0.017633
0.041560
0.088604
0.129888
0.033538
0.087150
0.019366
0.002106
0.000542
0.024063
0.084560
0.062638
0.038342
0.028583
0.003963
0.096581
-0.097702
0.064177
-0.034621
-0.080213
0.071403
0.029576
-0.001347
-0.033896
0.015828
-0.075374
-0.002935
0.001838
-0.132358
0.023188
0.063144
0.040740
-0.003776
-0.053346
-0.031915
0.014914
-0.036722
0.038187
0.064076
0.084355
0.026816
-0.026965
-0.079207
-0.042533
-0.006996
0.077023
0.039261
0.011360
0.078238
0.091459
0.032098
0.067642
0.016446
-0.016827
-0.024662
0.050639
0.003264
0.059882
0.012100
-0.041036
-0.012507
-0.061564
-0.039668
-0.032023
-0.032767
-0.140573
-0.026277
0.040939
0.014083
0.134021
-0.063950
0.061019
-0.013252
-0.033237
0.076894
0.064733
0.116551
0.027636
-0.019332
0.023223
-0.035915
0.025488
-0.044232
0.001041
0.026636
0.074026
-0.063434
-0.021264
-0.031774
-0.002304
-0.022840
-0.039690
0.047723
0.013784
-0.020490
-0.010611
-0.035492
-0.051399
0.037520
-0.027417
-0.006524
0.038743
0.053527
0.048974
-0.052108
-0.100850
-0.059182
-0.067535
-0.091707
-0.046474
0.004815
-0.021589
0.115654
0.113682
0.065695
0.061919
0.026018
-0.074871
0.031511
0.032838
0.050505
0.001920
-0.037677
0.007738
-0.051852
-0.030609
0.038582
0.042795
-0.067415
-0.024001
-0.031172
-0.039530
0.065249
0.080227
0.015650
-0.015188
-0.058274
0.048971
-0.010404
-0.037963
0.073519
0.027955
0.029629
-0.048207
0.003600
0.012555
-0.044322
-0.053834
-0.001388
0.088459
0.103808
0.031497
0.081508
0.061567
0.006733
0.031691
0.003156
-0.108161
-0.007412
0.000955
-0.049003
0.026173
-0.085644
-0.035743
-0.011574
-0.006080
-0.048261
0.023225
0.128124
0.035045
0.021959
-0.008486
-0.005344
0.089624
0.029504
0.033461
0.008643
-0.018013
-0.065644
-0.013525
-0.043109
-0.024655
-0.037513
-0.052350
0.036218
-0.039845
-0.027098
-0.062548
-0.089508
-0.014972
-0.009491
-0.020987
0.046142
-0.001790
-0.019750
0.067529
0.012314
0.072507
-0.019820
-0.024893
0.071984
-0.050959
0.019797
0.033785
-0.017602
0.019369
0.036413
-0.025843
-0.038948
0.010608
-0.083087
-0.114932
0.054587
0.099721
-0.021803
0.018742
0.038220
-0.014335
0.007896
0.046105
-0.029191
0.010907
0.045503
0.002408
0.038261
-0.043450
-0.034975
0.049414
0.012359
-0.068828
-0.088842
-0.047838
0.014152
-0.040061
0.032823
0.027306
0.033339
0.142539
-0.025025
-0.032294
0.059634
0.000057
0.048104
-0.030814
0.022036
0.001681
-0.013016
0.002469
-0.008649
-0.010070
0.001789
0.029821
-0.030094
0.033861
-0.099050
-0.058299
-0.032906
-0.036487
-0.081000
-0.081386
0.012764
-0.053390
0.031002
-0.003262
-0.088371
-0.124910
-0.063181
-0.019459
-0.060629
-0.005918
-0.035060
-0.009677
0.028712
0.059145
0.018233
0.029361
-0.019563
-0.059408
0.066503
0.012579
0.058299
0.044948
-0.012559
0.055710
0.012579
0.040802
-0.045230
-0.082040
0.028074
0.090317
0.033542
-0.004457
0.001614
0.002241
-0.005392
-0.061059
0.070272
0.037078
0.031546
0.033377
-0.004307
-0.078139
-0.061509
-0.069240
0.023547
-0.096699
0.047584
0.066855
-0.031011
0.041577
0.088462
-0.088249
-0.032805
-0.088169
-0.094643
-0.042773
-0.081670
-0.001110
0.024830
-0.028784
-0.063848
-0.016494
-0.055311
-0.022896
-0.055275
0.001180
0.053739
0.074808
0.090858
0.087698
0.016302
0.012039
0.051450
-0.011726
0.039927
0.020357
-0.057740
0.012565
-0.016513
0.047318
0.043112
-0.011767
-0.089893
0.041007
0.048746
0.126051
0.099307
0.121083
0.037437
0.009840
-0.018071
-0.051184
-0.091632
-0.092169
-0.008601
0.004138
-0.010950
0.045050
-0.032606
-0.057420
-0.043285
0.003625
-0.020272
-0.177946
-0.111701
-0.030838
0.014775
-0.020126
0.066028
0.007457
-0.089151
0.048642
-0.149950
-0.011962
-0.054016
-0.139694
-0.007111
0.032609
-0.001880
-0.013759
0.011682
-0.001483
-0.018738
-0.076158
-0.061400
0.103240
0.081465
0.013604
0.108677
0.047212
-0.015869
-0.016704
0.088036
0.030489
0.077669
0.028423
0.062131
0.068634
-0.082049
-0.038992
-0.037396
-0.003385
0.052270
0.053389
-0.052436
0.094959
0.013401
0.003455
0.015979
-0.014892
-0.042352
0.016197
-0.084338
0.013782
0.040118
-0.034238
0.032023
0.051281
0.029078
-0.023196
0.120637
0.068919
0.025660
-0.001192
-0.035024
-0.044682
-0.063558
-0.034825
-0.058423
0.019961
0.030951
0.037277
0.150987
-0.043772
0.061135
0.131634
0.035858
0.079319
-0.017331
0.003125
-0.027473
-0.026740
-0.001459
0.021653
-0.027046
-0.011688
0.055213
-0.036689
-0.002498
-0.033078
-0.057807
-0.008403
-0.017865
0.060575
0.073576
-0.005392
0.048737
-0.090233
-0.011804
-0.087400
-0.132732
-0.008050
-0.101709
-0.019538
-0.077507
-0.046840
0.019552
-0.010123
-0.080032
0.015690
0.015548
0.036474
-0.054366
-0.086334
0.065951
0.018627
0.119625
0.037616
0.058728
0.128296
-0.039450
0.026188
0.048530
0.012403
-0.066676
-0.091090
-0.101770
-0.007616
-0.013123
0.011352
0.012465
0.059300
0.098512
0.028387
-0.035151
0.022352
-0.134233
0.065484
0.007586
0.036211
0.048881
-0.027696
0.053162
0.037307
0.021788
0.046261
0.052209
-0.000787
0.048865
0.028950
-0.102542
-0.034574
-0.011671
-0.034450
0.020558
-0.014395
-0.018019
-0.000760
0.003912
0.038032
-0.018558
0.054640
0.063200
0.014721
0.090100
0.046048
0.037612
0.055528
0.070732
0.044096
0.094432
0.110252
0.113886
0.075792
0.023100
0.060801
0.055222
0.032204
0.006058
-0.013084
0.107078
0.042476
0.005532
0.029578
0.030183
0.050561
-0.002379
0.091726
0.021932
-0.018624
0.073073
-0.023936
-0.071024
0.007716
-0.052024
0.008099
-0.022206
-0.034533
-0.004906
0.024650
0.110646
0.033553
0.065192
0.070775
-0.018871
-0.011684
0.011033
0.015156
-0.061412
0.020819
0.061314
0.082400
-0.076620
-0.017931
0.016272
0.154946
0.099748
-0.053801
-0.024925
-0.000230
0.103319
-0.005884
0.011809
0.031559
-0.084302
0.037527
-0.008134
0.003014
-0.011571
-0.058885
0.020906
-0.012852
0.002374
0.053387
0.024412
0.017673
-0.052612
0.136242
0.114144
0.048682
0.111997
0.055021
0.108685
0.075655
0.039635
0.047984
0.148374
0.037251
0.004793
0.003813
0.016784
0.008609
0.012974
-0.064126
0.004653
-0.027374
0.102807
0.115000
-0.027636
0.007462
-0.018350
-0.076242
0.043632
0.031952
0.006265
-0.009297
0.001894
0.003373
0.087039
0.036796
-0.003679
0.006572
-0.098644
0.094174
0.050615
0.003791
-0.009515
0.070391
-0.058139
-0.148155
-0.065416
-0.113547
-0.000176
0.012887
0.050523
0.111724
0.016213
0.066687
0.072501
0.140000
0.093920
0.047080
0.075490
0.021031
0.069371
0.017481
0.034539
-0.031790
-0.064965
0.021535
-0.039945
0.000719
-0.015587
0.038500
-0.014692
-0.046354
0.026062
-0.024637
-0.047679
-0.015914
-0.007461
-0.023382
0.125830
0.012039
-0.002597
-0.028728
-0.072795
-0.091366
0.056169
-0.013717
-0.021752
0.031228
0.121472
-0.003090
-0.030246
-0.009397
0.037875
0.013143
-0.017639
0.011784
0.102760
0.047799
0.052409
0.169874
0.052989
-0.005209
0.056850
0.027589
0.002496
0.001063
0.056996
-0.003903
-0.002382
-0.035300
-0.089976
0.018222
-0.045996
0.016173
-0.029595
-0.040317
0.058126
-0.007367
-0.041917
-0.167748
-0.061534
0.036446
-0.040615
-0.029969
0.041114
-0.014347
-0.037447
0.021264
-0.030050
0.037817
-0.038019
0.018041
-0.020881
-0.077107
0.000028
0.014904
-0.018147
-0.058582
0.003526
-0.041989
-0.014862
0.004853
-0.045978
0.048220
0.008721
0.019736
-0.002389
-0.117738
-0.054806
-0.026905
0.005951
-0.054232
0.093892
0.027313
-0.031245
-0.093019
-0.051707
0.015954
0.046155
-0.008149
-0.127504
-0.021716
0.047882
-0.040752
0.054660
0.125032
0.053922
0.056043
0.081171
-0.050736
-0.017054
0.027529
-0.026337
-0.019547
0.094049
-0.028582
0.003269
0.047500
-0.142791
-0.039258
-0.022873
-0.032762
0.028765
-0.023064
-0.019262
0.021888
0.039450
0.005101
-0.050906
-0.016278
0.019899
-0.014462
0.027082
0.029962
-0.038613
0.008797
0.005288
0.017689
-0.014874
-0.005253
-0.010967
-0.050345
-0.022938
-0.042824
-0.004272
-0.075332
-0.004907
0.019733
-0.043643
0.033894
0.021458
0.044201
0.040868
-0.066753
-0.082395
-0.009010
-0.045592
0.032946
-0.066921
0.067971
0.108474
0.058628
0.000569
-0.043078
0.003423
-0.068300
0.034177
0.072364
-0.095028
-0.000972
0.069712
0.030598
0.003021
0.047198
-0.069879
-0.004677
-0.008498
-0.056618
0.008385
0.038906
-0.001036
-0.026233
-0.022238
-0.024499
-0.048805
-0.054753
-0.106361
-0.086150
-0.074757
-0.046268
-0.055105
0.042673
-0.031999
0.040153
0.010815
0.008742
-0.045909
-0.086293
-0.055327
0.015143
0.031209
-0.063961
0.027458
0.026431
-0.064507
-0.058079
-0.000200
0.013934
0.043095
-0.014480
-0.049784
-0.006509
0.013005
0.018787
0.100462
0.069705
0.098531
-0.050941
0.008923
0.060379
-0.015055
-0.010901
0.011304
-0.039740
-0.036009
-0.015900
0.038078
0.014862
-0.041084
-0.029905
-0.066446
-0.041697
-0.041623
-0.154224
-0.071065
-0.011412
-0.018446
-0.082185
-0.059471
0.003979
-0.014897
0.040862
-0.055707
0.057242
-0.004505
0.004927
-0.017936
-0.132117
-0.050995
-0.002532
0.148549
0.011440
0.050003
0.103217
-0.061099
-0.003471
0.008570
-0.028435
0.017835
-0.060024
-0.042815
0.002178
-0.027022
0.049583
0.073128
-0.077606
-0.066239
-0.020960
-0.020293
0.022692
-0.025674
-0.013198
-0.097061
-0.033725
-0.000089
-0.040814
-0.004893
0.029818
-0.046398
-0.070677
-0.018877
0.053517
0.001934
0.023984
-0.019154
0.050234
-0.016997
-0.043867
0.023601
0.048496
0.037838
0.045297
0.086359
-0.007467
-0.015295
0.038888
0.017965
0.045607
-0.029186
-0.016359
0.039248
0.021374
-0.001416
-0.036052
-0.014064
-0.005149
-0.012066
-0.023118
-0.037328
-0.031927
0.063010
0.053073
0.035278
0.045374
-0.038969
-0.047534
-0.055749
-0.064551
0.001630
-0.091381
-0.014781
-0.015164
0.043149
0.002722
0.023675
-0.043316
-0.053834
-0.046440
-0.083989
-0.048663
-0.042143
-0.020892
-0.096863
-0.142115
-0.054341
-0.027827
0.059794
0.042057
-0.044202
-0.043470
-0.077882
0.025314
0.005841
0.004160
0.112389
0.027420
-0.003798
-0.072787
-0.009236
0.087002
-0.016413
0.054672
0.036395
-0.035993
-0.078732
-0.063390
0.019870
0.076377
0.077524
0.007664
-0.088846
-0.065324
-0.018120
0.019132
-0.070150
-0.092685
0.005649
-0.043968
-0.039137
-0.025282
0.072824
-0.005396
0.080332
0.060333
-0.041066
-0.020997
0.043283
0.036234
0.020577
0.078312
0.036115
0.036110
0.045167
-0.049611
-0.029608
0.045502
0.050218
-0.003388
0.062407
0.028275
-0.036208
0.043573
0.082835
-0.035070
-0.030271
0.046010
-0.084024
-0.050215
0.027432
-0.006248
0.086480
-0.010510
-0.008753
0.090570
0.047290
-0.072014
-0.038630
0.076036
-0.014730
0.067160
0.107588
-0.034069
-0.065276
0.011649
-0.009759
-0.012882
0.054203
0.082810
0.050358
-0.025401
-0.059454
-0.005664
-0.054332
-0.045591
-0.008283
-0.000796
0.036415
0.055478
-0.012929
-0.026352
0.001311
-0.004688
-0.034728
0.037478
0.089268
0.035002
0.038835
0.123407
-0.046561
-0.006431
0.037852
-0.017060
-0.061589
-0.097963
0.043401
0.012579
0.010251
-0.033515
-0.071030
0.047920
0.001611
-0.019949
-0.043220
-0.024069
-0.073943
-0.027592
0.001176
0.057709
-0.109145
0.006885
-0.066628
-0.014856
0.064660
0.019890
0.059462
0.008144
-0.001142
-0.035620
-0.082920
0.067203
0.008831
-0.022134
0.107169
-0.087307
0.049851
0.040068
-0.098072
-0.069773
-0.039693
-0.057578
0.026367
-0.088554
-0.020859
0.052354
-0.003563
0.085937
0.014015
-0.076374
0.025910
0.056677
-0.012607
-0.005818
0.009517
0.007593
-0.012089
0.001296
0.052593
-0.003036
-0.066153
-0.019141
0.057484
0.069534
0.012925
-0.004613
0.014849
0.074717
0.051963
0.040816
-0.073540
-0.018603
-0.014622
-0.041030
-0.059198
-0.102959
0.037297
-0.028236
0.035445
0.067775
-0.019663
0.081916
0.107823
0.076911
0.127354
0.068361
0.111721
0.092386
0.073740
0.057063
0.055096
0.067776
0.021772
0.026749
0.007674
-0.011607
0.070918
-0.001098
0.024063
0.059463
-0.009021
0.071399
-0.073244
-0.115750
0.033671
0.042218
0.001645
0.037064
-0.023857
0.000436
0.016477
-0.014733
-0.020685
0.005027
-0.014039
-0.030676
0.063817
0.054586
0.060767
0.131287
-0.013981
-0.030209
0.046106
-0.019906
0.003926
-0.002843
0.017766
-0.027482
0.012133
0.012409
-0.060069
0.128230
0.042990
-0.092420
-0.001240
0.004878
-0.058765
0.006286
0.055930
-0.005086
-0.048149
0.026347
0.001835
-0.026996
-0.056035
-0.090445
-0.073256
-0.040718
-0.049673
0.090694
0.038287
-0.006662
0.026121
0.024940
0.018896
-0.012964
0.016321
0.011875
0.039259
-0.057692
-0.133405
-0.107097
-0.045814
0.082269
0.025376
-0.001960
0.054138
0.076231
0.028026
0.041194
-0.016743
0.005589
-0.009789
-0.065143
-0.045191
-0.002714
0.017287
0.044574
0.061123
0.003126
-0.088973
-0.053143
-0.006006
-0.022186
0.006909
-0.058469
-0.083627
-0.082188
-0.040042
-0.051200
-0.066822
0.017683
0.071781
-0.004847
-0.038308
0.060129
-0.026154
-0.097435
-0.028138
0.010476
-0.070386
-0.002217
-0.069604
0.011957
-0.049878
-0.077532
0.048250
0.062654
0.043054
0.029172
0.027335
0.038780
0.040091
-0.028170
0.037878
-0.032784
0.058592
0.036983
-0.058844
0.014291
-0.035680
-0.033157
-0.027502
-0.033004
-0.005878
0.051590
0.049155
0.052438
-0.014934
0.018933
-0.056096
-0.036932
-0.040413
0.021978
0.065462
-0.060410
0.030084
0.011993
-0.083761
-0.024815
0.070590
0.083376
0.054789
-0.028890
0.053539
0.139564
-0.070215
0.006189
0.007785
0.073682
0.104119
-0.008642
0.016830
-0.071852
0.039435
0.006420
-0.041463
0.037903
0.013846
0.056633
0.019594
-0.029832
-0.046261
-0.044716
-0.011854
-0.037039
-0.003479
0.025152
0.038784
0.001809
0.012300
-0.032597
-0.108733
-0.074313
-0.100181
-0.053206
0.009394
-0.073337
-0.031222
-0.026021
-0.057503
-0.106761
0.018402
-0.102119
-0.114326
-0.026995
-0.041463
-0.002900
-0.070674
-0.059079
-0.105791
-0.152314
-0.016498
-0.071208
-0.030453
-0.061745
-0.065582
-0.035266
0.017647
-0.008554
0.064355
0.020561
0.035514
0.075871
0.086813
0.031887
-0.112697
0.096169
0.118448
0.024760
0.023580
0.059060
-0.001748
-0.062881
0.027996
-0.048866
-0.068363
-0.024294
0.022194
0.002195
0.074260
-0.015741
-0.008374
0.000966
-0.015576
-0.004776
-0.037661
0.083466
0.034532
-0.035301
-0.076503
-0.068873
-0.046952
-0.013240
0.067511
0.025891
0.049385
0.040384
-0.018962
-0.019103
-0.055729
0.064081
-0.078656
-0.014593
0.039907
-0.085601
0.024264
-0.008826
0.038979
0.083840
0.040337
0.007123
-0.003884
-0.043836
-0.124976
-0.140011
-0.065696
-0.067809
-0.037360
-0.022096
-0.003986
-0.004257
0.049051
0.014513
-0.024002
-0.002627
-0.032666
0.067545
0.071327
0.040580
0.014903
-0.046684
-0.102313
-0.004511
-0.085390
-0.083395
0.010235
0.010523
-0.056637
0.047298
-0.025123
-0.025460
0.110818
-0.006227
0.014431
0.086691
0.066937
0.032614
-0.004325
-0.063412
-0.021349
-0.007845
-0.110713
0.092922
0.036289
0.098813
0.030824
0.105542
0.088320
-0.118822
-0.001444
-0.030870
-0.032281
-0.045861
-0.022434
0.011577
-0.146527
-0.141224
-0.019280
0.047767
-0.017589
-0.106943
-0.032376
0.002001
-0.010247
-0.088520
0.045198
-0.022026
-0.114886
-0.173275
-0.104878
-0.087783
-0.056349
-0.033427
0.092647
-0.046619
0.046838
0.022806
0.005666
0.020921
-0.003033
0.014460
0.022302
0.057199
0.024706
0.038519
-0.018390
-0.048213
-0.014616
-0.072621
0.008763
0.060922
-0.020756
0.063896
0.014914
-0.082683
-0.039856
0.076384
0.041049
0.104437
0.037576
0.079989
0.030541
-0.016451
-0.058040
-0.078576
-0.004950
-0.062776
-0.063132
-0.031593
-0.114022
-0.055529
-0.015000
-0.012880
-0.041244
0.016647
0.030004
-0.046547
-0.009738
0.046070
0.004729
-0.018089
0.025047
-0.056779
-0.033172
-0.010573
-0.013627
0.041273
-0.041087
-0.026441
0.039685
0.001856
0.031722
-0.091264
-0.047974
-0.002151
-0.056558
-0.061702
0.004455
0.007590
0.047773
-0.042495
0.005517
-0.048059
-0.049941
-0.131167
-0.112269
-0.010573
-0.024637
0.039776
0.005773
0.001902
0.041183
0.057452
0.010192
-0.126868
-0.048748
0.031994
0.033491
0.128802
0.059264
0.044177
-0.023453
-0.037451
-0.012939
0.027633
0.065134
0.092715
0.125440
0.026609
0.030036
0.020531
-0.044285
0.026663
0.041937
0.127338
0.023089
-0.009619
0.095517
-0.016719
-0.015705
-0.000292
-0.037974
-0.027117
-0.040522
0.027152
0.080994
0.010193
0.095065
0.006949
0.065009
0.020929
-0.005552
-0.044181
0.018916
0.050397
-0.101163
0.013222
0.038175
0.103152
0.077075
0.014174
0.006360
-0.018081
-0.007305
-0.000314
-0.004730
-0.070131
0.034577
0.055887
-0.060227
0.044134
-0.069821
-0.095477
-0.083933
-0.061482
-0.013481
0.038543
-0.071394
-0.020495
-0.049682
-0.027041
-0.008952
0.043409
0.087278
0.093278
0.019669
-0.026348
-0.091850
0.034364
0.013511
-0.017228
-0.019966
-0.106362
-0.094564
-0.042479
0.018221
-0.084513
-0.125632
-0.004711
0.000810
0.004669
0.068253
-0.020752
0.061912
0.056746
0.028833
0.096871
0.036261
0.022297
0.016323
-0.060829
-0.083053
-0.084254
-0.057194
0.066106
-0.041183
-0.065985
-0.019227
-0.021919
0.036203
0.065615
0.053302
0.004766
-0.024494
0.005530
0.039279
0.038937
-0.036523
-0.068850
0.004890
0.037984
-0.053430
-0.006396
-0.087629
0.003052
-0.037458
-0.021605
0.042794
0.034667
0.048745
0.007836
0.044140
0.084148
-0.041373
-0.064627
0.004849
-0.035507
-0.036452
-0.022574
-0.060600
0.000133
-0.036670
0.011844
0.077728
0.122602
0.122350
0.035248
0.017849
-0.049072
0.003131
0.007119
-0.083016
0.003312
0.082782
0.014633
-0.032758
-0.061218
0.000928
-0.046679
-0.036599
-0.089050
-0.095711
-0.083556
-0.063984
-0.028929
0.015961
0.010406
-0.021916
-0.001128
0.016278
0.138615
0.031484
0.000540
0.142811
0.055935
0.072488
0.131172
0.058935
-0.006098
-0.012978
0.089844
0.017108
-0.031613
0.043711
0.079689
0.021280
-0.044367
0.128885
0.061160
-0.043405
-0.078485
0.016434
-0.031778
0.011138
0.103572
0.123930
-0.047252
0.057752
-0.071511
-0.061052
0.126576
0.007511
0.036482
0.092875
-0.121854
0.004334
0.095196
-0.047835
0.028844
-0.013938
-0.011231
-0.052945
-0.116710
-0.073477
-0.113828
-0.071627
-0.030266
0.061351
0.024837
0.028430
-0.018978
-0.059339
0.012789
-0.071848
-0.032946
0.014034
-0.046577
-0.002805
0.024164
0.009097
-0.016942
0.016150
0.096706
0.022837
-0.055538
-0.050483
-0.004505
0.089952
0.023110
-0.060204
-0.064698
-0.072111
-0.018978
0.055164
0.081159
-0.038254
0.046132
0.050961
-0.044915
0.051656
0.070291
0.080523
0.073187
0.169705
0.112887
0.040453
0.059364
0.031953
-0.037754
-0.055060
-0.095313
-0.048150
0.050867
0.080284
0.032337
0.008072
0.075806
0.080476
0.120429
0.023179
0.085902
-0.057372
0.026519
0.036580
0.032187
0.053742
0.082181
-0.065684
-0.115400
-0.055412
-0.085168
-0.000840
0.045433
0.022246
0.024779
0.068599
0.015233
-0.009181
0.042600
-0.011011
-0.037118
0.032503
0.075770
0.047493
0.010422
0.011271
-0.002695
0.069309
0.016753
-0.049445
-0.014127
-0.106325
-0.049860
-0.104516
-0.014376
-0.075993
0.004714
0.102953
0.069341
0.066434
0.019492
0.023271
-0.002286
-0.010795
-0.101183
-0.090176
-0.105803
-0.034151
0.002850
-0.049368
-0.001037
-0.033309
0.014540
0.014556
0.000752
0.023087
-0.072276
-0.023801
0.055857
0.096177
0.087640
0.053817
0.029223
0.042524
-0.000556
-0.046360
0.027913
0.046492
-0.071509
-0.047730
0.078485
0.008266
-0.112422
0.023445
-0.045152
-0.062854
-0.043619
-0.059405
0.098655
0.064412
-0.035829
-0.028180
0.001532
0.049457
-0.018395
0.054047
0.044235
0.049714
-0.016682
-0.059747
0.000531
-0.053626
0.003835
0.038637
-0.076866
-0.119116
-0.083329
-0.051877
-0.009722
-0.002102
0.007410
0.064787
0.032862
-0.006063
0.021901
-0.000391
-0.022657
-0.055359
0.049364
-0.027083
0.053446
0.056968
0.047685
-0.039360
0.049477
-0.020472
0.054979
-0.011041
0.003588
0.060388
-0.002410
-0.020937
-0.028337
0.002940
-0.076515
0.070395
0.048038
-0.054588
-0.034035
-0.047646
-0.081070
-0.118915
-0.069312
-0.042226
-0.146410
-0.084272
0.031198
-0.032661
-0.025421
-0.049928
0.026734
0.022962
-0.089175
-0.025729
-0.038896
-0.048831
0.034518
0.009667
0.000986
0.114508
0.079164
-0.003744
0.039567
-0.090636
-0.008066
-0.075922
-0.090415
0.004178
-0.036708
0.022679
0.037741
-0.047489
0.017675
-0.035596
-0.077569
0.073504
0.078047
-0.042944
0.045245
-0.032213
0.015105
0.067642
0.112576
0.035741
-0.002021
-0.026550
-0.114715
-0.015879
0.011018
-0.013179
0.013546
0.004129
0.006820
-0.044821
0.028747
0.058586
0.004578
-0.088481
0.047085
0.004617
0.024332
0.084562
-0.064241
0.068448
-0.004408
-0.010310
0.002348
0.008111
0.122368
0.009530
-0.003131
0.021162
-0.014472
-0.032379
0.069299
0.014977
-0.007652
-0.002262
0.006583
0.010681
0.059266
-0.066554
-0.023533
0.046563
0.049546
-0.046791
0.088470
-0.028764
-0.059626
-0.045640
0.039218
0.029350
-0.086166
-0.017950
-0.018372
0.090451
0.061249
0.031428
-0.065999
-0.015737
0.032471
-0.021398
-0.009748
-0.026283
0.006596
0.055659
-0.047737
-0.005345
0.070728
-0.028913
-0.030393
-0.072835
-0.054758
-0.064904
-0.017318
-0.004406
-0.046378
-0.063488
-0.083201
-0.109516
0.030169
0.001917
0.004525
-0.006973
-0.077042
-0.072685
0.026871
-0.016316
0.028883
0.072106
-0.017081
-0.032391
0.008037
0.025419
0.036845
0.019309
-0.044047
-0.030530
-0.033539
