1.983619
0.746757
0.697436
0.584232
0.304590
0.200376
0.192803
0.124040
0.202486
0.146472
0.109244
0.206803
0.206486
0.111965
0.164592
0.248715
0.102375
0.205683
0.225534
0.131234
0.089057
0.078385
0.135770
0.146816
0.085508
0.160560
0.143457
0.121716
0.188887
0.064119
0.081513
0.037237
0.087569
0.026419
0.112404
-0.020168
0.065784
0.142976
0.114963
0.135346
0.118369
0.003099
0.047434
0.076238
0.152371
0.112984
0.084661
0.114152
0.130395
0.022735
-0.017416
-0.020800
0.016320
-0.022835
0.040688
0.002903
0.033035
0.031896
0.051636
0.027894
0.103150
0.019289
0.068627
0.069185
-0.043303
0.083037
0.112648
0.196265
0.134059
-0.027975
0.016683
0.054073
0.099364
0.053433
0.055606
0.075357
-0.045095
0.099110
0.078387
-0.050428
0.071922
0.033372
0.098858
0.146472
0.007451
0.023947
0.031596
0.061851
0.052504
0.037373
0.053621
-0.020160
0.052753
0.037743
-0.023681
0.104077
0.120008
0.073448
0.066073
0.087860
0.035836
0.009279
0.088489
0.152743
0.076504
0.130901
0.116730
0.085433
0.034659
0.085416
0.085822
0.070362
0.078734
0.074848
0.035979
0.052816
0.024324
0.087822
0.045904
-0.048308
0.108148
-0.080108
0.026761
0.109641
0.053850
0.128904
0.064686
0.079911
0.075400
0.142375
0.109928
0.059766
0.039403
0.075531
0.013254
-0.030167
-0.003590
0.032392
0.087342
-0.045464
-0.028595
0.042940
0.051965
0.076637
0.050269
0.095984
0.095779
0.045040
0.044836
-0.033821
-0.071440
0.055995
-0.000744
0.021858
0.056908
0.028623
0.019335
0.077978
0.015779
-0.040066
0.007200
-0.044035
0.046068
-0.028496
-0.012780
0.072312
-0.019289
-0.054224
0.009983
0.027460
0.119183
0.037425
0.027237
0.083873
0.010724
0.041394
0.106629
0.060155
0.076410
0.064769
-0.020616
0.038534
-0.021516
-0.011313
0.079638
0.028642
0.085122
0.029563
0.013063
0.053139
0.031468
0.008374
0.117214
0.050729
-0.022854
-0.053524
0.020273
0.031371
0.022696
0.068855
0.055434
-0.032768
0.041531
-0.074253
0.078169
0.038337
-0.006423
0.065324
0.007985
0.051579
0.077085
0.071570
0.093290
0.004907
0.033735
0.008412
0.055016
0.098551
0.008985
-0.123712
0.068562
0.045297
-0.059884
0.052334
-0.011455
0.087136
0.028251
-0.023119
0.044702
0.002910
0.031226
0.048067
-0.030288
0.029453
0.079104
-0.022200
-0.019373
0.091739
0.051339
0.010417
0.029555
0.085338
0.100267
-0.053887
-0.069745
0.003401
-0.040736
-0.073410
-0.050416
0.017107
-0.075070
-0.004152
0.004666
0.041688
-0.007415
0.027044
0.004621
0.108695
0.111752
0.038794
0.015528
0.039706
-0.013207
-0.096020
0.028589
-0.045255
0.001483
0.064928
0.004301
0.025046
0.047480
0.043873
-0.007396
0.041611
-0.050927
0.106971
0.090001
0.039661
0.044276
0.009963
-0.001534
-0.016641
-0.005997
0.041484
0.046157
0.020774
0.099343
0.116258
0.046530
-0.021312
0.019460
0.046086
0.045971
0.087159
-0.010580
-0.087221
0.011561
-0.016222
-0.007459
0.057003
0.025974
0.041493
0.001038
0.029750
0.022087
-0.029088
0.015588
-0.007699
0.049457
0.041705
0.049577
0.066534
0.083046
0.020791
0.073992
0.122622
0.123476
0.112370
0.060858
-0.010684
0.133840
0.075096
-0.023604
0.082019
0.054088
0.031454
-0.000983
0.006387
-0.018299
0.042903
-0.050202
0.072155
0.098705
-0.003729
0.022550
0.090570
0.030490
-0.032008
0.088051
-0.026393
-0.003399
0.072734
-0.021552
-0.058344
0.036579
0.130924
0.011905
-0.080847
0.036538
-0.041067
0.019396
0.010836
-0.002897
0.037273
0.012153
0.020563
0.042289
-0.008935
0.129219
-0.021124
0.068105
0.010396
-0.023094
0.002683
0.027133
-0.030289
0.041545
-0.020110
0.068924
0.028349
-0.063828
0.005799
0.013721
0.020395
0.016041
0.026049
0.050414
-0.014606
-0.022516
0.098651
0.101603
0.088270
0.071806
-0.007574
-0.017262
0.031356
-0.045110
-0.009523
0.054588
0.047038
0.039622
0.089927
-0.039356
-0.008110
0.037447
0.078777
0.040127
-0.000809
0.014553
0.037513
0.108352
0.030064
-0.059166
0.108702
0.031790
0.062259
0.123468
-0.014681
0.063560
0.007110
0.044340
0.067748
-0.022423
-0.046908
0.051862
0.034468
0.001581
0.050074
0.091917
0.042386
0.095192
0.114652
0.011992
0.124265
0.090565
0.073314
-0.022390
0.018498
-0.069912
-0.001886
0.046001
-0.030730
-0.021075
-0.009689
-0.041588
0.041603
-0.029113
0.044017
0.101202
0.079869
-0.029169
-0.043093
0.113239
0.023715
-0.113112
0.028834
0.060998
-0.060434
-0.081346
-0.011064
-0.063053
-0.039049
-0.116063
-0.088499
-0.170525
-0.113415
-0.110508
-0.075642
-0.023426
-0.025111
-0.007526
-0.007887
0.104283
0.008184
-0.006885
0.021245
0.028753
0.024079
0.043608
0.039194
-0.011208
0.012177
-0.046628
0.020871
0.017811
0.016102
0.059747
-0.026284
-0.073164
-0.071183
-0.041448
-0.001670
-0.060102
0.052790
0.066995
-0.021316
-0.034649
-0.041703
-0.026331
0.005776
0.073988
0.015423
0.023077
0.071135
0.018012
0.027409
0.052551
0.016429
-0.067104
-0.022800
-0.099251
-0.019138
0.002987
0.018408
-0.043912
0.027999
-0.008922
-0.040557
0.006709
0.054980
0.056095
0.005697
0.054358
0.031157
-0.032353
-0.143628
-0.061785
-0.063764
-0.070412
-0.017079
0.000568
0.034738
0.077220
-0.000419
0.021427
0.051350
0.084522
-0.083363
-0.001833
0.088486
0.034978
0.042644
0.021765
0.064868
0.051292
0.025820
0.098470
0.086471
-0.049154
0.073758
-0.009527
0.009798
-0.007744
0.027679
0.109296
0.061991
0.028625
0.018582
0.032206
0.014575
-0.011703
-0.050252
-0.020223
-0.048649
-0.025131
-0.028485
-0.023992
-0.005468
-0.023847
-0.023963
-0.022552
-0.062137
-0.038550
0.014970
0.041893
0.067087
-0.001020
-0.033761
-0.071359
-0.013971
-0.026967
0.013807
0.051901
0.039169
0.061296
0.030476
0.090641
0.052258
0.000240
0.111701
0.127197
0.091515
0.129180
0.095576
0.060668
0.013915
0.057625
0.117254
0.031592
-0.007070
0.112716
0.016309
0.091895
0.061675
-0.035917
-0.021290
-0.088046
0.003701
0.014689
-0.053449
-0.046997
-0.018000
0.046736
-0.029274
-0.024098
-0.049734
-0.005022
0.029648
-0.000052
0.003732
0.004415
0.005591
-0.089318
0.008813
0.003746
-0.048808
0.003643
-0.093385
-0.079038
-0.052294
0.000571
0.026171
-0.040711
0.079749
0.025193
-0.078301
-0.014979
-0.078189
0.007540
0.001767
0.060938
0.101940
0.124982
0.068044
-0.020107
0.025335
0.038586
-0.012462
0.014619
0.023676
0.071747
0.053471
-0.056536
-0.014025
0.047401
0.017446
0.041620
-0.024934
-0.002727
-0.028509
0.029976
0.025658
-0.011482
0.065301
0.053586
0.011149
0.014780
-0.003073
0.002511
-0.034928
0.000905
0.092033
0.060704
0.030640
-0.040943
-0.037544
-0.036008
-0.073108
0.014188
-0.000429
0.045119
0.056092
0.015410
0.059787
0.094504
-0.016868
0.077587
0.008216
0.059590
0.009693
0.035120
0.022999
0.004792
-0.054144
0.043623
0.066845
-0.001719
-0.025040
-0.047326
0.066223
-0.025509
-0.024547
-0.013040
-0.116208
0.021133
0.014771
-0.037266
0.052566
0.013793
-0.025292
-0.010381
0.015169
-0.090319
0.012809
-0.090295
-0.109603
-0.027399
0.071220
0.083203
-0.066850
0.070743
-0.005057
-0.019651
-0.033749
-0.033340
-0.004687
0.043575
-0.062376
0.042874
0.038503
0.020122
0.015313
-0.033166
0.039032
0.080211
0.025142
0.049593
0.071496
0.018099
0.193769
0.120292
0.017015
0.103891
0.024827
0.058812
0.028241
-0.053966
0.020782
-0.028369
0.019423
0.025792
-0.055018
0.084312
0.053378
-0.000417
0.042019
-0.060759
0.055519
0.059561
0.040355
0.085843
0.068518
0.058185
0.023246
0.028671
-0.007782
0.037055
0.018467
-0.031711
0.058895
0.085085
0.025663
0.042222
-0.012019
0.096326
0.059779
0.000121
0.032787
-0.024536
0.006605
0.002805
0.016917
-0.008093
0.021166
-0.008669
0.014864
0.125561
0.006254
-0.019195
0.056386
0.004802
-0.031887
0.035870
0.001676
0.011611
0.022478
-0.098721
0.069634
-0.047422
-0.010762
-0.001233
-0.034351
-0.061544
0.087933
0.023361
-0.027452
-0.116089
0.029149
-0.021626
-0.057450
0.035260
0.033026
-0.023956
-0.022802
0.011527
0.005394
0.052904
-0.029321
-0.044628
0.052145
-0.045123
-0.050285
0.031873
-0.008923
0.037452
0.028338
-0.014910
0.025169
0.003706
-0.075906
0.057212
0.043767
-0.154993
-0.031071
-0.051708
-0.060984
-0.035139
-0.015088
0.005575
0.061480
0.144991
0.078738
-0.001320
-0.060409
0.030224
0.006746
0.010139
0.019172
-0.041726
0.006486
0.012337
0.076716
-0.064907
-0.052634
-0.006041
-0.007323
0.032310
0.089678
0.033203
-0.021208
-0.018121
-0.049593
0.139860
0.080180
0.018138
0.003062
0.043079
0.009469
-0.060687
0.027138
0.024244
0.033475
0.015318
-0.054303
0.026890
0.029622
0.029690
0.000957
0.037893
0.056457
0.037022
0.054754
0.094583
0.007097
-0.014932
0.027991
0.033753
0.000055
-0.020001
-0.010767
-0.022634
-0.001422
0.084653
0.045759
0.030744
0.002331
-0.029344
-0.018792
0.029000
0.021742
-0.031316
0.003092
0.044694
0.037282
0.032810
0.004423
0.036624
-0.042844
-0.025656
0.028304
-0.010286
-0.001792
0.040726
-0.020820
0.002277
0.034014
0.010991
-0.040659
-0.030907
0.013732
0.024965
0.046348
-0.008234
0.050544
0.053949
-0.026971
-0.011023
-0.057005
-0.035118
0.076993
0.032487
0.023051
-0.067336
0.010863
-0.019681
0.072893
0.073668
0.040288
0.044449
0.000468
0.039268
-0.033732
0.065513
0.098921
-0.093325
-0.055960
0.002962
0.047041
-0.024687
0.123646
0.098396
0.024600
0.002514
-0.001190
0.047431
0.012097
0.014131
-0.026065
-0.010197
0.024843
-0.040965
-0.050107
-0.011927
0.095961
0.056576
0.010387
0.024247
-0.060943
-0.014279
-0.010208
0.005707
-0.024419
0.031797
0.057885
0.050832
0.050639
0.061071
0.101518
0.023969
0.025360
-0.019786
0.047705
0.093784
0.056702
-0.027713
-0.008986
0.071860
-0.006340
-0.033124
0.011858
-0.038086
0.045168
0.055133
0.081612
0.059548
0.055842
0.127923
0.083223
-0.015023
-0.000585
-0.021994
0.056793
0.057959
-0.077511
0.063506
0.038605
0.074825
0.062343
0.055568
0.071243
0.047310
0.032452
0.067716
0.007274
-0.011151
0.003937
-0.006429
0.069764
0.081790
0.010333
0.004086
0.013351
-0.015566
-0.068537
0.092799
0.038362
-0.106715
-0.028152
0.062300
0.006684
0.010908
-0.020475
0.001117
0.072843
-0.060268
-0.025125
0.040289
-0.051110
0.007219
-0.081023
-0.054484
-0.006988
-0.024436
0.016646
0.012831
-0.075073
-0.004907
0.040442
0.035393
0.079416
0.012910
-0.034557
0.143043
0.055971
-0.030720
0.034214
0.014895
0.054705
0.014187
0.014171
0.070706
0.041419
0.046820
-0.005588
0.046405
0.060419
-0.012968
0.011665
0.082088
0.067188
-0.008335
-0.006621
0.025764
0.017982
-0.019237
0.042895
-0.009567
0.014893
-0.021750
0.065551
0.045330
-0.056222
0.046471
0.058307
-0.007280
0.074696
-0.022308
0.002341
0.045808
0.054026
0.003130
0.074109
0.083688
-0.021346
0.049748
0.029934
0.060761
0.024262
-0.002831
-0.017238
-0.042823
-0.038502
0.060588
-0.019404
-0.008440
0.076921
0.002043
0.055962
-0.002784
-0.077737
-0.029715
0.065430
-0.005524
0.011397
0.064930
0.018468
0.047410
0.065664
-0.037100
0.020119
0.030459
-0.034660
0.021507
0.006075
-0.068956
0.031737
0.007512
0.051157
0.039835
0.002955
0.038225
-0.046532
-0.060945
0.049431
-0.000367
0.026004
0.079443
0.024415
0.051881
-0.050661
0.032883
0.053626
-0.084227
0.041968
0.018632
0.032889
-0.003922
0.027460
0.036391
0.006767
-0.003312
0.048775
-0.029893
0.020875
-0.021314
-0.034633
-0.015952
0.006572
-0.075062
-0.004008
-0.026154
-0.037031
0.022443
-0.042819
-0.031160
-0.056151
-0.075132
0.102006
0.090775
-0.006093
0.003418
-0.030536
0.012895
0.024872
0.076109
0.039172
-0.008196
0.029086
0.049752
-0.065726
-0.034120
0.074595
-0.055040
0.013357
-0.019616
0.066296
0.032902
0.031027
0.092908
0.046809
0.134249
0.097471
-0.030883
0.080626
0.044104
0.028360
0.015504
-0.063049
0.028009
0.115038
0.074198
0.051804
0.021958
0.011667
0.037379
0.028309
0.031023
0.030095
0.031121
0.001358
-0.011963
-0.028526
0.008381
-0.036919
-0.023587
-0.051282
-0.045307
-0.073245
-0.042231
-0.099021
-0.082460
-0.042128
-0.009956
0.088099
-0.001242
0.026365
0.139763
0.071153
0.097670
0.129747
-0.014407
-0.062480
0.043169
-0.019495
-0.036180
-0.030083
-0.071003
0.079503
0.002305
0.034919
-0.023527
0.112827
0.077280
-0.032894
0.042031
-0.033003
0.019802
0.018114
-0.042537
0.005882
0.044989
-0.115511
0.057001
0.064731
0.000242
0.075533
0.040362
-0.001395
0.048700
0.041300
0.016419
0.077902
0.038976
-0.087600
-0.071183
-0.013125
-0.001002
0.005116
0.036576
-0.024605
-0.013885
0.024897
0.025444
-0.021589
0.044523
0.070784
-0.093299
0.025007
0.095976
0.059058
0.037321
-0.038930
-0.063042
0.022579
0.008422
-0.020574
0.091275
-0.010241
0.024100
0.070708
0.033036
0.087652
0.144527
0.047327
-0.013170
0.036901
0.016383
0.079472
-0.004015
0.037573
0.058443
0.034860
0.035137
0.058537
-0.029349
-0.020628
-0.036863
-0.001758
0.062513
0.010811
0.003650
0.001571
-0.024580
0.092576
0.092219
-0.072455
-0.025831
-0.056923
-0.046166
0.002635
-0.098186
-0.032384
-0.030689
-0.069475
-0.089188
-0.110130
-0.067071
-0.060039
-0.035747
-0.057878
-0.027659
-0.026765
-0.009743
-0.048876
0.010657
0.043684
-0.017709
0.015199
-0.028769
0.060424
-0.030646
0.044468
0.018170
-0.013215
0.076451
-0.008889
-0.038808
-0.117784
-0.075915
-0.024015
-0.023321
0.099877
0.046875
-0.010276
0.050108
-0.010268
-0.004509
-0.030106
-0.080933
0.018450
0.104321
-0.020564
0.005636
0.032887
-0.007289
0.000475
-0.052357
0.024374
0.144761
0.030578
0.045458
0.052767
-0.038119
0.030655
-0.005341
-0.056113
-0.009854
0.084282
0.012817
0.011893
0.066011
0.055608
-0.002095
-0.058371
-0.004492
-0.016424
0.028967
-0.001912
-0.044435
-0.042571
-0.012631
0.052097
-0.085958
-0.016251
0.002223
-0.076665
0.006717
-0.052235
-0.057433
0.006074
-0.044054
0.076140
0.093308
-0.019143
0.051442
0.089128
0.037009
0.108933
0.081655
0.034775
-0.007883
0.050017
0.173263
0.054032
0.042311
0.068603
0.143732
0.103004
0.056661
0.008953
-0.023817
0.007777
-0.001805
0.018772
0.042164
-0.002453
0.048416
0.044356
0.083229
0.072294
0.033738
0.084199
0.075476
0.088666
0.057199
0.073607
0.043585
-0.001213
0.007242
0.035970
0.048861
-0.049497
-0.068223
-0.005238
0.027176
-0.010265
0.021898
0.003554
0.079172
-0.007935
0.040696
-0.043337
0.017355
0.058238
-0.028071
0.002035
-0.028848
-0.010810
0.066767
0.139973
-0.038713
0.143869
0.041737
-0.025782
0.000899
0.011542
0.077263
0.003716
0.119015
-0.008979
-0.056937
0.058756
-0.012150
-0.014933
0.026470
-0.048180
0.036299
-0.028647
-0.079541
-0.003769
0.016622
0.036184
0.062387
-0.041425
0.039148
-0.003776
-0.094065
-0.058098
0.046420
-0.001061
0.023528
0.024643
0.015955
0.010216
-0.008822
-0.023959
-0.012104
-0.006701
-0.065041
-0.014278
-0.049687
-0.026605
-0.040230
-0.011046
0.050059
-0.003436
-0.034270
0.002194
-0.003409
-0.043184
0.049911
-0.005964
-0.016747
0.015572
0.005788
0.018659
0.054384
0.046504
0.041138
0.035394
0.055336
-0.003255
-0.032912
-0.003354
0.030907
-0.087514
-0.048632
0.060139
-0.028022
-0.057584
-0.008791
0.058094
-0.001216
0.002173
-0.012791
0.028331
-0.033394
-0.082019
0.057075
-0.062758
-0.020556
-0.048033
-0.072468
-0.047897
0.042587
0.041897
-0.078909
-0.062567
-0.098271
-0.009403
-0.055397
-0.012708
-0.056721
0.023834
0.046030
0.042101
0.069980
-0.006640
0.001233
0.012668
0.011820
-0.058033
-0.047405
-0.016831
-0.015567
-0.073526
-0.003383
0.110176
-0.066565
-0.018290
0.005010
-0.006877
0.047090
-0.021402
-0.035633
-0.057420
-0.071806
0.045405
0.053226
0.041152
0.019363
0.059525
-0.048669
0.012623
0.039859
-0.059700
0.031946
-0.021130
-0.073818
0.101442
0.043771
0.058901
0.056929
0.022496
0.065935
0.043176
0.047829
0.140573
0.044041
0.033453
0.026202
-0.031392
0.042602
0.072487
-0.047301
-0.054883
-0.067040
0.011755
0.015598
-0.048554
-0.005648
-0.047714
-0.047088
0.069847
-0.013642
0.016687
0.008227
-0.039902
0.104589
-0.006530
0.047213
0.067191
-0.045695
-0.094136
0.072061
0.074455
-0.000822
-0.041997
-0.035065
0.023119
-0.004136
0.064200
0.024676
0.034917
-0.072493
-0.086069
-0.013052
0.052020
0.014324
-0.134697
-0.035238
0.005282
-0.057401
0.054247
-0.080377
-0.041592
0.095553
0.013541
0.014498
0.003039
-0.048356
0.034160
0.019149
-0.043179
-0.004955
0.013080
0.084922
0.013439
-0.014508
0.012127
-0.071676
-0.003417
-0.022825
0.012439
0.000469
0.030152
0.050254
0.031437
0.029553
0.074419
-0.026575
0.040747
0.081339
-0.029238
0.097609
0.075463
-0.023910
0.009026
0.035299
0.135887
0.099352
0.121724
0.095907
-0.011875
-0.000855
0.084065
0.050040
-0.019017
0.023415
-0.012675
-0.026956
0.030227
0.017873
0.030353
0.020302
0.043480
0.015211
-0.046861
0.013521
0.003071
-0.060238
-0.010875
0.069087
0.089861
0.083014
0.085992
-0.051784
0.033014
-0.052905
0.017980
-0.079067
-0.003920
0.029188
-0.010254
-0.020016
0.050058
0.021709
-0.054423
0.027781
0.020525
-0.044538
-0.006707
0.084619
0.080371
0.126211
0.015016
0.051848
0.074557
-0.049467
-0.012402
-0.019270
0.060939
0.089442
0.031524
0.028401
0.066182
0.084596
0.069425
0.005905
0.014557
-0.041606
0.022434
-0.043157
-0.031726
0.013235
0.010087
-0.038812
-0.046875
-0.032614
0.012542
0.014661
0.021756
-0.006015
-0.034716
0.031299
0.094863
0.051750
0.064799
0.019016
-0.044131
-0.074175
-0.062518
-0.003513
-0.002480
-0.015270
0.063019
-0.008682
-0.043179
0.035701
-0.017821
-0.057316
-0.023255
0.073024
0.052182
-0.021048
0.005027
0.039898
-0.059080
-0.058093
0.008916
0.021693
-0.048741
0.012878
-0.000276
-0.014357
0.034464
-0.021520
-0.079098
-0.059320
-0.008825
-0.151628
-0.110479
0.005713
-0.024079
0.019699
0.026704
-0.016809
0.009014
0.048727
-0.011617
-0.000968
0.006644
0.016675
-0.004662
0.032156
0.109098
0.079545
0.042028
0.031118
0.063773
-0.050208
-0.085327
-0.069852
-0.065830
-0.089906
-0.030187
-0.063376
-0.034583
-0.012253
-0.076180
-0.024419
-0.057015
-0.004233
-0.064418
-0.022342
0.051512
-0.031882
0.009276
-0.029900
0.005209
-0.089744
-0.051253
-0.031255
-0.105099
-0.101147
-0.052573
-0.019799
-0.096528
-0.013298
0.014887
-0.001513
0.036206
-0.016957
-0.031520
0.068101
0.052427
0.062681
-0.015826
0.022953
-0.016156
-0.046054
0.046447
0.023160
0.150022
0.061993
0.001917
-0.056987
-0.023137
0.035901
0.057176
0.033576
-0.001110
-0.014516
-0.015218
0.055437
0.021100
0.013160
0.063855
0.014724
0.018293
-0.010993
0.002190
0.022029
0.055739
0.065346
0.035562
0.014452
0.004963
-0.025344
0.007714
-0.018959
0.028363
-0.020040
-0.009750
0.005450
-0.009316
0.068039
0.008946
0.000024
0.040324
-0.034292
0.007113
0.051559
-0.008447
-0.102556
-0.079333
0.025179
0.013343
-0.013023
0.075445
0.023954
0.003888
-0.028330
-0.034699
0.053875
-0.029842
-0.010059
0.062500
0.007531
-0.048398
0.005974
-0.045902
-0.097991
-0.090180
-0.043469
-0.028136
-0.055895
0.024074
0.004502
0.004548
-0.094416
0.026806
-0.027714
-0.061002
-0.009505
-0.027844
-0.033648
-0.057457
-0.020177
0.019873
0.047647
-0.045691
0.042155
0.069020
-0.074331
0.009071
0.060397
0.014689
0.022562
0.008391
-0.038513
0.086060
-0.049248
0.069320
0.076954
-0.011336
0.052335
-0.001029
0.002319
-0.011863
-0.029779
-0.148825
0.012506
0.010070
-0.010508
0.037508
0.008138
-0.007947
-0.005860
-0.002755
-0.021096
0.019747
0.002268
-0.056943
0.016016
0.089447
-0.033289
0.031041
-0.030432
-0.043576
-0.015096
0.016650
-0.015948
0.005594
-0.031265
-0.016215
0.071198
0.067994
-0.006652
0.013562
0.067964
0.070825
0.050051
0.013893
0.072810
0.094537
0.069381
-0.001470
-0.027539
-0.096287
-0.051706
0.014371
-0.017465
-0.032513
0.061776
0.019169
0.017050
0.071195
-0.008239
0.016453
0.029190
-0.043790
0.007756
0.042214
-0.054118
0.057568
0.036988
-0.000177
0.072622
0.040358
-0.041115
-0.049403
0.005634
0.041471
0.021942
0.045786
0.020836
0.000030
-0.022925
0.054470
0.077824
-0.001092
0.002571
-0.021039
0.020134
0.021316
0.025963
0.007369
0.003591
0.003085
-0.041293
-0.121900
-0.051564
-0.025718
-0.105829
-0.049452
-0.051815
0.006605
-0.041332
-0.057219
0.110536
0.079133
0.000535
0.000237
-0.006634
-0.070174
0.107556
0.066571
0.049315
-0.058350
0.028962
0.037307
-0.070285
-0.020967
-0.022170
-0.041220
-0.005996
-0.025702
-0.036482
0.081181
0.022087
0.005569
0.012459
0.037203
0.023855
-0.015894
0.000407
0.037815
-0.014945
-0.036813
-0.041631
0.021420
-0.014143
-0.012046
0.079209
-0.032602
0.023414
0.104525
0.007826
0.003250
0.037581
-0.027501
-0.000552
-0.032087
-0.028124
0.039180
0.095659
-0.016020
0.092883
0.010370
-0.021154
0.025563
0.106417
0.033526
-0.006103
0.029170
0.031735
-0.000208
0.016458
-0.071927
0.037241
0.003873
0.033390
0.024718
-0.040658
0.023027
0.031085
-0.075182
-0.006469
-0.006858
-0.048121
-0.004478
0.014938
0.114833
0.015109
-0.007956
-0.043046
-0.025737
-0.029829
-0.050237
-0.156984
-0.004013
0.080897
-0.037502
-0.010536
-0.049587
0.050357
0.042421
-0.046370
0.028095
0.021915
-0.021666
0.005754
0.034957
0.056489
0.066105
0.052839
0.038352
-0.033592
0.027613
0.106098
-0.016770
-0.024287
-0.028629
-0.043029
0.020471
0.017226
-0.005502
-0.019195
0.033347
-0.051060
0.018809
0.014294
0.015516
0.041237
0.031354
-0.010115
-0.021903
-0.059831
-0.035969
0.053457
0.047837
-0.024225
0.059025
0.078494
0.019268
0.002171
-0.000624
0.039446
-0.005489
-0.011088
-0.002426
-0.024449
-0.062575
-0.065347
0.020308
0.071291
0.036058
0.087382
0.001391
-0.044980
0.002903
-0.014988
-0.016859
0.039008
-0.014868
-0.023839
-0.101373
-0.055999
0.096874
-0.052117
-0.131014
0.053945
-0.010163
-0.056075
0.078042
0.018422
0.054886
-0.001298
-0.071203
-0.005293
-0.008621
-0.081398
-0.065470
-0.016861
0.012682
-0.048906
-0.072031
0.051350
0.087677
0.127469
-0.022595
-0.018306
0.003635
-0.029952
-0.008927
0.039736
-0.064513
-0.036631
-0.076232
0.008590
0.073882
0.039139
0.102506
0.008198
-0.006031
0.027201
-0.066374
-0.032670
-0.021410
-0.012013
-0.040805
0.029684
0.035967
-0.021041
-0.076124
0.013155
0.023722
-0.016814
-0.052548
0.027516
-0.053392
-0.003460
0.172964
-0.004133
-0.076915
0.113449
-0.018233
-0.085716
-0.033369
-0.021554
0.056571
-0.042383
-0.049320
-0.023576
-0.045435
-0.015563
-0.026556
-0.079388
0.004147
0.021512
0.016575
-0.001621
0.012768
0.083350
-0.026905
0.000502
0.038066
-0.000892
0.039128
0.078324
0.028922
0.013136
0.076442
0.030084
0.078888
0.037313
-0.049592
0.026866
0.005187
-0.017338
-0.034472
-0.046396
0.015979
-0.046212
-0.086194
-0.021964
0.036559
-0.004945
-0.061328
-0.019656
0.011712
-0.066591
-0.054946
0.090507
0.086995
0.030005
0.082387
-0.041534
0.063481
-0.026515
-0.013179
0.042363
-0.021426
-0.037031
-0.056306
0.073941
0.089844
0.121027
0.086583
0.071585
0.059963
-0.025905
0.062815
0.032071
0.011354
0.131536
0.038612
-0.047226
0.108404
0.058466
-0.091251
-0.001264
0.022095
-0.061651
-0.000618
0.041910
-0.026322
-0.055720
-0.127456
0.049583
0.058284
0.025645
0.017176
0.007036
0.105008
0.036648
-0.029409
-0.021875
-0.031419
0.051278
0.031019
-0.023296
-0.022933
0.000932
-0.077930
-0.096784
0.047610
-0.017118
0.113171
0.101420
0.030775
-0.053628
-0.046057
-0.009856
-0.002530
-0.003724
-0.021866
-0.011710
0.011960
0.006040
0.048970
-0.014047
0.011236
0.028110
-0.065547
-0.033017
0.073477
0.002167
0.006908
-0.076054
0.025441
-0.003225
-0.046206
0.004874
-0.031118
0.027527
0.079639
0.023323
0.099989
-0.036856
-0.007287
0.005602
-0.012380
0.079457
0.039830
-0.001422
-0.001349
-0.001862
0.046399
-0.011964
-0.024111
0.094665
-0.014765
0.099474
0.114544
0.124638
0.168664
0.067671
0.052599
0.036730
0.035769
0.005610
0.008292
-0.015469
-0.051988
-0.054463
-0.032491
0.033279
0.028043
0.032571
0.078858
0.016478
0.004850
0.012278
0.054209
-0.000969
0.025702
-0.090120
-0.002654
0.024681
-0.054731
0.030611
-0.030225
-0.003012
0.015752
-0.075338
-0.012724
-0.106841
-0.040560
0.048003
0.042854
0.071787
0.035116
-0.040744
-0.003283
-0.029887
-0.000592
0.007817
-0.042733
0.096240
0.069119
-0.031164
-0.001986
0.041034
0.002586
0.063340
0.071405
0.033214
0.084562
-0.064319
-0.054941
-0.015227
-0.044830
-0.012055
-0.079932
0.012708
0.019013
-0.062431
0.126459
-0.030718
-0.088020
0.028210
-0.068912
-0.060063
-0.104367
-0.067165
0.043940
-0.041088
-0.002650
0.086175
-0.032281
-0.031258
0.033411
-0.090911
-0.042509
-0.038322
0.004401
0.004138
-0.010911
0.044167
0.101324
0.006853
0.129748
-0.003933
-0.006066
0.031819
0.044464
-0.057856
-0.120657
-0.073412
-0.067790
0.016627
-0.030363
-0.098654
0.022312
-0.036591
-0.010934
-0.002582
-0.061520
0.072198
-0.001517
0.043341
0.054670
-0.030143
0.105749
-0.007420
-0.019315
-0.001720
-0.007449
-0.044532
-0.041274
-0.000853
0.044426
-0.035778
-0.057168
0.044611
0.022458
0.076498
0.022550
-0.024831
-0.056520
0.043229
-0.027851
-0.078368
-0.058074
0.014310
0.011116
0.018062
0.044535
-0.009135
-0.009094
0.001382
-0.055685
-0.022629
0.076256
0.035832
-0.032512
-0.035171
-0.017699
-0.028474
-0.027013
0.053488
0.008815
-0.054212
-0.032299
-0.009210
-0.021887
-0.028811
-0.005443
0.114188
0.058094
0.025983
-0.011418
-0.004117
0.026160
-0.051308
0.002932
0.019602
-0.060857
-0.038526
-0.004604
-0.013884
-0.030976
0.034043
0.073500
0.027485
0.002813
0.010170
0.077316
-0.001957
0.071720
0.052702
0.012104
0.055864
0.040172
0.001699
0.061263
0.028835
-0.107059
-0.026040
-0.060281
-0.005693
0.029681
-0.052081
-0.045090
0.066766
-0.050484
-0.055842
-0.015596
-0.030098
-0.010638
0.003424
-0.063142
-0.010004
0.010404
-0.006352
-0.003577
-0.098208
0.008596
0.043324
0.043447
-0.024909
-0.052535
-0.058311
0.010011
0.053887
0.050434
0.129241
0.147718
0.071371
0.092770
0.119790
0.003916
-0.022790
0.071084
0.030784
-0.029485
0.017408
-0.000052
0.018035
-0.014092
0.111224
0.071117
-0.025395
0.012375
-0.010250
0.000213
0.031770
-0.019429
-0.022904
0.031980
-0.029085
-0.091205
0.005532
0.059319
-0.043356
-0.040095
0.039063
0.024287
-0.129211
-0.075853
0.092557
0.043694
-0.031831
0.002943
0.001790
-0.071135
-0.058670
0.107217
0.044091
0.023795
0.047562
0.006102
0.055690
0.031071
0.004172
0.063887
-0.048037
0.059041
0.067740
-0.017215
0.009404
-0.004612
0.007437
-0.002073
0.012139
-0.100432
-0.055872
-0.019107
0.001974
0.022379
0.047060
0.020158
0.002751
0.007643
-0.050744
0.058270
0.024392
-0.139599
0.024579
-0.022731
-0.041875
-0.012965
0.043956
0.039202
0.127680
0.024647
0.030461
0.063010
-0.002075
-0.060714
-0.017444
0.031731
-0.089795
0.071141
0.022628
-0.037493
-0.079157
-0.112481
-0.049679
-0.100231
-0.005604
0.052189
-0.044553
-0.048113
0.046679
0.023685
0.029491
0.111213
-0.011653
0.009800
0.139575
0.058633
-0.015413
0.073262
0.016384
0.043526
-0.008017
0.007261
0.015166
-0.045438
-0.014418
-0.021601
-0.014850
-0.015395
0.035890
0.035693
-0.022788
0.026150
0.027678
0.039701
0.072189
0.054572
-0.056207
-0.032908
0.049912
-0.038328
0.053386
0.043603
0.064638
0.111036
0.104135
0.038397
-0.030121
0.015937
0.157182
0.038137
-0.021205
0.022538
0.006716
0.060934
0.063722
-0.029886
0.064165
0.044765
-0.014417
0.058928
-0.011130
0.035654
-0.004116
0.023746
-0.030296
-0.006613
0.068358
0.083538
-0.078269
0.104508
0.024395
0.032159
0.009829
-0.044634
0.092391
0.073640
0.004508
0.073242
0.025346
0.030399
-0.033707
-0.063072
-0.006646
-0.035787
-0.032098
-0.019221
0.094646
0.027448
0.012077
0.081771
0.059042
-0.011409
-0.012121
-0.109209
-0.028074
-0.067254
-0.187771
0.070712
-0.024266
-0.010655
0.070309
0.032160
0.065941
0.022241
0.029798
0.070162
-0.050882
-0.038413
0.020752
0.039335
-0.048659
-0.056001
0.055038
-0.024791
0.000683
0.000471
0.001559
0.011180
-0.068197
0.025812
-0.020393
0.039313
-0.054722
0.085264
-0.033642
-0.049707
0.004397
-0.044864
-0.044062
-0.086889
0.004751
0.082964
0.032469
0.028011
0.071086
0.027990
0.008827
0.018973
-0.030067
0.029574
0.018732
0.002060
-0.039930
-0.084420
-0.012084
0.034558
-0.000157
0.049498
0.039261
0.059479
0.034449
0.070670
0.089030
-0.039194
0.064110
0.053609
-0.055674
-0.048043
0.013291
-0.061603
-0.042411
-0.110337
0.026179
0.008092
-0.045730
-0.001000
-0.004582
0.013311
-0.012239
-0.086763
0.005831
0.002803
0.022322
0.073594
0.000124
0.009354
0.011170
-0.009635
-0.027028
-0.074985
-0.115886
-0.094828
-0.092755
0.004503
-0.038604
-0.026637
0.011484
-0.058939
-0.048060
0.056382
-0.030187
0.066011
0.027560
0.003320
0.099120
0.055415
0.021732
-0.018801
0.040810
0.052142
0.025199
0.029707
-0.030478
-0.046997
-0.017902
0.042795
0.072030
0.074306
-0.019322
-0.041873
0.040076
-0.022281
-0.003682
0.044547
0.012800
0.016203
0.097806
-0.078740
-0.016897
-0.030698
-0.032116
0.026513
-0.087999
-0.088847
-0.074197
-0.005623
0.035551
0.012190
0.021113
0.004823
0.013271
0.061878
-0.004529
0.008750
0.004512
-0.031359
0.055571
0.067418
-0.001554
0.047666
0.033993
0.007478
-0.016935
0.038524
-0.097440
-0.002679
0.122042
0.114356
0.078769
0.044447
0.039303
0.061113
0.010436
0.018850
0.026219
0.013523
0.004527
0.010511
0.027830
-0.016591
-0.050662
0.011939
0.035673
0.010613
0.077879
0.073247
0.068340
-0.010629
0.074888
-0.010733
-0.003281
0.065069
-0.010586
0.039322
0.002614
0.040621
0.023601
-0.047958
0.038846
-0.018775
0.068261
0.103476
-0.020313
0.025641
-0.037958
0.006862
-0.006330
-0.088698
-0.004263
0.076065
0.119620
0.065925
0.030461
0.151535
0.077800
0.090609
-0.050264
-0.011634
0.057940
-0.015788
-0.002455
0.054290
0.091112
0.042327
-0.101613
0.038056
0.057299
-0.017453
-0.009978
-0.116890
0.018833
0.048020
-0.047140
0.020194
-0.030232
-0.037339
-0.020244
-0.116305
0.023857
0.014613
-0.111064
-0.008882
0.003347
0.002404
-0.035475
0.010640
-0.007875
-0.013802
-0.000681
0.025955
-0.024358
-0.050616
-0.007448
0.048654
0.097296
-0.008815
0.100095
0.065715
0.061800
0.149881
0.038567
0.046764
0.059643
0.071793
0.160688
0.096983
0.065785
0.011898
-0.021326
-0.000148
-0.002382
0.040820
0.007638
-0.005614
0.004195
0.007567
0.066993
-0.007967
-0.055813
-0.050806
0.089859
0.016381
0.094001
0.008290
-0.065114
-0.000091
-0.049260
-0.000288
0.020301
0.012207
-0.011975
-0.033304
0.051429
0.021337
0.006415
0.002192
-0.048516
-0.065182
-0.041749
-0.025000
0.029489
0.004555
0.106176
0.063713
-0.081243
0.011544
-0.013768
0.009989
-0.004193
-0.017042
-0.016744
0.009989
0.064739
-0.025789
-0.016416
0.069812
0.025786
-0.033726
0.035657
0.005372
-0.027793
-0.050951
-0.001369
0.055306
-0.023900
0.054285
0.005323
0.003894
-0.003752
-0.076055
0.021660
0.009166
0.104408
0.064683
0.007981
0.021323
0.049114
0.083319
-0.001305
0.151099
0.034739
0.010694
0.102851
0.044908
-0.052440
-0.045679
-0.044247
0.005479
0.002353
0.053389
-0.065986
-0.075568
-0.008051
0.009977
0.048312
-0.015389
-0.030840
-0.039646
-0.053608
-0.036587
-0.077613
-0.056024
-0.023508
0.034024
0.025219
0.075367
0.216585
0.125287
0.016613
0.097385
0.067630
0.030742
0.000559
-0.004708
0.021466
-0.023482
-0.005760
-0.021282
-0.055111
-0.007079
-0.038143
-0.095414
0.004870
0.143397
-0.001723
0.043539
-0.023823
-0.051201
0.003917
-0.060464
-0.071032
-0.001609
0.009848
-0.089614
0.048880
0.000987
0.036565
-0.020485
0.055124
0.099576
0.035611
-0.004609
-0.016572
-0.040861
-0.046199
-0.003456
0.025554
0.024909
-0.021035
0.036822
0.020672
0.017430
0.002937
0.097304
-0.000949
-0.031643
-0.002497
0.032203
-0.043857
-0.027763
-0.023223
-0.028252
0.078648
0.016534
-0.041839
0.092202
-0.002297
-0.004270
0.097978
0.019023
0.076988
0.086260
0.086808
0.048635
0.072070
0.036907
-0.001860
0.002981
-0.056387
0.052570
0.052324
0.009959
0.052144
0.066504
0.046653
-0.024316
0.058917
0.038986
0.003527
-0.004722
0.027178
0.040636
0.064507
0.025113
0.065800
0.002030
0.019287
0.043030
0.059480
0.108910
0.009538
-0.015388
-0.071642
-0.039730
-0.009984
-0.020766
0.043528
-0.030622
0.017118
0.043186
0.021764
0.007401
0.002836
-0.047335
0.039972
0.038746
-0.014711
0.021223
0.104369
-0.042935
0.048551
0.035121
-0.043486
0.026353
-0.095228
-0.064575
0.056584
0.052518
-0.047818
0.039117
0.002137
0.039030
0.046520
0.023749
0.057678
-0.048758
-0.024175
-0.009444
-0.006568
-0.013414
0.002546
0.057625
-0.033260
-0.017150
0.011610
-0.013982
0.024392
-0.034625
0.027982
-0.000849
-0.027036
0.061264
0.034214
-0.012876
0.073696
0.059352
0.107482
-0.017571
0.002069
0.085946
-0.011841
0.036024
0.030460
0.011997
-0.012023
-0.099359
0.048183
0.088388
-0.027453
-0.036740
0.002518
0.025468
0.078284
0.020549
0.058951
-0.051473
-0.034807
0.021026
0.032509
-0.015552
-0.045427
0.077840
0.011345
-0.000689
-0.013664
-0.029955
-0.065893
-0.053369
-0.046298
-0.111378
0.070679
0.058931
-0.065527
0.082837
0.030985
-0.056599
-0.011442
-0.012623
0.034439
0.046676
0.052836
0.073690
0.011532
0.024757
0.017799
0.025429
0.018865
0.018518
0.103438
0.022581
0.034706
0.028329
0.059532
-0.047904
-0.035984
0.029630
0.033979
-0.028738
0.092167
0.003966
-0.009045
0.011020
-0.002166
-0.019287
0.045345
-0.004024
0.039985
0.000215
0.055038
0.097341
0.049327
-0.086050
-0.031359
-0.052875
-0.052299
0.003301
0.084625
0.000039
0.048009
0.046552
-0.097311
-0.045392
0.013772
-0.027608
-0.041294
0.027935
-0.027290
-0.017837
-0.029726
0.000137
-0.031355
-0.067630
0.002889
0.032867
-0.066673
-0.014171
0.022701
0.071688
-0.025059
-0.103480
-0.024030
-0.065533
-0.033219
-0.031797
-0.062452
-0.050388
-0.067362
-0.048713
0.002304
-0.041432
0.012950
-0.013881
0.129347
0.074094
0.059209
0.069518
0.064095
-0.044408
0.050170
0.109514
-0.023183
0.067329
0.015852
0.087897
0.094404
-0.072349
0.020345
0.036298
-0.029414
-0.029336
-0.028646
0.022068
0.051807
0.016620
0.087839
0.032090
0.056676
0.050180
0.034328
0.081554
0.003642
0.066409
0.062888
-0.017626
-0.072821
0.024053
0.003051
-0.046140
-0.083508
-0.045602
-0.009172
-0.011868
-0.117051
-0.015389
-0.056698
-0.034753
-0.029155
-0.051256
-0.043843
0.032562
0.089705
0.062849
0.017839
0.031669
0.028839
0.053451
0.037735
-0.014835
0.079650
0.045695
0.050391
0.085224
-0.007750
0.089163
0.025399
0.074364
0.072106
0.061766
0.020404
-0.049181
0.068317
0.065868
0.053219
-0.019471
0.032209
0.060396
0.076764
0.070587
0.036224
-0.070047
0.051758
0.061084
-0.029299
0.043093
0.088965
0.044479
0.036391
-0.033975
0.008452
0.000547
-0.013936
0.054502
0.014466
0.017440
0.064309
0.041435
0.048910
0.088263
-0.002338
0.058043
0.042250
0.065285
0.094848
0.018891
0.072837
0.006364
0.044269
0.040255
-0.041313
0.046434
0.012738
0.029144
-0.008738
-0.024434
0.023626
-0.060811
0.021872
0.144088
-0.039794
-0.076757
0.039112
-0.011209
-0.007287
0.059998
0.013723
0.000218
-0.063263
-0.094047
0.043187
-0.057097
0.062070
-0.042683
-0.098599
-0.010458
-0.033511
0.041599
0.041228
0.048442
0.047411
-0.022835
-0.015011
-0.020261
0.011767
-0.100723
0.045322
0.026417
-0.066341
0.057991
0.032642
-0.036618
-0.042029
-0.069697
0.002574
0.064896
0.054315
0.053811
0.013056
0.041896
0.056128
0.104377
0.032882
0.052953
0.072890
0.051760
0.001829
0.009420
-0.049704
-0.006368
-0.011444
0.014382
0.054999
-0.022399
0.037537
0.056494
-0.037338
-0.097734
-0.093015
0.016538
-0.040793
-0.076357
-0.001203
0.004455
-0.011101
-0.015457
-0.052830
-0.021434
0.095209
0.048886
0.033785
0.076351
0.054039
-0.061576
-0.015358
0.060573
-0.016268
0.018669
0.073848
0.082765
-0.030340
0.020666
0.030099
-0.033326
0.016804
0.022997
-0.021820
-0.021328
0.060210
-0.003949
0.080944
0.000304
-0.107654
-0.009124
-0.052221
-0.063526
0.000141
-0.000453
0.066357
-0.020762
-0.005054
-0.029555
-0.075210
-0.002948
0.036722
0.125644
0.026470
0.014362
0.065245
0.096398
0.010784
-0.024080
-0.013712
-0.016919
-0.029810
-0.035220
0.006052
0.000977
0.010508
-0.019315
-0.034422
-0.039117
-0.020453
0.080433
0.147935
0.056786
0.101220
0.084921
0.067814
0.123188
0.123659
0.113496
0.160284
0.064589
-0.021909
0.052559
-0.020524
0.022335
0.045779
0.034122
0.019239
0.073232
0.033426
-0.012150
0.033737
0.002953
0.018147
-0.060981
0.018331
0.076070
0.023026
-0.056240
-0.002003
0.025997
-0.051397
-0.111667
-0.009782
0.051744
0.000806
0.065218
0.081081
0.045888
0.028528
0.005677
0.058674
-0.019262
-0.004135
0.045835
-0.014333
0.003535
0.070859
-0.012947
0.018469
0.061360
-0.028891
0.019589
-0.074744
-0.013139
-0.003857
-0.020202
0.010520
0.006311
0.029569
-0.077046
-0.025683
0.035921
0.021899
-0.032021
0.016677
0.026627
-0.004005
-0.041307
-0.047156
-0.073946
-0.078158
-0.111710
-0.063325
0.020804
-0.066295
-0.034960
0.044346
0.073490
0.033429
-0.010279
-0.005685
-0.025478
-0.042450
0.028244
0.030144
0.024535
-0.063347
-0.009700
-0.046214
-0.022764
0.066432
0.073345
0.026852
0.030927
0.021582
-0.028173
-0.065302
-0.041634
0.085742
0.067135
0.018881
-0.117859
-0.046287
-0.062752
-0.158592
-0.013543
-0.067862
-0.064143
-0.000961
-0.016381
-0.084616
0.035912
0.072450
-0.036737
0.027359
-0.000078
0.005332
0.048319
0.038694
0.088848
0.039612
0.062553
0.094645
-0.013169
-0.018253
0.088650
0.001217
-0.004431
0.005407
-0.007154
0.061856
0.015814
0.014794
0.122742
0.017060
-0.057384
0.043430
0.002080
-0.050565
0.088507
0.013159
-0.036985
0.063949
0.038955
0.023958
0.002602
-0.031524
-0.002919
0.068685
0.046189
0.041788
-0.042513
0.008261
0.066224
-0.011311
0.034491
-0.025391
-0.061798
-0.059440
-0.066940
-0.063804
-0.040456
-0.017993
0.012532
0.007423
0.116629
0.027625
0.033008
0.000418
0.027896
-0.016524
0.030955
0.029266
-0.060655
-0.042568
0.059694
0.076025
0.014765
0.092090
0.101470
-0.099274
-0.001956
0.049181
0.050261
-0.030810
-0.020258
0.033068
-0.007045
0.001954
0.034008
0.061039
0.002202
0.065291
0.074475
0.086460
0.084777
0.028437
-0.042928
0.033478
-0.007497
-0.023211
0.054592
0.016780
0.058035
-0.030830
0.085568
0.012509
-0.035688
0.070070
0.115214
0.019349
-0.017992
-0.001264
-0.010110
-0.043771
-0.004839
-0.002072
0.055253
-0.018054
-0.019533
0.049824
-0.056514
0.036213
0.104530
0.041142
0.137314
0.030428
0.002059
0.082528
-0.025411
-0.030939
-0.031195
-0.036662
0.044543
0.070023
0.008682
0.046612
0.027080
0.005636
-0.002943
-0.012814
-0.044796
-0.068465
0.003954
0.057131
-0.007254
-0.032104
0.051109
-0.040034
0.025924
0.082047
0.073534
-0.017201
0.009209
0.031256
0.032472
0.037952
0.094791
0.007640
-0.070322
-0.081225
0.054947
0.050595
0.045180
0.008393
-0.009735
0.091530
0.086384
0.036806
0.013370
0.072787
0.037331
0.039028
-0.052582
-0.001330
-0.006342
0.015174
0.043370
0.055963
-0.030239
0.091824
-0.018277
-0.079244
0.010719
-0.039415
0.005869
-0.021920
-0.068730
-0.092439
-0.019488
0.040022
-0.127261
-0.011327
-0.055267
-0.005869
0.074052
-0.056974
-0.016126
-0.024265
-0.085669
-0.007710
-0.032910
0.001739
0.005749
0.016273
0.055308
-0.001865
0.017063
-0.004009
0.053309
0.017154
0.016628
0.021837
-0.019835
0.011061
0.044598
0.068677
0.108248
-0.012461
0.023609
0.046761
-0.030754
-0.022834
-0.017909
-0.033375
0.012397
-0.045508
0.003195
0.079067
0.127038
0.097726
-0.014297
0.004612
-0.027429
0.010003
0.032778
0.104826
-0.028713
0.017048
0.084713
0.056926
0.084401
0.025819
0.008128
0.018873
-0.060285
-0.001519
0.001457
-0.014652
-0.002835
0.039591
0.055587
-0.019458
-0.056607
0.087179
0.026029
0.033350
0.030217
0.016806
-0.017294
-0.049346
0.058894
0.028825
-0.001231
-0.094502
-0.060433
-0.014483
0.027886
-0.048661
-0.016630
0.047694
0.002746
-0.054956
-0.046819
-0.069561
-0.014669
0.078257
0.049551
-0.008465
0.022425
-0.021633
-0.025882
0.014307
0.058150
0.019953
-0.001920
-0.049518
0.016892
0.064488
-0.005726
0.065128
-0.006447
0.060785
0.018416
0.014418
0.092309
0.016516
0.000252
0.008000
-0.030670
0.060090
0.026299
0.015206
-0.052066
0.011391
0.066135
-0.004837
0.072060
-0.006092
-0.028995
-0.047335
-0.065806
0.074566
0.019061
0.090285
0.098362
0.020622
0.027992
0.032731
0.019768
-0.009879
0.031365
0.111110
0.118065
0.022352
0.035977
-0.015441
0.005009
0.018251
-0.015546
0.067059
-0.047130
0.043866
0.051066
-0.003059
0.025115
-0.089550
0.049310
0.012560
0.011638
0.031260
-0.044725
-0.019464
-0.007787
0.044890
-0.007539
-0.010581
0.012412
0.046365
-0.095157
-0.073715
0.051132
0.052684
-0.004266
-0.002992
0.043465
0.062547
-0.024942
-0.017979
0.033559
-0.022429
-0.005139
0.030412
-0.061818
0.053189
0.027326
-0.045934
-0.027023
-0.038931
-0.018490
-0.033745
-0.078949
0.006454
0.005896
0.039601
-0.040190
-0.085034
-0.018698
-0.018126
-0.026668
-0.026812
-0.067882
-0.035289
-0.008233
0.044336
-0.013544
-0.073003
0.059922
0.060254
-0.003048
0.036196
0.050493
-0.031798
0.118053
-0.007097
-0.003331
0.073555
-0.068154
0.056732
0.041924
0.071683
0.010259
0.006921
-0.059893
-0.030104
0.025313
-0.045507
0.057561
0.084140
-0.013699
-0.035031
-0.007359
-0.036613
-0.032464
0.004925
0.101824
0.007179
0.022185
0.030012
0.014072
0.011075
0.036052
0.020047
0.011076
0.028172
-0.003258
0.000492
-0.021526
0.004238
0.078282
0.009802
-0.001120
0.041163
0.051478
-0.004595
0.003046
0.042162
-0.004629
0.005274
0.027067
0.045800
0.023999
0.055365
0.028199
0.018442
-0.041891
0.024441
0.027588
-0.066355
-0.035935
-0.030164
0.016120
0.059226
-0.086181
-0.081842
-0.038906
-0.039569
0.074061
0.045563
-0.005466
0.001863
0.058528
0.049587
0.028539
-0.016534
0.024722
0.006761
0.013906
-0.049409
-0.038490
-0.005636
0.061247
-0.002069
0.059719
0.123953
0.047863
0.067581
0.121857
0.016650
-0.024114
0.048247
0.031309
0.022287
0.065371
0.005198
-0.011104
0.071016
0.048580
0.109207
0.040780
-0.050011
-0.006739
-0.015292
0.025671
0.053975
-0.029374
-0.012004
-0.011616
0.086923
0.078455
0.008802
-0.026683
-0.011075
-0.008779
0.018507
0.027164
0.081968
0.003377
0.014767
-0.007386
0.038777
0.070658
0.022091
0.080038
0.040690
-0.012902
0.072343
0.062152
0.029282
0.138664
0.058941
-0.006243
0.058913
0.081356
0.034157
0.084916
0.044057
0.017089
0.058940
0.061279
0.064172
0.103445
0.082178
0.120704
0.040642
0.154497
0.013402
0.053826
0.009393
-0.023329
0.025634
0.019777
0.005919
0.040535
0.025128
0.018429
0.005037
0.014075
0.031697
-0.076039
-0.064785
0.052484
0.047699
-0.008344
0.061522
-0.057197
-0.010464
0.067880
0.036905
0.083649
0.101122
-0.017937
0.063743
0.016453
-0.016886
-0.084075
0.025206
-0.050354
-0.091631
0.071901
-0.072152
-0.132022
0.081112
0.003704
0.022013
0.065198
0.025530
0.009864
-0.073447
0.059248
0.036400
0.058537
0.080658
0.002505
-0.026522
0.037924
0.050317
0.012860
0.015981
0.147794
0.009945
0.077437
0.017742
0.020651
0.037921
-0.046858
0.048387
0.051203
0.016722
0.064473
0.029513
-0.082094
0.047686
0.043010
0.022732
0.041797
0.001097
0.006345
0.011201
-0.071544
-0.063497
-0.058249
-0.020323
0.005132
-0.032773
-0.024853
-0.000539
0.043956
0.006871
-0.007047
0.024062
-0.052724
-0.037093
-0.021437
-0.022342
-0.081223
-0.049551
-0.072200
-0.050909
0.015796
0.011397
-0.009814
0.075519
0.069538
-0.054638
-0.036157
0.072537
-0.034305
0.023100
-0.025322
0.012505
0.100148
-0.050162
0.087798
0.084920
-0.018921
0.013409
0.003403
-0.003671
-0.009703
0.012719
-0.013503
-0.009621
0.011771
-0.096868
-0.039103
-0.082540
-0.072150
-0.047591
-0.069369
0.024764
-0.085941
-0.045729
-0.016873
-0.001930
0.027813
0.033998
-0.013825
0.038434
0.019289
0.030720
0.003533
0.011253
0.061211
0.025491
0.007824
0.008057
0.070097
-0.066016
-0.105574
0.028879
0.054729
0.008239
0.067332
0.031505
0.001077
0.192746
0.089472
-0.009119
0.056669
0.065561
0.012319
0.062076
0.072131
0.118700
0.123036
0.053680
0.063857
0.005305
0.045603
0.007452
0.022600
0.069236
0.032907
-0.022560
0.090353
0.032566
0.007127
-0.014709
0.001729
-0.015163
0.034308
-0.018445
0.046134
0.057376
0.077034
0.038555
0.037899
0.050903
-0.013940
0.051747
0.058865
-0.062533
0.051331
0.077765
0.106107
0.048829
0.027418
0.046059
0.073167
0.068377
0.160058
0.102091
0.105900
0.026357
0.054920
0.023887
0.016069
0.006451
0.007361
-0.079836
-0.040204
-0.076268
0.010383
0.066861
-0.075620
-0.037048
-0.067703
-0.047355
0.075642
0.048987
-0.046577
0.082846
0.066894
-0.033021
-0.052357
-0.055164
0.044174
0.015879
-0.037872
0.004951
0.037473
-0.112886
-0.015647
-0.050797
-0.022980
-0.010693
0.009099
-0.023013
0.031740
0.040486
0.010528
-0.003075
-0.080286
0.007915
-0.013239
-0.104614
-0.103830
-0.084277
-0.016654
0.021876
0.074581
-0.005388
-0.002703
0.023941
0.008546
-0.005915
-0.115627
-0.006523
0.072192
-0.101156
-0.033225
-0.001033
0.054665
0.007483
-0.036327
0.001490
-0.108187
0.006780
0.042671
-0.009553
0.019209
0.054052
0.012613
-0.038564
-0.036602
0.011687
-0.033143
-0.079769
-0.038547
-0.020997
0.057550
0.088286
-0.037453
0.060995
0.022857
0.005333
-0.056170
0.054515
0.105240
0.163327
0.050099
-0.048056
-0.010647
0.004961
0.100230
0.024445
-0.051717
0.061279
0.043005
0.003521
0.061635
0.016095
0.071011
0.062430
-0.045703
-0.013292
0.009820
0.097047
-0.023773
0.045713
0.078711
0.043780
-0.022930
-0.014063
0.004578
-0.037183
0.003376
0.018368
0.134101
0.121832
0.043372
0.070178
0.030397
0.032288
0.050575
0.003903
0.005888
-0.010159
-0.053469
-0.003736
-0.013802
-0.035988
-0.004089
0.082294
0.007789
-0.067419
0.010549
0.056644
0.003723
-0.021434
0.093384
0.042277
0.009068
0.082998
-0.052149
-0.075306
-0.053307
-0.113677
-0.018747
-0.014889
-0.050736
0.019590
-0.082029
-0.062030
0.021536
0.000446
-0.045353
0.008254
-0.000901
-0.041139
-0.036143
0.063065
0.041410
0.017673
0.007738
0.055511
-0.022077
-0.036889
-0.010479
0.022162
-0.076575
0.013804
0.110892
-0.066915
0.068799
0.049734
-0.034972
-0.024047
0.055300
0.044077
-0.069791
-0.049318
0.045236
0.043796
0.087524
-0.025453
0.007416
-0.044458
-0.029109
0.025372
-0.058959
-0.028663
0.023335
-0.046424
0.008410
-0.016367
-0.040846
-0.037576
-0.020233
0.005780
-0.051167
0.065588
0.120674
0.075937
-0.044028
-0.056808
0.024017
0.024329
-0.067307
-0.064980
0.034003
-0.029124
-0.073038
-0.025397
0.025728
-0.042694
-0.014358
0.067321
-0.021851
0.093162
0.111994
0.047597
-0.010672
0.049920
-0.039715
0.040931
-0.000698
0.028707
0.079836
0.045229
-0.033517
-0.032786
-0.029650
0.042275
-0.023789
0.082514
0.026976
0.038826
0.031281
0.087859
0.050477
-0.017218
-0.024533
-0.036691
-0.107325
-0.004255
0.078162
0.042435
0.016166
-0.014051
0.022739
0.067915
0.003576
0.016841
0.061724
-0.033333
0.079237
0.037958
-0.080644
0.018992
-0.046612
-0.044551
0.112879
0.010476
0.027212
0.036425
-0.000845
0.062431
0.033985
-0.002017
0.035487
0.101876
0.042555
-0.022895
-0.061272
0.011539
0.063756
0.001510
-0.001680
-0.054539
-0.024144
0.022399
-0.002792
0.007481
-0.015189
0.056449
-0.132388
-0.079370
0.076786
-0.042239
0.074770
0.107968
0.021700
-0.005153
0.078267
-0.058502
0.003702
0.039079
-0.000068
0.070662
-0.018350
0.032239
0.025325
-0.018415
0.051808
-0.060334
-0.014403
0.003083
0.021303
0.021861
-0.101982
-0.053993
0.049358
-0.030189
0.027483
-0.042736
-0.065113
-0.005143
-0.134307
0.012140
0.017376
-0.047040
0.013423
-0.026011
-0.110142
-0.100225
0.013348
0.039246
-0.038196
0.049107
0.010010
0.029438
0.012843
0.035283
0.021381
0.039847
0.078063
0.120793
0.099450
-0.034831
0.068490
-0.002010
-0.031250
0.059370
-0.004106
0.027769
-0.019216
-0.022294
-0.075360
-0.015700
-0.066952
-0.017336
0.008658
0.006674
0.036053
0.061405
0.011916
-0.001422
0.025870
0.020717
-0.027522
-0.013173
-0.026989
-0.026496
-0.019291
0.042326
0.020666
0.001574
0.009327
0.026790
-0.039993
-0.030132
0.062029
-0.001833
0.010521
0.092802
0.020660
0.089515
0.032649
0.037553
0.029337
0.067521
0.038235
0.011258
0.056724
0.067340
0.080757
0.003762
-0.020815
0.091748
0.091301
0.022446
0.016020
0.007306
0.001164
0.046726
0.031003
-0.045301
-0.093475
-0.021573
0.022472
-0.025552
-0.043985
0.064323
0.073787
0.044587
0.034926
0.057669
-0.004779
-0.025279
-0.063847
-0.100464
-0.043984
-0.097398
0.029145
0.038222
0.046682
-0.003693
0.054505
0.049034
-0.009736
0.023942
0.040476
0.060940
-0.058152
-0.026588
0.040964
-0.004544
0.018513
0.023272
0.013197
-0.066767
0.009206
-0.066919
-0.112682
-0.019025
-0.021175
-0.109860
-0.028730
-0.005317
-0.057295
0.026360
-0.004977
0.020475
0.022449
0.019235
0.017782
0.103051
0.009279
-0.009879
-0.035612
0.027599
-0.015518
-0.020423
-0.001174
-0.031488
0.060132
-0.000099
-0.057148
0.021685
0.005856
0.112419
0.100741
-0.028715
-0.031449
-0.022195
0.003624
-0.006796
-0.088228
-0.034082
0.016948
-0.034427
-0.052551
0.113846
0.033745
-0.066300
0.057078
0.010384
0.000079
0.027490
0.075367
0.174642
0.060511
0.088211
0.040350
0.011032
0.059820
0.032111
0.031562
0.070554
0.072149
-0.015322
0.018065
-0.040221
-0.090390
0.004800
-0.027373
-0.000971
-0.079821
-0.125011
-0.048298
0.047261
0.055417
0.044055
0.048933
0.033460
0.056414
-0.036528
-0.021391
-0.011267
-0.082048
-0.019208
0.026088
0.017827
-0.004875
0.035353
-0.021854
-0.011242
-0.121435
-0.035753
0.031050
0.010531
0.100825
0.089580
0.106340
0.095665
0.073591
0.004285
-0.001804
-0.027277
-0.037034
0.044849
-0.066363
0.064662
-0.033203
-0.027411
-0.020892
-0.090145
-0.101649
-0.091380
-0.033169
-0.075359
-0.019556
0.035315
0.013542
0.031695
-0.005547
0.000988
0.015641
0.029018
0.031413
-0.025139
0.072116
-0.013328
0.000731
0.110133
0.069111
0.022007
0.066206
0.049982
0.027315
-0.037098
-0.009523
0.051500
0.025324
0.002539
0.050697
0.037960
-0.006410
0.041325
0.056655
-0.037712
-0.059667
-0.025759
0.016689
0.001968
-0.106873
0.000239
-0.030208
-0.081487
-0.027570
0.025143
0.070535
0.023629
0.085722
-0.045877
0.050618
-0.060158
-0.026433
0.058649
0.021456
0.005969
0.014294
0.028131
-0.014040
-0.033328
0.017819
-0.010451
0.015987
0.033146
0.093956
0.042661
-0.074291
0.077274
0.077053
-0.075146
0.038750
0.074143
-0.042594
0.013863
0.027346
-0.014927
-0.056494
-0.089139
0.040023
0.068232
0.032080
0.001915
0.127049
0.054925
0.100080
0.061533
0.009811
0.017345
0.002064
-0.011059
0.112927
0.041997
-0.040541
0.043543
-0.024771
-0.047731
-0.009687
0.002142
-0.051283
-0.050342
0.026409
0.007826
-0.087920
-0.093354
-0.000691
0.083538
0.012751
0.055903
0.097625
0.081831
0.019300
0.005252
0.021262
0.021121
-0.100781
0.010528
0.069375
0.040550
0.043023
-0.002016
0.069389
0.008416
-0.001130
0.092348
0.036888
-0.033805
0.034879
0.022121
-0.038820
-0.051312
0.070078
0.072949
0.067003
0.078032
0.024645
0.030402
0.077000
0.052072
0.043058
-0.000552
0.061776
-0.002049
-0.063259
0.041008
0.017731
-0.015535
-0.003240
0.067190
0.026238
-0.022285
0.026130
0.022567
0.048036
0.055775
0.049383
0.001661
0.045355
0.083751
0.014501
0.114118
0.023744
-0.075421
0.053260
-0.002610
-0.024912
0.020831
-0.002461
-0.005325
0.009771
0.071520
0.064078
-0.038399
0.073176
0.036304
-0.010698
-0.040720
0.070674
0.040250
0.077531
0.063533
0.045233
-0.010115
0.078895
-0.023846
-0.020676
-0.123856
0.024745
0.063233
-0.028843
-0.009192
-0.051886
-0.101815
-0.028144
-0.043222
-0.017024
-0.003379
-0.062741
0.088846
0.042559
-0.088753
0.016445
-0.026009
-0.048103
-0.009460
0.112817
-0.041458
-0.038941
-0.033702
-0.069625
-0.040036
-0.047347
-0.041189
0.038033
-0.038083
-0.037340
-0.083512
-0.049356
-0.010845
-0.055955
0.004531
-0.011041
-0.028693
0.032173
-0.013605
0.067103
0.001822
-0.068445
-0.065643
-0.014626
-0.098539
-0.031670
-0.018426
-0.071070
0.035505
0.031938
0.076847
0.032335
0.036941
0.036677
0.035563
0.082740
-0.052208
-0.019123
0.132495
0.035151
-0.069533
0.030406
-0.069613
0.049159
0.010976
-0.082865
-0.086251
-0.058461
-0.030352
-0.020757
0.001986
-0.089798
0.030843
0.023447
0.015079
0.088891
0.052386
0.058360
0.012159
-0.064674
-0.071464
0.065968
0.035859
0.060038
0.058499
-0.013018
0.022110
0.022195
0.065321
0.002460
-0.006360
0.050238
0.054936
0.005054
-0.081229
-0.017670
0.006600
-0.038277
0.022299
-0.007771
-0.026494
0.079344
0.069843
0.038212
0.022089
-0.049119
0.006888
-0.002293
-0.056056
-0.021517
-0.038577
0.008388
-0.067336
-0.029200
-0.058854
-0.068964
-0.041362
-0.005186
0.027044
-0.054194
-0.042574
-0.032296
-0.055198
-0.045494
-0.040253
-0.013341
-0.012758
-0.001806
-0.081085
-0.053683
-0.028914
-0.106912
0.039984
0.024030
0.034861
0.042705
-0.054945
-0.015803
0.087466
-0.022298
-0.042645
0.090566
0.002882
0.023066
0.038430
-0.050753
0.038703
-0.076397
0.081991
0.070078
-0.095665
0.058890
0.009323
0.075390
0.027430
0.097057
0.032450
0.012797
0.014269
0.047981
0.066596
0.016075
0.009536
0.003750
0.073668
0.071671
-0.053465
-0.080434
-0.006620
-0.050709
-0.024728
-0.006532
0.000299
-0.013835
0.015131
0.110579
0.061115
0.040990
-0.002034
-0.003443
-0.103712
-0.069291
0.043237
0.043347
-0.027636
-0.023716
-0.049321
-0.035015
0.009455
0.048330
0.031109
0.037395
-0.017798
0.072192
0.123621
0.009253
-0.026402
-0.011244
-0.009157
-0.019161
-0.047832
-0.009916
-0.031076
-0.015003
-0.091702
0.020028
-0.013412
-0.025654
-0.013373
0.017765
-0.017156
0.073793
-0.008942
0.000113
0.046316
0.037043
0.036189
-0.099798
-0.002921
0.065363
0.055761
0.014721
0.108939
0.040887
-0.005573
0.025103
-0.008671
-0.037010
-0.050275
-0.006586
-0.082008
-0.039627
-0.002564
0.020966
-0.008170
-0.034087
-0.027126
-0.043609
-0.043018
-0.000076
-0.004539
-0.041912
-0.050018
-0.031492
-0.043629
-0.042835
-0.006618
0.000193
-0.065320
-0.023748
-0.000695
0.001701
-0.081172
0.031452
0.040381
0.019276
0.024198
-0.079334
0.011452
0.048425
-0.043874
-0.055394
-0.000143
-0.019655
-0.000166
-0.027307
-0.046964
0.007922
-0.076830
-0.028208
-0.030552
0.089611
0.093489
0.037866
0.055152
0.002823
-0.012152
0.070017
-0.073501
-0.109189
-0.026082
-0.024567
-0.005930
-0.064441
0.011241
-0.027948
-0.093870
0.068501
0.019559
0.016150
0.003947
-0.042747
0.070266
0.012398
-0.021034
-0.052558
-0.132988
-0.024457
0.022735
0.077628
0.060295
0.027660
0.015485
-0.010953
0.057927
0.031931
-0.046062
0.004777
-0.034758
-0.056114
-0.033019
0.074078
0.057919
0.037768
0.185955
0.089038
0.082471
-0.011318
-0.031265
-0.007602
-0.101661
-0.051382
-0.090982
-0.049313
0.002902
-0.106058
-0.034945
0.017395
-0.054651
0.006131
-0.050817
-0.040833
-0.032744
0.025653
-0.008188
-0.027589
-0.043662
-0.011695
-0.025863
-0.064805
0.011588
0.025797
0.039808
-0.014873
-0.029798
-0.015426
-0.057874
-0.001386
0.022063
-0.056610
0.066443
0.036933
0.104185
0.022234
-0.057713
0.067611
-0.042708
0.020418
0.003458
-0.019513
0.048370
0.011647
-0.027084
-0.082430
-0.069280
0.001168
-0.008386
0.007151
-0.014226
-0.082213
0.063194
0.048126
0.004744
0.077798
0.024348
-0.040333
0.029407
0.009834
0.065442
-0.014749
-0.033705
0.121046
0.025410
0.035000
0.042206
0.055249
0.017127
-0.015561
-0.029790
-0.096372
0.025372
-0.017457
0.039933
0.063940
0.033105
0.026463
-0.087586
0.026991
-0.012996
-0.105703
0.044583
-0.000750
0.004924
-0.081819
0.046434
0.042151
-0.078286
0.009914
0.029380
0.054459
0.028925
0.070486
0.065262
-0.045903
0.023244
0.062630
-0.031715
-0.033975
0.023906
0.028626
0.040003
-0.082649
-0.062682
0.014475
-0.057794
-0.011010
-0.005187
-0.119554
0.025391
0.096447
0.043663
0.025919
-0.002506
-0.019229
-0.039264
-0.016567
-0.058313
-0.050356
0.013696
-0.006512
0.050084
0.024101
-0.031221
-0.063299
0.034520
0.029862
-0.037304
0.007196
-0.026133
-0.044438
0.033998
-0.020564
0.053243
0.023920
-0.024094
0.043141
-0.117919
-0.058560
-0.000926
0.048157
0.033602
0.040408
0.005862
-0.015340
0.083886
-0.000224
0.069700
0.062254
-0.013335
0.049597
0.059030
-0.084445
0.022161
-0.034780
-0.012566
-0.060521
-0.023979
-0.032909
-0.027599
-0.038317
0.013245
-0.059449
-0.063513
0.040311
0.029428
-0.036864
-0.029961
0.012307
0.059916
-0.017732
0.019840
0.059506
-0.030933
-0.073452
-0.042841
-0.041409
0.028353
-0.036331
-0.096068
0.097530
0.043960
0.034873
0.088883
0.076523
0.013476
0.076480
0.084428
0.040596
0.049303
0.036127
0.034591
0.050883
0.047898
0.054638
-0.040244
-0.088250
0.042029
-0.009225
0.064008
0.001769
-0.011267
0.111797
0.046808
0.029072
0.013518
-0.047773
0.009523
0.046466
0.092179
0.055380
0.045854
-0.007817
0.065464
0.048792
0.085042
0.065539
0.019144
0.054624
0.037260
0.070004
0.030996
0.067421
0.058284
0.051754
0.046304
0.032537
-0.006880
-0.061347
-0.062069
-0.011873
0.108484
0.076460
0.032645
0.004068
-0.045066
0.048432
0.010969
-0.024070
0.016544
-0.019848
0.043379
0.007263
-0.016609
0.032396
-0.031982
-0.027676
0.037909
-0.052544
0.038890
0.029329
-0.042480
-0.035204
-0.095038
-0.027806
-0.017747
-0.045042
-0.039374
0.007058
0.028527
0.039191
-0.014379
-0.050711
-0.058627
-0.007697
0.012357
0.000051
-0.060506
-0.047372
0.019647
0.033362
0.010838
0.097844
0.025536
-0.011422
0.119664
-0.018750
0.025958
0.064270
-0.025506
-0.046720
-0.042700
0.045728
-0.040030
-0.092893
-0.020548
0.051613
0.046468
0.021895
0.017300
0.059055
0.099439
0.016241
0.028483
0.017313
0.013878
-0.004128
-0.069882
-0.013445
-0.060630
0.024468
-0.022637
0.027478
0.067887
0.108476
0.082190
-0.011743
0.061571
0.065585
0.023878
0.019730
-0.024106
0.086816
0.019978
0.014597
0.049722
-0.020565
0.044936
0.075182
-0.021717
0.006028
0.023818
0.036742
0.036736
0.071778
0.060573
-0.033157
0.026525
0.038549
0.043142
-0.024085
-0.002227
0.074283
-0.007184
0.036874
0.024053
0.081378
0.077040
-0.039984
-0.074802
-0.009516
0.021371
0.023882
-0.055610
0.033368
0.060378
0.026036
0.046037
0.027302
0.046735
0.002388
0.034670
0.040021
0.015323
0.054802
0.012579
0.004157
0.045363
0.085374
0.071048
0.111039
0.104389
0.107483
0.157382
0.043504
-0.010675
0.086172
0.073623
0.013318
0.088416
0.067742
0.053392
0.031848
0.006776
0.018553
-0.006527
0.063337
0.039044
0.010158
-0.008535
-0.048174
0.018581
0.001464
-0.030177
-0.000906
-0.046003
0.010500
0.029420
0.013185
-0.044357
0.036526
0.077811
-0.021325
-0.018261
-0.014587
-0.106020
-0.037061
-0.003643
-0.055662
0.017413
0.014980
-0.014649
-0.088988
-0.039220
0.084798
-0.016630
-0.053926
-0.060950
-0.044912
-0.008189
0.049900
0.027035
0.046627
0.015330
-0.006276
0.069311
-0.012972
-0.003073
-0.016237
-0.061996
-0.021700
-0.047717
-0.049281
0.011698
-0.019210
0.053782
0.056781
-0.064984
0.065189
-0.028018
-0.051900
0.038125
-0.037159
0.045924
-0.011640
-0.014902
-0.011435
-0.060612
0.000264
-0.028313
0.041231
0.087546
-0.000666
-0.010181
0.013627
-0.052790
0.045617
0.025121
-0.000657
0.065418
-0.011003
-0.052430
-0.051270
0.044713
-0.012802
-0.050059
0.045842
0.031523
0.012866
0.074834
-0.046685
0.030256
0.073122
-0.037212
-0.105606
0.060000
-0.023128
-0.003699
-0.016682
-0.067093
0.040057
0.021409
0.046340
0.055526
0.065192
0.101494
0.060319
0.034475
0.014695
0.004558
-0.049662
-0.017819
-0.020139
-0.069219
-0.023550
-0.022698
0.044206
0.033975
-0.030378
0.023926
0.058590
0.077712
0.076939
-0.035747
0.045899
-0.039982
-0.035413
0.079557
-0.023541
-0.009327
0.104311
-0.008430
-0.015620
0.081437
0.026901
-0.012517
-0.034753
-0.022330
0.055881
-0.026134
-0.037958
0.004017
-0.003196
-0.014621
-0.035121
-0.004001
0.056640
-0.002396
0.016806
-0.043526
-0.037439
-0.000915
0.007387
-0.015299
0.005586
0.064962
-0.016032
-0.021586
0.036188
0.075886
0.029493
-0.006780
0.079495
-0.003409
-0.018411
0.035788
-0.059097
0.012525
-0.018354
0.011324
-0.038967
-0.015302
0.050863
-0.016238
-0.016846
-0.013745
0.032052
0.024969
-0.018385
0.054119
0.045746
-0.006783
0.049192
0.025247
-0.011086
-0.096042
0.047089
0.029473
-0.059688
-0.005249
0.073601
0.049759
-0.003108
-0.025974
0.030789
0.015853
0.058041
0.002851
-0.013185
-0.021466
0.010714
-0.067307
-0.003015
0.038410
-0.045994
-0.014215
0.068128
-0.029179
0.051126
0.141381
0.064380
-0.018256
0.001470
0.007432
0.036072
0.056249
-0.024385
0.062174
0.054505
0.035293
0.061930
0.027518
0.022427
0.045603
-0.054780
-0.008640
-0.036634
0.005644
0.035489
-0.067496
0.032831
0.047787
0.017159
0.005170
0.020343
0.022005
0.020869
0.028020
0.008578
0.050150
0.091747
0.070826
-0.059772
-0.049886
-0.056273
-0.054789
-0.012124
-0.068530
0.029297
0.056619
-0.032113
0.061314
0.084472
0.028156
0.019465
-0.081045
0.022713
-0.003912
-0.022644
0.060759
0.043816
0.056592
-0.028445
-0.025185
-0.015448
-0.003163
-0.047588
0.049802
0.072642
-0.022180
0.028075
0.015542
-0.014334
-0.029705
-0.038796
-0.093500
0.003339
0.066763
-0.001159
-0.032803
0.020488
0.154843
0.006678
0.033627
0.018794
-0.048112
0.077125
-0.030935
0.015800
0.085092
0.009584
0.010854
0.040311
0.020116
0.014235
0.013584
0.014357
0.041128
0.048619
0.011549
-0.069136
-0.017070
0.049651
-0.030254
-0.020855
-0.082027
0.053313
-0.022207
-0.119138
-0.152925
-0.065364
0.060998
-0.031085
0.074759
0.052687
0.063412
-0.003779
-0.091069
0.013925
-0.031008
0.105209
0.014023
-0.023389
0.050297
0.085743
0.026172
0.029266
0.046570
0.047496
0.102118
-0.022648
0.001221
0.004817
-0.132422
-0.025507
-0.000691
-0.082555
0.028847
0.082643
0.044102
0.076381
0.097851
0.000333
0.042562
-0.058523
-0.003261
0.072276
0.011980
0.047488
0.027514
0.049681
-0.022666
0.071293
-0.024612
0.004397
0.075047
-0.067600
-0.111765
-0.003337
0.075572
0.013858
0.030019
0.049878
-0.011489
0.038070
0.030823
0.005078
-0.002223
0.102027
0.018336
0.023565
0.058111
0.000183
0.026413
-0.063242
-0.027200
-0.037763
0.017069
-0.018185
-0.083491
-0.040106
0.004384
-0.026711
-0.032285
-0.028010
0.064581
0.050711
0.026873
-0.031063
-0.034955
0.022922
0.039407
0.005437
-0.049425
-0.038949
0.043295
-0.041045
-0.002717
0.082706
0.027946
0.040489
0.046863
-0.037042
-0.053599
0.065913
0.033198
0.008554
0.042321
0.019796
-0.061326
0.012219
-0.021211
-0.063408
-0.069872
-0.088603
-0.098005
-0.033602
-0.011172
-0.041758
-0.033534
0.010561
-0.015384
-0.027146
-0.028386
-0.022943
0.010958
-0.036920
-0.053377
-0.026558
-0.008554
0.029619
0.036449
0.115066
0.028471
-0.090293
0.031043
0.036311
-0.031586
0.097268
0.021463
0.024417
0.104502
0.011626
0.058964
0.081620
0.034940
0.045609
-0.031068
0.061080
0.019618
0.052162
-0.011729
-0.004755
0.090530
-0.006663
0.046448
0.022826
-0.099724
0.077334
0.046560
-0.013014
-0.009956
-0.106693
-0.057426
-0.018463
-0.037841
0.032766
0.079321
0.009610
0.018071
0.085858
0.008150
-0.007220
-0.000473
-0.029869
-0.058116
-0.047537
-0.032191
-0.028741
0.007031
0.045011
0.021474
-0.002169
-0.025376
0.020584
-0.006479
-0.075614
-0.043394
0.023334
0.027881
-0.026585
-0.007640
-0.036829
-0.056602
-0.039878
-0.016504
-0.068731
-0.116967
0.054720
0.009578
0.008128
0.050802
0.027101
-0.007247
0.087958
0.104932
-0.005812
0.080008
-0.018324
-0.026003
0.029761
0.013935
0.075715
0.007022
0.007426
-0.008212
-0.052124
-0.015109
0.035063
0.037949
-0.031181
-0.030419
0.058456
-0.063718
-0.071784
0.079501
-0.047709
-0.040982
-0.048178
0.035004
0.055725
0.037587
-0.007450
-0.014162
0.002563
-0.010481
-0.026395
-0.069871
0.042077
-0.086296
0.001044
0.054305
0.027612
-0.042350
-0.000113
0.075385
0.102282
0.076810
0.055003
0.061078
0.046797
0.018003
0.037103
0.024579
0.051482
-0.016536
-0.006633
0.135125
0.055943
0.046375
0.033733
-0.044812
0.003380
-0.011895
-0.036207
-0.005661
-0.016175
-0.085056
-0.038117
-0.069910
-0.003239
0.044925
-0.005892
-0.035944
0.010239
0.013200
0.022794
-0.078335
-0.132277
0.055316
0.055628
0.002764
0.095631
0.070465
0.007135
-0.035618
-0.003224
-0.023203
-0.016249
0.055709
0.030009
-0.029824
0.026730
0.033893
0.004373
-0.022805
0.055747
-0.048127
-0.080920
-0.008407
0.025117
-0.002698
0.068759
0.036915
-0.038617
0.109298
0.019902
0.053763
0.080444
-0.017744
-0.012172
-0.066111
-0.042334
-0.002651
-0.097711
0.083604
0.042514
0.002661
-0.007844
0.057720
0.035287
0.044349
0.003733
0.027643
0.025506
0.017952
-0.033732
0.019946
0.000155
-0.080866
-0.005407
-0.032267
-0.068254
-0.012183
0.058892
0.013318
-0.017193
0.144315
0.095189
0.094359
0.102084
0.001386
0.046279
0.063164
0.026478
0.012135
0.051766
0.078661
0.027615
0.016307
0.026207
0.028122
0.026302
0.065637
0.072680
-0.024954
-0.009183
0.021416
-0.002919
0.060322
0.002759
0.007735
0.011363
0.010816
-0.011538
-0.035524
0.007056
0.004325
0.023400
0.045141
0.043492
0.071627
-0.073326
-0.088497
-0.017183
-0.086145
0.015282
0.005315
-0.047383
0.049955
-0.020184
-0.053065
0.064945
-0.041725
0.012743
-0.039006
-0.012231
0.032221
-0.057120
-0.009753
-0.056396
-0.024022
-0.010361
0.006759
0.084422
0.029050
0.004036
-0.044756
0.021977
0.004139
0.060145
0.013285
-0.014205
0.051866
0.010940
0.019424
-0.016684
0.006275
-0.031202
-0.011763
0.005553
0.011825
0.078632
0.012430
0.119007
0.051221
0.079761
0.013356
-0.029166
0.039776
0.000750
-0.019311
-0.049338
0.005369
0.001607
-0.012803
-0.016258
0.043589
-0.052366
-0.031084
-0.058016
-0.026734
0.004487
0.076500
0.072117
0.024895
-0.071411
0.035822
-0.018971
-0.032938
-0.000770
-0.113967
0.014696
-0.026282
-0.080836
0.064685
0.041301
0.010318
0.056271
0.020857
0.055257
0.086819
0.039606
0.042044
0.018220
0.023475
-0.003743
-0.008780
-0.061678
-0.023968
-0.007852
0.044221
0.080115
0.027270
0.000209
0.029757
0.023620
-0.075345
0.038697
0.033291
-0.002909
-0.046131
-0.003096
0.024914
0.025983
0.129382
0.063980
0.072784
0.036738
0.020098
0.062269
0.017476
-0.063210
-0.029938
0.039543
0.014891
0.040733
0.044303
0.016860
0.059888
0.030765
0.034368
0.055580
0.021462
0.015454
0.068963
0.097488
0.043432
0.018374
0.019500
-0.000678
-0.000905
0.030440
0.011832
0.038543
0.041913
0.013058
-0.053734
-0.023386
-0.013117
0.040647
0.061755
-0.083640
-0.071635
-0.100942
-0.108219
-0.000007
0.008784
-0.052391
-0.103914
0.079327
-0.039272
-0.077051
-0.000860
0.007317
0.095169
0.121285
0.071833
0.067821
0.122082
-0.037224
-0.063788
-0.041169
-0.035889
-0.031444
-0.047917
-0.032323
0.064149
-0.011317
-0.011952
0.139728
0.050800
-0.077264
0.015602
-0.007344
0.009155
0.068150
0.038926
-0.010630
-0.001825
-0.022007
0.049613
0.032812
-0.027825
0.006138
0.062348
-0.045806
-0.053868
0.032242
-0.017973
0.085911
0.066778
0.013001
-0.006840
-0.035194
0.068306
0.093962
0.000652
0.020158
0.047153
0.028923
-0.005576
0.053963
-0.005176
0.018286
0.042075
0.041915
0.031657
-0.074255
0.035842
-0.019286
-0.017582
0.060228
0.140832
0.057807
0.000142
-0.026264
-0.075988
-0.049164
-0.006086
0.096039
-0.006454
-0.036509
-0.071816
0.005472
0.041379
-0.021993
0.044083
0.053091
-0.010656
-0.006629
0.088942
-0.043673
-0.038216
0.177113
0.069847
0.008316
0.025461
0.088704
0.082877
0.051742
0.090231
0.019831
-0.035951
0.031609
0.002402
-0.031980
0.040329
0.013482
0.060996
-0.005906
0.018934
0.088853
0.034920
0.037063
-0.001469
0.000916
-0.021500
-0.046925
0.057272
0.008110
0.015975
0.053948
-0.030934
0.026404
-0.000130
0.036984
0.001086
0.054373
-0.035104
-0.010077
0.074243
-0.107963
0.025812
0.076918
-0.023103
-0.008197
0.025842
0.002908
0.043842
0.035906
0.043896
-0.000643
0.001340
-0.033051
-0.045320
-0.067471
-0.044219
0.043313
0.056119
-0.084903
-0.070747
0.002119
0.008559
-0.065665
-0.014573
0.042255
0.026206
0.003722
0.053957
0.095626
0.049725
-0.052834
-0.050164
0.023213
-0.051416
-0.062571
-0.010371
-0.031941
-0.006594
-0.059976
-0.051028
-0.034224
0.060380
0.035988
-0.005302
-0.002925
-0.019423
-0.049784
-0.016106
-0.032067
0.031695
-0.042631
-0.066976
0.053908
-0.081891
-0.019477
0.009922
0.014747
0.002636
-0.023156
0.067043
-0.000555
-0.080075
-0.090536
0.031077
0.025821
-0.038164
0.026565
0.045073
-0.046838
0.050081
0.001753
-0.019334
-0.003085
-0.057684
0.016446
0.034777
0.066128
0.005873
0.059228
0.075139
-0.030687
0.005088
-0.047432
-0.075463
-0.003234
-0.080881
-0.027380
-0.020183
0.039739
0.038823
-0.009275
0.021589
0.018296
-0.009551
0.026215
0.032500
-0.047629
0.000784
0.038339
0.017873
0.041343
-0.022489
0.012511
0.012316
0.001746
0.068657
0.045648
-0.027187
0.046214
0.015418
0.052936
0.100158
0.047243
-0.031025
0.114228
0.051991
0.044183
-0.013790
-0.027684
0.012881
0.057996
0.014395
-0.040239
0.061215
0.053226
-0.063395
0.025037
0.057602
-0.075651
-0.042469
-0.037875
0.061528
0.075230
0.008465
0.004673
-0.004361
-0.077963
-0.026954
-0.064173
-0.031430
0.025779
0.028750
-0.077360
-0.043321
-0.028450
-0.064651
0.009183
0.023122
-0.019500
0.016512
-0.072356
0.029063
-0.048032
-0.096921
0.025095
0.015449
-0.001211
-0.027226
0.073782
0.064171
-0.046904
-0.029168
-0.002123
-0.041476
-0.027301
0.078616
0.000188
-0.027725
0.030311
0.075172
-0.008474
0.078914
0.063245
-0.049910
0.057571
0.051528
0.058685
0.007517
-0.043965
-0.016880
-0.050155
-0.066537
-0.028669
-0.019781
0.072300
0.097302
0.009418
0.010404
0.025270
0.034742
0.043054
0.081194
-0.027498
0.026453
-0.006040
-0.043012
0.034297
0.020311
-0.021893
0.026491
-0.052297
-0.036309
0.008375
0.051772
0.041994
0.041768
-0.056262
-0.007991
0.006400
-0.035822
0.048752
-0.002740
0.029890
0.004189
0.015870
0.075085
0.063273
-0.023060
0.031966
0.014198
0.018093
-0.020144
-0.046993
0.035086
0.024346
-0.028589
-0.038493
-0.012928
0.077441
0.024938
0.024914
-0.027203
0.027143
-0.007646
-0.032430
0.036983
-0.023950
0.052609
-0.030955
-0.046522
0.020510
-0.056498
-0.014442
0.023350
0.027410
0.033415
0.039553
0.067531
0.220278
0.109984
0.021834
0.059996
0.102951
0.068550
0.066114
-0.013482
0.025762
0.049608
-0.037192
-0.017297
-0.060976
-0.020492
-0.017247
0.020984
0.039850
0.018341
-0.046999
0.018157
-0.002454
0.025725
0.023468
0.000671
0.014088
-0.038705
-0.003332
-0.037422
-0.025537
-0.027365
-0.097634
0.015674
0.023917
0.062891
0.010438
0.019760
0.116290
-0.015734
0.044605
0.102952
-0.083505
-0.042956
0.054629
0.113935
0.022158
-0.029068
0.030328
-0.042342
-0.011798
0.042139
0.125446
0.009918
0.048435
0.055044
0.020086
0.020053
-0.042127
0.018650
0.010041
0.015039
-0.007476
0.031995
-0.021542
-0.037612
0.021712
0.037761
0.056878
0.026772
-0.064550
-0.100257
-0.090671
-0.057402
-0.035949
0.034504
0.020950
0.063871
-0.006147
0.022085
-0.010468
-0.059921
0.007114
-0.025653
0.026081
-0.008797
-0.038383
0.050301
0.051421
-0.034463
-0.012336
-0.015654
-0.078285
-0.032902
-0.037788
0.068822
0.034177
-0.013668
0.013905
0.069720
0.021413
0.004889
0.082951
-0.020861
-0.023582
-0.031153
-0.072314
0.001837
-0.022870
0.093775
0.098018
0.087602
-0.021555
-0.007759
0.026482
0.039483
0.028304
0.064981
0.010017
-0.009828
-0.004164
-0.042294
0.010727
-0.048374
0.003755
0.066950
-0.119055
-0.132560
-0.110855
-0.088203
0.032386
0.022108
-0.013415
0.007867
-0.016519
0.017258
0.045032
0.005899
0.044269
-0.014736
-0.024464
-0.028558
-0.014338
-0.042091
0.020946
-0.009032
-0.057169
0.050930
0.022406
0.032130
-0.027292
0.034275
0.107099
0.035912
0.085000
0.089467
0.065567
-0.034842
0.096353
0.091827
0.059169
-0.039869
-0.013744
0.000232
-0.089544
0.032857
0.033867
-0.019495
0.096702
0.017687
0.011493
0.046345
-0.056208
0.065317
-0.056537
-0.088023
0.015319
-0.116118
0.067815
-0.109276
-0.091292
0.028225
-0.034807
-0.023272
-0.017473
0.024739
0.016884
-0.042131
-0.060298
-0.025871
-0.057440
-0.054856
-0.113216
-0.003451
0.030729
0.007214
-0.010211
-0.045020
-0.014815
-0.022835
-0.122720
0.001817
0.009957
-0.013030
0.067546
0.005889
0.041621
-0.015973
-0.003029
-0.061258
-0.039014
-0.031572
-0.073599
0.025382
0.019172
0.041733
0.051910
0.035908
-0.015376
0.033935
0.096887
-0.013824
-0.030623
0.025743
0.050405
0.062734
0.028632
-0.038075
-0.019474
-0.002503
-0.012435
0.095098
-0.006221
-0.032759
-0.010045
0.006463
0.042765
-0.007715
-0.027020
0.024187
0.016640
0.015714
-0.087837
0.096729
0.047728
0.017935
0.092845
0.020085
-0.011134
-0.003772
0.108718
0.041061
0.000060
-0.011358
-0.028466
0.031626
-0.003075
0.033733
0.029051
0.067509
0.031449
-0.059842
-0.049779
-0.044242
0.027108
0.023500
0.091818
0.008514
-0.017886
-0.020456
0.018987
0.059685
0.040341
-0.048376
-0.104822
-0.135882
0.000062
-0.049012
-0.006155
0.007944
-0.095162
-0.036527
-0.058650
0.043294
-0.070013
-0.130729
0.012495
-0.017127
-0.088897
-0.055618
-0.063290
0.093808
0.048738
-0.008889
0.035550
-0.065615
-0.014095
0.013486
0.008787
-0.067113
0.030175
-0.097619
-0.139585
0.033315
0.002761
0.028727
-0.006207
0.010981
0.029104
-0.021633
-0.031582
0.044936
0.032174
0.040532
0.035137
0.049858
-0.042144
-0.023077
-0.011115
-0.056869
-0.007373
0.026299
0.019405
0.027424
0.013167
-0.043106
0.008772
-0.008844
-0.002238
0.058681
0.076154
-0.034977
-0.005458
0.052983
0.007530
0.019107
0.054273
0.052302
0.002230
-0.030283
-0.030862
-0.119343
0.000911
0.059764
-0.015664
0.023051
0.070693
0.043071
-0.035037
-0.044152
-0.001382
0.010613
-0.055014
0.018045
-0.014622
0.009360
-0.025102
0.035841
-0.005761
0.008846
0.022259
-0.069503
0.004421
-0.010938
-0.013948
0.067075
0.040887
-0.005121
-0.090275
-0.078303
0.063677
0.005110
-0.010361
0.004122
0.015187
-0.091294
-0.022231
0.012042
-0.078729
-0.058003
-0.019549
-0.083589
0.036475
0.020177
-0.027041
0.013306
-0.082766
-0.022392
-0.064425
-0.040530
-0.003125
-0.060652
-0.048598
-0.019802
-0.072682
-0.084326
0.048785
-0.056712
-0.083443
-0.014011
0.035389
0.003528
0.026880
0.015544
-0.038389
-0.004355
0.072236
-0.026437
-0.100198
0.040897
-0.046878
-0.005226
0.044934
-0.043859
-0.039697
0.030814
0.060853
-0.009401
0.039663
0.047087
-0.023498
0.039676
0.101742
0.010602
0.000068
0.040589
-0.054381
-0.033122
-0.012393
-0.047062
0.005009
0.013648
0.040798
-0.022320
-0.058404
0.032606
-0.011643
0.000365
0.013637
-0.021277
0.026839
-0.048943
-0.003936
0.015514
0.003015
0.022650
-0.037411
-0.009706
-0.067441
-0.053713
0.033241
0.011776
0.022105
-0.018434
0.017695
-0.021660
-0.098187
-0.062719
-0.035250
0.050757
-0.079141
-0.095513
0.014386
-0.104003
-0.043606
-0.015373
0.041764
0.054383
-0.056862
-0.078380
-0.012445
0.044875
0.017577
0.010274
-0.039898
-0.000408
0.001062
0.021833
-0.016621
0.004786
-0.098939
-0.033270
0.085866
0.017203
-0.065229
-0.018419
-0.083010
-0.011553
0.062404
0.003660
-0.071586
-0.069976
-0.050011
-0.085096
-0.012434
-0.053786
-0.085707
-0.002000
-0.019648
-0.073459
0.052023
0.062029
-0.077406
0.041189
0.029064
0.031089
0.029802
-0.085572
-0.010502
-0.024542
0.042984
0.054218
0.032620
0.013828
0.090643
0.063818
-0.067270
0.031459
0.040443
0.013242
0.056202
0.097300
0.009890
0.030524
-0.050967
0.035874
-0.069508
-0.079951
0.011468
-0.064216
0.016956
0.014283
-0.036637
-0.023790
-0.011930
-0.024768
-0.040423
0.060453
0.016357
-0.062900
-0.025350
0.047124
0.012135
-0.019442
0.004112
0.047098
0.040718
0.004238
0.024694
0.040326
0.013360
0.002694
-0.001447
0.054804
0.103056
0.011733
-0.005279
0.110171
0.084615
0.017167
0.042440
-0.053355
-0.036834
-0.026217
-0.006399
-0.027911
-0.086821
0.027538
0.061769
-0.082861
0.000995
-0.021663
-0.011209
-0.000637
-0.096482
-0.030364
-0.068931
-0.029856
-0.055451
-0.016220
-0.001651
0.016600
0.030394
-0.027114
0.073595
0.027284
0.047908
0.052808
0.006643
0.032096
0.000443
-0.010485
-0.043864
0.017584
0.029189
-0.058921
0.066977
0.073032
0.036601
0.044131
0.044437
-0.021425
0.043708
-0.014748
-0.039017
0.002816
0.022013
-0.021777
-0.058152
0.012650
0.003162
0.060782
-0.003408
-0.042296
-0.015545
0.023717
-0.018534
-0.034916
0.008342
-0.063371
-0.054691
-0.006284
0.037754
0.069290
-0.057995
0.027902
0.042759
0.020614
-0.032702
-0.034359
-0.024731
-0.074990
-0.036376
0.059827
0.093670
-0.096945
0.013274
0.020362
0.029427
-0.004791
-0.000967
-0.074200
-0.143939
0.018841
0.025119
0.007260
-0.079452
-0.003517
-0.021245
0.009066
-0.008111
0.046455
0.073130
-0.047531
-0.048710
-0.040636
-0.008815
0.011090
0.049823
0.033331
0.058577
0.126413
0.026701
0.020112
-0.000480
0.014152
0.024097
-0.074769
0.008890
0.102081
0.086055
0.057290
0.064203
0.081591
-0.035192
0.053290
0.002769
-0.023749
0.011894
-0.028168
-0.017426
-0.012718
0.044523
-0.020762
-0.008136
-0.046886
-0.043037
0.009766
0.037139
0.060610
-0.006823
0.011946
-0.000264
-0.032307
0.092767
0.057102
-0.084732
-0.035329
0.006685
-0.022052
0.010790
-0.048986
0.023511
0.011309
0.007964
-0.037600
-0.047057
0.035110
0.009827
-0.052224
0.014862
-0.023247
-0.032008
0.035082
0.110352
-0.029539
-0.111066
0.061555
0.035188
0.024821
0.032219
0.009619
0.033025
-0.037268
0.057244
0.083696
0.044554
0.001885
0.038046
-0.101046
0.029608
0.086169
-0.085263
-0.009065
0.069655
0.001332
-0.068936
-0.031083
-0.051760
0.024684
0.032165
0.020960
0.019479
-0.049314
0.028109
-0.037298
-0.021670
-0.012457
-0.001842
0.034090
0.016034
0.087741
0.024604
0.018116
-0.021269
0.019269
-0.017878
-0.120352
-0.005254
-0.005168
-0.027672
0.014178
0.011446
0.035697
-0.003021
0.062023
-0.128696
-0.125743
0.003306
-0.112252
0.039500
-0.027815
-0.052306
0.007911
0.033381
0.102486
0.006555
0.053957
0.066911
0.005622
0.011900
0.002005
-0.029704
0.032702
-0.032237
0.027397
-0.019686
-0.077126
0.027279
0.062512
-0.068520
-0.034701
0.080049
0.033726
0.010633
-0.064955
0.000179
0.070349
0.017396
0.046531
0.090007
0.034254
0.025305
-0.030385
-0.023735
-0.051897
0.000362
-0.002262
-0.074937
0.007764
0.017484
-0.021400
-0.033337
-0.029573
0.057422
-0.041381
-0.076117
0.065997
0.041538
0.044784
0.069753
0.005674
0.048161
0.052959
0.027156
-0.003366
0.035181
-0.065510
-0.092445
0.032677
-0.013185
-0.082035
-0.003757
-0.044383
-0.042134
0.050462
-0.023166
-0.061302
0.002684
0.029982
0.073051
-0.067381
-0.026860
0.038549
0.038139
0.046360
0.013089
0.052727
-0.053907
-0.122673
-0.063169
-0.035831
-0.088781
-0.076920
-0.072644
-0.049886
-0.066064
-0.002270
0.016971
-0.014251
-0.050653
-0.070966
0.018105
0.093255
0.101952
0.035736
0.126920
0.046959
-0.002467
-0.005338
-0.066742
-0.033308
0.084928
0.048275
-0.012563
0.083793
0.040436
-0.060138
0.007858
-0.044155
-0.054737
0.023654
0.017464
-0.034026
0.060890
-0.057828
0.013017
0.061142
-0.008812
0.048625
-0.012816
-0.060619
-0.053942
0.016624
-0.005793
-0.027287
0.012420
0.006421
-0.102867
-0.080225
-0.079610
-0.030215
-0.040689
-0.122044
-0.048934
-0.037339
0.050229
0.064849
0.034608
0.016682
-0.053778
0.002896
-0.065184
-0.079876
-0.031040
-0.070266
0.028280
0.035327
0.019404
0.040391
-0.048605
-0.063881
0.025505
0.016895
-0.111026
-0.073070
0.055893
0.021579
0.008920
0.044716
0.011931
0.080738
0.007371
-0.037963
-0.022721
0.054454
0.002680
0.044511
0.070840
0.055262
0.129296
0.079833
0.006462
0.056602
0.039023
-0.021578
0.135986
0.050778
0.072685
0.084839
-0.047891
-0.003870
-0.012765
0.036139
0.050015
-0.112518
0.019856
-0.026944
-0.065841
-0.066702
-0.020570
-0.029760
0.023072
-0.007971
-0.060593
-0.085453
0.001058
-0.058253
-0.123689
0.047779
0.143143
-0.006782
0.030469
-0.024793
0.020306
0.072495
-0.031706
-0.024752
-0.076272
0.009715
-0.033861
-0.004401
0.106213
0.073811
0.047179
0.012144
0.028799
0.042749
0.024103
0.027533
-0.012737
-0.033410
0.006075
0.090888
0.001198
0.042454
0.083179
0.023158
-0.058471
0.001265
-0.015166
-0.074937
-0.001750
-0.081830
0.025958
0.023777
0.066568
0.051502
0.030717
0.011139
0.040513
0.109820
0.025319
0.019555
0.102131
0.016635
-0.050702
0.007929
-0.043570
-0.037932
-0.018812
-0.116808
-0.064208
-0.040515
-0.085998
-0.055158
-0.067096
-0.016124
-0.035897
0.004758
-0.034389
-0.032064
0.003407
0.091092
-0.010969
-0.010113
0.006368
-0.088541
-0.011664
0.038821
-0.003953
0.046373
-0.030268
-0.084679
0.012172
-0.036136
-0.041910
0.023473
0.011345
-0.022450
0.036024
-0.074298
-0.102554
-0.000971
-0.058538
-0.017274
0.013357
-0.010517
0.017614
0.045025
0.059401
-0.017567
0.004621
-0.086481
-0.015348
0.070761
0.012649
0.056947
-0.058676
0.047577
0.007467
0.002281
-0.018288
0.017273
0.036468
-0.063620
0.068396
0.062440
-0.023170
0.139604
0.038422
-0.001797
-0.021179
0.051804
0.068488
-0.059221
-0.017063
0.047338
0.128595
-0.020430
0.067505
0.006972
-0.033380
0.017156
-0.045180
0.011762
0.057831
-0.055208
-0.015210
0.051797
0.051982
-0.043888
0.065097
0.028028
0.028731
-0.007086
-0.023579
0.056272
-0.058163
-0.036247
0.037242
-0.068081
0.020808
-0.013324
-0.004218
0.041744
-0.003088
0.052085
0.086845
0.033376
-0.012774
0.061262
0.006349
0.026162
0.036955
0.020263
-0.036609
-0.050108
0.105476
-0.074137
-0.056600
-0.041250
-0.042150
0.017247
-0.000390
0.047168
-0.070755
-0.051892
-0.031089
-0.041952
-0.022136
0.054928
-0.032198
-0.010071
0.078169
0.036048
-0.036105
0.003677
0.023353
-0.045666
-0.034485
-0.028948
0.008346
0.012598
0.036329
-0.009932
0.025092
0.046856
-0.014032
0.010226
0.008284
0.051704
-0.004789
-0.061212
0.074406
0.023507
0.003698
0.051810
0.035297
0.037533
0.011200
0.031614
-0.043884
-0.096485
0.067428
0.108658
-0.062422
0.015782
-0.079203
-0.046009
0.024738
0.027253
0.069252
0.017091
0.033407
0.049209
-0.009075
0.040193
-0.047160
-0.015922
-0.018605
-0.011949
-0.001393
-0.044230
0.055735
-0.000558
-0.067548
-0.002305
-0.002090
-0.044549
-0.067839
-0.119630
0.045961
-0.019265
0.027937
-0.120134
-0.037741
-0.040343
-0.127770
-0.044771
-0.024021
0.029746
-0.019074
-0.067364
0.008811
-0.008651
0.035833
-0.045463
0.029792
0.028798
-0.118990
0.177004
-0.025635
0.033307
0.048237
-0.058221
0.043127
0.035942
0.081571
0.009461
-0.050547
0.019713
-0.002982
-0.041514
0.017037
-0.061739
-0.109373
-0.095252
-0.074310
-0.003789
0.020843
0.082717
0.041710
-0.017689
-0.075038
-0.099550
-0.028926
-0.072595
-0.010386
0.063201
0.045197
0.066863
0.002142
0.047893
-0.010730
-0.018992
0.044818
-0.022783
0.033086
0.046116
-0.084808
-0.054272
-0.132749
-0.040060
-0.022279
-0.033007
0.024454
0.038503
0.010843
0.059783
0.093549
-0.029505
-0.001456
0.010521
-0.025099
-0.002223
0.030515
0.093110
-0.003149
0.010253
-0.054256
-0.061460
-0.044286
0.011501
0.067643
-0.072805
-0.067612
-0.033077
-0.039446
-0.018357
0.065847
-0.060351
0.040182
-0.044844
0.070773
0.076911
-0.086146
-0.007713
0.028345
0.059708
-0.011171
-0.019653
0.025429
-0.013017
-0.099201
0.000180
0.020649
-0.043597
-0.021308
0.027886
-0.050842
-0.043347
-0.049193
0.033421
0.013079
-0.022791
-0.065117
-0.047850
0.006297
0.096282
-0.034603
-0.048976
-0.021899
0.039027
-0.038003
-0.028867
0.039336
-0.049658
0.033150
0.045686
0.006004
-0.013605
0.013420
0.016719
-0.051976
0.003884
0.011416
-0.021002
-0.010485
0.026829
-0.072090
-0.061544
0.002838
-0.003464
0.021242
-0.008366
-0.001248
0.062015
0.012959
-0.024740
-0.003218
-0.012088
-0.065732
-0.063672
0.013819
-0.058312
-0.079086
-0.007057
0.052442
0.002642
0.030622
0.006342
0.017123
0.025873
-0.036157
0.040093
0.055835
-0.059038
0.086353
0.074576
-0.018381
0.067011
0.018454
0.026124
0.029378
0.000142
0.069333
0.063301
0.061571
0.030110
0.014982
-0.014515
0.043285
-0.058475
0.007734
0.002777
0.005222
0.066755
0.065355
-0.051306
-0.023655
0.025349
-0.082536
0.037363
0.021937
0.045327
0.032062
-0.007774
0.036135
0.020470
-0.031341
-0.048050
-0.012017
-0.032956
-0.094697
-0.057614
-0.032074
0.050646
0.014933
0.021707
-0.002240
-0.003743
-0.032334
-0.001507
-0.075536
-0.059896
0.084925
-0.019517
0.075910
-0.032894
-0.082289
-0.042967
-0.058389
-0.002213
0.026724
-0.021701
0.002054
0.016938
-0.081152
-0.004769
-0.047792
-0.015863
-0.004250
-0.003664
0.040683
0.002657
0.024019
0.025052
0.033971
0.148124
0.058315
-0.017353
0.010352
-0.030337
-0.019229
0.023355
-0.063822
0.026243
0.048215
0.015617
0.120854
-0.008900
0.017437
0.101117
0.058849
0.051821
0.020889
0.048800
0.065295
-0.044186
0.019583
-0.015767
-0.041629
0.051121
0.032305
-0.033462
0.053315
0.006738
-0.071423
-0.009504
-0.062636
0.000843
-0.014272
0.002229
-0.022566
-0.014861
0.003856
0.053939
0.119671
0.071996
0.028693
0.126214
0.013992
0.070206
0.084229
-0.010712
-0.018726
-0.045155
0.020512
0.018101
-0.036572
0.013478
0.051744
0.088644
0.031393
-0.016124
-0.004416
0.009734
0.025895
-0.039402
0.006887
0.061872
0.013731
0.008115
0.042706
0.024764
0.048727
0.029534
-0.045351
-0.061198
0.026262
-0.064785
-0.072721
-0.085133
0.083474
0.012453
0.112915
0.061059
0.013343
0.091365
0.026065
0.078513
0.062573
-0.011340
0.050909
0.010512
0.007258
0.057784
0.172480
0.026423
0.059430
-0.022306
0.037920
0.036908
-0.044997
0.033603
-0.017437
-0.016152
-0.000437
0.029195
0.028614
0.037746
0.001639
0.020502
0.049038
-0.088136
0.001369
0.034658
-0.043376
-0.013093
-0.011892
-0.041457
-0.038169
0.028539
-0.059358
-0.032639
-0.041548
-0.006959
0.040770
-0.025107
-0.018563
0.025903
-0.060956
0.055230
0.042680
0.068650
0.039930
-0.062285
-0.050323
-0.021916
-0.045706
-0.007589
0.041272
-0.003237
-0.027664
-0.042212
0.036281
-0.107210
-0.097908
-0.019079
0.021885
0.011685
0.034106
-0.003634
0.060378
0.004033
0.028347
-0.022204
0.005631
0.094729
0.009165
-0.005892
-0.032410
0.014240
-0.001353
-0.022644
-0.016291
0.026678
-0.052114
-0.111580
-0.077121
-0.046341
-0.026868
-0.069540
-0.163138
0.012437
-0.000815
-0.079161
-0.020951
-0.000562
0.002443
-0.088871
0.005811
0.034204
-0.068153
0.007399
-0.002877
-0.023406
0.036259
0.018431
0.014616
-0.010788
-0.072784
-0.033911
-0.048152
0.014924
0.045227
-0.043918
0.053469
0.037541
-0.055408
-0.068040
-0.044145
0.001931
-0.012654
-0.057479
-0.036522
-0.073196
-0.038462
0.038773
-0.049062
-0.099145
0.039209
-0.080706
-0.138045
-0.049989
-0.009620
-0.003982
0.076366
-0.033103
-0.019776
0.001265
0.002615
0.040287
0.004559
0.046411
0.105295
0.009383
-0.007496
0.050259
-0.018283
-0.004746
-0.044913
-0.028797
0.044985
-0.032291
-0.032721
0.044585
0.017237
0.061098
0.084162
-0.001346
0.028816
0.051837
0.088702
0.018482
0.021370
-0.005733
-0.059854
-0.124597
-0.086943
-0.030445
0.023957
-0.013913
0.090012
0.048358
0.008354
0.009449
0.056388
0.091684
0.008198
0.054355
0.097726
-0.063463
0.025994
0.056106
-0.064512
0.109272
-0.030811
-0.097065
-0.021882
0.056161
0.005163
-0.026990
0.005110
0.007269
-0.008108
0.017426
0.039412
-0.012661
-0.005144
-0.061588
0.020331
0.020256
-0.180304
-0.042416
-0.015057
-0.052966
-0.049075
-0.063458
0.069660
0.035003
-0.009146
0.096392
0.029000
-0.003290
-0.013526
-0.033907
-0.005075
-0.028325
0.015441
0.036360
0.047213
-0.006597
0.019779
-0.017130
0.029158
-0.004845
-0.059671
-0.005638
0.001485
0.023733
-0.029882
-0.076120
-0.031078
0.084094
0.046051
0.048659
0.091215
-0.043251
0.018544
-0.003852
-0.007585
-0.050542
-0.022158
0.031220
0.024395
-0.024211
0.029757
0.004346
-0.039819
-0.014044
0.050688
-0.005370
-0.097234
0.060575
-0.017776
-0.015394
0.016031
-0.039230
-0.080800
-0.067204
0.056291
-0.061711
-0.052127
-0.033905
0.084916
0.047732
-0.039079
0.001999
0.058426
0.042121
0.020762
-0.010240
0.005403
0.075156
-0.027060
0.046214
-0.032459
-0.063037
0.021851
0.032445
-0.010245
-0.003492
0.047145
0.007324
-0.057142
-0.022534
0.027632
-0.038864
0.028799
-0.076677
-0.021758
0.019734
-0.038977
0.038785
0.089474
-0.028845
-0.002213
-0.047188
-0.072645
-0.080666
-0.096992
-0.048670
-0.012341
-0.024704
-0.038358
-0.057376
-0.087517
-0.020667
0.042237
0.024310
0.117697
-0.029497
-0.010678
-0.011181
-0.061439
-0.009239
0.027547
0.039474
0.029081
-0.017958
-0.034437
-0.035212
0.015356
-0.030633
0.010398
-0.070460
-0.126413
0.114061
0.136046
-0.016128
0.021249
-0.048580
0.017713
0.000234
-0.055372
0.021628
0.020409
0.069271
0.058096
0.047098
-0.030355
-0.045870
0.030265
-0.002404
0.072631
-0.032545
0.032947
0.133707
0.036803
-0.015532
-0.023637
-0.029722
-0.063056
-0.028498
-0.016977
0.028192
-0.050188
-0.043775
-0.046039
-0.018649
0.004803
-0.047458
0.037302
0.001965
-0.046833
0.010339
0.006980
-0.034546
-0.030447
0.072423
-0.002180
-0.131396
-0.019222
0.070439
-0.041328
-0.041188
0.003684
-0.046444
0.066918
0.085899
-0.065805
-0.117424
-0.034146
-0.067959
-0.018473
-0.009985
-0.026632
0.051074
0.125592
-0.000446
-0.001937
-0.042781
0.001093
-0.008583
-0.088118
-0.008375
0.023857
-0.049133
0.053621
0.043406
-0.027835
0.096315
-0.023037
0.000059
0.014187
-0.056560
0.023384
-0.076184
-0.007172
0.064545
0.039133
0.053747
-0.061725
-0.034699
-0.046498
-0.098004
-0.106266
0.029757
-0.013820
-0.031474
-0.007294
0.063290
0.004450
-0.088210
0.051178
0.054636
-0.062593
-0.010798
0.035934
-0.004304
-0.005341
-0.070410
0.032626
0.054265
-0.025155
-0.022827
0.035329
0.019567
-0.001493
-0.060012
0.017119
-0.011293
-0.070134
-0.108687
-0.068343
0.027481
0.013555
0.040075
0.064049
0.077652
0.026418
0.048793
0.024013
-0.013970
-0.018337
0.007648
0.068726
0.017701
0.078953
0.089236
0.002408
-0.018591
0.065594
0.023468
0.007654
-0.042376
-0.063647
-0.101800
-0.035462
-0.050890
0.010038
0.112689
-0.020494
-0.033814
0.046171
-0.086601
0.039228
0.045286
0.019159
0.087054
0.053662
0.028632
-0.027415
-0.080391
-0.002261
-0.015456
-0.033624
0.028848
-0.015735
-0.019793
0.008352
0.041939
-0.044341
-0.002937
-0.038066
0.062527
-0.020541
-0.070238
0.021462
0.020778
-0.043953
-0.004070
-0.020935
-0.008474
0.008012
-0.037761
0.041526
0.042887
-0.075617
-0.037778
-0.036264
-0.036055
-0.072138
-0.051032
0.028919
-0.022782
-0.045588
-0.075167
-0.054749
-0.157523
0.003754
0.057275
-0.083916
-0.052532
-0.043117
0.002144
0.030744
0.039830
0.040533
0.015032
-0.050720
-0.111403
-0.017381
-0.018578
-0.099928
-0.032722
-0.033300
-0.053203
-0.013815
-0.063849
0.008422
-0.014526
-0.021575
0.019104
0.008104
0.039433
0.063411
0.054995
0.039211
0.017463
-0.007028
0.012864
0.048693
0.007588
0.117449
-0.046249
-0.060966
0.058877
0.022009
0.005884
-0.043854
0.014379
0.032673
-0.030304
-0.030248
0.022974
-0.020641
0.000117
0.039374
-0.030264
-0.016728
-0.013891
0.024042
-0.043294
-0.005320
-0.018596
-0.006384
0.081462
0.044434
-0.075275
-0.031540
-0.009623
-0.076748
-0.006964
0.058313
-0.032428
-0.055518
0.022167
-0.024823
-0.069626
-0.055233
0.029100
0.101892
0.090512
-0.019224
-0.040475
0.082658
0.022364
-0.022765
0.020623
0.024895
-0.023776
0.076952
0.055838
-0.091992
-0.052909
0.081521
0.008139
-0.049549
0.013345
0.006736
0.067224
0.005611
-0.036494
-0.028060
-0.022113
0.030672
-0.033388
0.053760
0.061293
0.005367
0.037875
0.001171
-0.002202
0.011262
-0.007003
-0.025759
-0.032669
0.018132
0.032423
-0.009674
-0.011669
-0.017482
-0.061224
-0.021126
0.030504
-0.012495
-0.001516
0.007068
-0.006327
0.054782
-0.008027
-0.013808
0.094004
-0.042694
0.004647
0.026815
-0.035655
0.109177
0.052791
-0.029535
-0.050706
0.022034
0.096904
0.021559
0.066462
0.072860
0.066285
-0.032483
-0.017909
0.006157
0.044841
-0.006773
0.001404
0.002824
0.026755
0.039056
0.049251
-0.008236
-0.006843
0.033095
-0.023705
0.043622
0.020391
-0.041955
0.013166
0.071182
0.012265
-0.015949
0.090403
-0.009914
0.051327
0.079066
0.058053
0.105633
-0.008803
-0.043056
0.021441
0.000403
-0.136901
-0.016891
0.026992
-0.024753
-0.043551
0.024330
0.020771
0.020608
0.001922
0.001844
-0.069780
0.028422
-0.043420
-0.085421
-0.056994
-0.107111
-0.066094
-0.066422
0.049590
0.009761
-0.043334
0.027419
0.017959
0.042343
0.026168
0.138602
0.023603
-0.011482
0.038152
-0.104034
0.066320
-0.030819
-0.057223
-0.025885
0.045806
0.045484
0.020640
-0.010082
0.136797
0.086941
0.021383
-0.057003
-0.032452
0.045197
0.003188
-0.055678
-0.054194
-0.041582
-0.012505
-0.047204
0.008438
0.042303
0.069021
0.052674
-0.026246
0.059781
-0.003457
-0.046993
0.049437
0.021755
0.030562
0.077945
0.003513
0.029477
0.140726
-0.055464
0.056063
0.018100
-0.006447
0.040200
0.008668
-0.012862
0.011903
0.001181
-0.056458
0.061962
0.087634
-0.033786
0.049267
0.006682
-0.029258
0.004882
-0.046801
0.018356
0.094101
-0.029093
-0.009726
-0.008336
-0.023432
-0.050369
0.000154
0.057466
0.003842
0.082344
0.054076
0.078834
-0.053742
0.022800
0.007677
0.030116
0.006602
-0.004736
0.016604
-0.062919
-0.026218
-0.022133
-0.059668
-0.039012
-0.096479
-0.071840
0.000048
-0.010110
-0.052515
-0.053377
-0.035263
-0.000410
0.095082
0.002337
0.004208
0.008926
0.052111
0.114840
0.045362
0.014833
0.027374
0.008355
-0.070734
0.007281
0.076599
-0.013649
-0.035587
-0.013212
-0.042177
0.036272
-0.100857
-0.082986
0.045105
0.013131
0.027997
-0.026206
-0.034623
0.004001
-0.015390
0.006475
-0.025523
-0.006371
0.036332
0.018980
0.100457
0.058579
-0.065652
0.050440
0.027467
0.003166
-0.010567
-0.044492
0.106008
0.002456
-0.027895
0.064998
0.005421
0.058723
0.097721
-0.008403
0.036665
0.080505
0.008862
0.044031
-0.031689
0.070969
0.055159
0.020196
0.009972
0.019487
0.018044
-0.049386
0.010995
0.055919
0.028014
-0.048162
0.007424
0.013204
0.020454
-0.056483
0.013085
0.015537
0.008523
0.074567
0.067229
-0.035836
0.034237
-0.009612
0.023139
0.010760
-0.000821
0.072162
-0.037435
-0.109177
-0.076758
-0.059844
-0.046984
-0.063789
0.001772
-0.044148
-0.052755
-0.072683
0.066325
0.023122
-0.081886
0.018401
0.012390
-0.036691
0.077522
0.093190
-0.048551
-0.038173
0.070247
-0.042307
0.011816
0.013846
-0.048751
0.027883
0.028415
0.026204
-0.001118
-0.004408
0.021047
0.049461
0.014365
0.013002
0.059840
-0.084091
-0.074994
-0.036773
-0.043140
-0.055177
-0.108838
-0.021427
-0.020558
0.016616
0.045480
0.028892
0.073726
0.029800
0.026801
0.069675
-0.083897
0.014456
-0.072748
-0.008725
0.029441
-0.012655
0.020214
0.016124
-0.064133
-0.092912
-0.041976
-0.048712
-0.078751
0.008119
-0.019649
0.004620
-0.058993
-0.016139
0.082473
0.022368
-0.028760
0.025367
0.047508
0.005036
0.050022
0.096815
-0.022191
-0.058134
0.077714
0.062680
-0.042038
0.063532
0.106241
-0.031636
0.023499
0.062673
0.005017
-0.029386
-0.033993
-0.003206
-0.086638
-0.053567
0.032260
0.012383
0.043564
-0.057756
-0.046046
-0.021247
-0.050752
-0.034162
0.005273
-0.012762
-0.059046
-0.013270
-0.007697
-0.031559
-0.054722
0.010043
-0.049509
-0.080113
-0.057181
-0.018675
-0.075913
-0.083052
-0.076555
-0.075079
-0.004169
0.094212
0.011323
-0.024497
0.069363
0.047177
0.014580
-0.065988
0.012964
-0.101348
-0.084986
-0.060550
-0.075900
0.060898
0.029585
0.039332
0.038438
-0.033735
-0.042105
-0.021473
0.026222
-0.004358
-0.050447
0.049501
0.009048
0.052018
0.073434
0.005047
-0.046554
-0.063112
-0.015077
0.005101
-0.076660
-0.024591
-0.095354
-0.062633
0.007893
-0.045776
-0.066834
0.000068
0.057082
0.061360
0.043819
-0.003028
-0.014624
-0.001348
0.007573
-0.022486
0.030249
0.005197
-0.033967
0.078517
0.090747
0.067724
0.024670
-0.033793
0.007114
-0.024120
0.028673
0.066873
0.044793
-0.022950
-0.020745
0.025821
-0.010262
0.010694
0.055060
0.041829
-0.028423
-0.002614
-0.032995
0.020122
0.042871
0.002833
-0.029387
0.000205
-0.003095
-0.039821
0.051499
0.096642
0.012843
0.038280
0.019417
0.013030
-0.052915
-0.013537
-0.067145
-0.000901
0.040869
-0.041230
0.006413
0.124351
0.091446
0.023171
-0.020641
0.028210
0.028625
-0.001687
0.008385
-0.027447
-0.054770
0.023701
-0.039232
-0.024212
-0.014893
-0.081633
-0.091001
-0.028849
0.045136
-0.018610
0.037967
0.071560
0.005279
-0.020563
0.147602
0.021691
0.060374
0.038334
0.040787
-0.026370
-0.047741
0.032773
-0.046590
0.037756
-0.002989
0.011020
0.053337
-0.053887
0.005263
0.050983
-0.064602
0.027293
0.042222
0.033094
0.063922
-0.002445
-0.052216
-0.049220
-0.083684
-0.062294
-0.002668
-0.043872
-0.094625
-0.149037
0.021418
-0.030908
-0.020686
0.059970
-0.043199
-0.024983
0.026057
0.040421
-0.033463
0.002495
0.004854
-0.027371
-0.002394
-0.019609
0.022554
-0.045147
-0.036632
0.004340
-0.011865
0.067182
-0.014875
-0.017816
0.075858
0.070705
-0.052505
-0.017427
-0.028264
-0.041127
0.000607
-0.010337
-0.034242
0.065070
-0.011397
-0.036159
0.083703
0.054249
-0.017004
0.039827
-0.000693
-0.078292
-0.020981
-0.016087
-0.055883
-0.060651
-0.042261
-0.050290
0.036855
0.086414
0.097647
-0.060317
0.000820
0.010144
0.024480
0.074031
0.076615
0.125005
0.078339
-0.028482
0.068631
0.110479
0.063318
0.040650
-0.026889
0.007558
0.029525
-0.036508
-0.049266
-0.085789
-0.025164
0.010830
-0.009455
-0.035585
-0.040417
-0.061223
0.022474
0.025939
-0.017237
-0.014738
0.039032
0.030832
0.004022
0.032636
0.017489
0.002802
0.020050
-0.016170
-0.093980
0.026567
-0.078671
-0.019867
-0.025361
-0.055589
-0.029665
-0.085699
-0.054116
-0.057926
-0.041876
-0.021807
-0.002927
0.002805
-0.029030
0.052382
0.026498
-0.065549
0.040381
0.072311
0.065763
0.073771
0.007228
-0.045506
0.101323
0.039680
0.046221
0.113411
0.124226
0.140439
0.049723
0.014341
0.057858
-0.012804
-0.035013
0.053324
-0.043683
0.023208
0.099938
0.019920
0.018011
-0.001159
0.039665
-0.032835
-0.023057
0.088441
-0.045710
0.005219
-0.022464
0.007895
0.012114
-0.002156
-0.055794
0.006154
0.067511
0.055665
-0.036552
-0.034988
0.035313
0.072025
0.031216
-0.098651
0.030122
0.069331
0.024082
0.011397
-0.087441
0.024284
0.063292
-0.014385
-0.013666
0.006156
-0.058875
-0.092646
-0.016586
-0.044211
0.094089
-0.028965
0.006162
0.081386
0.040134
-0.028195
0.046737
0.054385
0.032640
-0.050062
-0.057630
-0.035859
-0.172409
0.039195
0.034885
-0.046216
0.046508
-0.018643
-0.050820
0.038587
-0.011475
0.080184
-0.011309
0.014746
0.167894
-0.016997
0.042354
0.127660
0.043683
0.076476
-0.021362
0.020442
0.079945
-0.016097
0.017082
-0.039854
-0.041957
0.047913
-0.010827
-0.005532
-0.010041
-0.018145
0.049069
0.001820
-0.058531
0.016754
0.089987
0.066372
-0.022891
0.037123
-0.048715
-0.000368
0.025439
-0.079556
-0.010689
0.103196
-0.039152
0.022072
-0.037546
0.002351
-0.036697
-0.008500
0.036725
0.011624
0.031090
0.019459
0.002653
0.064373
0.068389
-0.009812
0.067954
-0.012237
0.034866
-0.007185
-0.049074
0.015670
-0.065261
-0.054098
-0.007149
0.044025
-0.023225
-0.051823
0.030085
0.027336
-0.033434
0.029273
-0.066997
0.024007
0.082422
-0.013072
0.031598
-0.005287
0.083935
0.023657
0.093060
-0.007528
-0.038024
0.005855
0.054913
0.054898
0.012579
0.074273
0.136712
0.101241
0.073945
0.101829
0.070171
0.025398
-0.038153
-0.003289
-0.003043
0.066522
0.063631
