# Time-averaged data for fix rgnetA
# TimeStep c_gyrA
10000 32.8328
20000 32.8336
30000 32.833
40000 32.8193
50000 32.8073
60000 32.7956
70000 32.7953
80000 32.7967
90000 32.8014
100000 32.8046
110000 32.8031
120000 32.8046
130000 32.8027
140000 32.7981
150000 32.7936
160000 32.7921
170000 32.7902
180000 32.7848
190000 32.7802
200000 32.7749
210000 32.7712
220000 32.7668
230000 32.7629
240000 32.7599
250000 32.7565
260000 32.7538
270000 32.7519
280000 32.7509
290000 32.7515
300000 32.7528
310000 32.7548
320000 32.7582
330000 32.761
340000 32.7632
350000 32.7647
360000 32.7662
370000 32.7683
380000 32.7693
390000 32.7702
400000 32.7708
410000 32.7712
420000 32.7708
430000 32.7703
440000 32.7693
450000 32.7672
460000 32.7647
470000 32.762
480000 32.7599
490000 32.7591
500000 32.7588
510000 32.7587
520000 32.7596
530000 32.7601
540000 32.7607
550000 32.7617
560000 32.7625
570000 32.7639
580000 32.7655
590000 32.7669
600000 32.7686
610000 32.7715
620000 32.7739
630000 32.7761
640000 32.7778
650000 32.7793
660000 32.7802
670000 32.7808
680000 32.7824
690000 32.7837
700000 32.7843
710000 32.7848
720000 32.7862
730000 32.788
740000 32.7903
750000 32.7928
760000 32.7955
770000 32.7984
780000 32.8009
790000 32.8037
800000 32.8074
810000 32.8104
820000 32.813
830000 32.8154
840000 32.8182
850000 32.8207
860000 32.823
870000 32.8254
880000 32.8277
890000 32.8303
900000 32.8334
910000 32.8366
920000 32.8402
930000 32.8433
940000 32.8465
950000 32.8493
960000 32.8523
970000 32.8549
980000 32.8574
990000 32.8597
1000000 32.8621
1010000 32.8641
1020000 32.8661
1030000 32.8684
1040000 32.8709
1050000 32.8733
1060000 32.8756
1070000 32.8785
1080000 32.8811
1090000 32.8837
1100000 32.8862
1110000 32.8888
1120000 32.8916
1130000 32.8944
1140000 32.8973
1150000 32.9009
1160000 32.9052
1170000 32.9098
1180000 32.9142
1190000 32.9183
1200000 32.9226
1210000 32.9266
1220000 32.9305
1230000 32.9346
1240000 32.9386
1250000 32.9425
1260000 32.9463
1270000 32.95
1280000 32.9535
1290000 32.9573
1300000 32.9613
1310000 32.9653
1320000 32.9693
1330000 32.973
1340000 32.9766
1350000 32.9802
1360000 32.9839
1370000 32.9878
1380000 32.9918
1390000 32.9955
1400000 32.9991
1410000 33.0028
1420000 33.0066
1430000 33.0098
1440000 33.0126
1450000 33.0155
1460000 33.0184
1470000 33.0214
1480000 33.0243
1490000 33.0272
1500000 33.0304
1510000 33.0339
1520000 33.0375
1530000 33.0412
1540000 33.0447
1550000 33.048
1560000 33.0513
1570000 33.0547
1580000 33.0581
1590000 33.0618
1600000 33.065
1610000 33.0681
1620000 33.0712
1630000 33.0746
1640000 33.078
1650000 33.0814
1660000 33.0849
1670000 33.0885
1680000 33.0924
1690000 33.0962
1700000 33.1
1710000 33.1037
1720000 33.1075
1730000 33.1112
1740000 33.1149
1750000 33.1183
1760000 33.1216
1770000 33.1249
1780000 33.1284
1790000 33.132
1800000 33.1359
1810000 33.1397
1820000 33.1433
1830000 33.1471
1840000 33.1509
1850000 33.1545
1860000 33.158
1870000 33.1614
1880000 33.1648
1890000 33.1681
1900000 33.1714
1910000 33.175
1920000 33.1786
1930000 33.1822
1940000 33.1857
1950000 33.1894
1960000 33.1928
1970000 33.1965
1980000 33.2003
1990000 33.204
2000000 33.2079
2010000 33.2119
2020000 33.2159
2030000 33.2198
2040000 33.2237
2050000 33.2275
2060000 33.2312
2070000 33.2348
2080000 33.2385
2090000 33.2422
2100000 33.2459
2110000 33.2495
2120000 33.2533
2130000 33.257
2140000 33.2607
2150000 33.2646
2160000 33.2684
2170000 33.2726
2180000 33.2769
2190000 33.2811
2200000 33.2854
2210000 33.2894
2220000 33.2936
2230000 33.2975
2240000 33.3014
2250000 33.3053
2260000 33.3092
2270000 33.3131
2280000 33.317
2290000 33.3211
2300000 33.3254
2310000 33.3297
2320000 33.3338
2330000 33.338
2340000 33.3424
2350000 33.3468
2360000 33.3511
2370000 33.3557
2380000 33.36
2390000 33.3643
2400000 33.3687
2410000 33.3729
2420000 33.3773
2430000 33.3817
2440000 33.3858
2450000 33.39
2460000 33.3942
2470000 33.3984
2480000 33.4027
2490000 33.4069
2500000 33.4112
2510000 33.4153
2520000 33.4193
2530000 33.4232
2540000 33.4271
2550000 33.4311
2560000 33.435
2570000 33.4389
2580000 33.4427
2590000 33.4465
2600000 33.4502
2610000 33.4541
2620000 33.458
2630000 33.462
2640000 33.4661
2650000 33.47
2660000 33.4738
2670000 33.4775
2680000 33.481
2690000 33.4846
2700000 33.4883
2710000 33.492
2720000 33.4956
2730000 33.4993
2740000 33.5029
2750000 33.5066
2760000 33.5104
2770000 33.5143
2780000 33.5179
2790000 33.5215
2800000 33.525
2810000 33.5286
2820000 33.5321
2830000 33.5359
2840000 33.5395
2850000 33.543
2860000 33.5464
2870000 33.5499
2880000 33.5537
2890000 33.5574
2900000 33.5611
2910000 33.5648
2920000 33.5683
2930000 33.5719
2940000 33.5756
2950000 33.5794
2960000 33.5833
2970000 33.5872
2980000 33.5911
2990000 33.595
3000000 33.5991
3010000 33.6031
3020000 33.607
3030000 33.611
3040000 33.6149
3050000 33.6188
3060000 33.6227
3070000 33.6265
3080000 33.6304
3090000 33.6342
3100000 33.638
3110000 33.6416
3120000 33.6453
3130000 33.649
3140000 33.6524
3150000 33.6559
3160000 33.6593
3170000 33.6627
3180000 33.6661
3190000 33.6696
3200000 33.673
3210000 33.6764
3220000 33.6799
3230000 33.6833
3240000 33.6866
3250000 33.69
3260000 33.6935
3270000 33.6967
3280000 33.7001
3290000 33.7035
3300000 33.707
3310000 33.7104
3320000 33.7137
3330000 33.7171
3340000 33.7208
3350000 33.7245
3360000 33.7282
3370000 33.732
3380000 33.7359
3390000 33.7397
3400000 33.7436
3410000 33.7475
3420000 33.7515
3430000 33.7553
3440000 33.7592
3450000 33.7632
3460000 33.7672
3470000 33.771
3480000 33.7749
3490000 33.7788
3500000 33.7829
3510000 33.7871
3520000 33.7913
3530000 33.7957
3540000 33.8002
3550000 33.8046
3560000 33.809
3570000 33.8133
3580000 33.8175
3590000 33.8217
3600000 33.826
3610000 33.8301
3620000 33.8341
3630000 33.838
3640000 33.8418
3650000 33.8457
3660000 33.8495
3670000 33.8531
3680000 33.8568
3690000 33.8604
3700000 33.864
3710000 33.8676
3720000 33.871
3730000 33.8744
3740000 33.8779
3750000 33.8812
3760000 33.8846
3770000 33.8879
3780000 33.8913
3790000 33.8946
3800000 33.8978
3810000 33.9013
3820000 33.9047
3830000 33.9081
3840000 33.9117
3850000 33.9152
3860000 33.9187
3870000 33.9221
3880000 33.9256
3890000 33.9291
3900000 33.9326
3910000 33.9359
3920000 33.9393
3930000 33.9427
3940000 33.9462
3950000 33.9496
3960000 33.9531
3970000 33.9566
3980000 33.9601
3990000 33.9635
4000000 33.967
4010000 33.9705
4020000 33.9742
4030000 33.978
4040000 33.9817
4050000 33.9855
4060000 33.9893
4070000 33.993
4080000 33.9967
4090000 34.0003
4100000 34.0039
4110000 34.0076
4120000 34.0112
4130000 34.0148
4140000 34.0185
4150000 34.0221
4160000 34.0257
4170000 34.0293
4180000 34.033
4190000 34.0366
4200000 34.0402
4210000 34.0438
4220000 34.0474
4230000 34.051
4240000 34.0545
4250000 34.0581
4260000 34.0617
4270000 34.0654
4280000 34.0692
4290000 34.073
4300000 34.0768
4310000 34.0807
4320000 34.0845
4330000 34.0882
4340000 34.092
4350000 34.0958
4360000 34.0995
4370000 34.1031
4380000 34.1066
4390000 34.1101
4400000 34.1136
4410000 34.1172
4420000 34.1207
4430000 34.1244
4440000 34.1281
4450000 34.1319
4460000 34.1358
4470000 34.1397
4480000 34.1434
4490000 34.147
4500000 34.1505
4510000 34.1541
4520000 34.1576
4530000 34.1612
4540000 34.1648
4550000 34.1684
4560000 34.1722
4570000 34.1759
4580000 34.1797
4590000 34.1834
4600000 34.1872
4610000 34.1908
4620000 34.1945
4630000 34.1981
4640000 34.2019
4650000 34.2057
4660000 34.2095
4670000 34.2133
4680000 34.2172
4690000 34.221
4700000 34.2247
4710000 34.2285
4720000 34.2323
4730000 34.2359
4740000 34.2396
4750000 34.2433
4760000 34.2469
4770000 34.2505
4780000 34.2541
4790000 34.2577
4800000 34.2612
4810000 34.2649
4820000 34.2684
4830000 34.272
4840000 34.2755
4850000 34.2791
4860000 34.2827
4870000 34.2863
4880000 34.2898
4890000 34.2936
4900000 34.2973
4910000 34.301
4920000 34.3048
4930000 34.3085
4940000 34.3122
4950000 34.3158
4960000 34.3194
4970000 34.3228
4980000 34.3262
4990000 34.3296
5000000 34.3331
5010000 34.3366
5020000 34.3401
5030000 34.3436
5040000 34.3471
5050000 34.3505
5060000 34.3539
5070000 34.3572
5080000 34.3606
5090000 34.3639
5100000 34.3673
5110000 34.3707
5120000 34.3742
5130000 34.3779
5140000 34.3815
5150000 34.3852
5160000 34.3889
5170000 34.3925
5180000 34.3961
5190000 34.3996
5200000 34.4032
5210000 34.4068
5220000 34.4104
5230000 34.4139
5240000 34.4175
5250000 34.4211
5260000 34.4247
5270000 34.4284
5280000 34.4321
5290000 34.4359
5300000 34.4397
5310000 34.4435
5320000 34.4474
5330000 34.4514
5340000 34.4553
5350000 34.4592
5360000 34.463
5370000 34.4669
5380000 34.4707
5390000 34.4745
5400000 34.4783
5410000 34.482
5420000 34.4857
5430000 34.4894
5440000 34.4931
5450000 34.4968
5460000 34.5004
5470000 34.5039
5480000 34.5074
5490000 34.5109
5500000 34.5144
5510000 34.5179
5520000 34.5214
5530000 34.5248
5540000 34.5282
5550000 34.5317
5560000 34.5352
5570000 34.5388
5580000 34.5423
5590000 34.5458
5600000 34.5494
5610000 34.5528
5620000 34.5563
5630000 34.5598
5640000 34.5632
5650000 34.5666
5660000 34.5699
5670000 34.5732
5680000 34.5765
5690000 34.5799
5700000 34.5833
5710000 34.5868
5720000 34.5904
5730000 34.5938
5740000 34.5973
5750000 34.6008
5760000 34.6041
5770000 34.6075
5780000 34.6108
5790000 34.6142
5800000 34.6174
5810000 34.6206
5820000 34.6239
5830000 34.6273
5840000 34.6305
5850000 34.6337
5860000 34.6369
5870000 34.6402
5880000 34.6434
5890000 34.6467
5900000 34.65
5910000 34.6532
5920000 34.6564
5930000 34.6597
5940000 34.6628
5950000 34.666
5960000 34.6692
5970000 34.6725
5980000 34.6758
5990000 34.6793
6000000 34.6828
