2.365803
0.780385
0.609449
0.508139
0.417133
0.216185
0.222600
0.270087
0.100067
0.255910
0.139896
0.174989
0.168578
0.124875
0.145772
0.112153
0.169969
0.135846
0.153427
0.115701
0.123501
0.065714
0.051547
0.166424
0.094902
0.115959
0.114595
0.153516
0.223306
0.197372
0.085940
0.111198
0.068235
0.075875
0.075411
0.111969
0.021157
0.099934
0.046053
-0.004607
0.061169
0.012421
0.044035
0.051284
0.027271
0.087786
0.028502
0.044549
0.003407
0.054740
0.064989
0.059386
0.089586
0.151251
0.035299
0.122974
0.118959
0.094861
0.093751
0.086028
0.066920
0.133978
0.082558
0.059530
0.107207
0.070450
0.022509
-0.011809
0.077957
0.090497
-0.004134
0.076136
0.052223
0.126746
0.115401
0.079143
0.096966
-0.008516
0.042254
0.012425
0.085265
0.045514
0.097454
0.190851
0.022700
0.109879
0.015562
0.045275
0.054116
0.087463
0.100270
0.062224
0.029606
0.084589
0.068884
-0.001335
0.017899
0.035441
0.105609
0.041036
-0.033528
0.041733
-0.018671
0.016823
-0.012424
0.026104
-0.015967
-0.034562
0.100941
0.017861
-0.016527
0.052207
0.119082
0.092566
0.014829
0.017188
0.044029
0.111918
0.134646
0.103892
-0.027072
0.031954
0.090716
0.055851
0.060314
0.085935
0.036510
0.060506
0.139285
0.082501
0.075664
0.118579
0.100745
0.028515
0.085539
0.087337
0.107908
0.049015
-0.004095
0.168531
0.134429
0.040753
0.023778
0.028589
0.128884
0.065139
0.014100
0.026917
0.005121
0.016182
0.090222
0.102125
0.058828
0.052838
-0.030129
-0.117956
-0.045600
-0.003341
0.098931
-0.054031
-0.016149
-0.005240
-0.035300
0.012880
0.089266
0.091573
0.021676
0.036146
-0.022285
0.027329
0.074080
0.083459
-0.044538
0.024614
0.014537
-0.108921
0.082044
0.076641
-0.005553
0.093441
-0.019710
-0.023673
0.059994
0.093673
0.021138
-0.051044
0.143546
0.055082
-0.011734
0.063121
0.074238
0.138817
0.045806
0.006629
0.144677
0.059771
0.030667
0.054333
0.018228
0.068538
0.022342
-0.000708
-0.002954
0.019228
-0.005417
-0.013366
0.089319
0.061734
0.047334
0.013059
0.079875
0.061608
0.068114
0.045734
0.041131
0.104025
0.028009
0.097645
-0.001418
0.051476
0.057014
-0.015953
0.056656
0.065513
0.050252
-0.052922
-0.064706
0.017801
-0.013106
0.068004
0.005918
0.097579
0.017420
-0.057861
0.017641
0.021309
-0.041737
-0.005130
0.068457
0.051846
0.079155
0.022713
-0.022711
0.051139
-0.030097
0.040384
0.080380
0.068683
0.061429
0.054635
0.037169
-0.045119
0.074303
0.012447
-0.051062
0.017908
-0.032455
-0.030364
0.023768
0.002669
0.104605
0.086311
0.091852
-0.006980
-0.047126
0.021866
0.052046
-0.025202
0.025882
0.027024
0.054738
0.010322
0.010724
-0.012095
0.057470
0.053515
-0.006947
-0.056614
-0.009737
-0.014736
-0.041787
0.039871
-0.014699
0.033720
0.021142
-0.010949
0.003959
-0.028821
-0.059437
-0.006992
0.004875
0.062269
0.104870
0.033972
0.003302
0.048416
0.069970
0.082528
-0.022372
0.047642
0.034604
0.011413
0.084417
0.075761
0.040258
0.068505
0.085948
0.102132
0.032138
0.047360
0.069623
0.058080
-0.036850
0.053661
0.061756
0.007172
0.023023
-0.009027
-0.016277
0.002807
-0.045982
0.029330
-0.019399
0.059206
0.001200
-0.002990
0.035430
0.029669
0.066047
-0.016220
0.102700
0.082282
-0.031013
0.067491
0.049352
0.013642
-0.008972
-0.009066
-0.013379
0.034991
0.058965
0.072539
-0.010367
0.052586
0.054219
-0.041518
0.137072
0.071430
0.000034
-0.027135
0.026648
0.098330
-0.030725
-0.030222
0.117000
0.089244
0.108593
0.086277
0.009207
0.022216
-0.014804
-0.063372
0.030556
-0.055909
0.003664
0.023289
-0.004796
0.054485
0.019883
0.085941
0.095188
0.052203
0.061484
0.081080
0.016636
0.038756
0.170890
0.128555
0.032637
0.077194
0.053913
0.024019
0.039326
-0.051486
-0.009284
0.041890
-0.028477
-0.040860
0.046612
0.009174
-0.034453
-0.165888
-0.045165
-0.017404
-0.077885
-0.018050
-0.003691
-0.074718
0.049673
0.044832
-0.102440
0.077187
-0.041828
-0.070014
0.041928
0.001136
0.045298
0.044538
0.105360
0.074378
-0.043630
0.014182
0.014455
0.020923
0.039501
0.054891
-0.014510
-0.005504
0.028521
0.015419
-0.075001
-0.041847
0.051188
0.020107
0.053518
0.060569
0.003563
0.032565
0.047360
0.015999
-0.016343
0.011565
0.055610
0.049245
0.006976
0.071267
0.062993
0.007446
0.030582
0.056222
-0.035354
-0.024064
-0.021437
0.091451
-0.023222
0.031781
0.061294
-0.003852
0.015700
-0.071792
-0.041824
-0.019625
-0.058958
-0.017593
0.030686
0.046457
-0.045641
0.026993
-0.067496
0.003775
-0.012248
0.026350
0.060749
-0.027289
0.068417
0.054630
-0.080838
0.042302
-0.036812
-0.065591
0.004353
0.019809
0.081395
0.016068
0.033405
0.033509
-0.008836
0.054687
0.007801
-0.016048
-0.000765
0.030594
0.121507
-0.022884
-0.016823
0.116223
0.052287
0.057025
0.025835
0.007677
0.024679
0.036148
0.097914
0.111585
0.081723
0.101062
0.098622
0.059495
0.020319
0.041241
-0.017714
-0.018841
0.017465
0.015127
0.108933
0.072601
0.026460
0.053865
0.041035
0.040282
0.076192
0.074514
0.048115
0.058197
0.012790
0.003929
0.123441
0.013102
-0.039690
0.029003
0.071834
0.063667
0.006148
0.061372
-0.029213
0.041748
0.051077
-0.043658
0.090804
0.015532
-0.035021
0.056769
0.029527
-0.018344
0.010659
0.043864
-0.082804
-0.039820
-0.020933
-0.006054
-0.032548
-0.039509
0.056388
-0.028103
-0.005062
-0.020826
-0.079982
-0.029375
0.015167
-0.044837
0.061610
0.096330
0.097026
0.022339
0.050728
0.023851
0.016809
-0.005150
0.048944
0.054348
-0.004949
0.064816
0.061438
-0.042439
0.059805
0.047485
-0.053302
-0.042385
-0.080188
-0.017698
0.030042
0.055750
-0.059569
0.003605
-0.006923
-0.043480
0.024108
-0.032562
-0.009730
-0.023336
-0.000265
0.010687
0.030966
0.020910
-0.021562
-0.046871
0.017758
-0.019738
-0.053277
-0.043027
-0.021707
-0.063692
0.069580
0.006264
0.107791
0.032438
-0.062324
0.041260
-0.000779
0.005183
0.046582
-0.101214
0.091527
-0.011279
0.055497
0.057143
-0.052524
0.060418
0.045738
-0.000945
-0.046739
-0.002869
-0.007298
0.002451
0.013685
-0.013143
-0.011887
-0.026285
0.049689
0.020145
0.079525
-0.026531
-0.076630
-0.075691
0.012720
0.083011
0.038505
0.006906
0.036889
0.066069
0.017289
-0.042353
-0.070940
0.129655
-0.008168
0.052916
0.003075
-0.040414
-0.028417
-0.082433
0.005741
0.050775
0.096534
0.115721
0.040454
-0.037975
-0.021745
0.021534
-0.009999
0.093240
0.013657
-0.036122
0.010166
0.095778
0.069907
-0.003979
0.022629
0.018514
0.077526
0.001282
0.041927
0.032000
0.051656
0.059599
-0.020030
0.092306
0.083936
0.065175
0.050051
0.007322
0.036111
-0.036471
-0.050663
0.050415
0.067061
0.033965
-0.012731
-0.081396
0.039900
0.022401
-0.031891
0.044619
-0.025085
0.029562
0.017594
0.035444
0.016470
0.000362
-0.007163
-0.072919
-0.060897
-0.074900
-0.043244
0.075321
-0.046782
0.004618
-0.014654
0.053133
-0.020572
-0.041411
0.082331
-0.048590
-0.051352
-0.026317
-0.034507
-0.065386
-0.018350
-0.021124
0.064806
0.014287
-0.083376
0.017555
-0.056242
-0.021982
0.070739
0.098767
0.059099
0.031380
0.036699
0.063364
0.032808
-0.023222
-0.081509
0.040490
-0.058248
-0.110449
-0.012683
-0.017340
-0.048049
-0.012565
0.024208
0.059471
-0.001051
-0.019930
-0.052543
0.005433
-0.087494
-0.040991
0.006235
0.014790
-0.009627
-0.001335
0.088857
0.070330
-0.024292
0.010121
0.065185
-0.004854
0.022801
-0.018927
-0.032495
-0.030974
-0.016075
0.031784
-0.037597
0.022176
0.040051
0.062023
0.031527
-0.007363
-0.001223
0.039324
0.033526
0.053232
0.069982
0.070480
0.034385
0.002906
0.050378
0.044278
0.048595
0.042158
0.100399
0.085117
0.008096
-0.030092
-0.072738
0.052629
0.054317
-0.030882
0.059802
-0.014230
-0.024671
0.076284
0.004576
0.061121
0.045925
-0.058211
0.107903
0.024239
-0.059879
0.117052
-0.036622
0.058427
0.104965
-0.016029
-0.072408
0.016951
0.028198
-0.018379
-0.049731
0.002798
-0.026863
0.012586
0.071978
-0.015919
0.053220
0.015608
-0.007425
0.009654
-0.045723
0.094657
0.035289
-0.033930
-0.032177
-0.048874
-0.030308
-0.057068
0.027840
0.026628
0.026488
0.075023
0.017196
-0.018467
-0.103604
-0.030257
0.039771
-0.046132
-0.045100
-0.106657
-0.070588
-0.012256
-0.004102
-0.033642
0.000818
0.106045
0.039854
-0.044328
0.063769
0.005955
-0.107510
-0.061573
0.082666
0.022132
-0.006316
0.033096
0.060369
0.020515
-0.068281
0.024902
0.030719
0.030409
0.059474
-0.041894
0.018560
0.046135
0.017197
-0.037956
0.000977
0.051027
-0.001297
0.097435
0.049018
0.013609
-0.041596
-0.068063
-0.052643
0.008887
-0.033478
-0.048669
-0.123152
-0.016637
0.010318
-0.091788
0.013295
-0.013658
0.129119
0.058620
-0.012759
0.017543
0.002694
0.008043
0.035240
-0.035052
-0.058863
0.061371
0.019175
-0.016996
0.006695
0.035287
0.009002
-0.027477
-0.007703
-0.015727
0.024974
0.068442
0.061069
0.141038
0.009945
-0.146401
-0.010334
-0.041184
-0.038890
0.022570
-0.073787
-0.002190
-0.016092
-0.011315
-0.080732
-0.021137
0.082468
0.050706
-0.071196
0.041543
0.022715
-0.000263
0.042016
0.036043
-0.016634
-0.094396
-0.022842
0.078479
-0.047584
0.010935
0.075554
0.033623
-0.045799
-0.022821
0.064254
0.007080
-0.072703
0.024597
0.019048
0.039972
-0.008753
0.032459
-0.006876
0.085444
0.126050
0.066246
0.066009
0.027540
0.055141
0.040642
0.039558
0.047646
0.001245
0.100027
0.033824
0.062633
0.035154
0.040504
0.126924
0.056272
0.038080
0.035906
0.039790
0.056146
0.054041
0.021502
-0.013952
0.048895
0.015795
0.010681
-0.027011
0.055841
-0.020956
0.025986
0.005907
-0.054299
0.013510
0.062019
-0.082312
-0.109872
0.129988
-0.030717
-0.109774
-0.008236
0.019693
0.001850
0.035607
0.127306
0.052576
0.050365
0.137870
0.016631
0.041518
0.017684
0.010975
-0.014761
0.010848
-0.055065
-0.109588
0.114497
-0.060532
-0.050370
0.022645
-0.044669
-0.024764
-0.046014
0.089311
0.002465
0.065557
-0.057915
0.007575
-0.014245
-0.070652
0.021570
0.052103
0.096849
-0.049913
-0.000102
0.010216
-0.082229
-0.037781
0.011255
-0.047297
0.040189
0.043530
-0.000235
-0.040165
-0.006076
-0.012459
-0.007589
0.063862
0.040244
-0.010855
-0.016226
0.037271
-0.001179
-0.071528
-0.076372
0.014370
0.037689
0.038888
0.013974
0.018069
0.021618
0.035768
-0.032710
0.025268
-0.031156
-0.007264
0.006493
-0.023195
0.109897
0.068832
-0.006956
0.002156
-0.011219
-0.053226
0.001928
0.044811
0.114436
0.033379
-0.013543
0.021638
0.031431
-0.022153
0.011445
0.003998
-0.068153
0.078179
0.030909
-0.047945
-0.001733
-0.034584
0.000629
0.017441
-0.064383
0.013962
0.063681
0.039314
0.043723
-0.055290
0.028113
-0.009182
0.005681
-0.036056
-0.038602
-0.021885
-0.058285
-0.081244
-0.117696
-0.103381
-0.050878
-0.046353
0.008825
0.034988
0.015939
-0.019704
0.020254
-0.062847
-0.000425
0.013570
-0.002280
-0.010177
0.062753
0.074548
0.014123
0.099539
-0.012778
-0.010654
0.007395
-0.020088
0.020962
0.051471
0.032379
0.051633
0.073005
0.090597
0.067230
-0.026141
-0.030349
-0.010924
0.005120
0.066991
0.084128
0.082417
0.032468
0.033401
0.021805
0.049308
0.102331
0.077270
0.016213
0.002603
0.036656
0.019307
0.046775
0.050781
0.053388
0.019920
0.081955
-0.036575
0.044841
0.126641
-0.009213
0.070059
0.099210
0.064792
0.009984
0.003717
0.063414
0.100882
0.121281
-0.020606
0.014526
0.075243
0.053311
-0.021101
0.033646
-0.036199
-0.047487
-0.007134
-0.011803
-0.018379
0.017600
-0.013094
-0.079452
0.067312
0.044522
0.025000
0.031213
0.003228
0.006906
0.045675
0.070784
0.055993
0.055142
0.091944
0.039586
0.017359
-0.020153
-0.027512
0.067765
-0.030028
0.029822
-0.000011
0.004166
-0.012076
0.030044
0.083996
0.040517
-0.009830
0.056233
-0.034561
-0.073783
-0.006274
0.037337
-0.097582
-0.063353
-0.031739
-0.115488
-0.029940
-0.038250
-0.025143
0.052203
0.021958
0.004200
0.061437
-0.015290
0.021599
0.096400
0.059586
0.045365
0.047170
0.121732
0.048871
0.079760
0.007744
-0.038354
0.043623
-0.018644
0.060521
0.078484
0.006018
0.080050
0.191620
0.109712
0.032524
-0.041453
0.113025
0.051528
0.019327
0.109229
0.097163
0.045509
-0.085513
-0.010783
0.082764
0.018236
-0.031654
0.045173
0.041237
-0.016335
-0.060904
-0.016974
0.002479
-0.008063
-0.013715
-0.038641
0.050388
-0.047882
-0.053372
0.080470
-0.031900
0.019408
0.058476
0.074552
0.009009
-0.036265
0.037635
0.013413
0.015338
0.016132
-0.056633
-0.074633
-0.023832
0.024528
0.060453
0.053354
-0.058003
0.054914
-0.008149
0.000655
0.114139
0.058518
0.065099
0.065437
-0.030881
0.044887
0.088428
0.036892
-0.058102
-0.043965
0.029325
0.012285
-0.046811
0.049207
0.029081
0.010807
0.068982
0.056431
-0.025098
0.033391
-0.049621
-0.012263
-0.003544
-0.017485
0.034465
0.000583
-0.073252
0.024761
0.070042
0.014239
-0.008182
-0.047327
0.006667
-0.008238
0.037970
0.117767
0.151795
0.022653
-0.035979
0.040080
-0.054625
-0.060462
-0.042026
0.004699
0.002635
0.049866
0.072676
0.031441
-0.003950
0.007185
0.024873
0.025107
0.055019
0.020722
0.093245
0.031608
-0.059128
0.068602
-0.020302
-0.062011
0.011986
-0.010307
-0.035089
-0.054726
-0.042987
0.022187
0.001116
-0.003668
0.003768
0.061628
0.065383
-0.039486
0.002060
0.095313
0.017867
0.027303
0.030294
0.076233
0.147768
0.036993
0.000814
0.068539
-0.000042
0.001051
0.035730
0.066422
0.064239
0.046352
0.115821
-0.028721
-0.023061
-0.011169
0.082995
0.106060
0.026725
-0.068591
-0.019753
0.013751
0.057405
0.122886
0.054337
0.016587
0.108594
0.043673
0.048815
-0.003506
0.048747
0.061963
-0.003441
0.029434
0.055089
0.091408
0.000076
0.026640
-0.008551
-0.023274
0.032903
-0.018464
0.030722
-0.098171
0.114784
0.134354
-0.007929
0.050997
-0.003895
0.076819
0.056878
0.021298
-0.065024
0.040887
0.010907
-0.042731
0.092824
-0.009838
-0.000907
0.028216
-0.045160
0.049630
0.046801
-0.019411
0.058547
-0.091132
-0.050450
-0.065397
-0.011255
0.058488
0.038835
0.000901
-0.001450
0.046701
0.074816
0.045375
0.016199
0.014654
0.030363
-0.061350
0.069130
0.040771
0.006767
0.043133
0.003272
0.080291
0.013639
-0.035660
-0.062758
0.018238
-0.010552
-0.012715
0.141023
0.112086
-0.009816
0.109278
0.009816
0.030294
0.007015
0.063267
0.060865
0.004079
0.080800
0.102706
0.038258
0.029342
0.006047
0.002381
0.023377
0.082469
0.074291
0.008334
0.074491
0.060664
-0.021320
-0.015233
0.010748
-0.010916
-0.025655
0.067575
0.082765
-0.022303
0.033077
-0.060140
-0.083373
0.055500
-0.008406
-0.038880
-0.124436
-0.080343
-0.024820
-0.021378
0.024166
0.057328
0.012441
-0.094983
0.019747
0.017982
-0.033033
0.023191
0.046978
-0.032235
-0.069111
0.034007
0.077681
0.036733
-0.026598
-0.040396
-0.013266
0.086895
0.004804
0.010392
0.099256
0.029395
0.015130
0.034791
-0.006367
-0.009700
0.031003
0.004862
0.014793
-0.018025
-0.036373
0.009050
0.030914
0.033762
-0.040839
-0.020946
0.061727
0.052849
0.122732
0.030533
0.026477
0.004260
-0.004678
0.070686
-0.008138
0.016265
-0.053610
0.012849
-0.093664
-0.059570
-0.052681
-0.076680
0.111377
0.027852
0.007777
0.089911
-0.060808
0.074008
-0.021445
0.063212
0.035357
0.058155
0.067249
0.100064
0.043124
0.004455
0.005550
0.056371
0.019620
0.086597
0.050356
-0.112410
0.064826
0.008910
-0.060352
0.013860
0.038225
-0.005780
0.043119
0.005852
0.074890
0.085638
0.013800
0.020923
0.021487
-0.009789
0.087401
0.082732
0.126280
-0.034507
0.033074
0.013223
0.020461
0.061552
0.094395
0.050305
0.052738
0.084874
0.032709
0.064268
0.009956
0.028932
0.062898
0.037162
-0.039362
-0.020358
-0.039616
0.066324
0.056918
-0.003412
0.069294
0.012757
-0.004185
-0.039796
-0.044257
0.006955
0.030382
0.060465
-0.083669
-0.030179
0.003110
-0.032143
-0.015813
0.080785
0.056871
0.008002
0.037814
0.094015
-0.108770
-0.040761
0.107422
0.019027
0.012775
0.074628
-0.020099
-0.020954
0.027587
-0.038311
-0.012630
-0.017015
0.008134
-0.006548
0.049996
0.049482
-0.033456
-0.044498
0.038592
-0.082949
-0.081635
-0.009306
-0.071547
-0.146711
-0.054663
0.026299
-0.049417
-0.072358
-0.037997
0.028497
-0.017687
-0.033915
-0.054188
-0.019091
-0.020072
0.003697
-0.009710
0.050363
0.135836
0.015301
-0.047611
0.004401
0.102372
0.068406
0.027129
-0.057379
0.052348
-0.025880
-0.021099
0.014298
-0.000415
0.042622
-0.012352
0.068631
-0.007554
0.002349
0.002996
0.004973
0.015168
-0.016259
0.000745
0.044967
-0.034997
0.095783
0.022069
-0.054349
-0.089481
-0.049731
0.028992
-0.076850
0.024064
-0.019680
-0.154673
0.060990
-0.012650
0.005433
0.019736
-0.035439
0.016337
-0.045091
0.045162
0.026913
0.037039
0.061838
0.004431
-0.017611
0.071131
0.035053
-0.041175
-0.094789
-0.019630
-0.109738
-0.076368
0.061666
-0.066850
0.004504
0.041179
-0.026925
0.166311
-0.008864
-0.025362
0.066258
0.084253
0.025785
0.038341
0.073491
0.110942
0.050420
0.054725
0.026621
-0.056044
-0.023809
-0.018800
-0.026705
-0.003533
0.005214
-0.071748
-0.078289
0.009315
0.063640
0.011754
0.083935
0.061050
0.082090
0.044207
0.078425
0.054669
-0.052549
0.006749
0.041004
0.112392
0.039778
0.086859
0.034362
0.091147
-0.008392
0.019941
-0.008763
0.083886
0.062669
0.006833
-0.019437
-0.020180
-0.004073
0.014750
0.079592
-0.023574
0.033956
0.073984
-0.045901
0.051816
-0.094338
0.010095
-0.005117
-0.132473
-0.032395
-0.118785
-0.033832
0.019499
0.001595
0.061335
-0.025872
0.009663
0.074496
-0.028368
0.084016
0.054901
0.058842
0.067221
0.081582
0.054005
0.028443
0.044523
0.044740
0.036765
0.029095
0.079047
0.033975
0.046702
0.051533
0.048463
0.090832
0.104323
0.063629
-0.051315
0.005309
0.026977
0.009170
0.068083
-0.007096
0.089722
0.012650
0.001877
0.037650
0.048754
-0.016940
0.021691
0.030824
-0.028477
-0.029399
0.007162
-0.032197
-0.018270
-0.017378
-0.027209
-0.005107
0.024968
-0.096589
-0.030076
0.062490
0.068729
0.065650
0.015851
0.136072
0.030997
0.059272
0.055998
-0.058984
-0.067109
0.010077
0.040921
0.063581
0.025949
0.093139
0.077019
-0.018241
0.023811
-0.063956
-0.031358
-0.007192
-0.029106
-0.041518
0.031223
0.086032
0.015101
-0.026983
0.021149
0.063979
0.015448
-0.002696
0.047253
-0.062216
-0.031689
0.010401
-0.025370
-0.074492
-0.083465
0.011819
-0.022940
-0.131448
0.007977
0.053063
0.084752
0.046881
0.048305
-0.035092
-0.034340
-0.057741
-0.029518
0.051259
-0.020197
0.012321
0.081096
-0.026811
-0.006999
0.051871
0.026831
0.053564
-0.020355
0.051807
0.028334
-0.004814
-0.030539
-0.078553
0.009262
-0.029321
0.065371
0.117301
0.007947
0.052368
0.057873
0.071296
0.026205
0.001592
0.008603
-0.008951
-0.050092
-0.020554
0.064042
-0.043586
0.009407
0.001263
0.018055
0.007424
-0.014946
0.017130
0.042345
-0.061152
0.009991
0.047848
-0.071239
-0.033190
-0.001793
0.048038
0.115651
0.065083
0.089480
0.072001
0.087804
0.099296
0.067844
0.093535
-0.023055
0.008240
0.023599
-0.012431
0.030941
-0.013178
0.051862
0.069019
-0.020385
0.088336
0.097238
-0.062569
0.031751
0.080648
-0.009109
0.028620
0.015695
0.096775
0.010648
0.002860
0.022057
0.074888
-0.056755
-0.064291
0.043799
0.001338
0.023673
0.065501
-0.041006
0.019187
0.046409
0.011185
0.002021
0.003132
0.029310
-0.008292
-0.078324
-0.059351
-0.124697
-0.085462
0.006297
-0.015639
0.087761
-0.011830
-0.061745
-0.027424
-0.024580
-0.035583
-0.017090
0.044810
0.053724
0.018405
0.040057
0.029956
0.104552
0.008585
0.118370
0.015865
0.099437
0.023244
-0.071882
0.024739
-0.030364
-0.020814
0.054785
0.040750
0.033156
0.034745
0.092575
0.082524
-0.026908
0.010666
0.079207
-0.015352
0.056470
0.031802
0.005231
0.081108
0.070266
0.002997
0.080653
-0.008153
-0.033179
-0.009569
0.026881
-0.085340
0.016149
0.021630
0.049420
-0.023340
0.108196
0.105818
0.001942
0.045669
0.049308
0.015630
0.055424
0.007660
0.013545
0.041723
0.007347
0.001154
0.024028
0.123652
0.091729
-0.000352
0.034898
0.034269
-0.004596
-0.009193
0.049063
-0.016935
-0.093989
-0.010577
-0.027399
-0.067775
-0.056475
0.020757
-0.075168
-0.162742
0.037275
0.092495
0.009265
0.016639
0.075752
-0.011795
0.101853
-0.036057
-0.061312
0.033396
0.015092
0.022627
0.032911
0.053191
-0.024924
-0.094711
-0.008582
0.005370
-0.108417
-0.002688
-0.015153
0.008784
0.007032
0.011244
0.036786
0.098232
0.089425
-0.057526
0.011397
0.077965
-0.002417
0.111354
0.090861
-0.059205
0.093825
0.098359
0.009617
0.053027
-0.017843
0.008275
-0.047033
0.006702
0.077729
-0.040273
0.082848
0.025605
0.057587
0.038401
-0.078114
-0.001429
-0.005541
0.063953
0.021795
0.025517
0.038182
-0.001853
0.082294
0.057031
0.137601
0.159266
0.006639
0.008212
0.024303
-0.013954
-0.026575
0.036184
0.038126
0.022336
0.031917
0.041240
-0.015887
0.069367
0.102767
0.051811
0.073219
-0.010591
0.018998
0.075479
0.055179
0.028287
-0.017490
0.026500
0.042934
-0.033350
0.054251
0.016116
0.010953
0.019384
-0.018752
-0.026237
-0.055483
0.042115
-0.001138
-0.026909
-0.034044
-0.019309
-0.052092
-0.080450
-0.058398
-0.056341
-0.069972
-0.050804
-0.041183
-0.073515
-0.025812
-0.032134
0.005702
0.025486
-0.026996
-0.070725
-0.048024
-0.103890
-0.078767
-0.002754
0.004567
0.034741
0.038244
0.032323
-0.036578
0.032892
-0.078837
0.013777
-0.044791
-0.043159
0.040233
-0.017279
-0.001317
-0.052679
0.086966
0.027967
-0.052082
0.000443
0.037186
-0.045752
-0.054484
-0.036591
0.007830
-0.030515
0.006232
0.060393
-0.016281
-0.035423
0.091411
0.036014
0.007075
0.002552
0.034825
0.039870
0.008926
-0.045320
-0.005005
-0.001813
0.026471
0.016234
0.043136
0.112997
-0.003171
-0.002027
-0.067569
-0.061142
-0.043327
-0.081611
0.001149
-0.042902
-0.001296
0.050728
-0.041335
0.030712
0.025298
0.087382
-0.014154
0.060202
-0.042775
-0.060248
-0.042325
-0.114625
-0.006621
0.031544
-0.054489
-0.068458
-0.030393
-0.001520
0.016348
0.016389
-0.045833
-0.002635
0.032836
0.114392
0.055127
0.006708
0.069484
0.083320
0.134870
-0.016357
0.026156
0.053704
0.053933
0.069730
-0.034384
-0.025542
0.026655
-0.023158
-0.057136
0.040698
0.012648
-0.055905
-0.046843
0.001590
0.101171
-0.017679
-0.027993
-0.103754
-0.031217
0.050034
-0.013089
0.013662
0.026179
0.019292
0.072697
0.108042
0.010618
0.093805
0.007978
-0.028559
-0.088471
-0.005104
-0.088441
-0.037380
0.023873
-0.115792
-0.043009
0.007204
0.008875
-0.017880
0.000357
-0.013096
0.048540
0.050607
0.019171
-0.003199
-0.010342
-0.007649
0.021985
0.031381
-0.041660
0.049793
0.067610
0.064385
0.019002
0.010647
0.055688
-0.072727
-0.061128
0.007902
0.095673
0.020866
0.069706
0.106966
0.027607
0.044252
0.075721
0.086107
0.210379
0.058761
0.014176
0.053962
-0.037760
0.048660
0.008062
-0.034292
0.002259
-0.023311
-0.056067
0.010170
0.035304
-0.064130
-0.115779
0.013690
0.007348
0.000955
-0.013833
-0.036234
-0.031531
0.099312
0.137575
0.046699
0.040998
0.071671
0.000670
0.043067
0.013498
-0.105557
-0.044381
0.026111
-0.066262
-0.004106
0.008362
0.065723
0.054496
-0.005752
-0.020345
-0.054408
-0.096893
-0.083843
-0.031808
-0.031858
-0.028370
0.054417
-0.047593
0.033160
0.017710
-0.040952
0.018318
-0.031741
0.067553
0.077395
-0.053406
0.014210
0.061000
0.117351
-0.000604
-0.083258
0.001731
-0.020258
-0.026969
-0.000960
-0.035814
-0.042303
-0.048815
-0.058198
0.026652
0.067548
0.005912
0.081360
-0.007376
0.012781
-0.043151
-0.057569
-0.065936
-0.053772
0.040595
-0.067250
0.040855
0.013655
-0.089372
0.037609
0.000623
-0.034793
-0.009904
-0.011914
0.048658
0.067747
-0.044125
-0.102656
0.009306
-0.024405
0.025608
0.049043
-0.006578
0.007812
-0.085170
0.036167
0.031120
-0.019556
-0.000281
-0.019857
-0.062076
0.024879
0.000529
-0.030486
0.073053
0.019872
0.056168
0.043256
0.008390
0.015030
0.036908
0.019341
0.104998
0.102943
0.028977
0.057757
0.074369
0.066537
0.121517
0.029292
-0.030872
-0.060480
-0.040251
0.013975
-0.059397
0.007996
-0.019187
-0.022142
-0.064037
-0.019973
0.011960
-0.023280
0.001687
-0.059642
0.022819
0.057284
-0.108418
-0.083126
0.076604
-0.051773
-0.018055
0.010839
-0.010785
0.066223
-0.016706
-0.015209
0.003213
-0.021927
-0.010226
-0.060947
0.046812
-0.016668
-0.006122
-0.083187
-0.008872
0.038524
-0.038391
-0.082887
-0.069336
0.015750
0.025290
0.021509
0.094402
-0.037300
0.041836
0.080611
-0.078339
0.066355
0.004216
0.016806
0.092576
0.072572
0.022316
0.014965
-0.047727
0.031606
-0.028218
-0.079134
-0.003145
0.045876
-0.081860
0.053346
0.058587
-0.071369
0.047924
-0.122432
-0.067611
-0.006782
-0.016022
0.031672
-0.020599
0.029750
-0.071166
-0.095586
-0.093491
-0.015675
-0.069094
-0.037310
-0.017492
0.065269
0.060032
0.010288
-0.015745
0.059894
0.050923
0.007094
0.072254
-0.022027
0.018236
0.121793
0.080641
0.061875
0.018486
0.039242
0.038100
0.092459
0.122746
0.035947
0.030491
0.000355
-0.067144
-0.055018
0.039343
-0.065677
-0.050201
0.045378
0.010427
0.038841
0.048114
-0.025034
-0.092202
-0.063473
0.065623
-0.024787
-0.035448
0.065233
-0.032584
-0.132061
-0.000348
0.060121
0.034631
0.027348
-0.075674
0.010368
-0.024836
0.008451
0.040912
0.000486
0.034802
0.078900
0.031924
0.045309
0.059592
0.052155
0.046550
0.005336
0.075255
0.073122
0.035383
-0.013425
-0.055262
0.041704
-0.029064
-0.035505
0.059900
-0.071856
0.002188
0.046919
0.000935
0.040543
0.022876
0.067421
0.133674
0.040192
0.029140
0.048773
-0.017048
0.008962
0.013929
0.034275
-0.022896
0.004804
-0.014458
-0.039527
-0.064382
-0.054502
0.023199
0.016623
0.047129
0.059332
0.083077
0.016338
-0.046568
-0.043357
-0.041938
-0.087110
0.026277
-0.037292
-0.015247
0.154055
0.070280
-0.011829
-0.010863
-0.056026
0.040165
0.006590
-0.003653
-0.055963
-0.016667
0.022305
-0.092110
-0.058420
0.058263
0.044671
-0.035636
-0.021733
-0.022092
-0.045985
0.003523
0.010348
0.142597
0.024649
-0.077995
0.013251
0.013413
-0.132294
0.065151
0.036062
0.026526
0.094939
-0.007018
0.062415
-0.061908
0.023321
0.004217
0.013366
0.002322
-0.056731
0.050354
0.044574
0.001305
-0.051716
-0.054707
0.025328
-0.063315
-0.054346
0.021405
0.082019
-0.026682
-0.057172
-0.049022
0.006781
0.004339
0.051945
0.035862
-0.007291
0.020305
-0.045591
-0.033882
0.039392
-0.018498
0.031135
0.084980
-0.040763
-0.001652
-0.080903
-0.109036
-0.008130
-0.020902
0.074625
0.022575
0.005306
-0.000544
-0.047467
-0.113366
-0.060143
0.050864
-0.015026
-0.022953
-0.034640
-0.025286
-0.019811
-0.098768
-0.014656
-0.079897
0.003566
0.035875
-0.080666
0.007618
0.006409
-0.034644
-0.000555
0.094617
0.022938
-0.034958
-0.006620
0.089581
0.040748
-0.024534
0.059129
0.078412
0.044381
0.053913
0.060802
-0.029935
-0.014038
0.111362
0.016809
-0.039075
-0.061256
-0.065740
-0.015177
-0.057067
0.003320
-0.009323
-0.008163
0.062240
0.019374
0.036554
0.013722
-0.067824
-0.024224
-0.110091
0.042732
0.098488
-0.035320
0.073378
-0.002598
0.047307
0.061331
-0.032281
0.044581
0.002446
-0.031328
-0.029874
-0.072387
0.000610
0.005073
0.038294
-0.004918
0.030185
-0.065088
0.005682
-0.010808
-0.061170
-0.136314
0.007892
0.040830
-0.014253
0.036021
-0.080866
-0.110007
-0.074931
0.010787
0.015258
0.046730
-0.075453
-0.063855
-0.010439
0.007709
0.010311
0.102512
-0.000903
-0.052087
0.060214
-0.023492
-0.069921
0.047182
-0.016208
-0.051449
0.020408
-0.028090
0.028901
0.033667
-0.005445
-0.010039
-0.085879
0.024065
-0.043947
0.002747
-0.008961
0.019657
0.025814
0.021875
-0.009087
-0.012823
-0.004127
0.039700
0.012044
0.001203
0.002621
0.058662
0.108688
-0.005107
0.026664
-0.031400
-0.071901
-0.014208
-0.097849
-0.093996
-0.012452
0.040231
-0.015019
-0.076500
-0.098808
-0.053943
0.033806
0.017958
0.048505
-0.025165
0.008152
-0.055460
-0.058629
-0.111556
-0.015950
-0.014264
-0.005668
0.075562
0.089153
0.033161
0.032323
-0.110758
-0.120804
-0.072201
-0.020201
0.013454
-0.011130
0.010307
0.007074
-0.067939
0.034678
0.001013
0.062004
-0.022062
-0.012238
-0.029409
0.009727
-0.024266
0.023234
0.017322
-0.021824
-0.021037
0.023546
0.011205
0.010946
0.088526
0.078350
0.091866
0.020670
-0.004603
-0.028375
-0.066248
-0.054172
-0.018646
-0.043572
0.030361
-0.007468
-0.027885
0.067662
-0.017611
-0.008853
0.049491
0.040117
0.033472
-0.064857
0.043881
0.020736
0.014280
0.075964
0.006724
0.031858
0.093793
0.045089
-0.000655
0.059375
-0.047636
-0.036949
0.010547
-0.030270
0.019032
-0.022483
-0.024594
-0.026938
-0.023042
-0.071219
0.051844
0.058123
-0.090348
0.038186
0.011485
-0.022620
0.044135
-0.035139
0.082219
0.038783
-0.030305
0.042520
-0.009530
-0.043593
-0.012112
0.041924
-0.041977
-0.019958
-0.009644
-0.089428
-0.002715
0.029611
-0.008061
0.019572
-0.006609
0.029186
0.000056
-0.042415
-0.003350
-0.026043
-0.070166
-0.102986
-0.025162
-0.020166
0.014606
-0.030130
-0.003870
0.057314
-0.019882
-0.045798
0.064453
0.043041
0.056991
0.156046
0.137418
-0.029269
-0.004660
-0.001244
-0.042387
0.115457
0.031605
-0.076242
0.085960
-0.035746
0.000236
-0.032840
-0.008977
0.083309
-0.017016
-0.008956
0.018114
0.056111
0.027788
-0.011292
0.064228
-0.002438
-0.019185
0.057746
0.094318
0.027945
0.019868
0.131797
-0.009004
-0.016992
-0.005134
0.022922
0.005735
0.069884
0.037839
0.036508
0.031021
0.010042
0.065044
-0.012597
0.144638
0.062956
0.061518
0.035311
0.030317
0.024564
-0.046867
0.067021
0.002495
-0.035308
-0.046292
0.016426
-0.089393
-0.010949
-0.001088
-0.026078
-0.034751
-0.024652
0.024722
-0.064278
-0.004419
-0.019885
-0.041454
0.009558
0.063607
0.020043
0.027679
0.070070
-0.041862
0.069437
-0.010273
-0.036194
0.012976
-0.048191
-0.050244
0.063791
0.003062
-0.019392
0.064726
-0.011440
0.004608
-0.015892
0.040119
0.057715
-0.068217
0.010859
-0.041204
-0.058581
0.059185
-0.022069
-0.029968
-0.016336
-0.023383
0.035275
-0.014848
-0.054159
0.022025
-0.029405
0.049128
0.080703
-0.029094
0.054021
0.013284
-0.002351
-0.021389
-0.026790
0.027913
-0.061059
0.114892
-0.048050
-0.079235
-0.008499
-0.047031
0.025893
-0.030944
-0.049901
0.023092
-0.011155
0.010424
-0.013552
0.032778
0.128695
0.062311
0.039712
0.012235
-0.033475
0.009382
0.061617
0.046979
-0.070868
-0.006459
-0.039234
-0.082905
-0.037878
-0.057212
-0.122802
-0.119270
-0.028379
-0.076879
-0.034623
0.031125
-0.001090
0.050434
-0.041541
0.000006
0.102406
0.002153
0.073784
0.035896
-0.030063
-0.096274
-0.010269
-0.075397
-0.016790
-0.076742
0.009711
0.048024
-0.031182
0.069160
0.050370
-0.036129
-0.046639
-0.065684
0.008109
0.008172
-0.001440
0.081751
0.026377
-0.015712
0.031632
-0.002415
0.012155
0.050904
0.059516
0.064240
0.023347
0.039404
-0.030633
-0.079931
0.031708
-0.098772
-0.077724
-0.007600
-0.005510
0.014146
0.044421
-0.075221
0.037873
-0.030216
-0.065278
0.126317
-0.001735
0.047005
0.075680
0.001798
0.040855
0.075406
0.055964
0.019354
0.066655
0.002841
-0.036399
0.135806
0.011312
-0.033401
0.055231
0.001059
0.059808
0.117139
0.047115
0.059052
0.082532
-0.014019
0.011756
0.034180
-0.014277
0.002017
0.097860
0.067148
0.064387
-0.043277
0.046497
0.021758
-0.041672
-0.021225
0.034193
-0.007487
-0.100652
0.003878
0.025458
-0.040998
0.001281
0.002687
0.033304
0.050210
0.012952
-0.037599
-0.020536
0.038497
-0.048157
-0.067663
-0.014309
-0.027310
-0.002157
-0.024106
0.046420
0.054914
-0.030219
0.012735
0.035400
-0.092047
-0.027512
-0.097610
0.011800
-0.064990
-0.096778
0.025438
-0.100886
-0.094073
0.027281
-0.018068
-0.037272
0.086262
-0.012289
0.056557
0.119668
-0.010818
0.034464
0.144263
0.082238
0.003076
0.018123
0.049728
0.004198
-0.014053
-0.016521
-0.006438
-0.010998
0.010898
0.093121
0.116792
0.070416
0.112304
0.000117
0.093035
0.088552
0.042132
0.074732
0.020808
0.109856
0.045761
-0.023090
-0.044903
0.013024
0.011783
0.024268
0.063821
-0.044020
0.063854
0.006791
-0.043383
-0.038437
-0.074734
-0.072147
-0.024924
-0.055145
-0.070910
-0.011800
-0.011815
-0.028844
-0.027540
0.019348
0.009588
0.002299
0.026109
0.058807
0.004908
0.007323
0.020306
-0.017027
-0.048509
-0.001727
-0.022739
-0.002804
0.009944
-0.060819
-0.038843
-0.002732
0.042219
0.083080
0.082002
0.062075
0.037195
0.017478
-0.010187
0.032920
0.031971
-0.094219
0.003671
-0.025267
-0.052537
0.018314
0.057713
0.031020
0.033774
0.040643
0.013617
0.053735
-0.018245
-0.012897
0.036513
0.020710
-0.072310
0.078660
0.007671
0.012313
0.044767
-0.084986
0.067455
-0.031514
0.014590
0.078649
0.001247
0.116226
0.108461
0.061281
0.013398
-0.001761
0.065163
0.007681
-0.042975
0.006391
0.020997
0.093515
0.020028
-0.043946
-0.010736
-0.028306
-0.027216
0.085390
0.014203
-0.031190
0.000770
-0.057173
-0.074443
-0.080637
-0.001745
-0.035756
0.003461
-0.022798
-0.052466
0.018118
0.024863
0.039424
0.026226
0.051613
0.038594
0.019287
0.016793
-0.083389
0.014878
-0.013388
-0.039827
0.031859
-0.003858
-0.017898
-0.061877
0.023800
-0.079890
0.013593
0.124615
0.013624
0.014715
-0.011379
0.042865
-0.026457
0.058655
0.097020
-0.002662
-0.011139
0.045670
0.044273
0.018920
0.065019
-0.047848
0.000383
0.116736
-0.042427
-0.014914
-0.027456
-0.069234
-0.071855
-0.079944
-0.027316
-0.096476
0.032632
-0.038162
-0.081515
-0.001857
-0.044969
0.033647
0.014298
-0.053569
-0.000824
-0.105990
0.019309
-0.066145
-0.110072
0.015117
-0.025129
-0.106314
-0.102209
-0.021167
0.023094
-0.096212
-0.047734
0.083145
-0.004181
-0.051223
0.031960
0.014866
0.058543
0.139599
0.049781
0.059463
0.060176
-0.016768
0.029388
0.115582
0.034080
0.034998
-0.010748
0.005091
-0.049618
-0.045045
0.027187
-0.006661
0.019580
-0.042538
0.032388
0.089557
0.001136
0.084042
0.010927
0.010190
0.122650
0.065350
0.060011
-0.049049
-0.035446
-0.016423
-0.000342
0.047792
-0.046598
-0.004467
0.041742
0.021648
-0.043843
-0.038206
-0.016412
-0.069439
-0.019693
-0.010537
0.057692
-0.017667
0.057113
0.066090
-0.036438
-0.019277
-0.016700
-0.021382
0.021386
0.058761
-0.010929
0.039882
-0.003057
0.080805
0.020420
0.032088
0.017841
0.020474
0.054402
-0.017565
-0.015386
-0.026648
-0.026911
0.007230
-0.002607
-0.017659
0.002728
0.017327
0.068291
0.003649
-0.005870
0.007399
-0.020144
-0.089654
0.055128
0.082530
-0.006138
0.022505
0.006505
0.018177
-0.016621
0.064895
-0.021389
-0.047638
-0.086233
0.024615
-0.024459
-0.089630
0.042442
0.010923
-0.019843
-0.014369
-0.037515
0.035787
-0.001099
0.062832
0.013337
-0.016931
-0.001893
-0.083852
-0.055739
0.003768
-0.062634
-0.037994
0.013742
-0.033315
0.015326
0.096635
0.017304
0.012556
0.029402
0.008595
0.079411
-0.062353
-0.049473
0.092927
-0.004089
-0.001130
0.030237
-0.021783
0.029002
0.043856
-0.004459
-0.035040
-0.111366
0.031524
-0.038273
-0.052785
-0.013644
-0.011090
0.001279
-0.038605
-0.043667
-0.042208
-0.006876
-0.078250
0.005745
0.060639
-0.005553
-0.060628
-0.015923
-0.041050
-0.087686
-0.013634
-0.064970
0.046279
0.042098
-0.019286
-0.000912
-0.043328
-0.032674
0.053690
0.118290
0.027853
0.076255
0.113657
0.063145
0.036731
0.044625
0.015240
-0.006341
-0.055014
-0.063647
0.040036
0.037917
0.052179
0.057798
0.041594
0.029417
-0.016058
0.071028
-0.076479
0.031117
0.034074
-0.046609
0.025468
0.013518
-0.003711
0.051847
-0.020090
-0.097866
-0.078338
-0.092499
-0.007663
-0.004069
-0.012986
-0.046444
-0.050582
-0.026503
-0.075493
0.022496
-0.008747
0.031816
0.040553
0.012779
-0.041288
-0.009441
0.028463
0.062999
0.059036
0.062373
0.024018
0.017748
-0.070831
-0.001663
0.016416
-0.010342
0.064549
0.022535
-0.039145
-0.021371
-0.070207
-0.019620
-0.088982
0.103495
0.015252
-0.021444
-0.038254
0.021113
0.041732
0.016672
0.034885
-0.011394
-0.016256
-0.009787
0.074394
0.098386
-0.061455
-0.027459
-0.019398
-0.072541
0.074508
0.011173
-0.068526
0.020255
-0.103852
-0.097575
-0.061024
0.007840
0.052896
0.007849
-0.039945
-0.020477
-0.089689
0.025880
-0.005182
0.032299
0.041733
0.024363
0.045752
0.069249
0.039369
0.000591
-0.036555
-0.088188
-0.113503
0.018477
-0.070735
-0.061519
-0.057801
-0.057912
-0.012371
0.036520
0.067796
0.015860
0.051702
-0.049909
-0.024826
0.055212
-0.001472
-0.044492
0.058386
0.030254
-0.053087
-0.062535
0.002519
-0.002518
0.046483
-0.056440
0.023363
-0.001916
-0.036309
-0.070063
0.015988
0.058978
0.067070
0.004564
-0.050190
0.010761
0.060022
0.030409
0.066862
0.025969
0.018143
0.094777
0.073265
0.064822
0.011689
-0.014292
0.060750
-0.021501
0.037151
-0.043778
-0.054970
-0.020543
-0.068840
-0.011415
-0.062586
-0.052387
-0.013776
0.068682
-0.001946
0.010809
0.000596
0.021533
0.047783
0.045329
0.028242
-0.041157
-0.026606
0.056923
-0.017939
-0.135158
0.004930
0.001299
-0.064059
-0.023864
-0.052287
-0.022490
0.028770
0.006223
-0.084775
-0.041374
-0.067680
0.012996
-0.020476
-0.099710
-0.023723
0.000384
-0.100684
-0.067260
0.004951
0.108956
0.062147
-0.021161
-0.000557
-0.049004
0.000921
-0.009604
0.035594
-0.044085
-0.081171
0.013609
0.035683
0.018336
0.053936
-0.043672
-0.002261
-0.011221
-0.098602
0.004876
0.000737
0.023070
-0.002015
-0.090700
-0.048704
0.053170
-0.012952
-0.012697
0.063512
-0.006935
0.058378
0.063628
-0.000863
-0.027167
0.009325
0.013196
-0.010346
-0.102061
0.044630
0.028313
0.003803
0.079481
0.013877
0.052088
0.007418
0.007919
0.042732
0.015073
-0.123984
-0.026495
-0.059355
-0.093690
-0.037576
-0.025953
0.006694
0.003511
0.014303
-0.066277
-0.068296
0.029310
0.032523
0.010835
0.054001
-0.000639
0.031655
-0.034685
-0.072394
-0.002697
0.018756
0.046661
-0.011155
-0.052872
-0.005870
-0.052596
-0.025251
0.024674
-0.087099
-0.041360
-0.057579
-0.023927
0.008430
-0.043596
-0.005253
-0.046254
0.060057
0.020130
-0.023958
-0.053458
0.044519
0.129375
0.026813
-0.093608
0.091271
0.125674
-0.039022
0.031290
0.017851
0.086926
0.047271
0.066359
-0.009384
0.050569
-0.061079
-0.039539
0.095436
0.022796
0.008550
0.005781
0.024432
-0.031075
-0.033397
0.029986
-0.054319
0.021921
0.033311
0.015533
0.061616
-0.015258
-0.053879
0.032627
0.039540
0.044413
0.036642
0.007741
0.043177
0.006671
-0.026224
0.064152
0.025141
-0.071878
0.026848
-0.070749
-0.075838
-0.008642
0.000080
-0.033322
-0.076882
0.005319
-0.021684
-0.052451
-0.012820
-0.056511
0.081440
0.034726
0.033318
0.059905
0.032216
-0.052398
0.004433
0.006017
0.062451
0.050373
-0.008027
0.006692
0.019841
-0.010598
0.087873
0.086143
0.122130
0.090572
-0.032190
-0.084358
-0.036542
-0.072199
-0.047865
0.074954
-0.102629
-0.030271
0.018556
0.009356
0.001197
-0.003841
0.040061
0.036391
0.003755
0.075758
0.027706
0.036441
0.040671
0.040457
0.116660
0.024470
-0.025347
-0.048887
-0.008246
-0.074311
0.023558
0.000661
-0.071959
0.003875
0.001170
-0.039189
-0.069458
-0.037970
0.091811
0.076006
0.075712
0.073811
0.019950
0.046329
0.046115
-0.053962
-0.002925
-0.052899
-0.062103
0.057096
0.008431
0.013276
-0.044509
0.001293
0.032073
-0.078531
0.023819
0.157030
0.092218
0.121683
0.031699
-0.029294
0.093239
-0.087069
-0.047067
-0.006247
0.002691
-0.028328
-0.077481
-0.041270
-0.027524
0.078659
0.015380
-0.096485
0.062633
0.001694
-0.083460
0.010896
-0.032986
0.117281
0.001756
0.054470
0.152105
0.001492
0.030900
0.026604
0.015664
-0.036863
-0.028989
0.009729
-0.033294
-0.000818
0.003833
-0.064622
-0.075106
-0.110335
-0.023622
-0.033985
0.045420
0.045225
0.030051
0.014475
-0.040791
-0.001529
0.039247
0.001561
-0.000470
-0.017236
-0.022869
-0.004164
0.030162
0.008077
-0.015900
0.055782
-0.057369
0.075759
0.054961
0.036575
0.115176
0.070986
-0.050953
-0.033564
-0.094590
-0.008769
-0.058024
-0.094768
0.023971
-0.009718
-0.004006
-0.083305
-0.078129
-0.017150
-0.034862
0.032426
0.033609
-0.009320
-0.021161
0.031177
0.067566
-0.065627
-0.077203
-0.025095
-0.002566
-0.083195
-0.071396
-0.073604
0.025601
0.023501
0.082053
-0.041852
0.103457
0.083673
0.018399
0.064896
0.002111
-0.007000
-0.001892
-0.020163
-0.044972
-0.041955
0.062830
-0.005639
0.071025
0.028797
-0.089987
0.008736
0.053991
-0.090931
-0.006646
0.002071
0.082365
0.037027
0.048920
0.072678
0.011081
-0.013020
-0.007010
-0.057134
0.011167
-0.067667
0.016412
-0.047853
-0.033307
0.069750
-0.026968
-0.022863
0.036134
-0.010320
-0.056882
0.012974
0.032667
0.015780
0.006961
-0.055754
-0.071709
-0.001379
-0.119287
-0.026947
-0.015366
-0.043306
0.087204
0.053937
0.121135
0.071403
-0.028434
-0.013535
0.018905
-0.028030
0.049087
0.014606
0.017655
-0.078760
-0.028242
-0.105165
-0.064703
0.037478
-0.027327
-0.030750
0.019790
-0.028771
0.069554
0.031196
-0.031346
0.060814
0.018932
0.009820
0.000848
0.015055
0.029137
-0.037150
-0.018334
0.065645
0.073050
0.016393
0.000641
-0.047756
-0.064692
-0.003249
-0.063928
-0.033769
-0.033888
0.005222
-0.033844
-0.020075
0.020959
0.047802
-0.018934
-0.060216
-0.079620
0.024243
0.055736
-0.021428
0.033179
0.029266
-0.051035
-0.002032
-0.033877
0.006966
0.077545
-0.011817
-0.004842
-0.017694
-0.032481
0.036750
0.045550
0.022450
0.020275
-0.009903
0.045607
0.019860
-0.014812
0.028501
-0.030205
-0.023880
-0.056615
0.037279
-0.025466
-0.049707
0.070700
-0.064217
-0.058499
0.029654
0.009044
0.020050
-0.002273
0.025783
-0.012962
0.054313
-0.045539
-0.076578
-0.013275
-0.080051
-0.030633
-0.017323
0.001449
0.097244
-0.093663
-0.023598
0.013006
0.008160
-0.078555
-0.080405
-0.023430
-0.132806
-0.183789
0.057637
0.047233
-0.045659
0.011884
0.003132
0.081122
0.073799
0.007279
0.027071
-0.044898
-0.008072
0.059786
0.094795
0.031245
0.027438
-0.083788
-0.104959
-0.065953
-0.135017
-0.017561
-0.099610
-0.070265
-0.015288
-0.082072
-0.021179
-0.059927
-0.076922
-0.046072
-0.099907
0.062131
-0.062874
-0.060821
0.050864
-0.013430
-0.013549
0.022882
-0.010115
-0.037680
0.009072
-0.010142
0.029891
0.073404
-0.071979
-0.013854
0.108898
0.045264
-0.044034
0.005678
-0.031962
-0.017343
0.052948
0.027049
-0.058354
-0.000470
-0.121993
-0.024950
0.028722
0.024278
0.012140
0.092674
0.026633
-0.026629
0.013531
0.061287
-0.048302
-0.002108
0.067479
0.030510
-0.020934
-0.002636
-0.027694
-0.077114
-0.013177
-0.034146
-0.049531
0.032232
0.044654
-0.000780
0.040667
0.022801
0.098870
-0.018269
0.043472
0.103821
-0.021940
-0.014126
-0.042728
-0.005080
0.067235
0.012218
0.102718
0.017733
-0.048357
0.025406
0.019285
0.038940
0.008412
0.015108
0.059476
0.003488
-0.037059
0.049731
0.079813
0.109723
0.035087
0.100486
0.170901
0.028564
0.008110
0.018067
-0.022918
0.064542
0.002770
0.080597
0.083776
0.031695
0.002334
0.027352
-0.028301
-0.010200
0.031303
-0.032603
0.109574
0.081543
0.081425
0.012426
0.048250
0.053403
0.046237
0.000052
-0.002725
0.095040
-0.029545
0.041172
-0.047242
0.017201
0.012883
0.028500
-0.007135
0.018763
-0.007915
-0.035336
0.031861
-0.022434
-0.040058
0.004939
-0.009529
-0.022218
0.044540
0.012239
-0.035783
-0.026043
0.049249
-0.035947
-0.067111
-0.001992
0.027538
0.013826
-0.011157
0.012954
-0.007509
0.019417
0.051275
0.014032
-0.076230
-0.022015
0.022399
0.043367
0.014981
0.001755
-0.027412
-0.022065
-0.085762
-0.043405
0.009068
-0.024643
0.039602
-0.002117
0.018313
0.049850
0.157339
0.094035
0.147653
0.077896
-0.046401
0.055268
-0.038458
-0.084513
-0.002270
-0.088603
0.000659
0.011827
0.027188
0.095528
0.105034
0.066824
0.004137
-0.057882
0.013993
0.029493
0.029615
0.110286
-0.063697
-0.165436
-0.027095
-0.042934
-0.107671
-0.128273
-0.043570
0.027820
-0.000254
-0.021002
0.068437
-0.014815
-0.080737
-0.005759
-0.084567
-0.022065
-0.014516
-0.002390
0.011974
-0.084000
-0.037747
0.024857
-0.052687
-0.056474
0.034348
0.008750
-0.104019
-0.009921
-0.002787
-0.002299
0.040622
0.018707
0.030408
-0.046979
0.093684
0.030315
-0.066993
0.046223
-0.037970
-0.019028
-0.057603
0.024999
0.009750
-0.095711
-0.001652
-0.022346
-0.072470
0.042398
-0.069060
-0.025334
0.005610
-0.108180
-0.031010
0.050969
-0.038600
-0.007936
0.009262
0.006385
0.034980
-0.034172
0.090770
0.059423
0.069932
0.027385
0.003688
-0.022742
-0.054223
-0.006151
0.072041
0.110961
0.041104
0.008990
0.035175
-0.006969
0.065398
-0.051676
-0.053002
0.020048
0.072209
-0.074911
-0.017021
0.018992
0.025109
0.131786
0.106828
0.092965
0.035165
0.057835
0.147698
0.035755
-0.057416
-0.033394
-0.040295
0.049141
0.091869
0.014212
-0.034534
0.021030
0.007851
0.038582
0.062836
0.027196
-0.029880
0.058300
0.007101
0.017243
0.063990
-0.040576
0.005050
0.026794
0.049795
-0.088124
0.062955
0.106769
0.047041
0.075079
0.018548
0.078140
-0.048281
-0.036611
0.001479
-0.034112
-0.112123
-0.095769
-0.010014
0.021930
-0.084332
0.033152
0.083540
0.031900
0.146247
0.089902
-0.027972
0.059504
0.012547
0.009120
0.031802
-0.056843
-0.003608
-0.038651
-0.047427
-0.044344
-0.003438
-0.026842
0.004289
-0.044066
-0.012115
0.000945
-0.051917
-0.055772
-0.027854
-0.031195
0.064432
0.038813
-0.045558
0.034200
0.048701
0.011244
0.013673
-0.012901
0.073144
0.021512
0.032807
0.008829
-0.047268
0.041333
0.050455
0.103534
-0.063377
0.043802
0.008123
0.048817
0.051752
0.075425
0.044623
-0.035266
0.037416
0.130768
0.092499
0.032250
0.040259
0.040596
0.037553
0.004807
0.050740
0.022908
-0.003589
-0.006583
0.022591
-0.004797
0.041855
0.001339
-0.006996
0.080580
0.024721
0.031405
-0.026461
-0.047111
-0.032219
-0.031339
0.055391
0.037111
-0.025784
-0.010102
-0.046771
0.049215
0.071680
0.022239
0.087319
0.016937
0.081407
-0.014777
-0.010252
0.071130
-0.039532
-0.068375
0.046909
0.031951
0.000572
0.018699
-0.031173
-0.009638
-0.011288
-0.079361
0.053912
0.046070
0.036585
0.041395
-0.030208
-0.069367
0.056668
0.032029
-0.031076
-0.019454
0.037593
0.076474
0.023643
0.005221
0.053282
0.046992
-0.018671
0.036786
-0.003114
0.088892
0.076386
-0.001437
0.003590
0.037730
0.080118
-0.004572
0.069542
0.013009
-0.063004
0.051201
-0.019126
0.025449
0.033907
0.053300
0.030519
0.014686
-0.031162
-0.018781
-0.035575
-0.067804
-0.046191
-0.030088
-0.043352
0.006772
-0.043525
0.035395
0.079846
0.024338
-0.010038
-0.039772
-0.067157
-0.048722
-0.008143
-0.017877
-0.040558
-0.001068
-0.002108
-0.000595
-0.004030
0.052749
0.017408
-0.022631
0.093513
0.007703
-0.063712
-0.073159
0.078139
0.041786
0.014703
-0.002238
-0.036741
0.015324
-0.082363
-0.009626
-0.066622
-0.132793
-0.062456
-0.178617
-0.024773
0.045198
0.052417
0.093661
0.010249
-0.069044
0.064702
-0.021013
-0.088220
0.028255
-0.009735
-0.005541
-0.006028
0.047726
-0.046773
-0.056587
0.089068
-0.045518
0.019236
-0.024625
-0.086091
0.033080
-0.039293
-0.051788
0.045047
-0.007036
0.050159
0.039877
0.058325
0.040691
0.010638
0.073342
0.005636
0.020298
0.064948
-0.047417
-0.138757
-0.026821
-0.020107
-0.044253
0.020429
0.057114
-0.056407
-0.054561
-0.047456
0.023423
0.007198
0.014111
0.041391
0.036644
0.037979
0.047181
0.013416
0.045474
-0.056659
0.008349
-0.024768
0.039306
0.017647
0.045727
-0.093336
-0.004870
0.021940
0.073644
0.048746
0.020656
0.058375
-0.000469
0.031971
0.034499
0.008459
0.047669
0.073460
0.082392
0.051299
0.022709
0.028022
0.008400
-0.015826
0.017168
-0.018984
0.039469
-0.007684
0.052732
0.130285
-0.004289
-0.042109
-0.065235
0.058324
-0.004202
0.008033
0.021218
0.020677
0.011975
0.032580
0.077211
0.020912
-0.081227
-0.061586
-0.005146
0.061741
-0.020690
-0.021355
-0.043951
-0.005452
-0.018572
-0.005999
0.006463
0.031634
0.004414
0.054772
0.099970
0.067787
0.021986
0.048019
-0.027069
0.007321
0.010941
-0.056422
0.058518
0.005884
-0.020962
-0.023552
0.033265
-0.019976
0.009330
0.030608
-0.054554
0.030362
0.048621
-0.056666
0.125208
-0.033946
0.008285
0.046158
0.028374
0.097107
-0.028116
0.038173
-0.027791
-0.083260
0.003998
0.034030
0.039284
0.037032
0.077523
0.061004
0.005408
-0.065694
-0.043733
-0.067702
-0.080845
-0.117995
-0.108438
0.033055
-0.065817
-0.013068
0.127224
0.067151
0.021683
0.029440
0.048762
0.011869
-0.061254
0.016305
0.007888
-0.020087
0.014417
0.016008
0.022981
-0.006280
0.027487
0.065073
0.026240
-0.025019
0.101217
-0.035724
-0.054716
0.000321
-0.003610
0.011273
-0.061854
0.018979
0.010502
0.012729
-0.005671
-0.034308
-0.044406
-0.078461
-0.060707
-0.028406
-0.011818
0.020247
-0.055989
0.052503
0.120877
0.105446
0.070706
0.001745
0.005558
0.008466
-0.014162
-0.063378
-0.006693
0.029856
0.021536
0.060620
-0.058937
-0.065214
0.047548
-0.011555
-0.025348
0.022065
-0.034904
0.039381
-0.057980
-0.038213
-0.021885
-0.084998
0.026163
-0.071225
-0.064997
0.007643
-0.042050
-0.007222
-0.038428
0.041293
-0.013000
0.036376
0.051328
-0.012059
0.038707
0.008134
-0.025259
-0.039660
-0.012044
-0.005345
0.023391
0.010911
0.039884
-0.062073
-0.042665
-0.026614
0.010999
0.036983
0.021775
0.086790
0.040978
0.072444
0.125968
0.039980
0.033286
-0.014062
-0.044368
-0.036991
-0.015923
0.018566
0.028502
-0.053277
0.015265
-0.057977
-0.165551
0.024906
0.005175
0.043467
0.146759
0.017943
0.092872
0.078089
-0.004089
0.040111
-0.006310
-0.061689
0.095722
0.001749
-0.013778
-0.034759
-0.041010
-0.007624
-0.010879
-0.008469
0.037644
0.084693
0.001803
0.015359
0.084160
0.026316
-0.010524
-0.055635
-0.014172
0.044147
-0.051977
0.094248
-0.066133
0.039608
0.032314
-0.072809
0.056771
-0.007234
-0.074882
0.026116
-0.040074
-0.024095
-0.075356
-0.059653
-0.020158
0.019444
0.023505
-0.018655
-0.008540
-0.060211
-0.047365
-0.031245
-0.018793
0.032533
-0.048498
0.102697
-0.009951
-0.000162
0.011776
-0.086010
-0.004160
-0.050896
-0.054632
-0.042226
-0.038593
0.000897
-0.001164
0.010724
0.017208
-0.030070
-0.040131
-0.013459
-0.123122
-0.116263
0.052508
0.065217
-0.008305
0.024732
0.053066
0.020747
-0.059741
0.002458
0.036335
-0.057386
-0.023854
-0.000677
-0.038518
-0.003530
-0.030839
-0.047800
-0.001898
-0.112279
-0.028257
0.005521
-0.050119
-0.033014
-0.066971
-0.005912
0.001884
-0.045288
0.034941
0.044104
-0.014071
-0.020299
0.026877
-0.006255
0.085640
0.058022
-0.011511
0.047423
0.037535
0.036342
0.033119
-0.015295
0.007456
-0.023516
-0.034052
0.025788
0.044339
-0.015482
-0.003136
0.028339
-0.021786
0.017070
-0.008026
-0.025409
-0.043657
-0.022456
-0.038453
-0.032968
0.049669
-0.017214
-0.036869
0.063806
0.044115
0.055025
0.031766
0.053426
0.058927
-0.026441
0.027123
0.044407
-0.029398
0.002238
-0.046259
-0.002130
-0.042106
-0.079429
-0.035647
-0.073180
-0.021536
0.014147
0.076339
-0.027065
-0.026371
-0.013567
0.017819
-0.053003
-0.061854
-0.050176
0.028993
0.061530
0.049133
0.148390
0.057075
0.033260
-0.011375
-0.016818
-0.045524
-0.004546
-0.039112
-0.022214
-0.020286
-0.005102
0.027806
-0.069822
-0.013893
-0.005170
-0.054437
-0.067194
0.078321
0.100129
0.035984
0.008736
0.025714
0.099677
0.087091
0.119172
0.046057
0.003245
0.052686
0.004657
0.006463
0.011573
-0.034247
-0.046412
0.012970
0.051378
-0.008040
0.016136
0.041484
-0.037051
0.025018
0.097792
-0.024002
-0.072464
0.052380
-0.012385
-0.060684
0.024305
0.007275
0.014922
-0.006976
-0.047518
-0.044903
-0.037671
0.047462
0.012633
0.054383
0.040930
-0.026713
0.035609
0.087748
0.002005
-0.023581
0.057027
0.039828
-0.087831
-0.042318
0.059929
0.032146
-0.053632
-0.049844
-0.014183
-0.032615
-0.041655
-0.042807
-0.041456
-0.079743
-0.110486
-0.027892
-0.042307
-0.002971
-0.038490
-0.029056
-0.000627
-0.036449
0.051919
0.078244
0.007099
0.032295
0.000623
0.015767
0.053724
0.009702
-0.021049
0.014461
0.033016
0.060549
0.059813
0.082074
-0.007713
-0.025869
0.040896
-0.004203
-0.054674
-0.001576
0.016623
0.121619
-0.017760
-0.037526
-0.048187
0.003102
-0.042447
0.045286
-0.029475
-0.118527
0.118198
0.014881
0.050130
0.039651
-0.082642
0.033820
-0.099877
-0.008769
0.049278
0.104713
0.051088
0.055402
0.063783
0.023135
-0.002235
0.000535
0.091766
0.004123
0.003204
-0.027102
-0.003494
0.045212
-0.028311
-0.058158
-0.004057
-0.105578
-0.014402
0.063203
0.017329
-0.004187
-0.001829
0.013459
0.021416
0.027766
0.097046
0.103023
0.037600
-0.023443
0.028404
0.037592
0.100060
0.088983
0.024864
-0.069853
-0.029139
0.003885
-0.000511
-0.004096
-0.072318
-0.076300
-0.033078
0.064443
0.005812
0.047971
0.027436
-0.006692
-0.004818
-0.049255
-0.053076
-0.019365
0.085529
-0.018377
0.011265
0.095962
0.014165
0.034228
0.030949
-0.019398
-0.039026
-0.036884
0.021563
0.016280
0.084991
-0.045134
-0.010040
0.057439
0.000092
0.043527
0.005480
-0.019998
0.083130
-0.009007
-0.045066
0.012753
0.027668
0.021425
-0.007967
0.008426
-0.013601
-0.041823
0.058287
0.023718
0.014949
-0.032722
0.021459
0.042946
0.018777
0.060357
0.095960
0.116737
0.094170
0.035164
-0.023157
-0.048336
0.013900
-0.048422
0.002009
0.021019
-0.003499
0.039486
-0.055476
-0.010488
0.009202
-0.041832
-0.025851
0.069972
-0.006316
-0.018628
0.015234
-0.020031
-0.016869
-0.003234
0.090132
0.033226
0.028614
0.067912
-0.070189
-0.167257
-0.077287
-0.012763
-0.059099
-0.076853
-0.008790
0.060495
0.023195
0.015993
-0.040216
-0.119723
-0.078206
-0.036868
-0.033531
-0.127192
0.010211
0.009216
0.010127
-0.017717
-0.042311
0.037369
0.018950
0.054651
-0.002934
-0.031703
0.006982
0.009239
0.010835
0.031859
0.015455
-0.005813
0.081660
0.029498
-0.082020
-0.006847
0.166670
0.007327
0.068186
0.108579
0.134914
0.076215
-0.024896
0.068204
0.058121
0.071756
0.018280
-0.047630
-0.055714
-0.000979
-0.003766
0.044378
0.086726
-0.035458
-0.010631
-0.026353
-0.028904
-0.056898
0.018131
-0.004688
-0.040160
0.077606
-0.049294
0.032273
0.044470
0.018342
-0.018344
0.038489
0.050450
-0.002866
-0.013172
-0.049599
0.007173
-0.002462
-0.013470
0.069298
0.025280
0.057928
0.060045
-0.024336
-0.043006
-0.037271
0.032315
-0.023456
0.014193
-0.010896
-0.006029
-0.033931
0.012415
0.055089
0.038068
0.136108
0.084621
0.031372
0.002674
-0.046407
-0.028455
0.031649
0.005465
-0.020542
-0.029926
0.036496
0.011188
0.001918
0.039914
-0.020868
0.010783
-0.050150
0.040996
-0.023604
0.061706
0.097084
-0.039109
-0.012532
0.081844
0.042284
0.043642
0.062191
0.046734
0.027926
0.030350
0.018957
0.037895
-0.010107
0.069797
0.021546
-0.053850
0.046551
0.074768
0.035661
0.042830
0.071175
0.005589
0.013536
0.052713
0.004620
0.020787
0.052630
-0.008472
-0.047117
-0.037341
-0.007987
0.040169
-0.003502
0.068015
0.053141
-0.108381
-0.044092
-0.016309
0.065695
0.015904
0.062620
-0.024451
0.027750
0.052422
0.054422
0.092362
0.012916
0.005695
0.009943
0.019836
-0.030044
0.016582
0.132905
0.016114
0.056763
0.012789
-0.104235
-0.067325
0.053074
-0.021883
-0.085876
0.010141
0.078946
0.086776
0.046249
0.069460
0.005086
-0.003756
0.021627
0.050577
-0.063272
-0.062402
0.114539
0.030745
0.032519
0.003149
-0.015087
0.025076
-0.080340
-0.024734
-0.024404
-0.001152
-0.019122
0.036973
-0.002854
-0.029055
-0.034498
-0.037644
-0.021465
-0.020825
-0.099100
-0.001175
-0.045850
-0.078787
-0.036240
-0.128571
-0.010285
-0.075862
-0.072726
-0.076428
-0.021605
0.006856
-0.048519
0.067190
0.028596
-0.010582
-0.017549
-0.051451
0.000867
-0.040537
0.082021
-0.005821
0.031246
0.058590
0.058191
0.059303
0.004210
0.021794
0.055685
0.033279
0.017150
0.056701
-0.002055
-0.004319
0.031017
0.025964
-0.023913
-0.043214
0.042043
0.001823
0.009544
-0.015867
0.023506
-0.054734
-0.048756
0.026248
0.106533
0.095742
-0.014688
0.043904
0.001377
0.002240
0.022476
-0.150846
-0.025871
0.009816
0.009136
0.068239
0.032724
0.065563
0.042883
-0.013979
0.015360
-0.066112
-0.011778
0.065947
0.015045
0.037409
0.075443
0.094511
-0.041810
0.002692
0.077559
0.089421
0.006989
-0.014564
0.044714
-0.013385
-0.010194
0.043188
0.010859
-0.042584
0.052378
0.138001
-0.057079
0.055511
0.042267
-0.018736
0.007551
-0.047083
0.005035
-0.053407
-0.024200
-0.009303
-0.072646
-0.014626
-0.013062
0.000502
0.018455
-0.008630
0.005354
0.012852
0.104057
0.035520
0.022125
-0.033851
-0.046199
0.011603
-0.016786
-0.046389
-0.011397
0.012731
0.049402
-0.033426
-0.021727
-0.049884
-0.025999
-0.028344
-0.082608
-0.092751
0.032495
0.055049
0.006831
0.036247
-0.026278
-0.048281
-0.054636
-0.008396
0.011234
-0.031249
0.033092
0.050937
0.063110
0.077374
-0.008083
0.044349
0.108171
0.046563
0.056304
0.094257
0.143085
0.028716
0.090615
0.118644
0.020440
0.038428
0.061712
0.098292
0.049780
0.070423
0.042851
0.076880
-0.022975
0.077303
0.028541
0.001271
0.038795
0.065757
0.077789
0.093992
0.049911
0.071433
-0.017628
-0.043127
-0.051511
-0.022347
-0.041206
-0.066186
-0.038572
0.050392
0.022856
-0.059858
0.027417
0.030698
-0.011168
-0.094623
-0.014863
-0.049404
0.020045
0.002073
-0.054616
-0.018152
0.012607
0.051845
0.073577
0.043835
0.045626
0.022836
0.036083
-0.041563
-0.055702
0.022454
0.048828
0.001634
-0.018833
0.039388
-0.022603
-0.027446
-0.012530
-0.065042
0.016162
0.028212
-0.027112
0.061201
0.029464
-0.049719
-0.064542
-0.078330
0.033423
0.052225
-0.019541
0.050024
-0.005601
-0.082300
0.019710
0.002581
0.104766
0.063569
-0.030098
0.022377
-0.043278
-0.017956
-0.012385
-0.011891
-0.089192
-0.039759
0.036216
-0.011572
0.042407
0.004841
0.085662
0.039256
-0.004009
-0.031722
0.059831
-0.019270
-0.020242
-0.022425
-0.060295
-0.062465
0.011161
-0.077102
-0.056525
0.072186
0.120564
-0.006255
0.032390
-0.129044
-0.022905
0.032306
-0.033870
-0.086424
-0.071102
0.003165
0.019521
0.044441
0.068699
0.087053
0.036381
0.029765
0.044286
0.020024
-0.016176
0.031039
-0.047320
-0.040842
0.031479
-0.034054
0.018636
0.024462
0.075063
-0.026586
-0.049837
0.065814
0.024150
-0.005226
0.028746
0.045033
-0.072350
-0.042064
-0.047357
-0.081589
-0.099100
-0.071548
-0.058892
0.005711
-0.036008
0.061786
0.065524
0.050344
-0.005790
-0.003920
0.037134
-0.041108
-0.030509
-0.006588
-0.000463
-0.068297
-0.083074
0.022390
-0.009921
-0.085104
-0.105724
-0.094643
0.016387
0.038203
-0.026657
-0.051131
-0.035578
-0.090084
-0.074250
-0.061133
-0.016576
0.000065
-0.142661
-0.036358
0.004662
-0.101812
-0.057449
-0.110593
-0.045148
-0.013800
0.023289
0.099108
-0.007187
-0.027516
-0.007230
-0.027501
-0.031799
-0.064285
-0.055856
-0.089129
0.004589
0.021178
-0.113226
-0.068083
-0.014923
-0.035690
0.055513
0.031729
-0.031986
0.015400
0.001698
-0.075463
-0.097854
0.046881
-0.066126
0.005400
0.062025
0.040964
-0.084438
0.001037
0.067972
0.067382
0.004661
0.056589
0.112382
-0.021312
-0.010439
-0.035218
0.004012
-0.000571
0.076812
0.106787
0.056922
-0.008245
0.032613
-0.004207
-0.084839
0.002340
-0.025988
0.004554
0.031974
0.025990
0.024120
0.115216
0.049719
0.001218
0.010668
-0.006271
-0.024046
0.047372
0.026451
0.017153
-0.016442
0.005659
-0.035212
0.040358
-0.036377
-0.060819
0.112186
-0.109898
-0.015355
0.008780
-0.075117
0.007764
0.051287
0.025963
-0.050587
0.064259
0.070609
0.020187
-0.086510
-0.006320
-0.043336
-0.020823
0.023793
-0.036638
0.065449
-0.001170
-0.043573
-0.044718
0.009959
-0.065993
0.013021
0.027370
0.028380
0.110907
-0.062480
0.024679
-0.034315
0.024863
0.093412
-0.005679
0.047231
0.062225
-0.042102
0.020647
-0.177814
-0.050837
0.026695
-0.079430
0.032506
0.023381
-0.109312
-0.050237
0.063490
0.014977
-0.034241
-0.054154
0.011909
0.042347
0.083528
-0.011867
-0.063214
0.015667
0.052768
0.086884
-0.038580
-0.033429
0.015964
-0.102429
-0.029613
-0.039358
-0.054136
0.010771
-0.006204
0.031733
0.090734
0.041876
0.052800
0.065219
-0.033905
0.012344
-0.012478
-0.028158
0.064910
0.059006
0.016913
0.001269
0.081395
0.053104
0.007049
0.113888
0.075473
-0.003823
0.065038
0.095287
0.005483
0.056488
-0.067945
0.020812
0.102644
0.039885
-0.044301
-0.019950
0.045889
0.032567
-0.032739
-0.013422
0.044243
0.019804
0.000164
0.060114
0.065124
0.050864
0.021508
-0.003457
-0.007178
0.051968
0.000332
-0.056780
0.031735
0.023840
-0.021894
-0.056314
-0.076530
-0.025147
-0.017552
0.008414
0.002044
-0.007439
0.074022
0.009604
0.074842
0.049421
0.001680
-0.001507
0.027386
0.003788
-0.017576
-0.045643
0.067688
0.088716
-0.016324
0.060724
0.013577
0.048423
0.066296
0.102591
0.055855
-0.003825
0.018518
0.075443
0.036446
-0.035300
-0.020161
0.082431
-0.028079
0.022519
0.044833
-0.048239
0.008555
0.000303
-0.098536
0.051447
-0.029836
-0.012421
0.067721
0.008555
-0.023699
0.022601
-0.067201
-0.011259
-0.030350
0.013523
-0.011292
0.063786
0.064941
0.019674
-0.037595
-0.113946
-0.032521
-0.004891
-0.009680
-0.003508
-0.001842
-0.089799
-0.022045
-0.047026
0.110961
0.057514
-0.038011
0.079868
-0.069843
0.006198
0.040051
0.003435
0.043791
0.030259
0.030418
0.001432
-0.037213
-0.023332
-0.033465
0.015397
-0.076231
0.049642
0.047974
-0.007889
-0.032398
-0.060361
-0.097992
-0.028841
-0.031947
-0.032380
0.010040
0.000130
-0.036178
-0.001119
0.036081
0.072241
0.056502
-0.042567
-0.011119
-0.001225
-0.013425
0.073224
0.033832
0.048928
-0.040018
-0.002404
0.068344
0.011425
0.006807
0.031700
-0.036432
-0.007491
-0.031889
-0.023862
-0.035177
-0.074617
0.032846
-0.002000
-0.006225
-0.053401
-0.012372
0.020674
-0.048131
0.017013
-0.072632
0.018825
0.067305
0.025931
0.019309
-0.003356
0.011490
-0.019301
-0.011900
-0.089666
-0.009824
0.087748
0.023887
0.075927
0.042490
-0.004126
-0.033079
0.015286
0.012760
0.003358
0.050017
0.011491
-0.015716
-0.029279
0.001283
0.119024
0.043845
-0.009748
0.007959
-0.054008
-0.053483
-0.029570
-0.055962
-0.043826
-0.014992
-0.004140
-0.001295
0.021178
-0.017104
0.003905
-0.014742
0.022701
-0.019492
-0.077266
-0.009230
-0.052640
-0.036367
0.015753
-0.064172
0.055798
-0.003971
-0.050611
-0.020097
-0.037267
-0.081847
-0.076135
0.059999
-0.041123
-0.017838
0.047712
-0.005614
0.016154
0.051853
-0.077066
-0.021882
0.040099
0.007838
0.042297
-0.113648
0.012311
0.055757
-0.074781
-0.073863
-0.039492
-0.053095
0.012905
0.004064
-0.006099
0.080557
0.111309
0.059703
-0.036786
-0.024566
0.015196
-0.053162
-0.074138
0.101530
-0.072898
0.035595
0.031002
-0.062168
0.072843
0.010710
0.018044
0.064877
0.004946
-0.082183
-0.025678
-0.015187
0.006179
-0.028625
0.154873
0.139202
-0.034332
0.009857
0.016524
-0.016384
0.017091
0.055366
-0.003298
-0.056533
0.022644
-0.033694
-0.088062
0.023573
0.030503
0.033625
0.052032
0.015750
-0.046257
0.065574
0.005548
-0.048155
-0.051129
-0.064919
-0.043381
-0.037013
0.085220
0.073139
0.068770
-0.017468
0.039063
0.073718
0.006406
0.036906
-0.036026
-0.017605
-0.029845
-0.037087
-0.006579
-0.009493
0.022564
-0.064235
-0.014061
-0.041830
-0.076926
0.023542
-0.051389
0.090062
0.021189
-0.074154
0.024832
0.049804
0.014757
-0.036180
-0.026333
-0.021613
-0.066272
-0.030393
-0.062748
0.015192
0.080536
-0.100616
-0.119885
-0.017966
-0.058174
-0.035100
-0.063592
0.003492
-0.074559
-0.022273
-0.064100
-0.023340
-0.034962
0.066964
0.035876
-0.061360
0.030933
-0.010320
-0.003281
0.024151
0.036512
0.061316
0.007398
-0.041760
-0.025684
-0.034645
-0.046770
-0.026507
0.048663
-0.015535
-0.035450
0.015883
-0.016200
0.039185
-0.059979
0.043639
0.108274
0.031258
-0.002768
-0.028168
-0.012463
-0.050320
-0.095735
0.072524
-0.067183
-0.086143
0.018845
-0.046186
0.012679
0.044442
-0.014194
0.018895
-0.087192
-0.007491
-0.049309
-0.085835
-0.081782
-0.015612
-0.005752
0.064246
-0.011455
-0.016074
0.021110
-0.119550
-0.017932
0.055505
0.002242
0.000414
-0.014524
0.028101
0.100616
0.049408
0.018847
0.132153
-0.010435
0.068842
0.136707
0.077135
-0.021081
-0.019815
-0.043175
-0.037320
0.055191
0.139631
0.071277
-0.016611
0.077268
0.062419
0.023549
0.033588
-0.026487
-0.026819
-0.040628
0.010946
-0.015149
-0.026332
0.026114
-0.018361
-0.029985
-0.045029
-0.019835
0.015446
0.003152
-0.004321
0.000223
0.042916
-0.078494
0.022762
0.044076
-0.032536
-0.018454
0.000681
-0.033695
0.043346
0.022877
0.046593
0.077305
0.074130
0.082066
0.145566
0.035411
0.052083
0.033476
-0.011509
0.048787
0.040572
-0.019995
-0.015489
-0.047079
-0.066356
-0.122396
-0.069824
-0.082247
-0.061501
0.068613
0.032449
-0.119485
-0.067148
0.028647
0.119169
-0.050693
0.020864
0.025546
-0.056521
0.031504
-0.054329
-0.065048
-0.032216
0.069628
0.027153
0.024370
0.032908
0.008657
0.032281
-0.033821
0.057180
-0.028370
-0.136981
-0.045487
-0.000286
-0.059611
0.002037
0.068824
0.076342
0.028556
0.046350
0.034651
0.051237
-0.059808
0.060769
0.005078
0.032506
-0.028393
-0.078328
0.039747
0.060465
-0.014740
0.092242
-0.031293
-0.003527
0.035624
-0.041882
0.022021
0.083825
0.022952
-0.025442
0.024939
0.055230
0.058271
0.087813
0.081777
0.058362
0.033453
0.004960
-0.032336
0.068379
0.046309
-0.006224
-0.012546
0.052512
0.068950
0.049575
0.034233
0.085431
0.043252
0.005549
-0.006054
0.017397
-0.007077
-0.066268
0.074910
0.011808
-0.028278
0.025194
0.059419
0.067639
0.027228
0.057880
0.082965
0.033177
-0.039116
-0.124088
-0.070668
0.010135
0.061729
0.015649
-0.007102
0.093540
0.039878
-0.010717
0.005266
-0.024780
0.000480
0.022304
-0.052360
-0.077562
0.014475
-0.011214
0.028470
0.075528
-0.050165
0.062940
-0.005237
0.000073
0.073077
-0.000193
-0.015062
0.021091
0.024142
-0.046942
-0.011587
-0.019263
0.033787
0.019483
-0.012520
0.034129
0.024982
0.087351
-0.011304
0.027985
0.033836
-0.037653
-0.036596
-0.093669
-0.029416
-0.036291
-0.013086
-0.086490
0.026862
0.049066
-0.025997
0.035056
0.056128
0.077579
0.003711
-0.041788
-0.002094
0.039286
-0.009797
0.013682
-0.060184
-0.067808
0.007102
-0.022870
0.015151
0.038742
-0.029267
-0.022660
-0.023927
0.067224
0.083513
0.007772
0.046825
0.044584
0.076839
0.073661
-0.019102
-0.007939
0.012204
0.001309
0.028057
0.062993
0.021577
0.017037
0.105148
-0.096645
-0.015055
0.057526
-0.053936
0.020673
0.065915
0.008026
-0.033559
0.012720
-0.065268
-0.048940
0.006047
0.011697
0.029289
0.037000
0.047744
0.027556
-0.044075
0.076144
0.071585
-0.013575
0.004455
-0.006805
-0.036712
-0.071225
-0.002589
0.032519
0.023029
-0.004157
0.151617
0.046116
0.027328
0.049804
0.029073
-0.056398
-0.000153
-0.012417
-0.024227
-0.015007
-0.005095
-0.030624
-0.100546
-0.022510
-0.069860
0.016737
0.045420
-0.062418
0.011853
-0.040912
-0.064645
0.009791
0.031990
-0.027861
0.027257
-0.057389
-0.085721
-0.080185
-0.051511
0.020074
-0.025749
0.026423
-0.056693
-0.026197
0.037346
0.005292
0.025689
0.015641
0.004813
0.078533
0.017466
-0.000808
-0.000131
0.050992
0.025098
-0.050593
-0.063788
-0.114695
-0.029849
0.002321
-0.104317
-0.027269
-0.044467
0.008510
0.075496
0.017127
-0.026516
0.045255
0.019414
-0.036357
-0.075315
0.045730
-0.024993
0.027423
-0.019339
0.069901
0.037646
-0.010106
0.073361
-0.009780
-0.009480
-0.043350
-0.065831
-0.092232
0.027213
0.038837
0.041800
0.118514
-0.009584
0.078720
0.083967
0.083966
0.025486
0.052023
0.049359
-0.050782
0.075900
-0.007456
-0.033774
0.082584
0.054090
0.015951
0.059169
-0.009767
-0.007915
0.046242
0.082199
-0.047109
0.011414
-0.025682
-0.078896
0.015298
0.039661
-0.070401
-0.070215
-0.021348
0.067044
0.002303
0.049191
0.033303
-0.054967
-0.014864
-0.034546
-0.037472
0.028220
-0.006319
0.043077
0.003109
0.099623
0.017822
-0.002669
-0.049107
-0.002860
-0.020113
0.035810
0.011064
-0.069545
0.008101
-0.028300
-0.071165
-0.032561
0.040184
0.080865
0.047408
0.028752
-0.031743
-0.027040
-0.017635
-0.037108
0.010730
-0.020662
0.061079
0.071231
0.002861
0.032854
-0.003193
0.056976
0.020456
0.056744
0.072013
0.028110
0.051451
0.051233
-0.005999
0.054041
-0.057319
-0.081229
-0.074322
-0.015833
-0.057424
-0.026380
-0.046610
-0.044034
-0.081010
-0.059157
0.007186
0.066599
-0.018706
-0.017121
0.067257
0.023963
-0.022498
0.025610
-0.016194
-0.035338
0.032405
-0.095795
-0.071262
0.048055
-0.000089
-0.078774
-0.057229
-0.076077
0.002748
0.095034
0.033918
0.075907
0.033724
0.053416
-0.016395
-0.065188
0.044919
-0.050482
-0.054544
-0.031937
0.001519
0.096843
-0.005786
0.060104
-0.071083
0.011184
0.005943
0.017720
0.012335
0.065106
0.014993
-0.035898
0.012005
0.026931
-0.063113
-0.041880
0.042064
-0.101906
-0.116931
-0.063911
-0.008853
-0.037328
-0.074633
-0.012582
0.028930
0.023700
-0.019543
-0.007256
0.054995
0.060470
-0.059975
-0.044035
-0.012250
-0.095382
-0.007461
0.015457
0.013733
0.031217
-0.051106
-0.078974
-0.045824
-0.016903
-0.015532
0.060349
0.100108
0.071133
0.038192
0.029105
0.063997
0.027286
0.009144
0.035999
0.020329
0.041092
-0.006286
0.000285
-0.040339
0.042517
0.008003
-0.040491
-0.066308
-0.027691
-0.025238
-0.021645
-0.006154
-0.033351
-0.055632
0.015591
-0.018472
0.005293
-0.001750
-0.064712
0.031737
0.016623
-0.025832
0.016460
-0.038433
-0.070909
0.060882
-0.030235
-0.009019
0.098501
0.036197
0.084787
0.003487
0.013387
0.016148
0.043010
0.035656
-0.002873
-0.031966
0.012193
0.027921
-0.037513
0.011937
0.070704
0.053569
0.076298
-0.029466
0.015015
0.012660
-0.046533
-0.083304
0.041173
0.011963
-0.022039
0.014977
0.000878
-0.046719
-0.017744
-0.051643
0.044999
-0.024747
-0.055699
0.006974
-0.103143
-0.023516
-0.076260
0.044238
-0.037567
-0.002166
0.042550
-0.018462
0.012515
-0.056613
-0.057537
-0.028368
0.030791
0.023259
0.002381
0.006700
-0.060615
-0.064133
-0.084554
-0.115343
-0.054031
-0.044396
0.019563
0.060434
-0.023931
0.029666
0.058837
0.079555
-0.026898
-0.049176
0.115509
-0.009316
0.013468
0.136273
0.036736
0.009446
0.037962
0.029741
0.032495
-0.016401
0.009825
0.010181
0.082549
-0.002370
-0.005607
0.036315
0.033864
-0.007403
-0.057479
-0.101751
-0.045477
-0.086680
-0.004168
0.003177
0.031946
0.004614
-0.001591
0.027504
0.061576
0.026264
-0.089121
-0.003236
0.057627
0.002603
0.055352
0.048713
0.039522
0.069760
0.019346
0.058286
0.067458
-0.059447
-0.016805
0.085764
0.029899
-0.029628
0.031473
-0.025806
-0.012060
0.055708
0.049481
0.101767
0.091330
0.091246
0.019174
-0.031181
0.043623
-0.015239
-0.033026
0.036677
-0.019555
0.017415
0.028269
0.018259
0.019936
0.040191
-0.004903
0.020956
0.000265
0.032368
0.081914
0.052736
-0.025878
-0.069487
-0.035343
0.063127
0.056819
0.001422
0.078091
0.037742
-0.003241
0.000879
0.052633
-0.056416
0.055047
0.094445
0.052218
0.075656
-0.011775
0.059424
0.036485
0.024549
0.069884
0.010172
-0.007412
0.000173
-0.054891
-0.045313
-0.047947
-0.077675
-0.056772
0.006765
-0.002946
-0.006284
-0.049918
-0.028640
-0.005986
-0.003137
0.071221
0.086216
0.020716
0.064709
0.035452
-0.075410
0.126215
0.027691
0.072160
0.049845
0.082888
0.113063
-0.052856
0.060987
-0.002338
-0.020918
-0.023048
-0.087022
-0.000448
-0.071589
-0.078729
-0.037785
0.002578
0.006115
-0.005569
0.029457
-0.012484
0.045555
0.036109
-0.006378
0.047714
0.088564
0.110956
0.046522
0.053539
0.059062
0.060539
-0.080628
-0.019716
-0.052842
0.010792
0.068685
-0.049281
-0.049158
-0.084754
-0.029570
0.005100
-0.111134
0.015246
-0.009608
0.011590
-0.009489
-0.012044
0.053529
-0.008367
-0.002843
-0.056995
0.018911
0.050558
-0.055185
-0.130280
-0.140832
-0.054951
-0.016425
0.011421
0.035758
-0.076275
0.001682
0.029159
-0.046535
-0.077631
-0.051974
0.010101
-0.089346
-0.057068
-0.065300
0.002187
0.057279
-0.022077
0.007291
0.049371
0.055848
0.059702
-0.012426
-0.047641
0.079108
0.109126
0.078354
-0.004235
-0.033992
-0.064953
-0.019554
-0.091188
-0.061873
-0.062900
-0.046741
0.023727
-0.071798
-0.021002
0.060814
-0.048986
-0.027604
0.012738
0.010393
0.060276
0.059537
-0.028114
-0.108166
-0.092162
-0.070345
-0.070823
-0.024438
-0.039421
0.082964
0.052160
-0.020505
0.001602
-0.094331
0.007309
-0.035138
-0.025675
0.070205
0.110724
0.005460
-0.041254
0.089767
-0.009407
-0.002735
-0.002806
-0.055483
0.045756
-0.001488
0.020316
-0.023316
0.067075
0.060606
-0.009079
-0.009655
-0.030549
-0.025510
0.026199
-0.024558
-0.049559
-0.109915
-0.012733
0.038919
0.034790
0.001153
0.035945
0.020031
-0.054317
0.027937
-0.102018
-0.065549
-0.000026
0.073385
0.075523
0.022645
-0.008465
0.011101
-0.012968
-0.052276
-0.097059
-0.058918
-0.099806
-0.006525
-0.062343
-0.012842
0.004330
0.030048
0.100980
-0.063281
0.003312
0.064551
0.055108
0.050197
0.039186
0.016325
0.054968
0.065985
-0.046941
-0.011173
-0.019902
-0.040371
0.049404
-0.003575
0.043571
-0.011116
-0.106598
-0.013499
0.030346
-0.033268
-0.003084
0.045422
0.050827
-0.002161
-0.009181
-0.045912
0.011573
0.052598
0.030952
-0.005916
0.016120
0.052367
0.020310
0.059958
0.006958
0.053151
0.095641
-0.027552
0.024599
0.142411
0.070267
-0.028985
-0.019058
0.029854
0.013905
0.017503
0.040177
0.046914
-0.022711
0.035152
-0.072039
-0.134010
-0.036989
-0.068433
-0.040945
-0.063807
0.051152
0.116935
0.057529
-0.005078
0.005543
-0.095275
-0.056504
0.051799
0.004099
0.032123
0.007483
-0.012820
0.018243
0.066873
0.088947
0.008789
0.085371
0.012996
0.003003
-0.026872
-0.031203
0.019578
-0.056851
-0.014082
0.033894
0.090770
-0.005039
-0.005154
-0.047625
0.020246
0.025944
-0.029054
0.020756
-0.025554
0.018075
0.011216
-0.043160
0.010302
0.051859
0.025352
0.049515
0.022849
-0.013776
-0.061921
-0.077089
-0.007358
0.009060
-0.069168
-0.009810
0.038401
-0.033615
-0.009390
0.032761
-0.015451
-0.038642
0.060298
0.099053
-0.023948
0.154825
0.087691
0.040765
0.083064
-0.052804
-0.054871
0.059053
0.014852
0.059193
0.059853
0.012667
-0.073685
-0.059668
-0.048126
-0.040181
-0.087507
-0.013799
-0.023939
-0.007089
-0.056788
-0.010828
0.013056
-0.030636
0.018434
0.011443
0.020977
0.070464
-0.058114
-0.052436
-0.057877
-0.009485
-0.031028
0.028590
-0.077519
-0.008311
0.017387
-0.006832
0.013862
-0.077684
-0.004779
-0.061901
-0.067524
-0.030795
-0.023991
-0.003137
-0.072683
-0.014329
-0.014268
-0.035303
0.054274
-0.037000
0.005002
-0.011592
0.015118
0.069963
0.052485
0.092542
0.022458
-0.020300
0.020260
-0.039410
-0.057878
-0.028267
-0.017733
-0.117257
-0.020813
-0.040201
0.005843
0.072652
0.097021
0.043185
-0.000603
0.011743
0.079812
0.098974
0.047458
0.060955
0.061125
0.010799
-0.048745
0.005443
0.124710
0.003303
0.085970
0.026486
-0.034672
-0.043170
-0.045183
0.071349
0.060206
0.029150
0.134412
0.018845
-0.029701
0.032876
0.061866
0.047059
0.012709
0.051790
-0.023250
0.028257
0.014113
-0.029513
0.050523
0.009787
-0.033554
-0.112913
0.007871
-0.088147
-0.087136
0.073281
-0.013373
-0.032697
-0.000452
-0.039483
-0.079676
-0.010713
0.003751
-0.079003
0.043695
0.012207
-0.032132
0.067631
-0.014708
-0.072974
-0.061310
0.057148
0.026701
0.004060
0.062675
0.023717
-0.016357
0.021275
0.029683
0.041797
0.039557
0.023661
0.080146
-0.016805
0.012655
-0.011118
-0.035764
-0.033173
-0.092808
0.008622
-0.038155
-0.058011
-0.038111
0.002003
-0.049974
-0.013453
0.017725
-0.086566
0.001127
-0.029635
-0.017520
-0.066594
0.051546
0.015721
-0.044261
0.034884
0.043120
0.033779
-0.031614
0.054117
0.008558
0.014916
0.100004
0.139982
0.114323
0.145959
0.104580
0.084143
0.004154
0.000302
-0.010885
0.007272
-0.077536
0.026868
-0.006339
-0.066431
0.026818
0.036112
0.002896
0.007793
0.034743
-0.000585
-0.041399
-0.022518
-0.064076
-0.065375
0.029768
-0.078793
0.018473
0.031146
-0.056132
0.000938
0.021330
-0.033648
-0.001756
0.081009
0.060859
0.041836
-0.127973
-0.134773
-0.005870
-0.031641
0.014227
-0.090154
-0.013314
0.037426
-0.046757
-0.050269
0.007149
0.023290
0.002766
0.030733
-0.014742
0.023238
0.061683
-0.082720
-0.038450
-0.113756
-0.041067
0.060270
0.006702
0.043546
0.108743
0.020056
0.062827
0.078495
0.050108
0.001579
-0.000377
-0.055442
0.021792
-0.025100
0.053418
0.059101
0.092117
0.027251
-0.045721
-0.002092
0.021833
0.052500
0.056966
-0.020531
0.084396
0.032870
-0.035344
0.033162
0.044466
0.005854
-0.079929
-0.089193
-0.013160
-0.052915
-0.000995
0.020075
-0.074290
-0.071728
-0.001017
0.010654
-0.079451
-0.026888
0.010911
-0.053237
-0.025971
0.061230
0.009972
0.016096
0.009698
-0.039621
-0.014794
-0.068413
-0.047767
-0.016159
0.035799
0.071917
-0.026883
-0.000687
0.070661
0.032675
0.008523
0.054081
0.012598
0.029547
0.047918
0.026304
-0.016487
-0.022080
0.103419
0.091343
0.142221
0.080036
-0.005773
0.074483
0.013263
0.107494
-0.015189
-0.018838
-0.009827
0.000858
-0.019891
-0.100694
0.017897
0.056397
-0.031350
0.061552
0.056203
0.030781
0.036972
0.006101
-0.072701
-0.002986
0.020946
-0.036070
0.051981
-0.029816
-0.088388
-0.025097
-0.055340
-0.034339
-0.048840
0.019020
0.010189
-0.061529
-0.093158
0.041338
-0.043176
-0.010338
0.013760
-0.107958
-0.006587
0.071756
0.014477
0.033907
-0.024423
-0.049337
0.044546
0.065174
0.023357
-0.067294
0.015419
0.062653
0.080720
0.018273
0.048427
0.055371
0.090069
0.110504
0.006185
0.031647
-0.002506
-0.070466
-0.023760
0.007456
0.058009
-0.027142
-0.026636
0.040292
-0.081657
-0.024840
0.015888
-0.002075
-0.058134
-0.003692
-0.076322
-0.110092
0.009748
0.023233
0.056206
0.012487
0.055015
-0.008688
0.048493
0.008114
-0.037807
0.043081
-0.029610
0.043925
-0.015670
-0.036844
0.078699
-0.006498
-0.003977
0.050905
-0.015017
0.042312
0.032329
-0.006869
0.028563
0.063801
0.103938
0.115530
-0.014167
0.083533
-0.019777
0.025693
0.001481
0.042735
0.044837
-0.040262
0.063245
0.000349
0.034839
0.064320
-0.015449
-0.011122
0.024080
-0.021844
-0.059572
0.017903
-0.032970
-0.061600
-0.014574
-0.037132
0.005937
0.010008
-0.041118
-0.009382
-0.021072
-0.057191
0.025507
0.004285
-0.137889
-0.088032
-0.027388
-0.043474
-0.063055
-0.100685
-0.051067
-0.084995
0.035535
0.008046
0.047599
0.020926
-0.070905
-0.017166
-0.011835
-0.013749
-0.030338
-0.040930
0.003935
-0.001921
-0.095847
-0.022696
-0.029197
0.026789
-0.006595
0.077493
0.052374
-0.019912
0.056605
-0.001452
0.188453
0.073123
0.044935
0.001750
-0.090999
0.118926
-0.003200
0.030067
-0.049631
-0.029963
0.001062
-0.043076
-0.006886
-0.011993
-0.097478
-0.060819
0.042518
0.008598
0.071548
0.042397
-0.018973
0.050873
-0.002066
-0.005243
0.082880
0.039703
0.168426
0.013442
-0.066253
0.000189
0.016522
0.049117
0.099303
0.082480
0.121580
0.028799
0.028035
-0.041660
-0.120958
0.075812
0.050568
0.087330
0.058231
0.026478
-0.036213
-0.024102
0.067204
0.032986
0.008226
-0.094802
0.017211
-0.053443
-0.000624
0.123589
-0.013586
-0.021332
-0.031589
0.013438
-0.034501
-0.013696
0.122409
0.035920
-0.077177
0.016637
-0.013742
-0.013585
0.034821
0.001318
0.045389
0.060251
0.055043
0.038101
0.069289
0.107106
0.090834
0.071528
-0.007028
0.007879
-0.023402
-0.026922
-0.028075
-0.049082
-0.064968
0.013265
0.028279
0.058803
0.027938
0.078955
0.023419
0.106568
0.013783
-0.032871
0.063502
0.037964
0.018678
0.034836
-0.031055
-0.058831
-0.006054
-0.020344
-0.026573
-0.007115
0.042983
0.011014
0.019704
0.040587
0.065620
0.005580
0.025441
0.073956
0.098185
-0.011176
-0.018136
0.034683
-0.051436
-0.042726
-0.009707
-0.017829
0.060679
-0.062933
0.022887
-0.008270
-0.054642
-0.015512
-0.041393
0.025447
0.021740
-0.074082
-0.078793
-0.026814
0.067669
0.009071
0.011279
0.030276
-0.067085
0.037206
0.020296
0.001031
0.057443
0.032542
0.091110
0.067374
0.036343
-0.010811
-0.080894
0.040104
0.051028
-0.022181
-0.017036
-0.015865
-0.044860
-0.033302
-0.064048
0.040526
0.087186
-0.035494
0.033915
0.037508
0.056338
0.012008
0.079396
0.046741
-0.036246
0.065709
-0.044019
-0.092936
0.102491
0.022593
0.012271
-0.014101
-0.045178
0.051623
-0.131954
-0.070746
0.052423
-0.090004
0.047031
0.059109
0.095471
-0.047300
-0.093561
0.026484
-0.020193
0.006696
-0.033460
-0.047246
-0.094106
-0.049820
0.016384
0.030100
-0.005671
-0.069203
0.053329
-0.040965
0.015986
0.018711
0.027774
0.032047
-0.055780
0.003884
0.020646
0.072146
-0.002003
-0.056209
0.091757
0.036404
0.004286
-0.060809
-0.062879
-0.006189
-0.072667
0.024688
0.045317
-0.026811
-0.022428
0.000190
-0.050977
-0.084417
-0.005864
0.061670
0.045217
0.022640
0.003857
0.118409
0.076660
-0.009020
-0.007642
0.046127
0.037061
-0.025477
0.030966
0.058060
0.046375
0.028691
0.006011
0.053069
0.038284
-0.035301
0.023303
0.011196
-0.071199
-0.079155
-0.044326
-0.082036
-0.017856
0.001351
0.002018
0.016073
0.069374
0.003498
-0.021113
-0.049252
0.019490
0.038712
-0.026941
0.042045
-0.009280
0.057379
0.026673
-0.066582
0.016578
-0.099846
-0.119063
-0.086654
0.096066
0.039862
-0.017880
0.071717
-0.013088
0.008391
0.042256
-0.024712
0.073212
0.095178
0.008401
0.065370
0.054044
0.069801
0.008399
-0.026994
-0.041331
-0.087416
-0.033696
-0.013931
-0.058229
-0.038985
-0.007611
-0.113198
0.008177
-0.004019
0.013940
0.008643
0.043324
-0.047908
-0.118021
-0.104259
-0.025676
-0.014326
-0.001998
0.019943
0.069019
0.002024
-0.006527
0.016388
0.062837
0.031309
0.015406
0.037422
0.071623
0.016129
0.040284
-0.013534
0.031141
0.012054
0.002173
0.036863
0.104966
0.011646
-0.037289
0.013879
-0.102065
-0.038043
0.030476
-0.154118
-0.100276
0.021804
-0.039710
-0.090722
0.063479
0.058123
0.006403
0.044263
-0.020883
0.040862
-0.027061
-0.002304
0.045698
-0.019969
0.000064
0.035962
0.062017
0.013261
0.022348
0.027770
0.044799
0.026851
0.100946
0.134027
0.026221
0.052735
0.116784
0.135643
0.085413
0.056341
0.020308
0.007399
-0.088929
-0.006672
-0.045917
-0.077881
0.048993
0.007410
-0.074342
0.016128
-0.004942
-0.042650
0.008863
-0.035405
0.062948
0.026736
0.033419
0.039442
-0.003640
0.058252
-0.017454
0.047720
-0.007066
-0.085464
0.063479
-0.048550
-0.057693
-0.051439
-0.045633
0.066842
0.068154
0.029500
-0.010896
-0.005208
-0.014166
0.061649
-0.048121
-0.094316
-0.009654
-0.069027
0.049448
0.076157
0.013881
-0.068121
0.002597
0.052918
0.016103
0.054398
0.008527
-0.016797
-0.016408
0.086022
0.006189
0.001445
0.042440
0.039995
0.058166
0.015361
-0.012562
-0.058076
-0.071403
0.016170
-0.008485
-0.020155
0.045738
-0.098767
-0.008369
-0.016907
-0.017329
-0.004696
0.040958
0.048743
0.005740
0.098217
0.078078
0.059440
0.048146
0.135662
0.110355
0.038708
0.030358
-0.053112
0.001566
-0.020699
-0.001595
0.028630
-0.027141
-0.009523
0.001633
0.054818
-0.058694
-0.030311
-0.024923
-0.045555
-0.060674
-0.070502
-0.069107
-0.046878
-0.063529
-0.009819
-0.035773
0.074952
0.009741
-0.043790
-0.020024
0.003744
-0.014736
0.022499
0.014124
-0.023039
0.064879
-0.020135
-0.005297
0.002775
0.064717
0.009146
-0.031185
0.066082
-0.016376
0.036750
0.052217
0.164744
0.085442
0.117435
0.094433
0.095110
0.121050
0.014057
-0.055187
0.049365
0.036619
0.014770
-0.033426
-0.088730
0.069397
0.032006
0.019630
-0.011747
0.035797
0.020253
-0.030001
-0.008132
0.030184
0.007738
-0.018647
-0.074294
0.089132
0.039629
-0.064115
-0.012478
-0.019264
-0.007046
-0.003698
0.032159
-0.014557
0.019950
0.094958
0.057211
0.055820
0.074408
-0.008680
0.003635
0.082899
0.053653
0.057120
0.070818
0.057994
-0.019659
0.060995
0.092447
-0.008765
0.039852
-0.009194
0.014584
0.027398
-0.027800
0.031295
-0.009443
-0.021721
0.011321
0.043850
0.011954
-0.039244
0.007153
-0.013900
-0.025518
0.034928
-0.044279
0.040577
0.096681
0.014744
0.004202
-0.008134
-0.121268
-0.036475
0.010199
0.018931
0.057636
0.068866
0.009917
0.017939
0.040097
0.011022
-0.097957
-0.067377
-0.109477
-0.014662
0.009568
-0.000871
-0.006385
-0.067203
0.025824
0.042040
-0.039563
-0.056809
-0.030483
0.038944
0.024612
0.077653
-0.035284
0.012826
-0.015505
-0.129427
0.104783
0.006461
-0.081070
0.032120
-0.008226
-0.001149
-0.027541
0.069334
0.039464
-0.007335
-0.006233
-0.041370
0.007946
-0.064286
-0.009012
-0.028331
-0.036297
0.107053
-0.064616
-0.016006
0.001803
-0.033390
-0.053736
-0.015326
-0.067249
0.038856
0.076960
0.016007
0.038410
-0.026272
0.039872
0.010327
-0.021978
0.014879
0.042246
-0.033283
0.054821
-0.027897
-0.051932
0.045909
-0.002363
-0.069511
-0.046665
0.029998
0.028070
-0.004984
0.007010
-0.079698
-0.068450
-0.112044
-0.001872
-0.033557
-0.047913
-0.050558
-0.024001
0.057338
-0.021189
-0.042401
-0.038879
0.045118
-0.050127
-0.010023
-0.090741
-0.004347
-0.027746
-0.072331
-0.042279
-0.051302
0.002604
-0.028488
0.004429
-0.032474
-0.036994
-0.074637
0.008017
0.035200
-0.027946
0.010440
0.007439
-0.056338
0.010572
-0.003137
0.037616
-0.051813
0.056632
0.066549
0.031694
0.106252
0.062207
0.056130
0.022491
0.005258
0.009502
-0.021622
-0.035901
-0.065968
0.036381
0.027520
-0.004096
-0.090284
-0.020291
-0.124146
-0.065068
0.003146
-0.027854
0.033453
0.018602
-0.020116
0.011355
-0.003334
0.051374
0.034275
0.011627
0.106698
0.011212
0.046719
0.060429
-0.040570
0.064399
0.020967
0.080706
0.024910
0.029859
0.051494
0.006526
0.015544
-0.089147
-0.011847
-0.029192
-0.039455
0.037110
-0.000347
-0.017490
0.036821
0.095588
-0.024961
0.036247
0.029170
-0.011058
0.024804
0.003977
0.074802
-0.070970
-0.021492
0.012296
-0.025131
-0.009775
0.127938
0.050124
-0.114116
0.065140
0.046952
0.097155
0.020860
-0.083155
0.068742
0.052961
0.064773
0.078814
0.090792
-0.025636
0.015922
0.027057
0.092833
0.087754
-0.062722
0.012520
-0.000661
-0.071848
-0.020740
-0.032066
-0.046266
0.002166
-0.008594
-0.087127
0.052938
-0.009317
-0.052308
-0.012394
0.006316
0.009400
-0.025271
0.067482
-0.055901
-0.010074
0.057433
-0.027820
0.039506
0.001489
0.040437
0.129713
0.051472
0.034154
0.075637
-0.015966
-0.031911
0.025112
-0.047324
-0.015203
-0.051902
0.047102
0.061534
-0.041722
-0.082478
-0.023616
-0.049846
-0.004037
0.053019
-0.047143
-0.074368
0.001078
0.041824
0.030013
0.025738
-0.015908
-0.063288
0.011884
-0.005280
0.013093
-0.014354
0.001845
-0.004456
0.007221
-0.021569
-0.013326
0.081734
-0.054335
0.033470
0.105505
0.006864
0.105370
0.111880
-0.038242
0.000621
0.025511
0.018073
0.006374
0.069625
0.067543
0.082392
0.053291
-0.064876
-0.043445
0.031993
-0.037408
-0.066885
-0.009879
-0.022118
0.058333
0.003456
-0.081389
0.016359
0.142592
0.090568
0.056974
0.062231
0.085529
0.012657
0.026861
0.105381
0.076461
0.007518
0.038394
-0.021492
-0.036657
0.013330
0.017877
0.020998
0.086928
0.030604
-0.044035
-0.036977
0.039135
0.052628
0.034111
0.018351
0.065162
-0.013416
-0.073814
-0.031940
0.021469
-0.024039
-0.026302
0.048477
-0.045422
-0.006386
-0.101077
0.023298
-0.029867
-0.015265
0.086532
0.040730
0.120623
0.084446
-0.007377
-0.038206
0.059021
-0.034087
-0.078371
-0.025917
-0.014730
0.052684
0.047435
0.067103
-0.047719
0.000982
-0.029976
-0.116024
0.003317
-0.025691
0.005180
-0.109111
-0.186797
-0.066642
-0.094862
-0.028530
0.022239
-0.001616
-0.097821
-0.021107
-0.054562
0.055655
0.030830
-0.026828
0.035829
-0.033153
-0.025004
0.015226
0.002977
-0.080556
-0.117810
0.063589
0.032493
-0.036987
0.052181
0.055853
0.006522
0.067274
0.038142
-0.050535
0.040904
-0.003207
-0.098032
0.008797
-0.007559
-0.130113
-0.038340
-0.065720
0.060438
0.010072
0.004528
0.035836
0.037444
0.020221
0.012208
0.002851
0.005125
-0.010326
0.010205
-0.079128
-0.087226
0.041611
0.067584
0.060660
-0.043140
-0.063874
0.102929
0.021846
0.018855
-0.055680
-0.082505
0.002028
0.031333
-0.052786
0.020973
-0.034112
0.013575
-0.024240
-0.018646
0.039691
0.077242
-0.023690
0.047482
0.008175
0.034794
0.044005
-0.011832
0.033303
-0.006167
-0.032591
0.029410
0.028215
-0.012228
0.007152
-0.005263
-0.010264
-0.091957
-0.032087
-0.019213
0.037069
0.003359
0.023447
-0.061232
-0.030783
0.085302
-0.055962
-0.085648
0.034316
0.033778
0.014951
0.068903
0.016923
-0.000610
0.032482
0.000598
0.038835
0.038949
-0.014910
-0.027117
0.034631
0.024128
0.061918
-0.090495
-0.073210
-0.059768
-0.018905
-0.070730
-0.100313
0.025531
0.031035
-0.053076
-0.042470
0.030804
-0.013822
0.063819
0.059798
0.009481
0.117792
0.013651
-0.011251
0.002226
0.003758
-0.007885
0.053745
0.001807
-0.046532
0.012055
-0.091630
-0.038769
0.085677
0.034035
-0.003435
-0.040906
0.016043
0.036741
0.005658
-0.030761
-0.031315
-0.033293
-0.029075
-0.044562
-0.022899
-0.046195
-0.017144
0.029158
-0.015257
-0.033833
0.016972
-0.005675
-0.104548
-0.051690
0.043702
-0.047262
-0.087787
-0.004706
-0.002647
0.010944
0.098556
-0.026298
-0.064394
0.019417
-0.008211
-0.008550
-0.066740
0.018918
0.055909
-0.006828
0.008646
0.087515
0.028776
-0.008503
-0.007414
-0.006415
0.006199
-0.050105
0.001179
0.017038
0.046615
0.016045
-0.049167
-0.025859
-0.015883
-0.010794
-0.007719
-0.055591
-0.052518
-0.069133
0.029397
-0.006411
-0.025924
0.060527
-0.002940
-0.042209
-0.048252
0.008717
0.000358
-0.100644
-0.072291
-0.077941
-0.013310
-0.041713
-0.132447
0.033715
0.074538
0.035052
-0.094433
-0.049378
-0.034751
-0.026385
-0.016844
-0.051767
-0.020731
0.009813
-0.086259
-0.019736
0.008310
-0.046085
0.013635
-0.058895
-0.033986
0.019416
0.016411
0.005802
-0.043451
-0.073458
0.034496
-0.017550
-0.145683
0.014628
-0.028934
-0.076742
-0.016415
0.059763
-0.024270
-0.028562
-0.109511
-0.064901
-0.046276
-0.119291
-0.046889
0.038164
-0.037089
-0.042398
-0.122381
-0.028061
-0.027826
-0.047370
-0.026681
-0.003489
0.005343
0.013858
-0.029527
-0.032270
-0.045569
0.013411
0.018214
0.011634
0.055596
-0.034288
0.030110
0.052439
0.048570
0.037274
-0.067459
0.040565
0.055705
0.037367
0.008693
-0.007459
0.018235
0.009118
0.101452
0.055025
0.008989
-0.063362
-0.036839
0.051723
0.036605
0.025357
-0.028565
0.067960
0.053502
0.002702
-0.078714
0.030027
0.002554
0.003201
-0.009304
-0.094699
-0.067069
-0.068224
0.028263
-0.066913
-0.008687
0.025093
-0.008493
-0.033504
0.010228
0.046853
0.021674
0.042971
0.029545
0.013678
-0.032715
-0.049272
0.061352
-0.017407
-0.038415
0.059452
-0.000580
-0.047963
0.042539
0.060025
0.054551
0.035551
-0.001209
-0.003188
0.072542
0.043458
0.051605
-0.002957
-0.001523
0.057735
0.137016
0.013403
0.006492
0.050960
0.076020
0.012185
-0.019597
0.067825
-0.073507
-0.101463
-0.099684
-0.008513
0.013055
-0.021291
-0.067420
-0.030324
0.040648
-0.000459
0.036602
-0.069153
0.039190
-0.024486
0.007559
0.027894
-0.058270
-0.024981
-0.087006
-0.049705
-0.018387
-0.059775
-0.040223
-0.017316
0.020426
-0.053404
0.018096
0.004542
0.007655
-0.010462
-0.050580
0.040031
0.174710
0.012312
0.092460
0.058914
0.025381
0.046231
-0.023838
-0.062451
-0.037171
-0.061745
-0.017474
0.014976
-0.011399
-0.007061
0.002965
-0.042031
0.055389
-0.101998
-0.026098
0.011162
-0.059483
-0.114257
-0.007364
-0.039498
-0.114074
-0.090012
0.001828
-0.020158
0.005146
0.004785
-0.045072
0.000619
-0.108927
-0.060887
0.010961
-0.053638
-0.050094
-0.071447
-0.083540
-0.010181
-0.049642
0.016800
-0.038723
-0.087366
-0.049416
0.017276
-0.060178
0.033786
0.097560
-0.021137
-0.014033
0.074080
0.034317
0.000895
-0.061301
-0.012555
0.054248
0.052495
0.062914
-0.000183
-0.083584
-0.092550
-0.070348
-0.098543
0.000839
-0.065443
-0.097641
-0.015089
-0.033204
0.077693
0.047372
0.025883
0.070300
-0.059334
-0.006328
-0.030471
-0.085127
-0.013774
0.015217
0.024566
0.069866
0.065582
0.045469
-0.006389
0.059607
-0.013794
-0.034703
-0.037535
-0.045584
0.007420
-0.037039
0.052868
-0.004032
-0.033617
0.003047
-0.002573
-0.126376
-0.002415
0.066970
0.000119
-0.018526
0.092975
0.026466
-0.045852
0.039797
0.069264
0.049910
0.023829
0.027541
-0.043274
0.117286
-0.004718
0.092573
0.050773
0.078154
0.040937
-0.047192
0.012414
-0.022891
-0.055456
0.021074
0.034743
-0.035734
-0.055368
-0.001515
-0.061132
0.012321
-0.087539
0.031266
0.090631
-0.059682
0.064752
0.067325
0.011253
-0.026876
-0.069207
-0.017654
-0.006150
-0.018902
-0.048865
0.047073
-0.013862
-0.017894
0.024836
0.006583
0.042122
-0.036007
-0.052839
-0.102303
-0.021019
0.025962
0.052982
-0.007979
-0.045409
0.019513
-0.031298
-0.108596
-0.072589
-0.045936
0.043762
-0.035272
-0.064369
0.001488
-0.001132
0.034951
-0.021983
-0.004048
-0.036504
-0.073054
-0.076934
-0.102257
-0.022078
0.064069
0.052557
0.082727
0.111846
0.033976
0.019451
0.102513
0.061402
0.082044
0.016712
0.008373
-0.010977
0.037255
0.105497
0.056138
0.086229
0.102297
0.007869
0.038355
-0.050386
0.098763
0.025339
-0.067245
-0.093458
-0.065431
-0.046320
-0.024556
-0.029541
-0.024467
-0.004738
-0.061988
-0.016576
-0.023247
0.021978
0.055180
-0.083850
0.023048
-0.035950
-0.077013
-0.006497
-0.026040
-0.027291
0.017388
0.000398
-0.000796
-0.005853
-0.036003
-0.012195
0.041248
-0.083275
-0.058869
0.104300
-0.004056
-0.015766
-0.010651
0.060143
0.040909
-0.014594
-0.031768
-0.047986
-0.010862
-0.024771
-0.027328
-0.061520
-0.039864
-0.096868
-0.011835
0.016644
-0.101018
-0.002012
-0.056437
-0.016631
-0.053111
-0.034199
-0.041272
0.045039
0.042342
0.020346
0.013844
-0.011894
0.012534
0.025880
0.047836
-0.007657
-0.014520
-0.004869
0.014273
-0.053363
-0.008944
0.076527
-0.023448
0.014672
0.047469
-0.036747
-0.067304
-0.004479
0.082268
0.039881
0.116929
0.040961
0.039971
0.070532
0.049521
0.022971
-0.031952
0.062490
0.007811
0.000393
0.035573
0.044727
0.114487
0.098488
0.003206
0.050276
0.045764
0.064207
0.056351
-0.033627
0.030136
-0.018506
0.050407
0.034815
0.065571
0.047323
-0.028710
0.080036
0.015861
-0.011620
0.058553
0.019664
-0.073514
0.041041
0.013849
-0.033254
-0.015955
0.015710
-0.088502
0.084397
0.045639
-0.036282
-0.030082
-0.102655
-0.025546
-0.002503
0.050329
-0.097723
-0.102830
-0.113931
-0.082401
-0.066509
-0.071637
0.083758
0.025961
-0.031841
-0.001446
-0.067840
0.017031
0.007831
0.000283
-0.057246
-0.026480
-0.053653
-0.071775
0.063413
0.043655
0.043559
0.047332
0.033026
0.024922
0.054072
0.004172
0.020989
-0.066622
-0.092236
-0.033538
-0.041457
0.055657
-0.021218
-0.026253
0.084246
-0.005182
0.041783
0.028123
0.055599
0.127566
-0.067750
-0.009959
0.024757
0.004764
0.036156
-0.014611
0.017001
-0.029476
-0.111800
-0.074255
-0.129588
-0.024210
-0.038333
0.011597
-0.024863
-0.063573
0.067305
-0.084990
-0.024098
-0.016747
-0.082480
-0.089363
-0.060508
-0.098641
0.006574
0.026606
0.006309
0.122754
0.015483
-0.014137
0.005111
0.020976
0.017197
-0.027627
0.014445
-0.057360
0.099921
-0.059437
-0.064724
0.028436
0.013106
-0.040126
-0.024550
0.077956
0.088391
0.046800
0.054626
0.052627
0.038222
-0.017057
0.008027
-0.029471
-0.096638
0.051477
-0.074421
-0.052754
0.003571
0.030276
-0.013492
0.108905
0.037190
-0.036802
0.039367
-0.031732
-0.030305
-0.030086
0.040291
-0.026762
-0.052762
0.005538
-0.032206
0.006091
0.069042
-0.019300
0.030867
0.035659
-0.005415
0.035194
0.011440
-0.054549
-0.011797
0.085436
-0.011810
0.044601
-0.063865
0.014194
0.023515
-0.057042
-0.033042
-0.053813
-0.034610
-0.009807
0.028447
0.018547
-0.029359
-0.045247
-0.068777
-0.001468
-0.049639
-0.044414
-0.017554
0.041188
0.021806
-0.042829
-0.024739
-0.001246
-0.027726
-0.065693
0.022549
0.016844
0.039829
0.003492
0.044016
-0.090931
-0.023733
-0.022871
-0.167899
-0.023465
-0.051402
-0.035920
-0.033198
-0.011211
0.038975
-0.002610
0.030608
-0.028117
-0.036129
0.031219
-0.042796
0.005355
-0.059108
-0.028772
-0.082401
-0.086287
0.085058
0.018078
0.015442
0.017850
-0.028169
0.039905
-0.045105
0.002104
0.083243
0.060077
0.003333
0.023210
-0.013500
0.027229
0.044368
0.022562
0.015241
0.043188
0.045660
0.099965
0.047766
-0.017959
-0.123593
-0.034300
-0.058874
-0.031968
0.035366
-0.048252
-0.006607
-0.018344
-0.054743
-0.041414
-0.069847
-0.058195
-0.056821
-0.115318
-0.105555
0.011488
-0.032227
0.004681
0.022097
0.038923
0.046440
-0.052054
-0.018175
0.036790
0.004820
-0.015924
0.027308
0.139742
0.053539
-0.035090
-0.021686
0.031805
-0.054480
-0.015582
0.015369
-0.049062
0.014872
-0.002188
-0.044876
0.020671
-0.033377
-0.038144
-0.062385
-0.120138
-0.009048
-0.039374
-0.070767
0.013736
0.002573
0.099511
0.063799
-0.020350
0.014101
0.078789
0.011044
-0.043975
-0.058797
-0.017772
0.040206
-0.049386
0.009462
0.014538
0.071500
0.082184
0.031526
0.017581
-0.018573
-0.125830
-0.019201
-0.065158
-0.041596
-0.024455
0.006603
0.017127
-0.027799
0.007863
0.133677
0.035237
0.061476
-0.100888
-0.065996
-0.005929
-0.027229
-0.031484
0.047266
0.019301
0.035547
0.011408
0.002530
0.075615
0.042441
-0.012168
0.088009
0.046845
-0.021232
-0.088619
-0.083605
-0.097726
-0.026405
0.011457
-0.092665
0.018285
0.024720
0.030027
0.075946
-0.051292
-0.004188
-0.016664
-0.012382
-0.018710
-0.083367
-0.003937
-0.069313
0.038527
0.153457
-0.028052
0.092504
0.033964
0.054698
0.079645
0.011490
0.110547
-0.003007
0.038843
0.011541
-0.004870
0.080197
-0.009988
0.001551
-0.014751
-0.026160
0.013227
0.022197
0.071295
-0.006433
-0.021815
-0.004099
-0.011482
0.011053
-0.034429
-0.028761
-0.049424
-0.009111
-0.021765
-0.005930
0.051244
-0.061513
-0.031921
0.026592
0.019663
0.079985
0.012709
0.079802
0.050209
-0.025057
0.003057
0.001856
-0.013234
-0.022536
-0.005252
-0.015661
-0.068680
-0.078304
0.041132
0.025746
-0.051329
-0.031033
0.058370
0.024357
0.035311
0.017285
0.064168
0.059789
0.020124
0.053224
0.011513
-0.021961
0.034296
0.019323
0.062025
0.040591
0.055860
0.032252
0.069740
0.063206
0.076495
0.007977
0.052634
0.037722
0.006441
0.011298
0.059719
0.083916
0.003736
0.006364
0.044974
0.001636
-0.037529
0.011271
-0.002449
0.037935
0.108489
-0.010314
-0.092540
-0.023417
-0.082164
0.034137
0.062556
0.110252
0.033640
-0.002133
-0.017900
0.005329
0.052400
-0.064532
0.006541
0.047249
0.038922
0.100082
-0.057560
-0.046068
0.044307
-0.014823
-0.061684
-0.014049
-0.028895
-0.050104
-0.107431
-0.045769
0.073191
-0.032950
-0.033898
-0.033213
-0.058142
0.025460
-0.032005
-0.012605
0.009350
-0.002186
0.000039
0.064824
0.031438
0.013660
0.133477
0.039826
0.023610
0.021348
0.018233
0.078239
-0.020523
-0.024776
0.027125
-0.008979
0.034645
-0.017471
-0.032146
-0.033485
-0.027477
-0.039595
0.034345
-0.056916
-0.015046
-0.057629
-0.093577
-0.024318
0.026155
-0.061864
-0.061190
-0.033935
-0.007728
-0.018872
-0.038649
-0.107242
-0.050006
-0.080371
-0.138055
-0.067221
-0.028675
-0.090823
-0.004441
-0.042736
-0.063225
-0.069595
0.012019
-0.082139
0.060257
0.086713
-0.034593
-0.001145
-0.055454
0.013451
0.044973
0.055077
0.033992
0.080443
0.080392
-0.014724
-0.003773
-0.019794
0.009914
-0.125291
-0.066274
0.036919
0.031286
-0.002064
0.073755
0.023418
-0.031774
-0.010028
-0.020967
0.038424
0.015322
-0.044515
0.006520
0.002939
0.075771
-0.021326
-0.042716
0.005323
0.042780
0.153650
0.114347
0.042507
0.016032
0.019042
0.039242
0.093439
0.068313
0.048807
0.004152
0.077512
0.086062
0.012372
0.012375
0.006044
0.002340
-0.026662
-0.017735
-0.029102
-0.006193
-0.098252
-0.044141
-0.015569
-0.169440
-0.078438
0.063868
-0.017477
0.062989
-0.053813
-0.116643
-0.016632
