0	30	30	30	30	30	30	30	30	30	30	30	30	30	30	30	30	30	30	30	30	30	30	30	30	30	30	30	30	30	30	30	30	30	30	30	30	30	30	30	30	30	30	30	30	30	30	30	30	30	30	30	30	30	30	30	30	30	30	30	30	30	30	30	30	30	30	30	30	30	30	30	30	30	30	30	30	30	30	30	30	30	30	30	30	30	30	30	30	30	30	30	30	30	30	30	30	30	30	30	30	30	30	30	30	30	30	30	30	30	30	30	30	30	30	30	30	30	30	30	30	30	30	30	30	30	30	30	30	30	30	30	30	30	30	30	30	30	30	30	30	30	30	30	30	30	30	30	30	30	30	30	30	30	30	30	30	30	30	30	30	30	30	30	30	30	30	30	30	30	30	30	30	30	30	30	30	30	30	30	30	30	30	30	30	30	30	30	30	30	30	30	30	30	30	30	30	30	30	30	30	30	30	30	30	30	30	30	30	30	30	30	30	30	30	30	30	30	30	30	30	30	30	30	30	30	30	30	30	30	30	30	30	30	30	30	30	30	30	30	30	30	30	30	30	30	30	30	30	30	30	30	30	30	30	30	30	30	30	30	30	30	30	30	30	30	30	30	30	30	30	30	30	30	30	30	30	30	30	30	30	30	30	30	30	30	30	30	30	30	30	30	30	30	30	30	30	30	30	30	30	19	19	19	19	19	19	19	19	19	19	19	19	19	19	19	19	19	19	19	19	19	19	19	19	19	19	19	19	19	19	19	19	19	19	19	19	19	19	19	19	19	19	19	19	19	19	19	19	19	19	19	19	19	19	19	19	19	19	19	19	19	19	19	19	19	19	19	19	19	19	19	19	19	19	19	19	19	19	19	19	19	19	19	19	19	19	19	19	19	19	19	19	19	19	19	19	19	19	19	19	
50000	8907	30	30	30	30	199	30	30	30	684	30	30	30	30	30	30	30	30	30	30	30	30	30	30	30	30	30	30	30	30	30	30	30	30	30	30	30	30	30	30	
100000	8738	30	30	30	30	30	30	199	30	169	654	30	30	30	30	30	30	30	30	30	30	30	30	30	30	30	30	30	30	30	30	30	30	30	30	30	30	30	30	30	30	30	
150000	9681	30	30	30	30	30	30	30	30	30	109	30	30	30	30	30	30	30	30	30	30	30	30	30	30	30	30	30	30	30	30	30	30	30	30	30	30	30	30	
200000	8907	30	30	199	30	30	30	30	654	30	30	30	30	30	30	30	30	30	30	30	30	30	30	30	30	30	30	30	30	30	30	30	30	30	30	30	30	30	30	30	30	
250000	8768	30	30	30	199	30	793	30	30	30	30	30	30	30	30	30	30	30	30	30	30	30	30	30	30	30	30	30	30	30	30	30	30	30	30	30	30	30	30	30	30	
300000	9452	30	30	199	30	139	30	30	30	30	30	30	30	30	30	30	30	30	30	30	30	30	30	30	30	30	30	30	30	30	30	30	30	30	30	30	30	30	30	30	
350000	9621	30	30	30	139	30	30	30	30	30	30	30	30	30	30	30	30	30	30	30	30	30	30	30	30	30	30	30	30	30	30	30	30	30	30	30	30	30	30	30	
400000	9501	30	30	30	139	30	30	30	30	30	30	30	30	30	30	30	30	30	30	30	30	30	30	30	30	30	30	30	30	30	30	30	30	30	30	30	30	30	30	30	30	30	30	30	
450000	9621	30	30	30	30	139	30	30	30	30	30	30	30	30	30	30	30	30	30	30	30	30	30	30	30	30	30	30	30	30	30	30	30	30	30	30	30	30	30	30	
500000	7580	30	1150	30	30	692	30	30	169	30	30	30	30	30	30	30	30	30	30	30	30	30	30	30	30	30	30	30	30	30	30	30	30	30	30	30	30	30	30	30	30	30	30	109	30	
550000	9433	169	30	30	30	30	30	139	30	30	30	30	30	30	30	30	30	30	30	30	30	30	30	30	30	30	30	30	30	30	30	30	30	30	30	139	30	30	
600000	9433	169	30	169	30	30	30	30	30	30	30	109	30	30	30	30	30	30	30	30	30	30	30	30	30	30	30	30	30	30	30	30	30	30	30	30	30	30	
650000	9433	30	169	169	30	30	30	30	30	30	30	30	139	30	30	30	30	30	30	30	30	30	30	30	30	30	30	30	30	30	30	30	30	30	30	30	30	
700000	9095	30	30	169	30	169	30	30	30	30	308	30	30	30	30	139	30	30	30	30	30	30	30	30	30	30	30	30	30	30	30	30	30	30	30	30	30	30	30	
750000	8956	30	139	169	139	30	169	30	308	30	30	30	30	30	30	30	30	30	30	30	30	30	30	30	30	30	30	30	30	30	30	30	30	30	30	30	30	30	30	30	
800000	30	9057	169	30	30	169	30	30	30	30	30	30	139	30	30	30	30	30	30	30	30	406	30	30	30	30	30	30	30	30	30	30	30	30	30	30	30	
850000	30	872	169	30	8561	30	169	30	30	30	30	30	30	139	30	30	30	30	30	30	30	30	30	30	30	30	30	30	30	30	30	30	30	30	30	30	30	30	
900000	9185	30	30	169	169	30	30	30	30	30	30	30	30	30	30	30	30	387	30	30	30	30	30	30	30	30	30	30	30	30	30	30	30	30	30	30	30	
950000	30	9294	30	30	30	30	30	30	30	30	30	30	30	30	30	30	30	139	30	30	387	30	30	30	30	30	30	30	30	30	30	30	30	30	30	30	30	30	30	
1000000	9196	30	30	30	30	30	30	30	30	30	139	30	30	30	30	30	30	30	30	30	387	30	30	30	30	30	30	30	30	30	188	30	30	30	30	30	30	
1050000	30	30	9711	30	30	30	30	30	30	30	30	30	30	30	30	30	30	30	30	30	30	139	30	30	30	30	30	30	30	30	30	30	30	30	30	30	30	
1100000	30	30	139	8283	654	30	30	30	30	30	30	30	30	30	218	30	30	30	30	30	30	30	139	30	30	30	30	30	30	30	30	30	357	30	30	30	30	30	30	30	30	30	30	
1150000	30	30	30	139	8471	654	30	30	30	30	30	30	30	30	30	30	30	30	30	30	139	30	30	30	30	30	30	30	30	327	30	30	30	30	30	30	30	30	30	30	30	30	30	30	
1200000	30	9501	30	30	30	30	30	30	30	30	30	30	30	30	30	30	30	30	30	30	30	30	30	139	30	30	30	30	30	30	30	30	30	30	30	30	30	30	30	30	30	30	30	30	
1250000	9790	30	30	30	30	30	30	30	30	30	30	30	30	30	30	30	30	30	30	30	30	30	30	30	30	30	30	30	30	30	30	30	30	30	30	30	30	30	
1300000	139	9403	30	30	30	30	30	30	30	139	30	30	30	30	30	30	30	30	30	139	30	30	30	30	30	30	30	30	30	30	30	30	30	30	30	30	30	30	30	30	
1350000	8441	654	30	30	30	30	30	30	30	30	30	30	30	30	30	30	30	30	30	30	218	30	30	30	30	30	30	30	30	30	30	30	30	357	30	30	30	30	30	30	30	30	30	30	30	
1400000	8926	30	30	278	30	199	30	30	30	30	30	30	30	30	30	30	30	30	30	30	30	30	30	30	30	30	30	30	30	30	357	30	30	30	30	30	30	30	30	30	30	30	
1450000	9275	30	278	30	30	30	30	30	30	30	30	30	30	30	30	30	30	357	30	30	30	30	30	30	30	30	30	30	30	30	30	30	30	30	30	30	
1500000	9155	30	139	30	30	30	139	30	30	30	30	30	30	30	30	30	30	30	30	30	30	30	30	30	30	30	30	30	30	30	327	30	30	30	30	30	30	30	30	30	30	30	
1550000	8471	30	139	30	139	30	30	30	30	139	30	30	30	30	30	30	30	30	485	30	30	30	30	30	30	30	30	30	30	30	30	30	30	30	30	327	30	30	30	30	30	30	30	30	30	30	
1600000	30	8580	30	485	139	30	30	30	30	139	30	30	30	30	30	30	30	30	30	30	30	30	30	30	30	30	30	30	30	30	30	30	30	30	327	30	30	30	30	30	30	30	30	30	30	30	
1650000	30	515	7839	139	308	30	30	30	30	30	30	30	30	30	30	30	30	662	30	30	30	30	30	30	30	30	30	30	30	30	30	30	327	30	30	30	30	30	30	30	30	30	30	
1700000	30	139	9038	30	30	30	30	30	30	30	30	158	30	30	30	455	30	30	30	30	30	30	30	30	30	30	30	30	30	30	30	30	30	30	30	30	30	30	30	30	30	
1750000	8907	30	169	30	30	30	30	30	30	30	30	30	30	30	30	30	30	30	327	387	30	30	30	30	30	30	30	30	30	30	30	30	30	30	30	30	30	30	30	30	30	
1800000	30	139	30	188	30	9226	30	30	30	30	30	30	30	30	327	30	30	30	30	30	30	30	30	30	30	30	30	30	30	30	30	30	30	30	30	30	30	30	
1850000	188	30	8354	30	30	30	30	30	30	139	455	169	30	30	30	30	30	248	30	30	30	30	30	30	30	30	30	30	327	30	30	30	30	30	30	30	30	30	30	30	30	
1900000	188	30	30	8493	30	30	455	30	30	30	30	30	30	30	327	139	30	30	30	278	30	30	30	30	30	30	30	30	30	30	30	30	30	30	30	30	30	30	30	30	
1950000	188	30	8809	139	30	30	30	30	30	30	30	30	30	30	30	30	30	278	139	30	30	30	30	30	30	30	30	357	30	30	30	30	30	30	30	30	30	30	30	
2000000	8809	30	139	30	30	30	188	30	30	30	30	30	30	30	30	417	30	30	30	30	30	30	30	30	30	30	327	30	30	30	30	30	30	30	30	30	30	30	30	
2050000	30	8809	30	30	30	218	30	30	30	30	30	30	30	139	248	169	30	30	30	30	30	30	30	30	30	30	30	30	30	327	30	30	30	30	30	30	30	30	30	
2100000	30	9256	30	30	218	30	30	30	30	30	30	139	30	30	218	199	30	30	30	30	30	30	30	30	30	30	30	30	30	30	30	30	30	30	
2150000	7989	30	485	30	188	30	30	30	30	30	387	30	30	30	692	30	30	199	30	30	30	30	30	30	30	30	30	30	30	30	30	30	30	30	30	30	30	30	
2200000	169	8711	30	30	485	188	30	30	30	30	30	30	30	30	30	30	30	30	30	169	248	30	30	30	30	30	30	30	30	30	30	30	30	30	30	30	30	
2250000	8128	169	30	30	485	188	30	30	30	30	30	30	30	248	30	722	30	30	30	30	30	30	30	30	30	30	30	30	30	30	30	30	30	30	30	30	30	30	
2300000	8256	485	30	417	30	30	297	30	30	30	30	30	30	30	30	30	30	30	30	30	30	30	30	327	30	30	30	30	30	30	158	30	30	30	30	30	30	30	
2350000	8970	30	30	515	30	30	30	30	30	387	30	30	30	30	30	30	30	30	30	30	30	30	30	188	30	30	30	30	30	30	30	30	
2400000	30	496	30	30	515	30	169	30	30	7858	30	30	30	30	30	30	30	30	30	30	387	30	30	30	218	30	30	327	30	30	30	30	30	30	30	30	30	30	
2450000	30	199	139	387	8046	485	30	30	30	30	30	30	30	30	30	30	30	30	30	30	387	30	30	30	30	327	30	30	30	30	30	30	30	30	30	30	30	30	
2500000	30	30	8136	526	485	30	30	30	30	30	139	30	30	30	30	30	327	30	30	30	30	30	109	30	30	30	30	30	218	30	30	30	30	30	30	30	30	30	30	
2550000	278	7888	485	30	30	30	139	30	30	30	30	248	30	30	278	30	30	30	30	30	30	30	30	30	109	30	30	30	30	30	30	327	30	30	30	158	30	30	30	30	30	30	