2.053504
0.708569
0.537603
0.252949
0.225003
0.184779
0.141608
0.130493
0.179201
0.194773
0.061941
0.196417
0.065056
0.164333
0.258404
0.193925
0.199313
0.163428
0.137643
0.158920
0.000283
0.044156
0.271853
0.085159
-0.008976
0.167543
0.057696
0.113132
0.089835
0.089027
0.121303
0.146607
0.100810
0.098062
0.181819
0.190303
0.117449
0.102131
0.050517
0.048996
0.023382
0.025101
0.070037
0.092834
0.075045
0.072412
0.091008
0.040922
0.095820
0.139573
0.150769
0.147340
0.038013
0.124573
0.094454
-0.029291
0.022906
0.094234
0.051026
0.089748
0.019055
0.028213
0.097290
0.044710
-0.009711
0.051316
0.115640
0.160139
0.087370
0.026089
0.070657
0.068115
0.113336
0.091847
0.006816
0.096510
0.208763
0.190517
0.151927
0.200183
0.143161
0.058956
0.098084
0.041028
-0.017680
-0.068136
0.065162
0.071467
0.021075
0.034529
0.010104
-0.017821
-0.009415
-0.034215
0.017253
0.052687
0.089058
-0.015888
0.057230
0.027828
0.114235
0.030888
0.043220
0.014265
-0.026411
0.040771
0.023938
-0.009519
0.087523
0.032532
0.032522
0.025230
0.019079
0.019808
0.084951
0.110501
0.113343
0.102529
0.039582
0.131066
0.073126
0.011853
-0.029371
-0.019212
0.004829
0.047597
0.067247
-0.059962
0.083212
0.063881
-0.026959
0.034353
0.051421
0.091713
0.020996
0.038397
0.001904
-0.001801
0.213594
0.065393
0.094905
-0.033074
-0.025357
0.011624
0.022341
-0.034208
0.002936
0.029554
0.052981
0.100725
0.071842
0.000620
-0.042457
-0.033597
0.000751
-0.016350
0.025953
0.059663
0.067286
-0.003753
0.062443
0.004761
-0.023840
0.037868
0.094481
0.140087
0.062002
0.122446
0.111464
0.004326
0.024238
0.071009
-0.064481
0.033714
-0.020628
0.028344
0.050708
0.053810
0.183359
0.036325
0.000853
0.062075
0.042212
0.038072
0.052594
0.027395
0.082566
0.062275
-0.019359
0.087240
0.034924
0.021413
0.004469
0.133631
-0.013528
0.002269
0.123983
-0.068981
0.042542
-0.018908
-0.028480
0.082815
0.066178
0.065536
0.041465
0.031793
0.019362
0.006286
-0.085379
0.005360
0.047627
0.076486
0.052996
0.016854
0.078991
-0.013025
0.017303
0.095546
0.087423
0.134756
0.079738
0.082305
0.071029
0.078799
0.006507
0.088294
0.065504
0.052190
0.045155
0.078463
0.106731
0.039970
-0.051299
-0.009216
0.029277
0.008793
0.087888
0.058320
0.007401
-0.013144
0.054370
-0.047855
0.034209
0.084328
0.047110
0.077786
-0.004521
0.053615
0.059418
0.048326
0.100420
0.073215
0.077496
0.078187
-0.023967
-0.001949
0.067833
0.006451
-0.000186
0.068160
0.021749
0.080221
0.060887
-0.028497
0.079345
0.031368
0.026748
-0.000206
0.019882
0.024683
0.093466
0.101420
-0.014585
-0.058153
0.047851
0.008498
0.059899
0.046738
0.010750
0.024397
0.059599
-0.028137
-0.078099
0.032791
0.063847
-0.041647
0.023500
0.094142
0.068017
0.074391
0.049943
0.044222
-0.020996
-0.053648
0.009482
-0.035697
0.002379
0.004996
-0.077061
-0.048078
-0.071051
0.033703
0.045079
-0.061153
-0.036169
-0.006244
-0.049756
-0.012861
0.045275
0.100882
0.065392
0.058337
0.131885
0.047218
-0.016853
0.088006
-0.034338
0.091838
0.112910
-0.049743
0.075684
0.010482
-0.005353
0.043002
0.062950
0.072873
0.016861
-0.033081
0.075278
0.031423
0.054847
0.068397
0.058261
0.018962
0.036974
-0.045623
0.014521
0.015873
0.025685
0.003465
0.066761
0.006559
0.021627
0.044064
0.015899
0.037506
0.020899
0.024821
0.001774
0.075223
0.179841
0.065263
0.035861
0.105503
-0.017007
0.013368
0.119608
0.060658
0.093248
0.033612
0.020527
0.133890
0.006764
0.006217
-0.048014
-0.044920
0.002442
-0.024465
-0.103737
-0.024710
-0.008796
-0.095118
0.022326
0.096023
0.047471
0.061891
0.042871
-0.031429
0.020579
-0.001494
0.004121
0.056008
-0.030837
0.033827
0.054827
0.016906
0.012730
-0.032658
-0.025419
0.023213
0.023984
0.050342
0.031520
0.043657
-0.081013
-0.059280
-0.002981
-0.024847
-0.019540
-0.091950
-0.074119
-0.060159
0.013696
0.027926
-0.032991
-0.043292
0.100506
-0.002802
-0.002105
0.008981
-0.038632
-0.106341
-0.120245
-0.070739
-0.108519
0.001642
0.032420
0.028368
-0.004308
0.093719
0.087244
0.051122
0.006279
-0.047284
-0.057906
0.037626
0.029461
0.037825
0.027330
0.000147
0.090681
0.076834
-0.011142
0.050731
0.058657
-0.051285
0.032826
0.006796
-0.007700
0.054646
-0.040493
-0.050007
-0.160933
-0.053329
-0.056229
-0.116531
0.069090
-0.037280
-0.060269
0.053235
0.055168
-0.018294
0.101028
0.042454
0.058891
0.071778
0.012912
0.059020
0.061700
-0.010493
0.012210
0.064263
0.062343
0.037670
-0.004550
0.027381
-0.040768
-0.060769
0.014182
-0.057345
-0.088240
-0.088452
-0.000893
0.029297
-0.032650
-0.002501
0.034262
-0.059432
-0.027475
-0.141528
-0.003961
0.057924
-0.011324
0.107766
0.056740
0.017184
0.023738
0.031472
0.058213
0.012385
0.095819
0.024875
-0.011622
0.033397
0.072637
0.075045
0.105183
-0.011119
-0.019232
0.047001
-0.025739
0.022604
-0.022092
-0.042627
0.019889
0.074407
0.147578
-0.018550
0.002689
-0.001909
0.013190
-0.028549
-0.087591
0.010414
0.036197
0.004804
0.095290
0.057960
0.039470
-0.025698
0.008540
0.015631
-0.019392
0.103350
0.020522
-0.000869
-0.000506
-0.052149
0.022747
-0.040475
-0.054412
0.061017
-0.055585
-0.084754
0.012872
-0.044320
0.065420
0.049613
0.052976
0.077501
-0.009476
0.007204
-0.039447
0.031871
-0.011861
0.057745
0.083386
0.064201
-0.009103
-0.104482
-0.041112
-0.040492
0.109261
-0.002034
-0.027777
0.008698
-0.059473
0.025646
0.082295
0.073372
0.066822
-0.049160
0.048601
0.057256
-0.007703
0.018616
0.031836
0.010844
-0.163288
-0.044076
0.054937
0.039558
0.103276
-0.004725
0.058680
0.053058
-0.080706
0.096150
0.121020
-0.041255
-0.047893
0.016255
-0.012619
0.072549
0.090835
0.092836
0.014489
-0.110728
-0.047091
-0.020911
0.018929
0.039837
0.057290
0.010182
-0.064458
-0.014941
-0.056828
0.019841
0.085305
0.113494
-0.062925
-0.079167
0.046760
0.043662
0.002975
0.057334
0.023024
0.058971
0.095138
0.087034
0.064169
-0.023185
-0.054983
0.058589
0.006650
-0.046338
0.031115
-0.056713
-0.112086
0.057844
0.020859
-0.020969
0.037730
-0.017996
0.131205
0.041856
-0.029877
-0.014484
0.065626
-0.025159
-0.018490
0.089653
0.053355
-0.005778
-0.060430
0.025009
-0.090647
-0.019846
-0.022825
-0.051607
-0.023554
0.038137
-0.041330
-0.082117
0.023937
-0.011002
-0.048029
0.011403
0.011028
0.055052
0.058362
0.070128
-0.022182
0.009613
0.036450
0.010089
-0.031531
0.001215
0.030561
0.077536
0.030325
-0.018707
-0.000531
-0.009778
0.105730
0.108397
0.085797
0.087959
0.048571
0.034552
-0.016716
-0.138066
-0.069345
-0.113429
-0.022851
0.031966
-0.040288
0.048761
0.066169
-0.009331
0.058728
0.088189
0.058832
0.059965
0.072308
0.023184
-0.002468
0.008587
0.088214
0.056605
0.013792
-0.042790
-0.043471
0.035969
0.054545
0.121838
0.056060
0.009631
0.062436
0.130152
0.051087
0.010932
0.045610
0.067059
-0.035418
0.026290
-0.065904
-0.045542
0.049207
0.071844
0.104359
0.004673
0.044182
0.048023
0.056323
0.104738
0.009907
-0.020208
-0.003113
-0.044362
0.049823
-0.034424
0.021869
-0.003919
-0.047651
-0.049979
-0.021231
0.056694
-0.023118
-0.043486
-0.028723
0.113425
0.091919
-0.013750
0.002801
0.026051
-0.003812
-0.031167
0.026723
0.009819
0.088149
0.125548
0.088228
-0.076322
-0.072673
-0.045266
-0.074700
0.017605
0.020477
-0.021579
0.035456
-0.003121
-0.114772
-0.017676
0.064912
-0.011228
0.095117
0.055312
-0.042664
0.034302
0.080785
-0.007678
-0.046651
-0.038154
-0.031683
0.002824
0.038993
-0.016591
0.017659
-0.029901
-0.048158
-0.034646
0.019567
0.097512
-0.068046
0.028416
-0.007342
0.094142
0.104665
-0.025615
0.004983
0.006307
0.044052
-0.048637
0.025816
0.012461
0.028464
0.026096
0.000663
0.036063
-0.037594
0.013854
0.063872
-0.004215
0.058046
0.040079
-0.017003
-0.020323
0.080082
0.023808
-0.083517
-0.013492
0.079006
0.081364
-0.009822
-0.004548
0.010227
-0.003471
-0.069513
0.061608
-0.026097
0.021815
-0.013293
0.045027
0.050767
0.010584
0.105009
0.113548
0.033380
0.131549
0.005395
0.046725
-0.021480
-0.051137
-0.035895
0.029294
0.065641
-0.072774
-0.054436
-0.012570
0.005994
-0.015355
-0.006083
0.060499
-0.086104
-0.073432
-0.031595
-0.009580
0.034026
0.032823
0.063931
0.029798
0.060593
0.062165
-0.043000
0.053906
0.052637
-0.005108
-0.027835
-0.027548
-0.094314
-0.022360
-0.010300
0.043481
0.042462
0.081970
0.040897
-0.051143
0.025368
0.035604
-0.061204
0.004874
0.007516
0.065070
0.069635
0.048579
0.073790
-0.006856
-0.075313
0.010491
0.013406
-0.012501
0.056325
0.054612
0.038764
0.057164
0.054945
0.011074
0.028276
0.075287
0.054046
0.011635
0.015265
0.081431
0.007778
-0.043569
-0.001267
-0.096958
-0.092779
0.002464
-0.036038
-0.052678
-0.006345
-0.057846
-0.054315
-0.087199
-0.160831
-0.032979
-0.098351
-0.102640
-0.045042
-0.034813
-0.023475
0.006950
0.038243
-0.040535
-0.023719
0.034342
-0.025445
0.033104
0.044135
0.002640
0.066196
0.057760
0.089989
0.025184
0.016569
-0.015106
0.050705
0.012766
-0.011617
0.029911
0.056839
0.073487
-0.023049
0.055658
-0.039761
0.002522
0.062794
0.064564
0.049425
0.040561
0.025794
0.051395
0.068037
0.071381
0.108324
-0.023421
0.086815
0.053310
-0.020805
0.008908
0.055374
0.003001
0.115513
0.137826
0.000920
0.026526
0.009656
0.078321
0.045162
-0.052653
0.091512
0.006006
0.019279
0.055185
-0.008581
-0.023732
-0.026614
0.039673
0.070587
-0.014847
0.014822
0.036436
0.056660
0.097642
0.017468
0.038015
-0.017062
-0.023372
0.049287
0.010365
0.052697
-0.043341
-0.037573
-0.046513
-0.055003
-0.033450
0.001093
-0.036628
-0.046230
-0.001708
-0.067767
-0.058372
0.056908
0.041357
-0.000442
0.035551
0.001024
-0.055584
-0.042792
-0.035776
0.013545
0.011806
0.088830
0.033349
-0.073035
-0.001079
0.031892
-0.031318
-0.075879
0.082797
0.003609
-0.102048
-0.027586
-0.074027
0.013568
0.033493
0.020420
-0.078571
-0.042764
0.012924
-0.030225
0.021569
0.096872
0.060555
0.019547
0.053329
0.013412
0.023684
0.120427
0.041491
0.063177
0.068108
0.044069
-0.074459
-0.007763
0.026423
0.021015
-0.008727
-0.049222
-0.025202
0.009610
0.016851
0.018377
-0.047522
0.024476
0.013304
-0.091632
-0.047934
0.018891
-0.022299
-0.030503
0.020576
0.076690
0.089637
0.044505
0.026845
0.048149
0.045878
0.001406
0.006430
0.073760
0.037285
0.067383
0.053169
-0.038444
-0.044817
0.023137
0.060673
-0.050729
-0.003783
0.066329
-0.002236
-0.100400
-0.035242
-0.011624
-0.031817
-0.101420
-0.008000
0.054576
0.018683
0.008233
0.061827
-0.015009
0.016838
0.084773
-0.004453
0.002897
0.015703
0.007353
0.143135
0.000257
-0.007965
0.024057
-0.031159
0.047444
-0.054599
-0.020238
0.023329
-0.100801
0.004017
0.099299
0.022633
-0.063880
0.017337
0.053495
0.011006
-0.010556
-0.014943
-0.013513
0.073833
0.031539
0.005422
0.035575
0.083587
0.008228
0.024850
-0.043420
-0.065520
0.055401
-0.019743
-0.016390
-0.038011
-0.056101
0.081776
-0.044805
0.042856
0.075959
0.025909
0.041546
0.026685
0.058322
-0.011055
0.026594
-0.042161
-0.013553
0.019051
-0.127061
-0.045077
-0.006855
0.028327
0.093168
0.000323
-0.043464
0.054372
0.094116
0.058184
0.049197
0.065684
-0.013857
-0.073029
0.007393
-0.057481
0.046047
0.042098
0.027406
-0.000936
-0.035465
0.029682
0.051460
0.130120
-0.009429
0.094918
0.081380
0.066978
0.062212
0.062705
0.041375
0.060550
0.013105
0.005348
0.065489
0.030749
0.056416
0.089574
-0.028650
0.029247
0.033288
-0.036925
-0.065787
-0.064721
-0.024230
0.000933
-0.024468
0.000271
-0.023329
0.089059
0.017904
0.010394
0.031841
-0.001856
0.050132
0.003453
-0.068212
-0.004765
-0.022088
0.000332
0.007089
0.015433
0.008474
0.025563
0.024314
0.028907
0.010470
0.034010
-0.008165
-0.040630
0.128470
-0.038270
-0.016521
0.148752
-0.009752
0.034737
0.066058
0.012092
-0.053393
-0.027119
-0.005887
-0.023530
-0.003408
-0.055586
-0.053692
-0.064526
-0.029406
0.000714
0.018114
0.137882
0.143104
0.055900
0.044666
0.057254
0.058702
0.100195
-0.001195
0.017832
0.112327
-0.015386
-0.024451
0.034662
-0.086379
-0.148555
-0.107936
-0.037075
-0.046190
-0.008777
0.150644
0.025516
0.022530
0.087583
-0.016450
-0.025426
0.110177
0.029739
0.027453
0.008587
0.019000
-0.003079
0.089501
0.060306
0.038879
0.024545
0.012559
0.045219
0.082891
0.089764
0.062763
0.126811
0.127493
0.052321
0.011498
0.035885
0.052918
0.066403
0.032531
-0.012200
-0.075917
-0.077400
-0.061831
-0.038272
0.019534
0.060890
0.051741
0.000800
0.074836
0.085244
0.028127
0.068245
0.032576
-0.023480
0.043720
0.026330
-0.032897
-0.022608
-0.105687
-0.088695
-0.016040
0.023183
0.014211
-0.066437
-0.086393
0.032259
-0.013248
0.001279
0.064849
-0.094037
0.046243
0.044161
-0.102577
0.013177
0.036143
0.060726
-0.034583
0.031856
0.048292
-0.015384
0.084919
0.009097
0.047528
0.022869
0.151396
-0.037821
-0.033043
0.031944
0.041829
0.071634
-0.026129
-0.005639
-0.000345
0.010420
0.019894
0.069056
0.041838
0.097789
-0.062535
-0.074105
-0.014295
-0.024373
-0.027382
-0.028301
0.091237
-0.000115
-0.057133
0.029860
-0.032049
0.030094
0.023424
0.004859
0.086806
0.031486
0.111204
0.066070
0.014147
0.055829
-0.004651
-0.007974
0.069705
-0.033553
0.037128
-0.042269
-0.054764
-0.077046
-0.016601
0.051525
0.129065
0.063705
0.056089
-0.000181
-0.012450
0.035883
0.029351
-0.060579
0.024067
0.057717
0.092586
0.029801
0.044942
-0.001241
0.028347
0.017695
-0.014522
0.095344
0.115299
0.070181
0.041713
0.027208
-0.030690
0.014919
0.026747
-0.070486
-0.051515
-0.093790
-0.064569
-0.012665
-0.024149
-0.000844
-0.006156
0.050234
0.057721
0.077088
-0.014819
0.021935
0.061441
-0.011808
-0.004084
0.076337
0.057019
0.055689
0.081085
-0.061369
-0.012272
0.093143
0.080813
0.052439
0.017501
-0.024644
-0.054405
0.074410
0.076648
0.014644
0.004446
-0.005811
-0.018677
0.011102
0.075920
0.046548
0.056257
-0.087691
-0.040293
-0.021544
-0.130618
-0.010501
-0.054007
0.014282
0.041529
0.036512
0.002470
-0.064287
-0.008931
0.016029
-0.012865
0.118356
0.043987
0.074884
-0.026968
0.035204
-0.007342
0.026963
0.010086
0.106795
0.226911
-0.000232
0.055104
-0.022960
-0.038821
0.017963
-0.011996
-0.126736
0.006991
-0.098254
-0.034100
0.025350
-0.020336
0.027672
0.054542
-0.039272
-0.019757
0.027927
0.038874
0.016709
-0.012278
0.017100
-0.075009
0.037682
0.085318
0.023985
0.069018
-0.000802
-0.103722
0.001208
0.045096
-0.027052
-0.001690
-0.021560
-0.066698
0.041729
0.017806
0.039379
0.117376
0.100672
-0.056666
0.129548
0.051482
-0.046734
0.001526
0.002791
0.051945
0.060799
0.028013
0.048867
0.092998
-0.008140
-0.018261
0.032249
-0.060328
0.018014
0.068623
0.035971
-0.039974
-0.045888
-0.044919
-0.074297
-0.031075
0.023395
-0.090655
-0.068785
-0.056871
-0.003975
-0.051906
-0.069831
-0.098787
-0.110889
-0.079359
-0.050605
0.065175
-0.037744
0.010354
0.039494
-0.044386
-0.040390
-0.017374
-0.028026
-0.019762
0.001052
0.005120
-0.089199
-0.025650
-0.019193
-0.014732
0.004116
0.003777
-0.052836
0.032148
-0.026748
-0.030292
0.025303
-0.037679
-0.020207
0.088787
-0.009666
-0.013455
-0.046808
-0.089092
-0.107246
-0.046738
0.102120
0.073145
0.073496
0.057929
0.000952
-0.021789
-0.035505
-0.066153
-0.080417
-0.043136
-0.035464
0.002788
-0.025509
0.035514
-0.055351
-0.057238
0.059940
0.139293
0.070249
0.064595
0.059867
-0.067732
0.014547
0.027424
0.041310
0.099141
0.013545
0.093899
0.141525
-0.082723
0.035903
-0.060125
0.001581
0.149362
0.023742
0.071860
-0.022022
0.027705
0.017984
-0.061628
-0.091073
0.079699
-0.020658
0.032180
0.044040
-0.038569
-0.005410
-0.002480
0.012837
0.092277
0.087068
-0.044559
0.051637
0.039324
0.058921
0.012776
-0.002840
0.088469
0.049163
0.021598
0.125536
-0.028624
-0.097914
-0.016697
0.069741
0.101048
0.048360
-0.076085
-0.095912
-0.000998
-0.024546
0.034120
0.063965
0.009631
0.036405
0.043394
0.038028
0.059015
-0.007518
-0.030954
0.003611
-0.031493
0.005327
0.023587
0.054673
0.107081
0.029944
0.088796
-0.054656
0.059223
-0.050659
-0.089525
-0.105924
-0.053863
-0.027532
-0.004967
-0.011304
0.016155
0.010527
-0.041547
0.015966
0.030816
-0.006849
-0.039542
-0.068377
-0.074209
0.037728
0.046084
0.014743
-0.035478
0.015376
0.012984
-0.019856
-0.025063
0.050187
-0.012560
-0.058572
0.059532
0.039762
0.113866
0.060699
-0.038768
-0.036390
-0.036220
-0.030615
-0.033760
0.003457
0.000929
-0.092096
-0.041422
0.010798
-0.162210
-0.001841
0.028638
-0.076736
-0.025868
-0.037968
0.045634
0.104381
0.068378
-0.013429
0.016602
-0.026132
-0.016866
-0.015827
0.031682
-0.012625
0.057357
-0.002287
0.049913
0.065990
-0.049614
0.000148
0.036982
-0.001013
0.055547
0.114812
0.084480
0.043160
0.113813
0.054451
0.085898
0.020256
0.058048
0.067898
0.018097
0.014202
-0.025304
-0.019573
0.022334
-0.052018
-0.071005
-0.035411
0.057371
0.051003
-0.068917
-0.026599
-0.124529
-0.018451
-0.070446
-0.043730
-0.003229
0.006931
-0.019774
-0.085182
-0.034294
-0.016821
0.035479
-0.007963
0.068748
0.027887
0.024474
0.083128
-0.019746
-0.051741
0.060345
0.064608
0.026135
0.092227
0.035279
-0.011305
-0.037686
-0.000002
0.001225
0.044333
0.083219
-0.014231
-0.011228
0.111360
-0.091876
-0.082682
-0.055369
-0.070238
-0.049329
0.016113
0.070484
0.008846
0.022771
-0.050925
-0.027739
0.010166
0.002591
-0.043431
-0.000717
-0.102645
-0.034636
-0.046456
0.024532
0.048975
-0.017797
0.004585
-0.057545
0.071095
0.069281
0.043848
0.064303
0.124738
0.096587
-0.039754
0.074178
0.105318
-0.048772
0.001288
0.096165
0.017503
0.040202
-0.005874
-0.049658
-0.052346
-0.070933
-0.023169
-0.049446
-0.027202
0.040562
0.035975
-0.006346
0.033716
-0.027734
-0.000640
0.012133
-0.008013
0.061474
0.047104
-0.093176
0.019326
0.013637
0.004039
-0.005504
-0.056947
-0.024859
-0.010636
0.004127
0.082916
0.045001
0.055805
0.045630
0.011802
-0.004875
0.017077
-0.022295
0.027163
-0.017663
-0.046394
0.059515
0.040424
0.050477
0.092012
-0.023508
0.068788
0.013442
0.056990
0.055105
0.028334
0.030568
0.047816
0.016614
0.113218
0.077463
0.042298
0.058971
0.005430
0.004721
0.024940
0.028416
0.079159
0.032112
0.108783
0.021935
0.039006
0.082235
-0.009974
0.024583
-0.044781
0.088487
0.029187
0.031290
0.120712
0.088106
0.155836
0.098509
0.007549
-0.017144
-0.061627
-0.072877
-0.037698
-0.074853
0.013730
-0.050448
-0.043060
0.029599
-0.038251
-0.068271
0.060001
-0.038496
-0.024391
0.002214
-0.058703
0.018670
-0.008655
0.099429
0.083543
0.021251
0.055641
0.025245
0.076733
0.020785
0.058308
0.038846
0.053924
-0.029823
0.029172
-0.013638
-0.023364
-0.047486
-0.063393
0.045816
0.062573
-0.020462
0.101636
0.004115
0.036333
0.052780
-0.032558
0.001997
0.053783
-0.053613
-0.003035
0.023589
-0.037591
-0.016001
0.082121
0.049265
0.006952
0.044801
0.030636
0.046186
-0.022774
-0.050430
0.033368
0.066083
0.091208
-0.017283
-0.044381
0.032374
-0.115396
-0.030677
-0.074358
-0.020607
0.056064
0.038155
0.030460
-0.004639
0.051768
0.076409
-0.001432
0.055813
0.060114
0.045666
-0.003857
-0.038718
-0.100482
-0.055541
-0.057071
-0.013929
-0.040725
0.037513
0.086658
-0.047379
-0.043329
-0.058819
-0.059851
-0.016744
-0.057540
0.040746
0.031044
-0.003294
0.012601
0.045255
-0.056666
-0.016802
-0.001321
-0.069362
-0.051288
-0.141726
-0.081540
0.008201
-0.011209
-0.020046
-0.007257
0.077333
0.099529
-0.033734
-0.018726
0.002138
-0.029691
0.004541
0.053728
0.008370
-0.006338
0.074778
-0.056782
0.041437
-0.033424
-0.000376
-0.053047
0.033663
0.050188
0.074188
-0.048379
0.029310
0.087946
0.033413
0.026821
-0.027366
0.073278
-0.032261
0.017807
-0.104890
-0.060468
-0.020856
-0.090603
0.006852
0.063815
0.008386
0.008426
-0.003264
-0.005901
-0.058106
0.001242
0.004316
-0.044488
-0.108311
0.022070
-0.006935
0.011009
0.003941
-0.093546
0.007654
0.034745
0.061477
0.057082
-0.069186
0.074651
0.046507
0.011202
0.121927
0.079947
-0.066508
0.116646
0.071342
-0.070886
0.003335
-0.044164
0.030017
0.078108
0.017329
-0.003393
-0.020741
-0.048566
-0.014489
-0.030225
0.108747
0.047169
-0.024845
0.074008
-0.041505
0.068361
0.000865
-0.031242
-0.000800
-0.022085
-0.062611
-0.039324
0.035797
-0.067670
0.045353
0.037518
-0.012337
0.017343
0.052476
-0.010788
-0.001720
0.060772
0.077576
0.123694
0.036830
-0.078098
0.066549
-0.044729
-0.060655
0.123143
0.011488
0.015890
0.069748
0.018973
0.005257
0.037404
0.015473
-0.024658
0.029450
-0.005922
0.002317
0.068995
0.018479
-0.060891
0.020912
-0.010136
0.014490
0.030516
-0.036384
-0.001620
-0.020665
-0.100769
0.053786
0.007887
-0.071746
-0.063108
-0.087047
0.005733
0.010784
-0.028037
-0.002937
-0.072530
-0.103313
0.000558
-0.020681
-0.004472
0.023930
0.000417
0.016282
0.029609
0.039568
-0.004644
-0.031738
-0.034049
-0.042292
0.061591
0.076562
-0.034013
0.067402
-0.030546
0.047470
0.044168
-0.027597
0.081767
-0.018870
-0.047737
-0.056749
0.033559
0.010726
0.003972
-0.041722
0.010325
-0.052331
-0.119222
0.013512
-0.001887
0.077686
0.035746
0.027302
0.086944
0.066551
-0.012928
0.083155
-0.024708
-0.031619
-0.076684
-0.133505
-0.036996
0.039216
-0.057844
-0.030042
-0.033211
-0.031656
0.103800
0.037065
-0.008657
-0.002808
-0.046371
-0.022895
-0.057931
-0.000714
-0.015990
-0.109007
0.022491
-0.002865
0.013860
0.054802
0.012458
0.029421
-0.012058
-0.063723
-0.110523
-0.077372
-0.088093
-0.047360
-0.014243
-0.046732
-0.055002
0.001818
-0.045341
-0.056436
-0.005196
0.097221
0.054942
0.069849
0.034963
0.051776
0.094381
-0.019963
-0.031434
-0.088810
-0.025732
-0.013774
0.043276
0.086323
-0.011642
0.098751
0.023545
-0.009448
0.100013
-0.040759
-0.047096
0.115190
0.089159
0.024654
0.039496
0.018409
0.062663
0.076882
0.105167
0.078247
0.007285
-0.024329
0.035105
0.123415
0.052146
-0.058103
-0.048121
-0.039097
-0.033449
-0.116814
-0.051677
-0.026476
-0.038317
-0.019601
0.006072
0.023591
-0.045020
0.042135
0.049799
0.034436
0.054450
0.050249
0.021649
-0.014844
-0.057378
-0.077414
-0.093261
-0.066815
-0.086538
-0.023238
0.056841
-0.028692
-0.022232
0.018191
-0.040776
-0.085591
-0.068395
-0.046981
-0.025613
0.050138
0.085016
-0.024866
0.010997
0.001579
0.047066
0.050889
-0.044962
0.019750
-0.005321
0.062770
-0.005778
0.057120
0.081108
0.043954
-0.025810
0.043350
-0.031202
0.032801
0.065575
-0.011720
0.070835
-0.064375
-0.100661
0.037132
-0.029398
0.062366
-0.083676
-0.034297
0.080794
-0.107972
-0.044738
0.044258
-0.040413
0.089562
-0.037045
-0.008516
-0.044733
-0.038237
0.031745
0.064048
0.009881
0.060793
0.030724
0.017183
-0.019527
-0.011587
0.068045
0.016819
-0.014012
-0.040679
0.022139
0.047467
-0.114904
-0.082249
-0.038556
0.019552
-0.010969
-0.071130
0.043147
0.096106
0.009557
0.026260
0.028901
-0.057101
-0.052223
0.009441
0.045968
0.020252
0.008104
-0.051722
-0.100878
-0.028332
0.076504
0.012680
0.023055
0.082290
0.004155
-0.019195
0.077789
0.060922
0.006316
0.017758
0.008142
-0.010848
0.042224
-0.031329
0.044975
0.037108
-0.019426
0.034661
0.066416
0.067673
0.001889
-0.085706
-0.037907
0.004348
0.054166
-0.044405
-0.077840
-0.064635
0.006901
-0.011035
-0.011161
0.043657
0.057373
-0.057476
0.073497
0.043476
0.032748
0.015805
0.033451
0.014090
0.056507
0.143618
0.045229
-0.048069
-0.007809
-0.008376
0.069227
0.005229
-0.026631
0.062175
-0.040783
-0.051556
0.098804
0.007310
0.068327
0.001538
0.002502
0.112965
-0.046619
-0.030415
-0.037140
0.030240
0.028331
-0.002761
0.049737
-0.004888
-0.025490
0.015819
-0.081966
-0.120460
-0.102653
-0.085323
0.009410
-0.056691
-0.028660
0.118872
0.081587
0.059313
0.054778
-0.003466
0.074544
0.087784
0.057986
0.036454
0.056000
0.145164
0.008822
0.053060
0.038483
0.023079
0.100214
0.015631
-0.060845
0.068380
-0.018695
0.090976
-0.004883
-0.015525
0.023398
-0.019846
-0.038206
-0.055500
-0.040483
0.026227
-0.001112
-0.040921
0.045042
0.055832
0.075886
0.026560
-0.007136
-0.065083
-0.063522
-0.005410
-0.024858
0.006801
-0.013856
0.059419
0.097320
-0.075082
0.091645
0.010148
-0.053990
0.023681
-0.004592
0.035403
0.015917
0.138891
0.093832
-0.014194
-0.036980
-0.058310
-0.058276
-0.069717
-0.068305
-0.008526
0.082495
-0.023698
0.014877
0.031561
-0.001465
0.049265
-0.037208
-0.005015
-0.011092
-0.024033
-0.074598
-0.013242
-0.070052
-0.097673
0.011793
0.021521
0.011428
0.048754
0.067058
0.074373
-0.029325
-0.001180
-0.001501
0.009925
0.035009
-0.004523
-0.017454
-0.025270
0.012022
0.081664
0.010238
0.066185
-0.010028
0.082961
0.082259
0.051270
0.108354
0.065295
0.060277
0.049378
-0.007057
0.083813
-0.000672
-0.051189
0.053855
0.017213
-0.020881
-0.011314
0.021640
0.030681
-0.010415
0.004568
0.113591
0.016242
-0.092126
-0.047637
-0.090285
-0.003067
0.024607
-0.016744
0.007012
0.080684
0.047606
-0.006895
-0.030469
-0.025968
-0.046058
-0.054502
-0.009463
0.098564
-0.021295
-0.035968
-0.040075
0.018340
-0.052425
0.016964
-0.077947
0.006247
0.105898
0.024290
-0.016765
-0.055926
-0.028594
-0.067115
0.072986
0.086738
0.106490
0.073731
0.074918
0.093112
0.011811
0.076512
0.093803
0.034006
0.031237
0.022421
-0.005365
-0.003811
0.015154
-0.002846
0.003644
0.005018
0.017388
0.068599
0.013181
0.042808
0.000297
0.013369
-0.088189
0.012682
0.053591
0.053138
0.042838
-0.000972
0.023314
0.042582
-0.030904
-0.007004
-0.004767
-0.008858
-0.040625
-0.067989
-0.057806
-0.035480
0.021164
0.031993
0.005906
0.026643
0.104073
-0.016063
0.026828
0.026668
0.015218
-0.007888
0.082340
0.082609
0.032770
-0.058404
0.004917
0.072848
0.003711
-0.067717
0.025609
0.047527
0.021895
0.062676
-0.001255
0.036699
0.108271
-0.027582
0.049377
0.063384
-0.010487
-0.062595
0.081955
0.057843
0.079195
0.056383
-0.039184
0.109205
-0.047938
-0.064785
0.023999
-0.032150
0.018791
0.106017
-0.014224
-0.004626
0.049784
0.045993
0.041693
-0.049042
0.001496
-0.033451
0.058589
0.021363
0.052146
0.068468
-0.039869
-0.084827
-0.043896
0.071703
0.002385
-0.074765
-0.013435
-0.024388
0.056076
-0.056735
-0.073406
-0.009617
-0.005877
-0.061606
-0.104093
-0.094141
0.021690
-0.014111
0.036441
-0.020445
-0.066486
-0.001408
0.094532
-0.013936
0.004290
0.066855
0.050528
0.014167
0.011138
-0.034350
0.038805
0.022449
-0.106495
-0.014976
-0.064287
0.024072
0.077086
0.051150
0.024295
-0.024351
-0.040045
0.018858
0.095295
0.062482
-0.003282
0.005314
-0.011681
-0.009662
0.101395
0.043613
0.006678
0.091113
0.037176
0.059618
-0.026191
-0.040807
0.027400
-0.042021
-0.019774
0.018394
-0.039255
-0.035828
0.011413
0.006985
0.024070
-0.028519
-0.004171
0.004353
-0.010651
0.024949
-0.001759
0.018059
0.090341
0.035742
-0.084056
-0.083249
-0.039496
-0.029040
0.056935
0.091767
-0.060705
-0.027766
-0.020033
-0.015066
0.061152
0.124433
0.017554
0.057266
-0.000461
-0.075712
0.079301
-0.007414
0.010292
-0.010540
-0.011693
0.027981
-0.020860
0.031320
0.034743
-0.064725
0.035760
0.002605
-0.055779
0.015333
0.062953
-0.013249
0.005839
0.011344
-0.009351
0.046645
0.055885
-0.001911
0.004695
0.093901
0.030994
0.021379
-0.059370
0.018983
0.077102
-0.025639
-0.077111
-0.028268
0.038257
0.012626
-0.024167
0.005242
0.064174
-0.035446
0.034085
-0.068678
-0.095077
0.014916
-0.029619
0.115493
0.048939
-0.049894
0.051740
0.018149
0.050365
-0.001173
0.014058
0.045399
0.049214
-0.002427
-0.002988
-0.001606
-0.032585
0.027152
0.065406
0.005676
0.015344
0.050992
0.047341
0.012088
-0.012917
-0.009251
0.034697
0.002504
0.047885
-0.005377
-0.041148
0.037138
-0.048393
0.021038
0.047374
-0.016735
0.058094
0.059701
-0.009803
-0.049819
-0.016457
-0.014982
-0.017396
-0.024891
0.019542
0.020873
0.019321
-0.047874
-0.008342
-0.018464
-0.002264
-0.031116
-0.060215
-0.077396
0.047624
-0.081000
-0.021732
0.010089
-0.068158
0.050821
0.046464
0.144976
0.116947
0.081483
-0.015606
0.026757
0.001238
-0.005474
0.077452
-0.024933
0.028746
-0.029999
-0.047206
0.043683
-0.024886
-0.033093
-0.017625
0.005800
-0.078147
0.063571
0.078531
-0.005671
0.130558
0.011244
-0.058274
0.033894
-0.026044
-0.039751
0.019599
-0.059645
-0.052364
0.007310
0.045711
0.053855
0.034347
0.154292
0.123012
0.050153
0.012601
-0.029947
0.014388
-0.116342
0.005957
0.057691
-0.017231
0.083500
-0.048369
0.034957
0.051277
-0.076476
-0.007317
-0.015691
0.038015
-0.069412
0.016409
-0.004851
-0.028446
0.024685
0.007137
-0.017713
-0.088850
-0.058551
0.061786
0.072087
0.055690
0.040795
-0.090403
-0.002442
-0.045556
-0.082956
-0.036074
0.054423
0.014180
0.040396
0.027368
0.018124
0.127716
0.026580
0.014926
0.034894
-0.023626
-0.041973
-0.097019
0.049918
-0.047302
-0.111542
-0.040639
-0.085582
-0.037720
-0.002428
-0.043530
0.001158
0.001759
0.049011
0.022764
0.048405
-0.014177
-0.040123
0.023605
-0.003698
0.021677
0.079577
0.011677
0.081442
-0.006379
0.120985
0.030754
0.021184
0.069371
-0.070210
0.064596
0.121717
0.042781
0.044444
0.043191
0.023240
0.069227
0.061966
0.074475
0.042995
0.058678
0.021770
0.005526
0.050852
-0.008521
0.035074
0.071383
0.127538
0.031581
0.037272
0.090447
-0.095502
-0.027809
-0.085217
0.015992
-0.028783
0.038438
0.022907
0.056197
0.091859
0.027886
0.039698
0.099419
-0.012004
-0.049323
0.021847
-0.080252
-0.009274
0.062382
0.033805
0.026730
0.014656
-0.054789
-0.079622
0.070052
0.044881
-0.020370
0.022728
-0.001344
0.023839
0.042256
0.057922
0.025321
-0.056641
-0.033416
0.041474
-0.045095
-0.029227
-0.014270
-0.028920
0.075537
-0.016559
0.001725
0.031456
0.060925
0.083407
-0.044556
0.064396
0.015619
-0.088263
-0.048610
-0.098321
-0.061209
-0.068295
-0.114104
0.117450
0.021316
0.003614
0.041394
-0.005449
-0.016979
0.072069
0.104391
0.024820
0.009474
-0.022585
-0.001026
0.086169
0.017383
0.028640
0.042353
-0.001789
-0.016322
0.056975
0.026392
0.008592
-0.048035
-0.095290
-0.033092
0.089919
-0.009526
-0.009087
0.001324
0.025105
0.080217
-0.038238
0.063975
0.051328
0.012793
0.003094
0.048762
0.079698
-0.008592
-0.004814
0.107396
-0.019866
-0.025161
-0.008597
0.039975
0.073487
0.048596
0.060271
0.051823
0.108021
-0.021589
-0.004428
-0.009002
-0.068450
0.031717
0.003590
-0.003441
-0.103372
-0.062372
0.110637
0.104001
-0.018550
0.069884
-0.040486
-0.006404
0.042110
-0.043730
-0.027991
-0.126817
-0.096299
0.066772
0.026098
0.007722
0.152483
0.107264
-0.015032
0.115107
0.018106
-0.046136
-0.041793
-0.028086
0.118662
-0.007841
0.101500
0.012033
0.002317
0.087086
0.115540
-0.027901
-0.016962
0.038261
-0.076843
0.006570
0.150059
0.029822
0.026304
0.025994
0.040177
0.005413
0.046454
0.027717
-0.005856
-0.013031
-0.001545
0.107532
0.104383
0.097945
0.046539
0.043763
0.093551
0.020046
-0.027441
0.046275
0.002165
-0.038811
0.080980
0.046954
-0.003738
0.069902
0.007273
0.010857
-0.003934
-0.012888
-0.029134
0.003108
0.010952
0.019061
0.068042
0.107056
0.069107
0.029500
0.013980
0.058982
-0.023820
-0.004474
0.012794
-0.031412
0.006550
-0.020973
-0.015247
0.046398
0.076694
0.019088
0.020940
0.040108
-0.081711
-0.045431
0.078427
-0.017537
-0.033701
-0.039308
-0.003926
-0.027007
0.008638
0.016134
0.075375
0.079171
0.068749
0.073571
0.025547
0.042442
-0.001424
-0.015847
0.035963
0.021030
0.037153
-0.009822
-0.036812
0.046701
0.033629
-0.055058
0.025841
0.046615
0.033143
-0.010659
-0.086662
-0.007201
-0.045430
0.017184
0.093131
0.025391
0.051180
0.004755
0.007312
0.126885
0.043473
0.020566
-0.010177
-0.045761
-0.016982
0.043056
0.068033
0.046731
0.120253
0.108519
-0.044866
0.071929
0.087873
0.015760
0.016351
0.045926
0.039767
0.080227
0.081060
0.017850
0.001494
0.015366
-0.040906
-0.020272
-0.010957
-0.035726
-0.042812
-0.101847
-0.020793
0.020987
0.102272
0.079032
0.049965
0.116038
0.075787
0.031052
0.067974
0.036025
-0.017619
0.046286
0.032970
0.088906
0.115515
0.028865
0.022829
0.014743
0.028512
0.013396
-0.061435
-0.040441
0.065825
0.008530
-0.037925
-0.065551
-0.013609
-0.057380
-0.132315
-0.020105
0.051718
-0.054412
-0.060150
-0.078168
-0.137080
-0.042601
-0.031296
0.053202
0.016966
-0.037992
-0.008640
-0.001646
-0.066340
-0.105277
-0.032772
0.032697
0.031279
0.071695
0.049299
-0.081316
0.060266
0.005825
-0.039393
-0.029902
0.025816
-0.009716
-0.031577
0.047059
-0.021397
0.064543
0.018687
-0.002299
0.052514
-0.017572
0.062124
0.046645
0.043397
0.030585
0.059411
0.060802
0.018483
0.016059
-0.028670
0.055495
0.033669
-0.046716
-0.024092
-0.029310
-0.020384
0.058187
-0.046670
-0.007319
0.033980
-0.057525
0.015684
-0.020725
-0.059206
-0.016258
-0.051185
0.058793
-0.008212
-0.040726
0.022101
-0.024028
-0.081768
0.004363
-0.035765
0.004429
0.088903
0.086408
-0.007421
0.021526
0.067385
0.053239
0.107586
-0.054503
-0.024866
0.001388
-0.065287
-0.047245
-0.032478
0.086686
0.011906
0.045634
0.055773
-0.029210
0.012956
0.061735
0.090362
0.005412
0.054714
0.038892
-0.087050
-0.067582
-0.035563
-0.056393
0.025179
0.037279
0.024325
0.054216
-0.024363
0.025768
-0.002916
0.032380
-0.081394
0.024843
0.045528
0.029855
0.023744
-0.105283
0.031452
-0.030130
0.102213
0.043908
-0.043119
0.119609
0.097571
-0.030451
0.073567
0.042155
0.093387
0.131312
0.081172
0.114083
0.125068
-0.004013
0.052564
0.031358
-0.071755
0.073832
0.029621
-0.017363
0.099244
0.044700
-0.046153
-0.015163
-0.007556
-0.035831
-0.023069
0.046719
0.020336
-0.068605
0.021655
-0.055714
-0.051297
0.039673
-0.020061
-0.033470
-0.014390
0.044645
0.016990
-0.059126
0.011161
0.028315
-0.039278
0.002440
-0.062865
0.050197
-0.033701
-0.033750
-0.048679
-0.013938
0.043294
0.017845
0.049457
-0.043173
0.052881
0.078592
-0.107204
-0.079077
0.064314
0.026295
0.101282
-0.050630
0.078547
0.031121
0.028508
0.058577
0.018749
0.133629
0.021399
-0.011829
-0.003934
-0.105398
-0.028274
0.053074
-0.003158
0.036180
0.108493
0.067884
0.055339
0.102976
-0.008417
0.006616
0.052180
0.064941
0.039866
-0.026512
0.014905
0.069875
-0.059768
-0.072872
0.001184
0.020158
-0.041611
-0.000848
0.001637
-0.021247
0.010785
0.031018
0.034338
0.033042
0.021394
0.002194
0.001559
0.040241
0.023785
0.100492
-0.002263
-0.077708
-0.084008
-0.016654
0.093102
0.061446
0.024934
0.014707
0.067482
0.104349
0.056417
-0.004216
0.044696
-0.082357
-0.042143
-0.033203
0.035593
0.066097
0.054438
0.065415
-0.024520
0.034926
-0.002017
0.001167
0.036142
-0.001233
0.075452
0.050909
0.014738
0.016041
0.008692
0.040876
-0.037308
-0.096219
0.091048
0.048238
0.035432
0.049027
-0.047126
-0.012456
0.038674
-0.045655
-0.009219
-0.037115
-0.039343
-0.043481
0.060700
0.033579
-0.027207
0.047931
0.045859
0.034763
-0.048629
0.020401
-0.019271
-0.066430
0.003037
-0.065540
-0.006225
-0.062575
-0.085955
-0.063409
-0.074474
0.002708
0.054702
0.047811
0.009376
0.038482
0.034363
0.036828
-0.001897
-0.046510
0.037254
0.019687
-0.059305
-0.005534
-0.050986
-0.089660
0.052975
-0.083326
0.130669
0.075361
0.012241
0.078747
-0.053771
0.085761
0.044359
0.031340
0.047863
0.055703
0.061637
-0.046331
-0.040875
-0.015319
0.022469
-0.009221
0.003237
-0.038206
0.054677
-0.132556
-0.067217
-0.014103
0.021176
-0.025048
-0.016934
-0.035810
-0.021499
0.017608
-0.049994
0.044281
-0.043974
-0.042296
0.004923
0.006945
-0.032038
0.080298
0.054184
0.001187
-0.015238
-0.000765
0.050101
-0.019713
-0.070299
0.087798
0.064947
-0.024713
-0.000808
0.042841
0.022064
-0.072844
0.005728
0.035404
-0.024401
0.056322
0.097747
0.024308
-0.050598
0.113792
0.110421
0.008755
0.005201
0.000248
0.002945
-0.031448
0.035693
0.018988
0.105009
0.067915
-0.048544
0.012080
0.003509
-0.125741
-0.060056
-0.047208
-0.039338
-0.056573
0.036600
0.069047
0.021046
-0.004078
-0.030101
-0.009011
0.039383
-0.067371
0.018455
0.051361
0.067640
-0.052049
-0.021247
-0.012523
-0.089032
-0.057484
0.043086
0.045602
-0.013828
0.070168
0.050385
0.052928
0.044962
0.028523
-0.008367
-0.009593
0.077536
0.008998
0.005009
0.059045
0.051965
-0.010801
0.073147
-0.012950
-0.009779
0.020403
0.065045
0.103898
0.068038
0.045783
-0.093900
-0.081813
-0.019681
-0.069750
-0.084689
-0.062436
-0.017852
0.010209
0.015257
0.021008
0.022896
0.069633
0.024795
0.005812
-0.000753
-0.062568
-0.037171
-0.072042
-0.080404
-0.059243
0.002890
0.051965
0.091575
-0.021659
-0.068402
-0.008296
-0.143109
0.029406
0.029669
-0.054527
-0.046156
-0.076417
-0.066798
0.024383
0.000581
-0.043350
-0.044233
-0.000675
0.092783
-0.035203
-0.000174
0.007306
-0.012644
0.039403
-0.018803
0.034281
-0.069943
-0.010441
0.016612
-0.001652
-0.004812
0.053047
-0.024778
0.007078
0.020219
-0.017768
-0.016008
-0.031848
-0.031958
-0.025366
-0.020008
0.046695
0.041743
0.105689
0.126051
-0.026765
0.031592
-0.049454
-0.000304
-0.019803
-0.032246
-0.036934
0.026064
0.059416
0.040170
0.011759
0.037507
0.061648
0.017499
0.056267
-0.002423
0.007044
-0.023020
-0.008694
0.044390
-0.006983
0.063706
-0.029838
0.039619
0.062692
-0.102813
0.108506
0.048758
-0.019505
-0.004686
-0.160707
-0.091875
-0.111261
-0.012634
0.065844
-0.017858
0.068993
0.095027
0.036532
0.089441
-0.026862
0.023134
0.055732
0.093686
0.052615
0.081235
0.035724
0.016381
0.077305
0.116223
0.086734
-0.028426
-0.044374
0.016504
0.054437
0.012975
0.032745
0.017917
0.027822
0.016337
-0.020311
0.022896
0.089138
0.086280
0.039728
-0.001631
0.009292
0.069504
-0.019249
-0.098035
0.048019
-0.021165
-0.063095
0.033838
0.059071
0.008568
0.093555
0.075283
0.029135
0.063196
0.036049
-0.085146
0.024682
0.090061
0.115787
0.075729
-0.013154
-0.000267
-0.038102
-0.025645
0.037603
0.079516
-0.021494
0.078262
0.026995
0.067741
0.055447
-0.027794
0.038249
0.070126
-0.040533
0.012064
-0.032878
-0.017658
-0.052671
0.026914
0.089936
0.003969
-0.021808
0.016514
-0.031050
0.023477
-0.003765
0.003013
0.007957
-0.003504
-0.105184
-0.142912
-0.011977
-0.000143
0.040696
0.012089
-0.021456
0.055996
-0.024571
-0.066258
-0.020320
-0.052415
-0.082981
-0.116127
0.028930
-0.007807
-0.008756
0.099889
0.044298
0.021434
0.001350
0.021225
0.034997
-0.068416
-0.074197
0.015605
-0.085683
-0.042763
-0.064392
-0.079657
-0.038089
-0.059791
-0.049804
-0.019892
0.037810
0.049548
0.074895
-0.033381
-0.013429
0.082141
-0.102960
-0.036926
-0.035913
0.075576
0.111405
-0.095380
0.027826
-0.001243
-0.012242
0.050464
0.046505
0.107072
-0.029180
-0.043619
-0.049158
-0.041951
-0.036653
-0.054577
0.033351
0.037578
0.031497
0.059865
0.123287
0.051545
0.014071
0.003537
-0.014829
0.063516
-0.017204
0.022019
0.023319
-0.016994
0.017942
-0.033358
0.074247
0.034121
-0.035777
0.008077
0.024361
0.003664
-0.068387
-0.035993
0.011889
-0.016398
-0.014486
0.006854
-0.024987
-0.013148
-0.065231
-0.031077
0.042661
-0.014726
0.043988
0.033060
0.021740
0.048251
0.023611
-0.002547
0.036474
0.073944
0.044461
0.010588
0.039993
-0.028858
0.001248
-0.057977
-0.073465
-0.024574
-0.045050
-0.026459
0.010297
0.038370
0.093053
0.039274
-0.023910
-0.022779
0.047135
0.033931
0.065608
0.173493
0.036784
0.019377
0.039925
0.078409
0.032953
0.048818
0.066041
-0.053858
-0.107186
-0.002802
-0.021906
-0.076449
-0.019376
-0.006008
-0.017469
-0.035492
0.011307
-0.093980
-0.028671
-0.034380
-0.032701
0.092737
0.043623
-0.114672
-0.052321
-0.048029
-0.041235
0.008242
0.002748
-0.049131
0.050309
0.082356
0.056115
0.036230
0.057018
-0.006533
-0.094680
0.005644
0.012456
-0.036085
0.076096
-0.074928
-0.064226
0.080239
-0.029549
0.058899
0.103285
-0.041195
-0.022120
-0.025234
0.046363
0.038586
-0.047222
0.016616
0.119913
-0.075378
-0.018350
-0.020655
-0.045277
0.064055
0.049982
0.025972
0.066216
-0.000352
0.010935
0.042083
0.000666
0.074994
0.045113
0.028223
0.094253
-0.005934
0.010887
-0.015002
0.059953
-0.049615
-0.080118
0.065290
0.011812
-0.017504
0.012887
0.008975
-0.024974
-0.039294
-0.027488
0.039951
-0.002704
0.033624
0.044217
0.063709
-0.031906
0.047617
0.018249
-0.029219
0.014884
-0.028043
-0.003690
0.035462
0.082295
0.125608
-0.036465
-0.014784
0.083500
0.071700
-0.033496
0.083795
0.011349
0.022356
0.120795
0.082279
0.014158
-0.012359
-0.060239
0.038075
-0.056254
-0.122288
-0.026741
0.066651
0.086842
0.022006
-0.090095
0.012035
0.017322
-0.053250
-0.056885
-0.049260
-0.059650
-0.037598
0.054365
-0.047662
0.047105
0.062030
-0.003758
-0.070640
-0.001836
0.031240
0.036726
0.030357
-0.034827
-0.043433
-0.050081
-0.006883
-0.048905
-0.047819
-0.004627
0.004392
-0.032944
0.003623
0.086721
0.106708
0.058565
0.045239
0.045232
0.112127
-0.006412
0.037027
0.032457
0.090919
-0.006967
-0.044802
-0.047331
0.004502
0.038854
-0.021930
-0.017852
-0.052099
-0.059453
-0.106325
-0.081963
-0.006692
-0.004360
0.007524
0.003618
0.029562
0.022374
-0.087890
-0.023912
-0.083791
0.015693
-0.046059
-0.044032
-0.106241
-0.117994
-0.045364
-0.037637
-0.043930
0.027365
-0.015082
-0.033220
0.011924
0.025911
-0.015269
0.053928
0.069155
0.031254
0.013189
0.021170
-0.001213
0.147355
0.056049
-0.045525
0.003435
0.036808
-0.009208
-0.071785
-0.046007
0.084747
0.061616
-0.014417
0.070289
-0.042021
0.010562
-0.007556
0.001933
-0.002993
0.003594
0.118795
0.050006
-0.062199
0.108996
0.058399
0.103217
0.081593
-0.013856
-0.025945
-0.051056
-0.078330
-0.026557
0.032352
0.030900
-0.040113
-0.034766
0.011739
0.065331
-0.067373
-0.052457
-0.001921
-0.019256
-0.071267
-0.073694
-0.036450
-0.054113
-0.075141
-0.043825
-0.084084
0.007467
0.083534
0.007934
0.014553
-0.002790
-0.088235
-0.031638
-0.013610
-0.107306
-0.014041
-0.035242
0.019706
0.131695
0.086499
0.075105
0.005122
0.119280
0.043680
-0.005604
-0.010246
0.040830
0.040758
0.014588
0.055204
-0.060738
-0.031300
-0.068671
0.036005
-0.005049
-0.133599
-0.025640
0.023389
0.023934
0.047743
-0.003412
-0.041931
0.039787
-0.046231
-0.033351
-0.049516
-0.097144
0.078884
0.019351
0.000001
-0.048510
-0.024458
-0.024363
0.034274
0.067077
-0.033888
-0.088127
-0.079240
-0.048860
0.067055
0.012946
-0.038224
-0.006025
0.102109
0.169634
0.027597
-0.026462
0.085989
0.040282
-0.056589
-0.012687
0.052320
0.133484
0.086888
-0.009916
0.029654
0.028256
0.120420
0.068524
0.016907
0.099414
0.229687
0.155393
0.059881
0.079202
0.053403
-0.055590
-0.075852
0.037290
0.001683
0.000246
0.029924
0.020843
0.036909
-0.024273
0.077376
0.007712
-0.160475
0.032697
0.008062
0.095528
0.084605
0.039476
0.085321
-0.066414
0.048404
0.014065
-0.026205
-0.045816
0.061863
-0.015447
0.007769
-0.028144
0.056426
0.056347
0.016666
0.046903
0.060299
-0.029452
0.032922
0.048238
-0.094674
-0.001880
0.021926
0.083705
0.086174
0.004412
0.047051
0.003851
0.011059
0.032092
-0.011800
0.064181
0.028046
-0.061645
0.122865
0.070513
-0.030249
-0.022820
-0.046749
-0.016733
0.046810
-0.044055
-0.028284
0.014654
-0.028746
0.074679
0.134760
0.109056
0.045723
0.092245
0.059049
-0.001498
0.043271
0.095350
0.103166
0.065773
0.054192
0.033644
-0.083918
-0.091044
0.007092
-0.023520
-0.089970
0.014457
-0.006295
0.064114
0.063449
-0.009361
-0.001514
0.020511
-0.002051
0.035990
0.046010
0.005375
-0.033373
-0.061839
0.039308
0.069572
0.084374
0.013190
0.008364
-0.007472
-0.055393
0.006915
0.033240
-0.131983
-0.058060
0.044429
-0.017950
-0.049589
-0.120816
-0.060788
0.058047
0.019548
-0.038183
-0.051316
-0.055492
0.019515
-0.033827
0.011726
-0.006089
0.013209
0.049091
-0.094390
-0.057003
0.005178
-0.049339
-0.100829
-0.051855
-0.037113
0.028137
0.045895
0.007376
0.015738
-0.020767
-0.038171
0.100762
0.043951
0.091973
0.132219
0.116582
0.123336
0.087208
0.091460
0.079294
0.072151
0.025401
0.060529
-0.042494
0.001111
0.002521
0.009906
0.108019
0.126451
0.096366
0.093391
0.010146
-0.067564
0.028867
0.033682
0.019945
-0.040749
-0.050507
-0.016767
-0.079685
0.011382
-0.032178
-0.055713
-0.014013
-0.094325
-0.071101
-0.037764
0.096774
0.069548
0.046520
0.027345
0.004236
-0.000039
-0.031010
0.026782
0.021266
0.032598
0.001245
-0.014919
0.064847
0.044469
-0.097998
-0.011037
0.008412
0.006263
0.008166
0.057349
-0.068975
-0.022959
0.045296
0.025299
0.079299
0.048150
0.022212
0.095640
0.006472
0.040471
0.093275
0.004158
0.033203
-0.005824
-0.065796
0.075777
0.021494
0.013542
0.017399
0.050484
0.111271
0.040199
-0.045238
0.057670
-0.004081
-0.033874
-0.031474
-0.011181
-0.043253
-0.103518
-0.095171
0.032840
-0.088291
-0.173956
-0.086326
0.047614
0.028242
0.065525
0.087245
0.026351
0.029524
-0.001536
0.024444
-0.036749
-0.124369
-0.026930
0.057670
-0.044341
0.064613
-0.002458
-0.020745
-0.000186
0.042047
-0.030439
-0.022480
-0.022002
-0.095553
0.022070
0.004486
-0.056628
0.047687
0.045988
0.017336
-0.051832
-0.006040
-0.008259
-0.033400
-0.005591
0.027656
0.029220
0.017533
0.069356
0.052078
0.017530
-0.047477
-0.024107
0.060521
0.025336
-0.087795
-0.088417
-0.069714
-0.017817
-0.014611
-0.037194
0.013368
0.068176
0.025292
-0.010940
0.064558
0.132559
0.042359
0.045806
0.113279
0.056759
0.045191
0.055535
0.099819
0.092356
0.064043
-0.098478
0.052792
0.086143
-0.037543
0.056795
0.084916
0.104699
0.049279
0.028269
0.029251
0.035511
0.074809
0.012870
0.057634
0.031195
0.006653
0.033377
-0.005260
0.069790
-0.045571
-0.182114
-0.051619
-0.044237
-0.020980
0.022880
0.029568
-0.022197
-0.083620
-0.061606
-0.088160
0.005138
0.013059
0.007090
-0.004909
0.016952
-0.021992
0.029853
0.013261
-0.051984
0.026441
0.063719
-0.037621
-0.021994
0.149566
0.052631
-0.027162
0.040616
-0.020799
0.028086
-0.087898
-0.034712
-0.062186
0.021352
0.039398
0.062244
0.102028
-0.011743
0.052488
0.036858
-0.042786
-0.037260
0.063658
-0.013229
0.032268
0.102883
0.079787
0.039287
0.015029
-0.001626
-0.008690
-0.021704
0.027675
0.029944
0.040708
-0.047892
0.030353
0.007299
-0.056876
0.069069
0.059624
-0.013220
-0.045902
0.010295
0.007442
-0.024995
0.038622
-0.010128
0.021599
0.093012
0.073955
0.041643
0.086227
0.125056
0.016729
0.005231
0.035909
-0.085257
-0.062393
-0.058938
-0.034642
-0.050403
-0.047802
0.083920
0.045638
-0.000359
-0.044080
-0.034120
-0.022277
0.012525
0.031802
0.053203
0.088491
-0.036615
-0.028476
-0.107641
-0.081776
0.001912
-0.006253
-0.002027
0.049934
0.055517
0.053623
-0.004222
0.004005
-0.038225
0.040516
0.048338
0.070701
0.052119
0.003173
0.042736
0.067921
0.042284
-0.001191
0.041872
0.075948
0.005721
-0.021180
-0.009085
-0.091822
-0.082727
-0.064212
-0.117929
0.014445
-0.125999
-0.003048
-0.037473
-0.004896
0.012040
-0.019475
0.009373
0.049692
0.082822
-0.007388
-0.036268
0.009715
-0.011650
-0.037795
-0.062895
0.022422
-0.007628
-0.026711
0.035385
-0.029021
-0.024965
-0.018399
-0.068321
-0.077728
0.013298
-0.071742
-0.024739
-0.041803
-0.046293
0.051223
0.005878
0.037871
-0.096872
-0.017352
0.007669
-0.015022
0.039293
0.105330
-0.028225
-0.062919
0.010082
-0.050503
-0.054321
-0.016521
-0.042519
-0.033332
0.081623
-0.024007
0.018777
-0.010135
0.034040
0.014954
0.057993
0.021221
0.054613
-0.008855
-0.033666
-0.065990
0.004530
-0.044272
0.014043
-0.029174
-0.031906
0.005272
-0.017528
0.054473
-0.007776
0.030442
0.028415
-0.035012
-0.059853
0.006946
-0.002745
-0.067483
0.013109
-0.086759
-0.085375
0.037153
-0.004112
-0.024041
-0.002334
0.016404
-0.024996
-0.066174
-0.051734
-0.038438
-0.072828
0.058867
0.004102
-0.007514
0.099754
-0.001385
0.042123
0.015574
0.043722
0.063048
0.099177
0.143052
0.090086
0.048237
0.159693
0.132215
-0.008136
0.107030
0.049315
-0.058295
-0.031027
0.063550
0.029377
-0.069417
-0.000547
-0.047111
-0.084672
0.008927
0.007035
0.001647
0.074274
0.093285
0.006943
0.059183
0.015901
-0.015232
0.004314
0.006027
0.000014
-0.081013
-0.109350
-0.006758
-0.021126
-0.086763
-0.040758
-0.003352
0.061048
-0.021246
0.003263
0.020332
-0.043872
-0.050695
-0.008898
0.030478
0.019862
0.040575
0.040928
-0.007495
0.059524
-0.052219
-0.051645
-0.045636
-0.080170
0.053106
0.099820
0.059879
0.070315
0.024033
-0.018534
0.020804
-0.053363
0.060972
0.098191
-0.030561
-0.038108
0.105201
0.028861
0.026084
0.040247
-0.030163
0.051159
0.051555
-0.013616
-0.001105
-0.013252
0.050846
-0.001632
-0.044686
-0.028061
-0.019776
-0.026488
0.028308
-0.019117
0.030495
0.019283
0.014829
0.053428
0.107096
0.037318
0.033104
-0.028576
-0.015866
-0.005579
-0.005898
0.048380
-0.004531
0.073362
0.007068
0.012702
-0.030538
0.019482
0.109600
-0.006299
-0.010811
0.043640
0.109056
0.064878
-0.002626
-0.007827
0.023819
0.030532
-0.035066
-0.031025
0.032028
0.056003
-0.011264
-0.024982
0.008124
-0.024270
-0.057132
0.017652
-0.027041
0.032981
0.021534
0.018276
0.057143
0.005094
0.028496
0.014147
0.091875
0.002755
-0.018724
-0.010131
0.084904
0.019830
0.072786
0.039572
-0.062721
0.069794
0.010800
0.057638
0.037033
-0.031888
-0.012142
0.014380
0.000061
-0.022818
0.083785
-0.002442
-0.067568
-0.022804
-0.021851
-0.112670
-0.013422
0.026671
0.044509
-0.021633
-0.061007
0.011570
-0.019467
-0.036448
-0.007159
0.026523
-0.086113
0.021040
0.048563
0.011530
-0.058630
-0.021207
0.005666
0.012291
0.013714
0.058506
-0.035786
-0.004805
0.001039
-0.043486
-0.037548
0.018685
0.055801
0.100171
0.039808
0.002458
0.035426
-0.045108
0.030213
-0.037895
-0.116162
-0.058723
0.001431
0.084251
0.031834
0.020148
0.013460
-0.027534
0.049448
0.117137
0.022710
0.034398
0.060728
0.047473
0.078163
0.068238
0.075459
0.011774
0.029545
0.028728
0.037597
-0.016792
-0.022177
0.065710
0.004463
0.011241
-0.074678
-0.102036
-0.045377
-0.046680
0.007793
0.001893
-0.068032
0.001454
0.085925
0.080253
0.043097
0.015317
0.047265
0.073626
-0.069070
0.022607
-0.014422
-0.025277
0.029146
-0.010610
0.059049
0.082240
0.017028
-0.064672
0.045310
0.056494
0.045759
-0.016464
0.020847
0.027051
0.083715
0.093349
0.119169
0.033852
0.021490
0.082215
0.001689
0.037255
0.045953
-0.020445
-0.037982
-0.018734
0.052738
0.006940
0.041412
0.041171
0.034981
0.099835
0.008126
0.081885
0.046457
0.041669
-0.026169
-0.054608
-0.016187
-0.015058
-0.000731
0.001162
-0.020281
-0.027739
0.036769
0.011777
-0.011655
0.104237
0.035686
-0.021618
0.009340
0.024140
-0.019640
-0.018642
0.013027
-0.038728
0.042590
-0.003961
-0.010700
0.013683
0.022328
0.042892
-0.034653
0.050019
0.092084
0.021421
-0.056138
-0.031919
0.026151
0.045361
-0.000945
0.031695
0.084170
0.011895
0.060495
0.025331
0.129772
0.054831
0.006455
-0.028427
0.043765
0.041553
0.006153
0.010327
-0.003655
0.031039
0.035731
0.067413
-0.014951
0.012180
0.007998
0.019537
0.028801
0.035550
-0.049914
-0.017602
0.014996
-0.032172
0.053550
0.051606
0.019929
-0.027305
0.009231
0.033450
0.007021
0.050547
0.006790
0.044466
-0.021815
-0.022700
0.000996
-0.046321
-0.009747
-0.047452
0.049887
0.067609
-0.027372
0.030298
0.028649
-0.009147
0.023853
-0.007606
0.028813
0.011493
0.046893
0.028775
-0.062612
-0.063497
-0.101295
-0.019783
0.007954
0.065710
0.065031
0.099803
0.078194
-0.011408
0.051316
-0.067201
0.017992
0.033723
0.028632
0.028010
-0.052491
-0.022132
-0.073541
0.003246
-0.105019
-0.021551
-0.057916
-0.101112
-0.019417
-0.008745
-0.045962
0.053305
0.060672
0.051112
-0.011737
-0.028131
0.036521
0.027621
-0.013779
-0.009477
-0.023674
-0.011059
0.055095
0.051075
-0.012765
-0.048998
-0.008033
-0.047175
0.025973
-0.016546
0.012774
-0.049485
0.006946
0.034460
-0.054399
-0.034246
0.005375
0.062156
0.040179
0.022591
-0.075908
-0.073290
0.018959
-0.051215
-0.030039
-0.037649
-0.106526
-0.018825
0.010531
0.006443
0.017561
0.028175
-0.098586
-0.047014
-0.004520
-0.028478
-0.011798
-0.062904
-0.039214
-0.007417
0.005322
0.052367
-0.026900
0.123395
0.072474
0.028927
0.093181
-0.104966
-0.014290
-0.014863
-0.034068
-0.018993
-0.009705
0.037815
-0.100250
-0.044157
-0.068023
-0.105358
-0.024615
-0.027519
0.004720
0.021637
0.050216
-0.081604
-0.153927
0.013604
-0.010608
0.007901
0.085073
-0.047035
-0.101183
-0.022207
-0.083050
-0.053711
-0.115299
-0.029782
0.083434
0.020117
0.089520
0.021302
0.082025
0.035463
0.048828
-0.027099
-0.039921
-0.091377
-0.016544
0.050232
0.069482
0.010759
-0.008244
-0.024141
0.002085
-0.094470
-0.023569
0.002577
-0.014292
0.028218
0.022631
-0.059681
0.012339
-0.019677
0.034379
0.105775
0.006481
-0.029218
0.037699
-0.045035
-0.028178
0.124349
-0.025925
-0.005088
0.024161
0.000287
0.000947
0.030519
0.083913
0.009251
-0.025206
0.106226
0.013902
-0.075914
-0.024496
0.044949
-0.008025
0.012164
0.019554
0.030701
0.144858
0.026023
-0.030750
-0.009412
-0.042801
-0.023358
0.090278
0.020626
0.093619
0.025494
0.002609
0.024946
-0.016879
-0.022924
0.019282
-0.029257
0.014037
-0.003782
0.014215
-0.042381
-0.023826
-0.000475
-0.001291
-0.000577
0.002132
-0.052901
-0.003397
-0.021347
-0.062772
0.043234
0.018763
0.024934
0.026480
0.033426
0.115365
0.119053
0.013406
0.011372
-0.001986
-0.017378
0.051415
0.074393
0.018480
0.058584
0.096326
0.083573
-0.076498
0.066536
0.011530
-0.010759
0.023064
-0.001909
0.046568
-0.059722
0.032078
0.025239
0.004007
0.036941
-0.087636
0.017101
0.046600
0.109080
0.038782
0.102683
0.041043
0.017398
0.043260
0.032129
0.038541
-0.052589
0.117419
0.037171
0.004932
0.029865
-0.045241
0.031974
0.008632
0.055938
0.101099
0.052449
0.034352
0.014254
-0.071624
-0.004074
-0.065724
-0.031454
0.012694
-0.076386
-0.014744
-0.023528
-0.105198
-0.104440
0.017120
0.012647
0.041527
0.017860
0.026874
-0.015215
-0.034236
-0.009560
-0.015727
0.094731
0.033110
-0.021171
-0.038791
-0.035478
-0.006274
-0.079421
-0.050472
-0.008994
-0.034661
-0.022253
-0.019050
-0.025345
0.007136
-0.003004
-0.028210
-0.003726
0.009537
-0.107275
-0.082353
-0.031157
-0.030565
0.048961
0.098742
-0.037601
0.042854
0.003646
-0.095783
-0.017459
0.010856
-0.033337
-0.015910
0.063670
0.039757
0.039453
0.097248
0.007003
0.021927
0.077036
0.144904
-0.005049
-0.040061
-0.041535
-0.014351
-0.019408
-0.058203
-0.115051
-0.082240
-0.098488
0.057519
-0.068911
-0.055248
-0.018974
0.000957
-0.020988
-0.037044
0.052587
-0.044378
-0.058247
-0.035146
0.018800
-0.025944
-0.098863
0.093221
0.045143
-0.012336
0.069843
0.040340
0.071721
-0.013561
-0.111812
-0.062475
-0.064761
-0.075343
-0.070853
-0.037389
-0.033674
-0.023330
0.005011
-0.037879
-0.035978
0.005665
0.036126
-0.007452
0.084482
0.066551
-0.030039
-0.015309
-0.021800
-0.027748
-0.014296
-0.040107
0.025873
0.000219
-0.036724
-0.025741
-0.011681
0.006986
-0.070243
-0.087312
-0.063810
-0.020295
0.028992
0.005248
-0.002884
-0.037801
-0.058719
0.005014
0.078959
-0.066285
0.045100
0.003687
0.035251
0.117877
0.085494
-0.013675
0.083417
0.092651
-0.022163
0.018629
0.010482
-0.025812
-0.093545
-0.124873
-0.070140
-0.058871
0.067912
-0.007479
0.060229
0.008750
-0.012352
0.016029
-0.030316
-0.025295
-0.073713
-0.051248
-0.068714
-0.006106
-0.073524
-0.059223
-0.131064
-0.070561
-0.036988
0.023801
-0.063026
-0.045937
-0.060697
-0.093140
-0.037185
-0.068974
-0.051595
-0.049768
0.013462
-0.034307
-0.038256
-0.031098
0.011071
-0.001304
0.006953
0.067970
0.049801
-0.042058
-0.004524
0.089241
-0.003794
0.006889
-0.011018
0.158357
0.100937
-0.037065
0.053639
-0.013147
-0.038716
0.052294
0.068074
0.013826
0.003737
0.056784
0.093884
0.046572
0.070123
0.024747
-0.000006
-0.075106
0.013961
0.002062
-0.095259
0.072435
0.034616
0.002679
0.000011
0.050266
0.056539
0.021409
0.037704
0.066829
-0.039463
0.044567
0.018118
0.028424
0.035651
0.010300
-0.020822
-0.020808
0.065441
0.026679
0.083369
0.078412
-0.044376
-0.036933
0.015182
-0.020472
0.018265
-0.034008
0.005022
0.100117
-0.015247
0.065813
-0.018923
-0.045722
0.045506
0.092680
0.074308
0.097699
0.071484
-0.034991
0.027455
-0.013434
0.087651
-0.057381
-0.043946
0.004940
-0.022278
-0.026675
0.010195
0.040234
0.044876
0.014540
0.020400
0.007907
-0.013846
0.093565
0.005860
-0.017096
-0.005914
0.039768
0.012128
0.049035
0.165320
0.057655
0.020849
0.090501
0.092609
0.023703
0.055405
-0.019726
0.007271
-0.045528
0.001249
0.043719
0.043074
0.063664
0.015862
-0.011319
-0.005505
0.018113
0.023377
0.005303
0.053385
0.048395
-0.082530
-0.047807
-0.048293
-0.045367
-0.048546
-0.000294
-0.059949
0.023035
-0.021403
-0.032331
-0.029403
-0.057609
0.053951
0.056543
-0.035807
-0.066054
-0.038094
-0.041646
0.009003
-0.003288
0.003498
0.090518
0.030740
-0.030011
0.022497
0.043518
0.049886
0.009272
0.017666
-0.029766
0.029000
-0.036608
-0.046675
-0.028081
-0.014809
-0.000614
0.054694
-0.045461
0.037148
0.043987
0.005567
0.126708
0.042347
0.066302
0.030446
0.044599
0.073289
-0.037304
0.032280
0.023348
-0.079054
-0.058019
0.026567
0.005131
-0.050932
-0.011096
0.002748
0.032055
-0.008283
-0.089844
-0.012539
0.007301
0.018053
-0.020886
0.048665
0.063309
0.004324
-0.003758
0.061771
0.056523
-0.001949
-0.058564
0.054790
0.091609
0.018639
-0.054964
-0.008788
0.077161
-0.052902
-0.093878
0.057926
0.045643
-0.051755
0.029189
0.016698
0.014149
0.069689
0.009602
-0.016385
-0.066673
0.021007
0.005851
-0.102653
0.036377
-0.015785
-0.063606
0.054351
-0.024481
-0.082829
-0.027957
0.017785
-0.011033
-0.035368
-0.052240
-0.081192
-0.026747
-0.067632
-0.016240
0.005046
0.044350
0.059619
0.055592
0.018907
-0.021135
-0.036927
0.007934
0.043457
0.096202
0.026991
-0.062908
-0.019642
-0.070278
-0.026577
0.051986
0.074730
0.056645
0.057381
0.033743
0.050462
0.093331
0.047047
-0.002120
0.010554
-0.011245
0.028471
0.017874
0.006595
0.042816
-0.004603
0.009007
-0.049633
-0.019476
-0.009355
0.019531
0.054117
-0.028743
0.010045
0.126787
0.050915
0.030676
0.009536
-0.039715
0.029403
0.028212
0.056654
0.068916
0.049097
-0.023044
0.003832
0.015665
0.019518
-0.066133
-0.045560
0.001874
-0.007560
0.089746
0.002692
-0.052955
-0.014323
0.016906
0.044341
-0.075504
-0.004414
-0.008971
-0.014015
-0.054012
0.006554
0.048574
0.024739
-0.025211
0.027406
-0.018295
0.024715
0.088521
0.137659
0.039656
0.065425
-0.001308
-0.077801
-0.087437
0.006361
0.049219
-0.094566
-0.012872
-0.050928
0.013115
-0.012773
0.025294
0.088523
0.115509
0.110707
0.004823
0.015248
-0.056930
0.012995
-0.000231
-0.049375
0.055397
0.092851
0.075535
0.116933
0.038595
-0.028774
0.057943
0.036068
0.096773
0.022249
-0.035042
0.012051
-0.025493
-0.044030
0.045458
0.085661
0.032176
0.027115
0.026203
-0.010473
0.048489
0.016374
0.012412
-0.093874
-0.096713
-0.015948
-0.037708
0.028160
0.065588
0.064941
0.010738
-0.008500
-0.061323
-0.058153
-0.010385
-0.053713
-0.085498
0.022884
-0.011036
0.009876
0.040267
0.075580
-0.048755
0.080491
-0.009452
0.041030
0.016433
-0.103549
0.038106
-0.001522
-0.059057
-0.015509
-0.064669
0.079832
0.044703
0.062363
0.028191
-0.023735
0.004815
0.018958
0.003144
-0.017769
0.026260
0.065165
-0.011367
-0.022520
-0.076177
-0.078028
0.011556
0.011990
-0.093102
0.036512
0.063210
0.003877
0.037532
0.007835
0.148029
0.069878
-0.060570
-0.076355
0.033688
0.065875
0.011811
0.019791
0.043196
0.002601
0.049103
0.026818
-0.056303
0.035172
-0.014128
-0.045302
-0.020638
0.023853
0.067774
0.073192
0.096169
-0.018206
0.081077
0.027685
0.027512
0.053679
-0.059267
-0.018467
0.034923
-0.010996
-0.051321
0.036095
-0.022538
0.058428
-0.013295
-0.014318
0.040385
-0.000443
0.064380
-0.016200
-0.010156
-0.006702
-0.049332
0.005722
0.061039
0.044061
0.029647
0.054240
-0.015042
0.025405
0.121600
0.110319
0.049507
0.099044
0.051845
0.063356
0.086080
0.177464
0.120378
0.057298
0.022236
0.020526
0.113192
0.064832
0.001250
0.014165
-0.032989
0.049890
0.069541
-0.046378
0.043385
0.022336
0.080963
0.098531
0.050540
0.023600
-0.023756
0.011198
0.016511
-0.032393
-0.008814
-0.030906
-0.026853
0.016598
-0.059222
0.033159
-0.001889
0.050696
0.104396
0.042379
0.060479
0.032949
0.005758
-0.010684
-0.058833
-0.113601
-0.091853
-0.089484
-0.000192
0.003611
0.016942
0.066975
-0.010277
0.009287
0.005502
0.052391
0.013780
-0.015172
-0.058962
0.043708
0.010183
-0.030229
-0.062277
-0.069704
-0.041607
-0.088062
-0.045685
-0.062296
0.013636
0.027456
-0.000214
-0.019297
-0.065821
-0.047690
0.074929
-0.029520
0.047419
0.007451
-0.026784
-0.013615
-0.028599
-0.070842
-0.074971
-0.017804
0.049016
0.043080
0.008994
-0.000603
0.002225
0.099890
-0.067605
-0.035161
-0.029304
0.002072
0.087531
-0.048506
0.000656
0.037902
-0.100382
-0.071580
0.063970
-0.006922
-0.028314
0.033048
-0.055882
0.028203
-0.089008
0.033519
0.077210
0.016574
0.087987
0.050470
-0.067136
-0.065877
0.054341
0.016425
0.026556
-0.006632
-0.088378
-0.069133
-0.034260
0.015937
-0.013797
0.029716
0.140567
0.034060
0.066269
0.132644
0.007103
0.002551
0.022153
0.000924
0.028169
0.045766
0.005943
-0.027666
-0.095128
-0.024837
-0.010070
-0.010658
0.039603
0.007391
0.001511
-0.016232
-0.019081
0.033175
0.061891
-0.056585
-0.081297
-0.037370
0.022094
-0.002216
-0.010796
-0.046451
-0.086013
-0.068619
0.047257
-0.013013
0.029221
-0.002999
-0.088878
-0.086218
-0.075316
0.001579
0.018464
0.040535
0.014154
0.006261
-0.081712
-0.075460
-0.070310
-0.059793
-0.015680
-0.037749
-0.055187
-0.035210
-0.105155
-0.104060
-0.101562
-0.139066
-0.051261
-0.031001
-0.055205
0.039199
0.106810
0.009763
0.018595
0.035228
0.047261
0.082083
-0.023791
-0.026852
0.047273
-0.058993
-0.049859
-0.018095
0.004360
0.032769
0.017037
0.049169
-0.005946
0.007670
-0.042368
-0.032932
0.002188
0.050477
0.043148
0.045912
0.087524
0.041244
0.045072
0.082015
-0.024039
0.086324
0.012163
-0.076013
0.000658
-0.046992
-0.085997
-0.056181
-0.089795
-0.037096
-0.061975
-0.059998
-0.060842
-0.002155
-0.015645
-0.051184
0.069481
-0.017920
-0.031601
-0.033051
0.016772
-0.038337
-0.021862
-0.015848
-0.034675
-0.110529
-0.083065
0.094005
0.000546
-0.041670
-0.054634
-0.096058
-0.071705
-0.094211
-0.024078
-0.019574
0.002835
0.051795
-0.021362
0.041859
0.062953
0.029671
0.065522
0.041828
0.076737
-0.095498
-0.051851
0.039495
-0.103295
-0.011985
0.045531
0.040105
-0.058346
-0.062390
0.006751
-0.100554
0.037158
-0.038229
-0.043907
0.033264
0.003715
0.082180
0.075032
0.018631
-0.049154
-0.090641
0.012138
-0.009291
-0.061095
-0.070827
-0.008937
0.111994
-0.031565
0.003543
0.064508
0.054340
-0.006279
-0.016647
0.038772
0.117885
0.108446
0.019284
-0.048856
-0.057349
-0.123725
-0.070231
-0.014241
-0.097460
-0.061062
0.005860
0.038517
0.063821
0.055305
-0.060216
-0.042085
-0.049738
-0.069856
-0.036123
0.030261
0.074176
0.092877
0.013705
0.033373
0.058060
0.000091
0.051897
0.103518
-0.015094
-0.004463
0.032556
0.048324
0.117074
-0.033883
-0.066583
-0.080430
-0.079972
0.034822
-0.040277
0.010234
-0.052514
0.093042
0.064699
0.052243
-0.027919
0.037843
0.014095
-0.035111
-0.030373
-0.055890
-0.069225
-0.043896
-0.001245
-0.052675
0.030778
0.016454
-0.068701
0.058078
0.032930
0.055351
-0.070193
0.059700
0.039782
-0.030533
0.005478
0.055513
0.126796
0.067013
0.087316
0.009490
-0.051245
0.005045
0.013578
0.047715
0.019216
0.010030
0.008928
0.074262
-0.003666
-0.052354
0.028101
0.114865
0.057348
0.031018
0.046250
0.002382
0.054604
-0.101501
-0.095194
-0.003147
-0.021182
0.010624
0.001772
0.079066
0.005935
0.013516
0.036799
0.001152
-0.001591
0.093844
0.051809
-0.009322
0.006148
0.035629
0.067580
-0.062849
0.114693
0.114503
-0.074943
0.001488
0.018334
0.012910
0.038079
-0.031835
-0.022568
0.084878
0.058071
0.090610
0.046131
-0.041745
-0.046255
-0.043425
0.036854
0.041395
0.052047
-0.051669
-0.069884
0.010027
-0.018348
-0.006075
0.047362
-0.028575
0.003618
-0.024053
-0.103924
-0.058110
0.039834
0.046799
0.057790
0.056752
0.053241
0.074772
0.041702
-0.030276
-0.059414
-0.021999
-0.013802
0.016888
0.057287
0.070988
0.114516
0.050826
-0.010962
0.018099
0.078330
0.059140
0.003700
0.088483
0.052786
0.042431
0.066159
-0.039727
0.027177
-0.000841
0.080965
0.053976
0.084624
0.126502
-0.048883
-0.053716
-0.027722
-0.025731
-0.004861
-0.028979
-0.040696
-0.077142
-0.060972
-0.125727
-0.044160
-0.008077
-0.105346
0.022776
0.020101
-0.000491
-0.095188
-0.016926
0.063386
0.005539
0.032162
-0.003537
0.029598
0.072215
-0.033432
-0.023585
0.041524
0.041310
-0.017027
-0.002780
-0.007710
-0.058636
-0.076874
0.020100
-0.035620
-0.034748
-0.054531
-0.005200
0.000211
0.061730
-0.036757
-0.000430
0.044947
0.022572
0.024599
-0.022506
-0.068013
-0.026075
-0.031603
0.058320
-0.031844
-0.166519
-0.038701
0.048316
-0.132918
-0.063709
-0.010988
-0.066166
-0.051553
-0.020843
-0.000883
-0.059456
-0.016667
-0.018075
0.101094
-0.018064
-0.048080
0.027934
0.027550
0.100601
0.054845
0.004268
0.099996
0.051540
0.016313
0.024358
0.065993
-0.006066
-0.024495
0.045250
0.045902
0.011558
0.058328
0.056129
0.021710
-0.035070
0.030778
0.023798
0.033810
0.087302
0.055045
0.088236
-0.004914
0.005445
-0.012936
-0.001688
0.021052
-0.045626
-0.026393
0.034145
0.060077
0.100910
0.043300
-0.061587
-0.036347
0.026533
-0.066752
-0.051217
-0.025505
0.005887
0.035707
-0.004417
-0.026537
0.050222
-0.005252
-0.044766
-0.001727
0.066059
0.105896
0.040632
0.058220
0.044633
-0.033706
0.037123
-0.042162
0.003932
-0.009555
0.018227
0.101613
-0.017030
0.061734
0.042159
0.023577
-0.011499
0.037979
0.115540
0.063742
0.080645
0.004925
-0.024162
-0.051830
-0.055969
0.028614
0.040448
0.008916
0.009947
-0.114464
0.051443
-0.058476
-0.087159
-0.021039
-0.014672
0.030824
0.036856
0.019791
0.128106
0.074475
-0.012242
0.164553
0.010293
-0.034667
-0.052152
-0.024139
-0.045407
-0.042129
0.038409
-0.074147
0.000154
0.076661
-0.019175
0.003889
-0.028946
-0.061036
-0.035730
-0.039073
-0.019935
-0.038433
0.022799
0.098002
0.106849
0.026021
-0.045597
0.014864
0.121375
0.041100
0.035964
0.069785
0.020802
-0.004412
-0.028821
0.016490
-0.015583
-0.086470
0.029241
-0.040756
-0.105438
-0.006712
0.020064
-0.037928
-0.029649
0.020601
0.041396
-0.021665
-0.052801
-0.038624
-0.034461
-0.020494
0.045930
0.052244
0.089744
0.098978
0.087453
0.046074
0.008604
0.063963
0.027338
0.022994
-0.005392
-0.004964
0.004566
-0.019836
0.043241
-0.017634
0.021864
0.050489
0.038726
0.048007
-0.024121
0.016795
-0.078603
-0.048383
0.040268
-0.100227
-0.050055
0.051928
0.046317
-0.009730
0.031816
-0.004967
0.051896
0.043332
0.062109
0.063353
-0.009982
0.030110
0.034800
0.085370
0.096070
0.004818
0.022045
0.043656
0.035751
0.094096
0.158985
-0.008971
0.031863
0.031702
0.008869
0.026909
-0.044422
0.009397
0.053542
0.068159
0.105695
0.033673
0.045286
0.063862
-0.026961
0.010650
-0.061959
-0.002411
0.004073
0.054522
0.042892
0.020618
0.017226
0.025237
0.064913
0.031817
-0.132293
0.029192
0.039066
0.052955
-0.036986
0.122230
0.134070
-0.006859
0.073825
0.003410
-0.085771
-0.028968
-0.040528
0.010136
-0.001212
0.060339
-0.015436
-0.064614
-0.092546
-0.033827
0.042336
0.044330
0.055839
0.031366
0.007504
0.019445
-0.038886
-0.052116
-0.034210
0.005116
-0.019461
-0.017647
0.054923
0.014434
-0.046065
0.036596
-0.004038
-0.020079
-0.055005
0.032996
0.075996
0.051537
0.175981
0.033300
0.057936
0.009342
0.005444
0.045874
0.057945
0.053094
0.053574
-0.034425
0.035788
-0.038319
0.017801
-0.092396
-0.032445
-0.004406
0.038339
-0.002610
0.082907
-0.001175
0.038053
0.019541
0.086791
0.015685
0.011574
-0.017042
-0.056474
-0.089082
-0.024884
0.049552
-0.047194
-0.004762
0.015419
0.007299
0.011210
0.034547
0.012101
-0.011916
0.087400
0.007060
0.086663
-0.025860
-0.058293
0.087318
0.070414
0.031042
0.084106
0.126789
0.043464
0.058238
0.013560
0.067393
0.106217
0.077162
0.126759
0.030665
-0.029451
0.099437
0.016927
0.001702
-0.026774
0.061133
-0.004901
-0.035049
0.053286
-0.023432
0.014948
0.029050
-0.032125
0.081569
0.003993
-0.001852
-0.035891
-0.036638
-0.037135
-0.003347
0.015648
0.013529
0.035876
0.044720
0.031269
0.041565
0.010738
-0.060402
-0.033517
-0.038398
-0.034118
-0.013702
0.027847
0.033071
-0.062560
-0.136526
-0.099816
-0.110457
-0.080298
-0.144686
-0.007468
-0.036621
-0.064546
-0.087193
0.029804
-0.069426
-0.010494
0.061391
-0.055417
-0.019558
0.055641
0.009166
0.016005
-0.055886
-0.021026
0.029646
0.074530
-0.084924
0.079455
0.151586
0.080959
0.011958
-0.073342
0.021030
0.028562
-0.038603
-0.072977
-0.124230
-0.068754
-0.083232
0.027125
0.058762
0.000659
0.030087
0.010542
-0.014642
0.016027
0.052088
-0.054450
-0.047182
0.094176
0.007656
0.150056
0.191090
0.099892
0.059201
-0.015362
-0.038295
-0.017179
0.005473
-0.059034
0.013218
0.027170
0.057292
0.078596
-0.034473
-0.019618
-0.001917
0.045482
-0.001029
0.117563
0.049346
0.053799
-0.023892
0.073253
0.075988
-0.056084
0.079134
-0.023783
-0.076430
0.065764
0.062116
0.000429
0.034490
0.033843
0.075977
0.089685
0.025886
0.015797
-0.012338
0.046012
0.062005
0.011229
0.026637
0.075316
0.071104
0.009089
-0.015307
-0.045631
-0.032927
-0.027672
0.035888
0.019103
0.029742
-0.168440
-0.040392
0.028929
-0.046385
-0.034778
-0.004540
-0.022648
0.013559
0.053387
0.016948
-0.000359
0.026365
-0.000713
0.046764
0.090593
0.074909
0.014148
0.024973
0.009283
-0.026981
-0.015737
-0.028226
-0.043399
-0.080890
-0.138511
-0.021304
0.001899
-0.033801
-0.002593
-0.028393
-0.037063
0.005262
0.107188
-0.025861
-0.063494
0.018614
-0.010328
-0.037506
-0.049730
-0.041304
-0.029543
-0.057513
-0.041989
-0.009720
-0.023469
-0.037888
0.006932
-0.102137
0.098265
-0.037123
-0.002333
-0.003322
-0.061144
-0.043490
-0.011233
-0.074843
-0.022505
-0.020043
0.006042
-0.034050
0.026693
0.173367
0.018887
-0.135255
-0.071080
-0.061266
0.052312
-0.023585
-0.000194
0.045079
-0.057061
-0.029423
-0.025231
-0.069029
-0.016851
-0.033874
0.038816
-0.044546
0.056043
0.063170
-0.030004
-0.046758
0.005246
0.019713
0.086903
-0.044747
-0.031644
0.034272
-0.040191
0.102694
0.043900
0.061466
-0.106671
0.068228
0.034581
-0.014946
0.099653
-0.074313
0.001437
0.029804
0.074854
0.012354
0.006803
0.083184
0.116111
0.012940
0.075045
0.098358
-0.001188
0.071957
-0.017058
-0.035774
0.019968
0.044618
0.031096
0.051194
0.043430
-0.056860
-0.041145
0.006506
0.010190
0.001736
0.016058
0.025552
0.060230
0.042364
-0.004484
0.039790
0.059991
-0.008685
0.013357
-0.014844
-0.007369
-0.048767
-0.024686
-0.122013
-0.152278
-0.062145
-0.050900
-0.037075
0.079962
0.146005
0.011109
0.059435
0.062113
0.025714
0.010485
-0.008699
0.058023
0.068274
0.080563
0.047634
0.034712
-0.035621
-0.039318
0.011510
-0.081593
-0.081289
-0.026368
-0.019550
-0.033535
0.027689
0.069587
0.070525
0.103575
0.041766
-0.089124
-0.089435
0.065453
-0.020310
0.016266
0.005552
-0.044022
0.043612
-0.127498
-0.045528
-0.039011
-0.016681
0.080558
-0.007659
0.056379
-0.005221
-0.087815
-0.089747
0.009684
-0.035357
-0.018945
0.028771
-0.045499
0.005670
0.019171
-0.061477
-0.001634
0.026577
0.045606
0.047234
-0.034775
-0.105066
0.001422
0.004041
0.063315
-0.043062
-0.063223
-0.061175
-0.045137
-0.151044
0.035394
0.038148
-0.091971
-0.017759
-0.097412
-0.028734
0.034743
-0.012475
-0.039438
-0.007249
-0.083955
-0.020289
0.058896
0.088741
0.037218
-0.074780
0.007758
0.081123
-0.021321
0.000564
0.090161
0.040183
-0.052924
0.039880
0.050960
-0.032117
0.013552
0.039063
0.115079
0.078532
-0.037201
0.036961
0.114378
0.034139
0.038793
0.005225
0.017243
0.127129
0.120070
-0.006219
0.101506
-0.005421
0.004209
0.077154
0.071250
-0.004738
-0.013990
-0.069602
-0.010393
-0.018599
0.008005
-0.003651
0.009918
-0.090270
-0.022210
-0.061731
0.022616
0.003367
-0.075415
0.002367
-0.052146
-0.023740
0.018143
0.088099
0.013580
-0.003083
-0.024041
-0.009061
0.017325
0.027128
-0.071070
-0.062703
-0.031788
-0.029357
-0.069785
0.040161
-0.071311
-0.070815
-0.015332
-0.154750
-0.041503
-0.064919
-0.006348
0.053994
-0.020865
-0.003768
-0.063127
-0.062195
0.058517
-0.048436
0.010848
0.028328
-0.069082
-0.043860
-0.093961
-0.072523
-0.078919
-0.002297
0.001808
0.098327
0.035500
0.094162
0.131658
0.015682
0.080020
0.103883
0.045921
0.085528
0.074738
0.057172
0.010413
-0.110823
-0.005851
0.009765
0.045046
0.100869
0.011650
0.033183
-0.069191
0.035693
0.090537
0.039607
0.097496
0.033435
0.056634
-0.009288
0.085822
0.078355
-0.014893
0.023140
-0.059142
0.025572
-0.001216
-0.011099
0.033400
0.045218
0.014264
0.074437
0.088275
0.001370
0.035517
-0.030244
-0.003759
0.028982
-0.020497
0.024038
0.024577
-0.005667
0.002857
0.012527
0.062077
0.071398
0.046649
0.055163
-0.023783
0.009413
0.073501
0.058518
0.070517
0.024432
0.049269
-0.011215
0.060859
0.035407
0.007152
-0.023569
0.040001
-0.033009
-0.028866
0.044617
-0.022504
0.006307
-0.001690
0.018100
-0.080742
0.063939
0.059212
0.006449
0.002473
-0.015032
0.000089
-0.058424
-0.113027
-0.010114
0.011245
0.046150
-0.058260
0.016733
0.097467
0.054929
-0.047548
-0.024098
0.030458
-0.005049
-0.040931
-0.021998
0.062970
0.019862
-0.065839
0.049738
0.021447
0.006353
0.029256
-0.035605
-0.066652
-0.033995
0.006363
0.017620
-0.033645
0.081375
-0.024340
0.035465
0.007835
-0.028362
-0.020197
0.003417
-0.043698
-0.008316
-0.011045
-0.096986
-0.008248
-0.050975
0.038227
-0.015371
0.003547
-0.007470
-0.012550
-0.007656
0.013067
-0.018576
-0.022640
-0.011180
-0.035269
0.012545
0.074529
-0.012987
0.089517
0.066322
-0.011743
-0.044279
0.037721
0.015846
0.073428
-0.016643
-0.074838
0.013596
-0.029476
0.032377
-0.013544
-0.010205
-0.062404
-0.040275
0.024196
-0.024364
-0.113792
-0.051778
-0.035010
-0.081213
-0.092711
-0.054953
-0.008978
-0.026904
-0.007351
-0.039195
-0.017014
0.058560
0.056689
-0.009890
0.045109
-0.078076
-0.073225
-0.048153
-0.001591
0.042355
-0.002518
-0.109024
0.006869
0.003130
0.017882
0.024248
0.014260
0.020668
-0.001042
-0.000481
0.007583
0.065009
0.023391
-0.062970
-0.073673
-0.043435
-0.057966
0.030281
0.069135
0.042246
0.052705
0.047759
-0.026278
-0.004505
-0.032554
-0.047184
-0.003443
-0.108647
-0.075688
-0.133091
-0.008533
-0.101960
-0.076423
0.074551
0.044387
0.082842
0.051058
0.002828
0.039021
0.057503
-0.048003
0.005905
0.031597
0.041595
0.108816
-0.057775
0.077098
0.017198
-0.070810
0.034902
0.078737
0.015401
-0.020867
-0.042297
-0.075536
0.012174
-0.013251
0.042149
-0.046116
0.001599
-0.001089
0.028709
0.025248
0.047161
0.009451
0.000891
0.031583
0.027852
-0.095400
0.068576
0.110562
0.092106
0.071580
0.122079
0.017673
0.046777
-0.003932
0.014001
0.034414
-0.000915
-0.022431
0.014810
-0.020070
0.022920
-0.078705
-0.055550
-0.045543
-0.024631
-0.027624
-0.077190
-0.020261
-0.003911
0.007413
0.038140
-0.061066
-0.062498
0.002366
-0.035552
-0.053718
0.100295
-0.023221
-0.012204
0.064856
0.027546
0.004239
0.014724
0.075398
0.022573
0.015011
-0.030302
0.001508
0.083907
0.058181
0.067584
0.057451
0.012065
-0.048639
-0.032317
0.008308
0.005378
0.078721
0.121604
0.066982
-0.062529
0.051240
0.079566
0.015795
-0.060287
0.062678
0.054093
0.003544
0.064949
0.024242
0.021707
0.066378
-0.028892
0.007802
0.034666
-0.027618
0.010516
-0.025779
0.033591
-0.050268
-0.033558
-0.031349
-0.039798
0.023074
-0.026194
-0.030163
-0.004506
0.042179
0.037986
0.023665
0.056951
0.038698
0.036008
0.067818
-0.073889
-0.021723
-0.034883
-0.092592
-0.055296
-0.026172
-0.001285
0.025771
-0.030883
-0.049537
-0.020926
-0.048883
-0.011919
0.018222
-0.008781
-0.001264
0.041693
0.015534
0.010296
0.050602
0.002910
0.025204
0.033418
0.073863
0.096650
0.002924
-0.040654
-0.015036
-0.001890
0.016272
-0.048619
0.008392
0.095494
0.083563
0.115313
0.053887
0.012393
0.000575
0.050737
0.111043
0.051514
-0.041549
0.025641
0.021249
0.068773
0.006755
0.080357
-0.033734
-0.026148
-0.029206
-0.046381
-0.049422
-0.040136
-0.016508
-0.022771
0.023136
-0.033952
-0.043544
0.000833
-0.042666
-0.091982
-0.024443
-0.041563
0.023607
0.006865
0.043059
-0.039056
-0.087905
-0.051423
-0.024817
-0.089652
-0.109960
-0.094051
-0.047420
-0.032386
-0.059429
-0.015785
-0.030180
-0.042178
0.020685
0.039350
-0.042947
0.028100
0.109641
0.048129
0.033839
-0.031281
-0.089640
-0.093979
-0.102203
0.007654
0.017654
0.031780
0.027902
-0.013984
0.021011
0.067235
0.027772
0.091220
0.039215
0.017435
0.002261
0.000609
0.072833
-0.002024
-0.061062
-0.011578
-0.086685
-0.068302
-0.109557
-0.064479
0.059670
-0.036929
-0.075261
0.046917
-0.077384
-0.031004
-0.019501
-0.017967
0.027863
-0.036934
-0.036688
-0.096109
-0.031423
-0.038540
-0.035835
-0.099924
-0.037371
-0.031123
-0.009147
0.037464
-0.020586
-0.052451
-0.061882
-0.002025
-0.027832
-0.060595
0.018990
-0.071052
0.035733
-0.017437
0.022768
-0.043357
-0.062682
-0.031559
-0.088968
0.004830
0.012194
-0.058836
-0.001697
-0.052391
-0.048439
-0.060027
0.051258
0.087389
0.059242
0.004365
-0.048748
-0.027019
-0.068065
0.002637
-0.016767
-0.038060
-0.013625
-0.017459
0.007167
-0.019942
-0.044256
-0.058157
-0.023875
0.029777
-0.000304
-0.063718
-0.061478
-0.057797
0.018108
0.044982
0.056134
0.035576
0.103033
0.030166
-0.001065
0.077321
0.008448
0.012200
-0.077423
-0.064478
-0.049719
0.083277
0.047050
-0.053715
0.030032
-0.026457
-0.040882
-0.066724
-0.025068
-0.063044
-0.031956
-0.121816
-0.022445
-0.001128
-0.046312
0.027843
-0.035920
-0.115977
-0.024038
0.023959
0.007847
0.038051
0.077414
0.112868
0.074415
0.030783
-0.062624
0.026046
0.044245
0.053317
0.056137
-0.026723
0.031378
-0.059846
0.007556
0.044847
0.012903
0.014789
0.021556
0.103371
0.060151
0.048128
-0.078187
-0.008163
0.025271
-0.001240
-0.006254
0.008316
0.004947
0.047009
-0.057158
0.066161
-0.025585
-0.072810
0.013591
-0.042454
-0.040919
0.005122
0.029803
-0.003594
-0.010316
-0.010290
-0.003106
-0.007245
-0.137799
0.002876
0.017208
-0.036766
0.033211
0.085706
0.009069
0.068621
-0.060120
0.016196
0.101843
0.030032
0.097613
0.080846
-0.053455
-0.039646
-0.076744
0.039529
0.088070
0.025878
0.044715
-0.042468
-0.012541
-0.046065
-0.004369
0.086315
0.076965
0.058475
-0.005617
0.017369
0.038883
-0.011370
-0.018965
0.002752
-0.038173
-0.017013
0.005616
-0.039297
-0.051847
-0.017278
0.001761
-0.061228
-0.078202
0.024725
0.008138
-0.057890
-0.050686
0.041800
-0.008938
-0.049223
-0.008120
0.053260
-0.032817
-0.098786
-0.007805
-0.010865
-0.060953
0.032562
0.006585
-0.096131
-0.168948
-0.099902
0.017657
-0.091132
-0.141640
0.017359
0.030546
-0.046948
-0.066502
-0.043069
-0.075790
-0.038141
0.080845
0.055523
0.092485
0.058590
0.000755
-0.022504
0.045803
-0.040840
-0.047705
-0.011444
-0.066998
-0.083043
-0.045797
0.006418
-0.017663
-0.012047
0.137749
0.033442
0.149232
0.036287
-0.028949
0.065283
0.006610
0.012945
0.006692
-0.001123
0.012551
-0.042146
-0.061708
-0.103580
-0.112165
-0.012006
-0.116181
-0.068123
-0.002415
-0.032551
0.036364
0.027962
0.063636
0.033771
0.032544
-0.025931
0.051945
0.050060
0.056488
0.009107
-0.020768
0.001141
0.052639
0.015707
-0.057131
0.010784
0.066515
-0.101890
-0.069814
0.070802
-0.030215
0.047403
-0.021274
0.006754
0.072367
0.084445
0.019807
-0.085756
0.002978
0.006721
0.027733
0.068394
-0.023831
-0.021452
-0.000222
-0.017441
-0.016419
0.028870
0.095198
0.016124
0.009077
0.027469
0.086875
0.017931
0.036190
0.063396
0.030428
0.086862
0.122612
0.109699
-0.004007
0.054348
-0.005704
0.026308
0.130583
0.024775
0.080260
0.075110
0.053642
0.120995
0.023776
0.017804
-0.015102
0.100449
0.088159
-0.005010
0.004615
0.041595
-0.047931
0.069363
-0.004114
0.060306
0.113955
0.047451
0.031162
0.102729
-0.026541
0.015631
0.033919
-0.078182
-0.000804
-0.009565
0.001181
-0.019735
-0.063453
0.052637
-0.010798
-0.027209
0.007662
0.032243
0.075854
0.017521
-0.005266
-0.007708
-0.025247
0.066950
0.021249
-0.011373
0.061221
0.023809
0.023806
0.050266
-0.012529
-0.076573
-0.040610
-0.027693
0.044357
-0.034618
-0.018868
-0.004357
0.019381
-0.026651
0.047863
-0.016740
-0.012019
0.080766
0.044857
-0.020091
-0.043752
0.014074
0.005603
0.029153
-0.052329
-0.119304
0.012479
0.004125
0.076921
0.062570
-0.071270
0.056161
0.069759
-0.034157
-0.012385
-0.030536
0.020937
0.028861
-0.036793
0.005441
-0.021474
-0.070938
0.014762
-0.092742
-0.026085
0.011466
-0.016823
-0.010471
-0.064786
-0.052177
-0.048830
-0.009816
-0.065241
-0.081937
-0.105928
-0.040439
0.003103
-0.122260
-0.026651
-0.001590
0.028086
-0.043838
0.042219
0.063447
0.016279
0.066283
-0.016754
-0.002954
-0.023246
-0.003689
-0.083505
-0.010875
-0.071962
-0.022818
-0.007130
0.025121
-0.031108
-0.073550
0.019572
-0.017919
-0.016818
-0.018785
-0.005651
0.057255
-0.001582
-0.032763
0.013812
-0.046157
-0.001513
-0.023678
-0.043174
-0.027395
0.004848
-0.033408
-0.072663
-0.117122
-0.040789
0.058136
0.023728
-0.035230
-0.058671
-0.066234
-0.038529
0.014963
0.037916
-0.014098
-0.037257
-0.023882
0.030542
-0.007096
0.039653
0.053318
0.023833
0.057981
-0.073146
0.059460
0.009627
-0.062705
-0.047507
-0.014299
0.017029
0.042252
0.016970
0.015948
0.034831
-0.086442
0.001178
0.016571
-0.045419
-0.023429
-0.020956
-0.020382
0.087934
0.022681
0.093778
0.093715
0.008344
0.042321
-0.032933
0.086550
0.158166
-0.034075
-0.085972
0.011516
-0.037911
0.106717
0.100356
0.101074
0.101037
0.138615
0.148007
0.050547
0.067990
0.122889
0.040186
0.024549
0.075797
0.006760
-0.021353
-0.023412
0.006269
-0.001700
-0.001990
0.027971
0.023808
0.034233
-0.064066
-0.027888
-0.022038
-0.031862
0.030684
0.077667
-0.052709
-0.026205
-0.085093
0.006542
0.075921
-0.016510
-0.022256
-0.003513
-0.055747
-0.013664
0.046404
-0.032663
0.082108
0.040796
0.023683
0.053579
-0.044800
-0.094022
-0.045041
0.013481
0.033451
-0.028158
-0.042061
0.018935
0.041062
0.019961
0.040104
0.081958
-0.001060
0.003176
-0.003378
-0.103438
-0.032888
0.053476
0.042250
0.024200
0.019596
0.085539
-0.067060
-0.030928
0.087251
-0.009804
-0.021846
0.051028
-0.034167
0.113152
0.090808
-0.011623
0.007705
-0.015928
-0.036154
0.094713
0.089589
0.076123
0.139599
0.057457
0.091403
0.099733
0.042496
-0.026103
0.001707
-0.059437
-0.034842
-0.009995
0.002238
-0.005273
0.034142
0.048302
0.075018
0.020736
0.029356
0.042458
0.115298
0.000436
0.056226
-0.003169
-0.021175
-0.007392
0.009457
-0.056092
-0.005102
-0.020411
-0.010782
-0.047972
0.029698
0.055086
0.016715
0.017829
-0.023050
-0.009011
-0.019278
0.100767
0.093192
-0.031666
0.077593
0.033754
0.092956
0.031158
0.014981
0.101342
0.018222
-0.034835
0.087613
-0.034526
0.031622
0.153099
-0.072456
0.072960
0.061890
-0.005427
0.010544
-0.038922
0.009714
0.017344
-0.151039
-0.030342
-0.044376
0.067001
-0.028427
-0.009008
0.004111
-0.038974
-0.061247
-0.040039
0.029655
-0.111733
0.001986
0.019320
-0.113783
-0.066592
-0.000256
-0.029519
-0.003324
-0.014714
-0.090050
-0.006782
-0.009154
0.011692
0.006893
-0.052325
0.074693
-0.010034
0.021855
0.064519
-0.030971
-0.028930
-0.002782
-0.050035
0.030407
0.018905
0.029729
-0.007862
-0.063031
0.061984
0.045391
-0.038611
-0.057190
-0.001392
0.082838
0.046852
0.083790
-0.003752
-0.055067
0.017296
0.018461
0.054842
0.031491
0.031870
0.043545
-0.005330
0.049423
0.065993
0.078920
-0.007694
-0.014397
0.065792
-0.012994
-0.021169
-0.033633
-0.016794
0.015528
0.010056
0.046868
-0.018474
-0.015190
-0.053061
0.022494
-0.028848
-0.111975
-0.024888
-0.012942
-0.045865
0.046334
-0.020426
-0.062011
-0.004454
0.051987
0.008224
0.042012
0.014538
0.085227
0.056997
-0.033234
-0.013103
-0.023999
0.031416
-0.021010
-0.008086
-0.007877
-0.080085
-0.096820
-0.084817
-0.028533
0.006866
-0.133398
-0.008460
0.013257
-0.013997
-0.012596
-0.052860
0.059765
-0.015707
0.085683
0.096342
0.021443
0.057399
0.117761
0.064193
0.039711
-0.013074
-0.025457
-0.097573
-0.060759
-0.031487
-0.085558
-0.041787
-0.003789
-0.000920
-0.021952
-0.014208
-0.030539
-0.075172
0.029404
0.024287
0.103560
0.089640
-0.042222
0.004425
-0.040022
-0.013175
0.066238
0.009305
0.019330
-0.022309
0.002865
0.034920
0.095457
0.053010
0.052429
-0.000828
-0.110719
-0.006084
0.071536
0.014617
0.055441
-0.022268
-0.028657
-0.063818
0.022893
0.009262
-0.028749
0.075605
-0.008687
0.025066
0.023448
0.056357
0.083033
0.026026
0.060757
-0.019974
-0.060510
-0.058757
-0.040923
0.000982
-0.013601
-0.001330
0.009315
-0.007734
0.025107
0.068307
-0.070345
0.032350
0.065605
-0.074248
0.030355
0.044489
-0.017872
0.043208
0.037251
0.021878
0.001933
0.138833
0.029348
-0.078701
0.020824
-0.014683
0.037374
0.035604
-0.017521
-0.067772
-0.016155
-0.010975
-0.085953
-0.012402
0.013179
-0.021457
-0.084428
0.014670
-0.014115
0.114892
0.100203
0.067388
-0.019606
-0.067040
0.049202
0.001580
-0.010743
-0.018854
-0.051981
0.046603
0.029402
0.026864
0.084732
0.004455
0.027055
0.025503
0.005461
0.058462
0.097569
-0.061271
-0.033891
-0.003277
-0.053854
-0.012100
-0.009867
0.033205
-0.026892
-0.001869
0.026796
-0.006481
0.068570
0.050906
0.022354
0.008332
0.043521
0.039707
-0.072760
-0.081957
0.023092
-0.092225
0.009881
0.016858
0.018914
0.012094
0.034815
0.064581
-0.008103
0.028334
-0.041960
-0.005695
-0.042758
-0.032494
-0.036515
-0.035323
0.060307
-0.030671
0.005858
0.096545
-0.028765
-0.014047
0.068340
0.049740
0.017311
-0.081992
-0.034074
-0.045666
-0.063858
0.152974
0.076314
-0.056668
0.030482
-0.032956
0.001524
-0.021330
-0.018171
-0.028226
0.050601
0.046846
-0.029886
0.049778
0.052900
0.020053
0.101646
0.034562
0.059300
0.079512
0.031902
0.005332
-0.010516
-0.055171
-0.024867
0.022444
-0.092221
-0.016749
0.003512
-0.073135
-0.025174
-0.050956
-0.068670
-0.035135
-0.055139
0.013131
0.032743
-0.006180
-0.032410
-0.002964
-0.014040
-0.101396
-0.049559
0.014946
0.021750
0.041520
0.042732
-0.031073
-0.013440
0.023095
-0.048623
0.077164
-0.017630
-0.071029
-0.106709
-0.035927
0.042452
0.024942
0.074341
0.040084
-0.026396
-0.012833
-0.033567
-0.026139
-0.031895
0.030105
0.008294
-0.002829
0.043473
-0.018717
-0.032780
-0.016980
-0.012236
0.009197
0.024858
0.115847
0.038062
0.043642
-0.039417
0.097990
0.085238
0.007607
0.045044
0.051840
0.066895
0.044959
-0.042412
0.001528
0.013558
0.131170
0.068133
-0.042398
-0.023860
0.018842
0.090643
0.100894
0.095425
-0.014575
-0.008370
0.022462
-0.101747
0.041069
0.094778
0.018977
0.014138
-0.003662
-0.013717
-0.004396
0.040364
0.017179
0.014039
0.059780
0.079598
0.044715
-0.007752
0.070696
-0.021811
-0.058906
0.002373
-0.007919
0.008961
-0.031354
0.061741
0.018610
-0.091632
-0.066651
-0.035052
-0.035588
0.041635
-0.074118
-0.115834
-0.043299
0.008085
-0.046969
0.014018
-0.034187
-0.094479
0.012184
0.050615
0.039765
-0.007183
-0.031083
0.029423
0.034336
-0.001385
0.014226
-0.049348
-0.093885
-0.025547
-0.052918
0.023144
0.067073
-0.019008
-0.036682
-0.033943
-0.067850
-0.007326
0.048090
-0.092163
0.023160
0.058020
0.033871
0.050997
0.003961
-0.109532
-0.085019
-0.038730
-0.013617
0.055867
0.073644
0.017198
-0.017927
0.044186
-0.037016
-0.006808
0.038918
-0.017002
0.033753
0.169617
0.108665
0.040540
-0.028233
-0.063531
-0.001819
0.019394
0.079162
-0.005784
-0.060317
-0.054494
-0.003977
-0.087480
-0.097118
-0.077602
-0.004093
-0.001939
-0.026178
0.018601
-0.014662
0.009294
-0.013453
0.034193
-0.005896
0.028816
-0.019537
-0.023746
0.006952
-0.052843
-0.062779
-0.025925
0.032541
0.026630
-0.003373
-0.020427
0.030278
-0.010911
-0.037990
0.034175
-0.040684
-0.023676
0.048516
-0.022687
-0.066441
-0.089372
-0.052872
-0.119991
-0.096742
-0.041738
-0.000677
-0.077787
-0.001196
-0.002772
-0.068760
0.125564
0.091613
-0.029061
0.059752
0.065910
0.046582
-0.008172
-0.061359
0.016316
0.079494
0.046467
0.041826
-0.016082
0.037504
-0.025256
-0.042887
0.007232
0.019280
0.076193
-0.012457
0.014863
0.016700
0.056556
-0.013173
-0.068706
0.023735
0.043646
0.044904
0.066747
-0.002060
-0.024889
-0.047434
0.009218
-0.030392
-0.052440
0.025621
0.012196
-0.012922
-0.024618
-0.065637
0.059251
0.025149
-0.044351
0.020822
-0.029628
-0.074389
-0.023568
0.025181
-0.015949
0.020947
0.069595
0.069279
-0.115137
-0.063621
-0.077891
-0.107078
-0.046928
-0.032893
0.075355
0.001279
-0.015523
0.023315
-0.001768
0.082272
-0.049819
-0.034782
0.014740
0.012979
-0.019181
-0.041013
0.053562
-0.020249
-0.003959
0.070479
0.007930
0.043144
-0.008003
0.047714
0.116605
0.113886
0.075114
0.104794
0.023518
0.035270
0.094722
-0.019924
-0.034609
0.010405
-0.030935
0.003507
0.012161
0.001765
-0.027742
0.064243
-0.006786
0.026020
0.000109
-0.044986
0.030714
0.070961
0.006087
-0.010456
-0.021617
-0.043140
-0.002422
-0.075526
-0.027253
0.047738
-0.004351
0.007371
0.024989
-0.020991
0.033030
-0.043983
0.044194
0.021997
0.004797
0.009311
-0.021665
-0.063240
0.000228
0.033435
-0.055787
0.061343
-0.001032
0.000231
0.039409
0.038201
0.081939
0.036008
-0.015646
0.060570
0.005167
0.030797
-0.075435
-0.018920
0.033807
-0.013993
-0.001563
0.009245
0.002808
0.107284
0.054243
0.008446
-0.022039
0.040295
-0.064368
-0.064458
0.093896
0.046783
-0.040690
0.034202
-0.078821
-0.026062
-0.104786
-0.029006
-0.024409
0.007060
0.010298
0.044416
-0.057011
-0.047471
0.003059
-0.016242
0.026570
0.025279
-0.026451
-0.081224
-0.087280
0.004648
-0.110973
-0.020556
0.002333
-0.007408
-0.012290
-0.038239
0.001219
-0.026107
-0.034096
0.021006
-0.084327
-0.080268
-0.053317
-0.046239
-0.000012
-0.044933
0.031747
-0.017965
-0.008656
0.018888
0.054752
0.081663
-0.001603
-0.053225
0.034218
0.101877
0.092914
0.048128
0.079483
0.065767
-0.012142
0.001873
-0.034514
-0.027641
0.010895
0.059474
0.119270
0.083173
0.085113
0.002085
-0.029206
-0.039550
-0.012651
-0.042040
-0.029747
-0.074188
-0.025387
0.080019
0.096774
0.051223
-0.076804
0.017144
-0.043107
-0.031243
-0.038546
0.002857
0.022742
-0.061282
-0.037747
0.069304
0.077351
0.055791
-0.022818
-0.032228
0.014618
0.006954
0.100665
0.033555
0.113281
0.063556
0.078369
0.053498
-0.066191
0.046264
-0.024060
-0.036755
0.021842
0.028881
0.082692
-0.035765
0.089695
-0.037762
-0.005900
0.013492
-0.067609
-0.001036
-0.029228
-0.050039
0.019877
-0.025236
-0.031925
0.011173
-0.042041
0.107056
0.035810
-0.122916
-0.015911
-0.023308
-0.023720
-0.018000
-0.082200
-0.070121
-0.027632
0.056665
0.023559
-0.062120
0.011879
-0.017914
-0.099059
-0.001765
0.014949
0.001125
-0.069771
-0.069758
-0.023810
0.101905
-0.020910
0.009878
0.027903
-0.056523
-0.009056
-0.047288
0.005883
0.002005
0.068668
0.018170
0.032506
0.040756
0.093762
-0.032229
-0.125955
-0.037500
-0.031193
-0.036846
-0.073093
-0.018270
0.050732
-0.057590
0.010229
0.018908
0.041960
-0.140875
-0.093458
0.048750
0.026073
0.034102
-0.031144
0.017520
-0.062896
-0.061488
0.045294
0.017597
0.055413
-0.031833
0.029293
0.006260
-0.007274
-0.022465
-0.016175
0.019653
0.087167
0.012502
0.055690
-0.012344
-0.018895
-0.046037
0.018993
0.095724
0.053571
0.006260
0.044484
-0.003182
0.009178
0.031350
0.029939
-0.066040
0.021805
0.023077
0.020875
-0.058209
-0.065990
0.055274
0.027774
-0.004433
0.029665
-0.062259
-0.031991
0.090249
0.052283
0.082614
0.051427
0.044102
-0.013832
0.032926
0.112186
0.063978
0.010878
-0.012093
-0.035222
-0.039731
0.056696
-0.011524
0.025064
-0.053691
-0.117341
0.012089
-0.055811
0.060528
0.083250
0.024766
0.164093
0.027739
0.001740
0.054177
-0.016424
0.023605
-0.058734
-0.033552
-0.056307
-0.126373
-0.015998
-0.019480
0.000287
0.011004
-0.006064
0.037374
-0.037176
-0.040882
0.043374
-0.018856
0.055008
0.055859
0.065585
0.104642
0.058688
0.020123
0.051982
0.056346
-0.004066
-0.021669
-0.024684
0.014894
-0.035242
-0.015769
-0.008478
-0.052716
0.043772
0.011622
-0.005675
0.004200
-0.028035
0.013823
0.046015
-0.035212
-0.014658
-0.017602
-0.007709
-0.041255
-0.028774
0.012334
0.048556
0.036343
-0.055797
-0.010495
-0.032486
-0.002994
-0.002349
-0.058898
-0.068178
-0.082900
0.006312
0.058459
0.013222
0.036549
-0.011366
0.021824
-0.015696
-0.021428
0.085586
0.031545
0.058191
0.139839
0.028957
0.016250
0.005731
-0.066640
-0.032953
-0.040554
-0.023543
-0.032881
-0.038115
-0.018631
-0.049373
-0.035991
0.051277
0.000520
-0.022670
0.042047
-0.036721
0.019329
0.026900
-0.004835
0.024791
0.011082
-0.058362
-0.092254
0.049434
0.032694
-0.049786
0.030593
0.036092
0.096710
-0.059385
-0.057076
0.051476
-0.051735
-0.045243
0.045921
-0.056105
0.010873
0.014995
-0.007872
-0.011336
-0.134303
-0.027244
-0.012094
0.053481
-0.019845
0.071745
0.085070
-0.026249
0.033649
0.046737
-0.020054
-0.042879
-0.061135
-0.030654
-0.009866
-0.019285
0.030204
0.043938
-0.008528
0.073900
-0.017913
0.034422
-0.006832
-0.034516
0.011806
-0.078938
-0.017302
-0.005083
0.031783
0.054641
0.056973
0.076946
0.020830
-0.006301
-0.006008
0.101396
0.077848
-0.048601
0.118663
0.022785
-0.046273
0.050934
0.005583
0.034644
-0.084629
-0.031609
-0.000893
-0.030601
0.114384
-0.001548
0.003363
-0.006729
-0.009633
0.020172
-0.031743
0.052286
0.047247
0.018838
0.033032
0.040248
0.041588
0.053645
0.028224
0.034744
0.047498
0.000597
0.046581
0.007977
0.029352
0.076311
0.002974
-0.024397
0.025324
0.039571
-0.023571
-0.022325
0.018856
0.001793
-0.017903
0.017141
-0.053219
-0.035515
0.030756
-0.057988
-0.037230
-0.083041
-0.056328
-0.011819
-0.023606
0.025583
-0.005697
-0.005728
0.092984
-0.018264
0.049617
-0.063267
-0.041749
0.025300
-0.089446
-0.001947
0.029954
0.035061
0.061752
0.005676
0.023694
0.026690
0.011842
0.015800
0.012809
-0.158044
0.095836
0.117828
-0.046715
-0.026679
-0.041753
-0.098775
-0.049244
0.029189
-0.069679
0.036064
0.026201
-0.014529
0.024837
0.001305
0.018373
-0.015279
0.027976
-0.039092
0.030299
0.007627
-0.016350
0.013890
0.044175
0.017293
0.073618
0.039757
-0.023894
0.011924
-0.017214
0.033037
0.072317
0.076904
0.041772
-0.050626
-0.009063
-0.024506
-0.013554
0.012757
-0.009398
0.009777
0.031987
0.029555
0.013382
0.070680
-0.007655
-0.008877
0.084323
0.040451
-0.031975
0.023673
0.093513
0.057483
0.066332
0.048493
0.057592
0.026374
0.002615
-0.001349
-0.104738
0.008262
0.023443
-0.033120
-0.069272
-0.098042
-0.069690
-0.066698
0.066126
-0.000820
-0.022244
0.049125
-0.040947
-0.056681
-0.064579
-0.003110
-0.018375
-0.036058
0.073437
-0.054556
-0.002103
-0.095453
0.013802
0.072758
-0.065818
0.044587
-0.028117
-0.053051
-0.018098
0.148512
0.126988
0.106036
0.044937
0.019884
0.097584
0.096348
0.088043
0.069693
0.021285
0.056762
0.047505
0.029734
0.014314
0.038400
-0.026310
0.030062
0.034981
0.051135
0.006909
-0.048468
0.121906
0.007965
0.004981
-0.063302
-0.078377
0.063845
0.057814
0.031978
-0.089699
0.056993
0.048452
-0.095098
-0.051312
0.022956
-0.002537
0.046539
0.123507
0.042287
-0.009176
0.052410
0.023565
0.023497
-0.101393
0.057860
0.097127
0.025073
0.095901
-0.002558
0.005148
-0.044238
-0.054252
0.015175
-0.039107
-0.051023
-0.002593
-0.044496
-0.034542
0.041700
0.016647
-0.006608
-0.028917
-0.020298
-0.016607
-0.026663
0.023009
0.038658
0.074128
-0.031956
0.016647
-0.028462
-0.017904
0.034709
0.024787
0.082513
-0.041653
0.037065
-0.012204
-0.085616
0.023395
-0.009656
-0.105125
-0.002042
-0.003549
0.057017
0.028701
0.072494
0.136426
0.045516
0.035339
0.027292
-0.027528
0.052507
-0.116044
-0.000222
0.003129
0.042616
0.063671
0.025278
0.003855
0.052647
-0.007172
0.063838
-0.034293
-0.028103
-0.022371
-0.037195
-0.022631
-0.017846
0.060465
-0.013074
0.006601
0.086516
0.032637
0.071026
-0.019381
0.049589
0.090696
-0.001180
0.058795
-0.099629
-0.051541
-0.082871
-0.025318
-0.009918
-0.010110
0.054251
-0.004059
-0.064618
0.021835
0.006102
-0.007218
0.140908
0.081748
-0.015607
-0.046885
-0.035985
0.002653
0.014068
0.034803
0.050418
0.104488
0.050621
0.068100
0.104989
0.039859
0.006365
0.011048
0.110922
0.035698
0.029927
0.077308
-0.017343
0.023491
-0.006459
-0.021624
-0.042714
-0.066459
0.061018
0.013496
-0.061363
-0.024897
0.056007
0.049194
-0.043586
-0.104996
-0.028243
0.059518
-0.078329
-0.050118
-0.013505
-0.060020
-0.039764
-0.053065
0.053842
0.052324
-0.045366
0.031319
0.069775
0.075300
0.028648
-0.061439
0.009708
-0.074730
-0.079064
0.056789
0.072386
-0.049739
0.062451
0.041582
-0.036105
0.022203
0.007433
0.002438
0.022785
0.002051
0.027077
-0.020154
-0.110276
-0.096863
-0.040127
-0.052134
-0.068642
0.021993
0.008411
0.015143
-0.025574
-0.130060
-0.067553
0.030362
0.028008
0.010303
0.093607
0.033733
-0.034965
0.048653
-0.048740
0.035939
0.063448
-0.060147
0.025892
0.055417
0.042742
-0.052199
-0.004419
0.019112
-0.049105
-0.054740
-0.098142
-0.122023
0.054082
-0.109600
-0.031648
-0.016906
-0.097172
-0.032246
-0.093200
0.027499
0.084408
0.029666
-0.018745
0.089616
-0.023652
0.004451
0.045375
0.019802
0.013741
-0.041721
0.000843
-0.060175
-0.021312
-0.061438
-0.083365
-0.087775
0.014135
-0.000830
0.016380
-0.007842
-0.067198
-0.015775
0.009532
-0.119015
-0.082930
-0.057538
-0.048158
0.016657
0.113187
-0.003582
-0.041417
-0.029507
0.090877
0.054539
-0.075704
0.006334
-0.014340
0.018966
-0.090517
-0.037638
0.022335
-0.135409
-0.033329
0.044406
0.090481
-0.033400
0.045744
-0.029137
-0.015454
-0.014173
-0.014832
0.027215
-0.115183
-0.016794
-0.021594
-0.053792
-0.054426
-0.023555
-0.107759
-0.068253
-0.014884
-0.018960
-0.041500
-0.043835
0.084039
0.038917
-0.033656
0.043472
-0.037021
-0.008047
-0.073713
0.052763
0.155223
0.076168
0.029979
-0.010057
-0.049999
-0.035064
0.026835
0.036209
-0.001731
-0.040395
-0.042556
-0.153202
-0.046728
0.042520
-0.020014
0.065853
-0.009419
0.050079
0.037022
-0.103027
0.003013
0.043638
-0.032410
-0.031530
0.003944
0.057531
0.014760
0.004328
0.041628
0.045951
-0.071051
0.034158
-0.019777
-0.062317
0.047716
0.071771
-0.058418
0.032996
-0.048726
0.049248
0.055050
-0.060587
0.001987
-0.021604
0.012915
-0.034466
-0.044410
0.060862
0.017545
-0.016389
-0.026255
0.009622
-0.021077
-0.024680
-0.048219
-0.060578
-0.064027
-0.113885
-0.050134
-0.048085
0.078316
0.019685
-0.081561
-0.061634
-0.047490
0.046390
0.034900
0.019708
0.000360
0.008690
0.012257
-0.001614
0.108355
0.064491
0.003898
0.031578
0.035192
0.076416
0.020372
0.076583
0.070843
0.001717
0.042539
0.000191
-0.058516
0.041188
-0.039918
0.007498
0.013063
0.055790
-0.015204
-0.038605
-0.043196
-0.091024
-0.070521
-0.086101
-0.076220
-0.084743
