0.000000 36.338039 38.353828 40.153362 44.561573
50.000000 2.241733 2.017795 1.927776 2.485230
100.000000 0.557968 0.573116 0.720640 0.773342
150.000000 0.461280 0.374945 0.429808 0.708466
200.000000 0.129494 0.297378 0.234445 0.490956
250.000000 0.226734 0.279471 0.268004 0.423810
300.000000 0.216664 0.118303 0.240022 0.383721
350.000000 0.236218 0.070787 0.130224 0.155784
400.000000 0.221393 0.250641 -0.091620 0.301846
450.000000 0.393680 0.108753 0.025562 0.082212
500.000000 0.148033 0.139014 0.089150 -0.063636
550.000000 0.089835 0.250892 0.019653 0.153232
600.000000 0.267579 0.238143 -0.051829 0.237386
650.000000 0.264550 -0.019340 0.090198 0.252714
700.000000 0.214015 0.024210 0.084982 0.170242
750.000000 0.237367 0.096491 0.294019 0.115986
800.000000 0.195497 0.067067 0.022231 -0.091935
850.000000 0.268777 0.076792 0.058991 0.399070
900.000000 0.073947 0.082187 -0.112716 0.117762
950.000000 -0.006354 0.238071 0.010152 0.200626
1000.000000 0.082907 0.077290 0.218374 0.203212
1050.000000 0.186357 0.208625 0.068840 -0.032982
1100.000000 0.322177 0.169134 0.120354 0.041125
1150.000000 0.116760 0.210001 0.028736 0.013848
1200.000000 0.172251 0.342875 -0.023717 -0.079763
1250.000000 0.167794 0.173101 0.214835 -0.066789
1300.000000 0.100402 -0.083232 -0.009632 -0.139094
1350.000000 0.142928 0.027806 -0.106530 0.007011
1400.000000 -0.059511 0.097167 0.037626 0.198334
1450.000000 0.242134 -0.085249 -0.007146 -0.039003
1500.000000 0.191292 0.116857 0.102522 -0.026741
1550.000000 0.104440 0.044909 0.190667 0.024174
1600.000000 0.129271 0.124299 -0.046320 -0.114871
1650.000000 0.047871 -0.024825 0.112388 -0.019236
1700.000000 0.093851 -0.055779 0.060246 0.174906
1750.000000 0.048988 0.080801 0.068202 -0.093064
1800.000000 0.252348 -0.058547 0.130967 0.148054
1850.000000 0.228534 -0.163496 0.115447 0.184483
1900.000000 -0.000237 0.073597 0.039255 -0.013152
1950.000000 0.189708 0.053718 -0.176364 0.254676
2000.000000 0.099034 -0.023379 -0.013223 0.046824
2100.000000 0.097683 0.106558 0.003184 0.050698
2350.000000 0.022469 0.031446 0.116566 0.119092
2600.000000 0.047730 -0.016447 0.022939 -0.094366
2850.000000 0.173283 0.052899 -0.024867 -0.016691
3100.000000 -0.014520 0.062868 -0.081921 0.001946
3350.000000 -0.042198 0.093256 -0.068678 -0.052650
3600.000000 0.020834 0.132621 -0.019991 0.019723
3850.000000 0.013790 -0.016606 -0.122863 0.085868
4100.000000 0.082961 0.022727 0.074868 -0.098313
4350.000000 0.126620 -0.037435 0.093398 -0.057116
4600.000000 0.074157 0.076965 -0.078714 0.012483
4850.000000 0.045533 -0.018292 0.063578 0.041309
5100.000000 0.086193 0.065577 0.031565 0.014201
5350.000000 0.027561 0.124752 -0.025488 0.076534
5600.000000 0.058233 0.030035 -0.009674 0.103970
5850.000000 0.012223 0.106826 0.038499 0.007667
6100.000000 0.031215 -0.036734 0.001265 0.087773
6350.000000 0.100412 0.100517 0.027256 -0.021996
6600.000000 0.043834 0.079014 0.059810 -0.143942
6850.000000 0.047967 0.028650 0.034848 0.125575
7100.000000 0.086982 -0.016921 0.003896 0.069756
7350.000000 -0.109209 0.092396 0.142049 0.105031
7600.000000 0.049392 0.046578 -0.012415 0.033305
7850.000000 0.070863 -0.003543 0.029534 -0.120551
8100.000000 0.018928 0.053751 0.005804 -0.103549
8350.000000 -0.021637 0.096622 0.052634 0.067840
8600.000000 0.027268 -0.007860 -0.013913 0.084734
8850.000000 -0.024930 -0.004104 -0.058823 0.048364
9100.000000 0.014596 0.044361 0.018889 -0.045953
9350.000000 0.089644 -0.033242 -0.014646 0.108366
9600.000000 -0.008139 -0.005767 0.031119 0.073438
9850.000000 0.045249 0.049397 0.058216 0.051313
10100.000000 -0.034464 -0.039933 0.007084 0.165188
10350.000000 0.088161 -0.018711 0.061937 -0.031693
10600.000000 -0.053824 0.006558 -0.004096 0.093731
10850.000000 0.006329 0.053447 0.037346 0.010553
11100.000000 -0.095629 0.061465 0.086578 -0.073288
11350.000000 -0.052321 -0.004824 -0.001156 -0.015331
11600.000000 -0.066759 0.022003 0.038141 0.108694
11850.000000 0.048030 -0.020087 0.026404 0.060059
12100.000000 0.053622 0.045320 0.002654 -0.055608
12350.000000 0.042915 0.009457 0.031045 -0.081884
12600.000000 0.068141 0.004821 -0.099918 -0.034622
12850.000000 0.017995 0.041540 0.067448 0.075675
13100.000000 0.100714 0.037390 0.003803 0.000008
13350.000000 -0.024047 -0.005713 0.028968 -0.024235
13600.000000 0.068027 -0.018108 -0.033794 0.103027
13850.000000 0.001566 -0.032841 0.014960 0.022504
14100.000000 0.088870 0.009646 0.020993 0.022028
14350.000000 0.038597 0.119584 0.007357 0.040624
14600.000000 -0.029826 -0.115157 0.149711 0.085035
14850.000000 0.045033 -0.123257 0.071416 -0.013518
15100.000000 -0.029765 -0.051658 0.061586 0.042420
15350.000000 -0.067862 0.062500 0.160119 0.004937
15600.000000 -0.032534 0.099673 0.084038 -0.011447
15850.000000 0.023117 0.016183 0.026479 0.014721
16100.000000 0.032501 0.029269 -0.008294 0.052052
16350.000000 0.051163 -0.037407 -0.000901 -0.108203
16600.000000 0.026133 0.048403 -0.042447 0.015504
16850.000000 0.013715 0.052253 0.058768 0.026156
17100.000000 -0.036313 -0.021624 0.021683 0.057406
17350.000000 -0.046658 -0.068830 0.005578 0.011771
17600.000000 -0.063424 0.029209 -0.073651 0.103970
17850.000000 0.052407 -0.049005 -0.017376 -0.009224
18100.000000 -0.015722 0.072248 -0.006168 0.088624
18350.000000 0.132348 -0.033046 0.083405 -0.021893
18600.000000 0.008684 -0.001004 -0.035895 -0.088869
18850.000000 -0.012172 0.087427 0.034514 0.080593
19100.000000 0.040229 -0.072862 -0.042223 0.065867
19350.000000 0.000422 -0.082315 -0.039899 -0.010999
19600.000000 -0.008258 -0.014824 0.094272 -0.020935
19850.000000 0.003780 0.014174 0.057202 0.002028
20100.000000 -0.026859 -0.010546 -0.007724 -0.119725
20350.000000 0.017380 -0.039722 0.052359 0.035709
20600.000000 0.026781 0.041600 -0.011005 0.013412
20850.000000 -0.058607 0.002792 -0.016486 0.048938
21100.000000 -0.021399 -0.099343 0.074324 -0.075793
21350.000000 -0.014486 -0.043644 -0.067986 -0.026353
21600.000000 -0.000648 -0.031402 0.032104 0.048553
21850.000000 0.067404 0.019391 0.020730 -0.031712
22100.000000 0.081887 -0.032652 -0.090443 0.037992
22350.000000 0.062880 -0.113493 0.008557 -0.044797
22600.000000 -0.058057 -0.024482 -0.081112 -0.098904
22850.000000 -0.007460 0.097029 0.028349 0.029375
23100.000000 0.080370 0.071806 0.026276 0.015524
23350.000000 0.043693 -0.030646 -0.031613 -0.023840
23600.000000 -0.004071 0.033092 -0.029424 -0.069214
23850.000000 0.027944 -0.019604 0.043438 -0.104887
24100.000000 0.008990 0.036641 -0.057474 -0.082979
24350.000000 0.079098 0.077929 0.040959 -0.079180
24600.000000 0.032693 0.093801 0.017680 -0.026434
24850.000000 0.060885 0.049369 -0.007665 -0.019909
25100.000000 -0.023871 0.003364 0.026311 -0.073984
25350.000000 0.070994 -0.013025 0.117422 -0.029163
25600.000000 0.047074 0.094264 -0.014716 -0.052866
25850.000000 0.006593 0.026389 -0.009623 -0.065936
26100.000000 0.136353 0.071261 0.064458 0.006539
26350.000000 0.038250 -0.037696 0.067759 -0.081837
26600.000000 0.121067 0.026292 -0.049464 0.001346
26850.000000 -0.052124 0.003881 -0.034122 -0.037644
27100.000000 -0.016330 -0.031390 0.084910 -0.095790
27350.000000 0.035917 -0.028186 0.043912 0.002065
27600.000000 0.075005 -0.010563 0.069454 -0.081921
27850.000000 0.085414 0.127578 0.026958 0.031566
28100.000000 -0.030490 -0.022540 -0.030753 -0.104575
28350.000000 -0.087187 0.059146 -0.019760 0.034800
28600.000000 -0.033454 0.024230 -0.069252 0.028404
28850.000000 0.026577 0.011921 0.006474 -0.017356
29100.000000 0.032514 0.004489 -0.034954 -0.063866
29350.000000 -0.018538 0.051818 -0.016900 -0.044865
29600.000000 0.054370 0.016936 -0.015165 -0.071035
29850.000000 -0.026141 -0.019992 -0.037274 -0.053526
30100.000000 0.041938 0.046772 -0.019185 -0.008424
30350.000000 0.056568 0.004828 0.019092 -0.035418
30600.000000 0.027752 0.019524 -0.002812 0.011907
30850.000000 -0.008129 -0.034710 0.041148 -0.050759
31100.000000 0.087586 0.129009 -0.067629 0.057283
31350.000000 0.038793 0.073379 0.082662 0.058486
31600.000000 0.023106 -0.021202 0.089237 0.003788
31850.000000 0.140176 0.120782 0.169686 -0.042892
32100.000000 0.031506 -0.013947 -0.032444 0.082961
32350.000000 -0.041631 0.096307 -0.010957 -0.006519
32600.000000 0.090012 -0.019682 -0.049335 0.062645
32850.000000 -0.031834 0.114058 -0.034234 -0.029166
33100.000000 0.005294 -0.023284 0.043643 -0.073552
33350.000000 -0.037123 0.100355 0.067993 0.075593
33600.000000 0.024342 -0.052588 0.065154 -0.019830
33850.000000 -0.015669 -0.030332 0.035166 0.058529
34100.000000 0.026439 0.044219 0.054689 0.093769
34350.000000 0.030668 -0.050971 0.043695 0.056886
34600.000000 -0.025368 0.012475 -0.010559 0.140561
34850.000000 0.037868 0.012621 -0.041721 -0.153068
35100.000000 -0.010731 -0.171024 -0.027806 0.088241
35350.000000 0.024700 -0.004583 -0.064119 -0.001955
35600.000000 0.052378 0.003944 -0.001086 -0.021505
35850.000000 0.026418 0.056105 -0.028889 0.012116
36100.000000 0.031977 0.053973 0.012610 0.024863
36350.000000 -0.047613 -0.080602 -0.001043 -0.000039
36600.000000 0.018072 0.044426 0.115575 -0.012270
36850.000000 0.075963 0.068917 0.038513 -0.079011
37100.000000 0.051675 0.091745 -0.056781 0.004140
37350.000000 -0.033545 -0.048892 0.030329 -0.032868
37600.000000 0.034234 0.010152 -0.027686 0.045160
37850.000000 0.046174 0.003146 -0.059227 -0.072485
38100.000000 0.010196 -0.007775 0.062765 -0.009212
38350.000000 0.037022 -0.021601 0.181875 -0.072236
38600.000000 0.039218 0.058369 -0.084331 -0.088405
38850.000000 0.121473 0.023348 0.037810 0.083357
39100.000000 0.002967 0.051214 0.000475 0.158262
39350.000000 0.006607 0.041414 0.145842 0.006660
39600.000000 0.049104 -0.020462 -0.029635 0.131096
39850.000000 0.028735 0.109821 -0.030332 -0.078226
40100.000000 0.049987 0.065676 0.006520 -0.006886
40350.000000 -0.081116 -0.072001 -0.021405 0.004237
40600.000000 -0.007004 -0.047613 0.030697 -0.020109
40850.000000 0.039700 -0.022920 0.045842 -0.028493
41100.000000 0.039191 -0.017039 0.048785 -0.179724
41350.000000 -0.028779 0.013169 -0.088453 -0.071819
41600.000000 -0.048596 -0.011848 0.093280 -0.072385
41850.000000 -0.018453 0.030515 0.041276 -0.077253
42100.000000 0.045461 0.032335 0.085123 0.003133
42350.000000 0.067035 0.002741 0.061292 -0.067258
42600.000000 -0.079081 0.018062 0.039672 0.098736
42850.000000 -0.026461 0.054213 0.046233 -0.030147
43100.000000 -0.070519 0.045904 -0.038454 0.027768
43350.000000 -0.024669 -0.114781 0.032339 0.093629
43600.000000 -0.002454 0.079188 0.021069 -0.012490
43850.000000 0.154437 -0.033286 -0.085664 0.010871
44100.000000 0.011994 -0.019906 0.047757 -0.005570
44350.000000 -0.007006 0.021338 0.097788 -0.092263
44600.000000 0.048604 0.059191 0.093954 0.000332
44850.000000 0.081901 0.031585 -0.016880 0.010277
45100.000000 -0.068209 -0.009527 0.064322 -0.022919
45350.000000 0.002595 -0.005549 -0.044673 0.061076
45600.000000 -0.013331 0.043135 -0.058210 -0.054060
45850.000000 0.026000 0.010186 0.037104 0.013372
46100.000000 0.037158 -0.000708 0.111755 -0.135856
46350.000000 -0.068254 0.050794 0.025462 -0.123191
46600.000000 0.018047 0.020967 -0.028205 0.052679
46850.000000 0.079271 0.010780 0.092883 -0.020602
47100.000000 0.000789 -0.033528 -0.031531 -0.041457
47350.000000 -0.043173 -0.011206 0.003812 -0.026778
47600.000000 -0.011358 -0.153690 -0.035479 0.065922
47850.000000 -0.031175 0.051484 0.061860 0.006142
48100.000000 -0.088322 -0.051145 0.044635 -0.077279
48350.000000 0.064959 0.038843 0.007362 -0.020832
48600.000000 -0.000482 -0.000041 -0.038726 0.017433
48850.000000 -0.022651 0.018137 0.040399 0.053564
49100.000000 0.008157 0.011313 -0.108902 -0.016142
49350.000000 -0.028398 0.117296 0.002920 0.067293
49600.000000 0.015487 0.039233 -0.008156 -0.022934
49850.000000 0.018430 0.085617 0.031139 0.017236
50250.000000 -0.044355 0.042889 0.007602 0.081678
50750.000000 0.082645 0.029087 -0.005208 -0.020961
51250.000000 0.033062 0.012386 0.080647 0.013916
51750.000000 0.056953 -0.067857 -0.007540 -0.090613
52250.000000 0.002741 0.026859 0.042078 -0.051058
52750.000000 -0.000729 -0.054940 -0.013825 -0.079133
53250.000000 -0.007693 -0.036922 0.014947 0.060446
53750.000000 0.069534 -0.003379 -0.020172 0.059485
54250.000000 -0.004327 0.014217 -0.002094 0.015421
54750.000000 -0.029421 -0.053144 -0.015817 0.040213
55250.000000 0.006542 0.026337 0.010041 0.046284
55750.000000 0.063913 0.012848 0.037555 0.022755
56250.000000 0.098203 0.074964 -0.060880 0.065312
56750.000000 0.050372 0.033163 0.041666 -0.130160
57250.000000 0.014529 -0.031352 0.027407 -0.000850
57750.000000 -0.025278 -0.035208 0.017650 -0.005570
58250.000000 0.015035 -0.025369 0.030718 -0.003983
58750.000000 0.078309 -0.031742 0.004796 -0.038453
59250.000000 0.005070 -0.048650 0.014670 -0.021562
59750.000000 -0.056356 0.006908 0.007871 -0.068764
60250.000000 -0.006395 0.032606 -0.020292 -0.029770
60750.000000 0.076710 0.013843 -0.053036 -0.030459
61250.000000 -0.031969 0.015318 0.037704 -0.045314
61750.000000 -0.017600 0.048143 -0.032475 -0.014576
62250.000000 0.047012 0.033215 0.040608 0.034605
62750.000000 -0.017321 0.022982 0.027624 0.023475
63250.000000 -0.007955 0.009120 0.004441 0.030445
63750.000000 0.053108 0.048745 0.073662 0.033379
64250.000000 -0.023882 -0.003959 0.021891 -0.022106
64750.000000 -0.014925 0.017237 0.059486 -0.039427
65250.000000 0.004998 0.012437 0.053460 -0.039194
65750.000000 0.037122 0.049000 -0.013106 -0.043033
66250.000000 0.027934 0.016675 -0.053542 0.025443
66750.000000 -0.016400 -0.019000 -0.032599 -0.068994
67250.000000 0.020129 0.021244 0.004421 -0.023968
67750.000000 -0.009732 0.097257 0.015485 -0.069422
68250.000000 0.047685 0.054600 -0.012633 0.002034
68750.000000 -0.016859 -0.011726 0.080625 0.006869
69250.000000 0.051874 0.018193 0.032245 -0.064103
69750.000000 -0.015583 -0.045015 -0.009956 -0.021897
70250.000000 -0.040469 0.007363 -0.060050 -0.046534
70750.000000 -0.043133 0.038356 0.002135 -0.043459
71250.000000 -0.017181 0.017610 0.097640 -0.001001
71750.000000 -0.030809 0.000966 -0.006361 0.041766
72250.000000 0.000005 0.072647 -0.005153 0.030132
72750.000000 0.020093 -0.021121 -0.014517 -0.007791
73250.000000 -0.008207 -0.011938 0.014690 -0.024401
73750.000000 0.030748 -0.040995 0.030287 -0.018307
74250.000000 0.006008 0.000486 0.021834 -0.005748
74750.000000 -0.035508 0.103964 0.068298 -0.019077
75250.000000 -0.019211 0.037947 -0.025863 0.075983
75750.000000 0.003505 0.044063 0.045056 -0.022793
76250.000000 -0.012345 -0.016003 -0.078140 0.004629
76750.000000 -0.018838 -0.076542 0.046580 0.123338
77250.000000 -0.051343 0.045706 -0.006734 -0.047500
77750.000000 0.052397 -0.024231 -0.036069 -0.021300
78250.000000 -0.012650 0.023216 0.014825 -0.012181
78750.000000 0.064369 -0.006124 0.071948 0.015581
79250.000000 0.058119 -0.018390 0.027212 -0.043134
79750.000000 -0.004194 0.008619 -0.042164 -0.028932
80250.000000 0.068594 0.042982 -0.049180 -0.022959
80750.000000 0.070168 0.045987 0.005998 -0.031732
81250.000000 -0.011974 0.017742 -0.041945 -0.059005
81750.000000 0.022762 -0.055453 -0.052383 -0.125120
82250.000000 0.050265 0.002175 -0.019350 -0.038611
82750.000000 -0.004765 0.053424 -0.006539 0.005303
83250.000000 -0.024000 0.018468 0.016480 0.021633
83750.000000 -0.026395 0.004661 0.018423 -0.047279
84250.000000 0.014686 -0.005120 -0.080479 -0.013144
84750.000000 0.064797 0.026375 -0.011343 -0.094341
85250.000000 0.025107 -0.033276 0.041641 0.120101
85750.000000 0.005683 -0.014097 0.011292 0.021169
86250.000000 0.019592 0.038550 -0.019796 0.069428
86750.000000 0.056119 -0.061088 -0.056146 0.042397
87250.000000 0.051550 -0.012585 0.011086 -0.048747
87750.000000 -0.003108 -0.015319 0.023121 -0.004028
88250.000000 -0.004954 0.000694 0.063073 -0.012580
88750.000000 -0.042542 0.005627 0.053685 -0.067849
89250.000000 -0.054095 -0.062485 -0.020851 -0.038665
89750.000000 0.101174 -0.002779 0.016521 -0.040050
90250.000000 -0.078524 -0.025298 -0.036688 0.044077
90750.000000 -0.023031 0.015372 -0.036700 0.044392
91250.000000 0.063578 -0.017268 -0.074603 -0.072756
91750.000000 0.041232 -0.018956 0.010925 -0.066740
92250.000000 0.004417 -0.032948 0.000695 0.115592
92750.000000 0.052600 0.114797 -0.047891 -0.074741
93250.000000 0.001669 -0.043033 -0.079115 0.067706
93750.000000 -0.027573 -0.028607 -0.087666 -0.020947
94250.000000 0.007240 0.028105 0.034619 -0.024577
94750.000000 0.009996 -0.012275 -0.013578 0.012176
95250.000000 -0.017928 -0.022465 0.038318 0.002588
95750.000000 -0.028447 0.061566 -0.016920 -0.048883
96250.000000 -0.045439 0.012382 -0.037545 -0.067319
96750.000000 -0.045592 0.021642 -0.001404 0.121521
97250.000000 -0.004766 -0.049473 -0.011504 0.067734
97750.000000 0.008778 -0.041202 -0.004670 -0.012703
98250.000000 -0.030104 -0.026208 -0.012313 0.020110
98750.000000 0.069678 0.026493 -0.018370 -0.019569
99250.000000 0.013371 0.056806 0.036267 0.068497
99750.000000 -0.018270 -0.066736 0.075257 -0.002574
100250.000000 -0.012712 0.037000 -0.002743 0.047157
100750.000000 -0.056879 -0.015489 -0.030204 0.090261
101250.000000 -0.063152 -0.073647 0.000746 -0.038265
101750.000000 -0.084619 -0.003905 -0.051609 -0.043254
102250.000000 0.025666 -0.089772 0.064175 0.049229
102750.000000 0.062654 0.025777 0.018091 0.023870
103250.000000 0.013077 -0.023816 -0.001420 0.085190
103750.000000 0.118766 -0.036819 0.011802 0.077888
104250.000000 0.058313 -0.024117 -0.005745 -0.003237
104750.000000 0.047494 0.029087 0.050629 0.031665
105250.000000 0.074084 0.068441 0.031450 0.003069
105750.000000 0.111039 0.028812 0.043329 0.006532
106250.000000 0.051417 0.019972 -0.022495 0.023482
106750.000000 0.024323 0.038339 0.034821 -0.022142
107250.000000 0.026141 -0.027512 0.040056 0.025013
107750.000000 0.005784 -0.081504 0.025858 -0.009031
108250.000000 0.080358 -0.025112 0.002042 0.004391
108750.000000 0.041321 0.008655 -0.046145 0.038153
109250.000000 0.030190 -0.018500 -0.038052 0.091371
109750.000000 0.047608 -0.045784 -0.009793 0.007230
110250.000000 0.067397 0.045717 -0.013943 0.043510
110750.000000 -0.008115 0.018191 0.090276 0.012988
111250.000000 0.002699 0.016412 0.023714 -0.054310
111750.000000 -0.005176 0.050310 0.091402 0.001034
112250.000000 0.046133 -0.034026 0.000440 -0.051455
112750.000000 0.027907 -0.011162 -0.015764 -0.015957
113250.000000 -0.038000 -0.016045 0.035572 -0.000032
113750.000000 -0.105739 -0.021438 -0.048310 0.029644
114250.000000 0.037433 -0.034480 -0.040602 -0.004425
114750.000000 0.079272 0.075775 -0.127728 0.012465
115250.000000 -0.015303 0.003744 0.033009 0.020935
115750.000000 -0.003328 -0.022489 -0.022268 -0.123326
116250.000000 0.022660 -0.001901 -0.072225 0.008467
116750.000000 0.036992 -0.030837 0.056124 -0.032714
117250.000000 0.047320 -0.016364 0.016785 0.024247
117750.000000 -0.005482 -0.011224 0.030477 -0.008757
118250.000000 -0.040645 -0.002742 -0.033414 -0.076396
118750.000000 0.050363 0.029692 -0.052579 0.046638
119250.000000 0.003790 0.003426 0.045191 0.042124
119750.000000 0.016028 -0.055274 0.028264 0.022690
120250.000000 0.029926 0.044107 0.012348 -0.076914
120750.000000 0.043433 0.034881 -0.052771 0.024850
121250.000000 -0.010904 0.042302 -0.009791 -0.012325
121750.000000 -0.001079 0.063877 0.050498 -0.021053
122250.000000 -0.034480 0.031342 0.016681 0.034911
122750.000000 0.025998 -0.023211 -0.013022 0.037791
123250.000000 0.029720 0.037385 0.024660 0.035309
123750.000000 -0.012905 -0.022659 -0.018510 -0.001786
124250.000000 0.024603 -0.006054 -0.073750 0.083826
124750.000000 -0.033907 0.005836 -0.061216 -0.058963
125250.000000 0.009068 -0.030097 0.045486 -0.056515
125750.000000 -0.007440 0.085107 0.011788 0.048233
126250.000000 0.034430 0.015267 -0.015983 -0.002546
126750.000000 -0.029904 0.027019 -0.053122 0.051520
127250.000000 -0.041830 0.079749 -0.041433 0.077977
127750.000000 0.020137 0.045264 -0.007277 0.064742
128250.000000 -0.018412 -0.067508 0.023160 -0.031581
128750.000000 0.025095 0.021061 0.089060 -0.000800
129250.000000 -0.037450 -0.008433 -0.010830 0.023636
129750.000000 0.020032 -0.014429 -0.025605 0.029773
130250.000000 0.020942 0.033870 -0.016555 -0.029004
130750.000000 0.052686 0.069022 -0.000715 0.084755
131250.000000 0.071383 0.051275 0.030504 0.074028
131750.000000 0.024054 -0.015402 0.015735 0.002533
132250.000000 0.072348 0.031199 0.056732 0.082139
132750.000000 -0.034699 -0.018622 0.019127 0.032523
133250.000000 0.032529 0.042584 -0.038766 0.012556
133750.000000 -0.038957 0.057491 0.002915 0.021065
134250.000000 0.035555 0.053011 -0.084305 0.021040
134750.000000 -0.023568 0.086415 0.016945 -0.002619
135250.000000 0.038826 0.056478 -0.034466 -0.116957
135750.000000 0.067672 -0.000795 0.020459 0.009041
136250.000000 -0.029048 0.075647 -0.068202 -0.002101
136750.000000 0.018308 0.014216 0.096854 0.101974
137250.000000 0.019911 0.005425 0.053016 0.016574
137750.000000 0.056290 -0.045407 -0.056324 -0.014931
138250.000000 0.018648 0.081291 0.010742 0.004848
138750.000000 0.041996 -0.013579 -0.014886 -0.049004
139250.000000 -0.018066 -0.028970 0.007764 0.018455
139750.000000 0.018536 0.053003 0.086312 0.099054
140250.000000 -0.001388 0.040170 -0.036666 -0.039623
140750.000000 0.039266 0.068082 0.000606 -0.003966
141250.000000 0.022975 0.027363 -0.025577 0.039201
141750.000000 -0.025329 0.027439 -0.017639 0.049382
142250.000000 0.031738 0.014415 -0.021574 0.061658
142750.000000 0.003998 0.028237 -0.038306 0.006555
143250.000000 -0.030145 -0.024705 0.006751 -0.081121
143750.000000 -0.055238 0.058452 -0.042989 -0.002791
144250.000000 0.043791 0.030060 -0.030922 0.048067
144750.000000 -0.005546 -0.009181 -0.034181 -0.017584
145250.000000 -0.009852 0.065609 -0.023608 -0.008360
145750.000000 -0.018732 0.024711 0.008680 0.025069
146250.000000 -0.035745 -0.030724 0.024279 0.140796
146750.000000 -0.059986 0.012249 0.075350 -0.054530
147250.000000 -0.056829 0.008331 0.049891 -0.021372
147750.000000 0.005462 0.012928 0.076326 -0.049117
148250.000000 0.014264 0.082466 0.024594 -0.024875
148750.000000 0.003247 0.029569 0.049424 0.037089
149250.000000 -0.070239 0.006297 0.017498 0.012916
149750.000000 -0.003381 -0.030542 0.014611 0.065016
150250.000000 -0.035584 -0.057555 -0.018532 0.148369
150750.000000 -0.082189 0.040063 -0.077204 0.013152
151250.000000 -0.019515 -0.085838 -0.017498 0.028186
151750.000000 -0.065609 -0.024421 0.011903 0.088802
152250.000000 -0.016279 0.012014 0.126768 -0.026007
152750.000000 -0.028084 0.015628 -0.027227 0.003880
153250.000000 0.039272 -0.077860 0.019077 -0.099672
153750.000000 0.012407 0.017348 0.014306 -0.015123
154250.000000 0.051800 -0.044431 0.009278 0.011389
154750.000000 0.022165 -0.064306 0.066817 -0.091358
155250.000000 0.055606 0.037728 0.038170 -0.095672
155750.000000 -0.011806 -0.069088 -0.035232 -0.077553
156250.000000 -0.003030 -0.057092 -0.028402 0.010535
156750.000000 -0.050761 -0.009440 0.012885 0.007667
157250.000000 -0.050251 -0.027904 0.022884 0.019935
157750.000000 -0.023420 0.010134 0.023324 0.043972
158250.000000 -0.106008 -0.048189 0.010144 -0.049346
158750.000000 -0.028638 -0.015675 0.028718 0.021412
159250.000000 0.014333 0.039407 0.037422 -0.030870
159750.000000 0.035989 -0.027512 0.048757 0.007094
160250.000000 0.003952 -0.005734 -0.037798 0.007266
160750.000000 0.042227 0.038868 0.006666 -0.060053
161250.000000 0.004879 -0.046451 -0.006436 -0.049533
161750.000000 0.047943 0.007444 -0.026092 0.122700
162250.000000 0.024041 -0.000699 0.070397 0.040662
162750.000000 0.066738 -0.041923 -0.018545 -0.025049
163250.000000 0.012050 0.043424 0.034798 -0.038461
163750.000000 -0.050483 -0.070584 -0.010546 -0.008773
164250.000000 -0.029389 0.001243 0.026809 0.001164
164750.000000 0.052253 0.021341 -0.018917 0.012653
165250.000000 0.101842 0.067079 0.009466 0.060157
165750.000000 0.038112 -0.003922 -0.035982 0.077284
166250.000000 -0.032828 0.030718 -0.026667 0.011109
166750.000000 -0.067870 0.044173 0.122856 -0.003615
167250.000000 0.048956 0.028175 0.053733 0.049218
167750.000000 0.025323 0.013274 0.031707 0.025372
168250.000000 -0.016842 -0.009517 -0.006358 -0.044770
168750.000000 0.030704 0.118225 -0.009640 0.023364
169250.000000 -0.013841 0.024955 -0.006082 0.020402
169750.000000 -0.020386 0.004001 -0.045186 -0.032126
170250.000000 -0.027621 0.006456 -0.039463 -0.023416
170750.000000 -0.017436 0.071281 -0.013200 -0.043546
171250.000000 -0.014270 -0.048823 0.017417 0.035421
171750.000000 0.006122 0.003284 0.058658 0.030021
172250.000000 0.016521 0.085763 -0.015415 0.017529
172750.000000 -0.008982 -0.002363 0.030564 0.142622
173250.000000 0.047914 0.029851 -0.026119 -0.033699
173750.000000 0.018066 0.074551 0.012214 -0.023104
174250.000000 -0.030489 0.034482 0.076815 0.018587
174750.000000 -0.041629 -0.022540 -0.005237 0.094374
175250.000000 0.013693 0.058556 -0.038886 -0.067661
175750.000000 -0.006843 0.013383 0.038158 0.003170
176250.000000 -0.027076 -0.058056 0.018336 -0.026592
176750.000000 0.085844 0.008338 -0.005154 0.006193
177250.000000 0.039196 -0.056277 -0.004360 -0.071280
177750.000000 0.067134 -0.008946 0.042276 0.072194
178250.000000 0.003833 -0.030927 0.009923 -0.011532
178750.000000 0.014992 0.000819 -0.047697 -0.073331
179250.000000 0.081794 -0.011869 -0.031177 0.008910
179750.000000 -0.004918 -0.033705 -0.005567 0.011198
180250.000000 -0.015565 -0.033794 -0.042206 0.015565
180750.000000 -0.057939 -0.049086 0.098146 -0.037510
181250.000000 0.011185 0.057921 -0.061783 -0.004145
181750.000000 0.125368 -0.050644 0.010672 -0.012667
182250.000000 0.021900 0.035873 -0.044680 -0.010476
182750.000000 0.068727 0.046691 0.021268 0.055671
183250.000000 -0.032151 -0.003421 -0.034890 -0.072454
183750.000000 0.019291 0.077175 0.070095 0.031785
184250.000000 0.074454 0.022501 -0.036088 -0.060305
184750.000000 0.026649 -0.004641 -0.072188 0.046353
185250.000000 0.023497 0.004475 -0.018408 -0.068152
185750.000000 0.077112 -0.006728 -0.002209 -0.012908
186250.000000 -0.006891 0.003973 0.032894 -0.059820
186750.000000 -0.014683 -0.032021 0.046943 -0.102615
187250.000000 0.075604 0.031708 -0.025485 -0.065826
187750.000000 -0.037785 -0.034444 -0.008713 -0.040998
188250.000000 0.036724 0.009784 0.002804 -0.061329
188750.000000 0.003732 0.051203 0.047959 -0.056385
189250.000000 0.032537 0.003300 0.029483 -0.068625
189750.000000 0.013630 0.027634 -0.018089 -0.000779
190250.000000 0.018879 -0.016180 -0.051457 0.055169
190750.000000 -0.029759 0.035656 -0.003597 -0.067625
191250.000000 -0.026328 0.021507 0.077124 -0.023823
191750.000000 -0.028056 0.121271 -0.054569 -0.020620
192250.000000 0.031388 -0.011316 0.017114 -0.003363
192750.000000 -0.031602 0.069990 0.008175 0.006472
193250.000000 0.006931 -0.006772 0.027360 0.045690
193750.000000 -0.002751 -0.073344 0.007078 0.036576
194250.000000 0.074240 -0.012135 0.106159 -0.055805
194750.000000 0.022735 0.056006 -0.096616 0.023250
195250.000000 0.066494 0.021724 -0.018910 0.047861
195750.000000 -0.024691 -0.096172 -0.019275 -0.045885
196250.000000 0.017970 0.054282 -0.024349 -0.040110
196750.000000 0.028831 0.050075 0.065489 -0.056839
197250.000000 0.003514 0.073273 0.088288 0.031282
197750.000000 0.138931 -0.030582 0.052247 0.034772
198250.000000 0.018826 -0.058292 0.016720 -0.051459
198750.000000 0.017969 -0.000637 0.033256 -0.011765
199250.000000 -0.089287 -0.046818 0.076419 -0.039194
199750.000000 -0.039912 0.022624 0.037752 0.012200