0	44.611862
50	2.312764
100	0.797955
150	0.760108
200	0.476264
250	0.020440
300	0.320167
350	-0.038402
400	0.353180
450	0.182635
500	-0.074410
550	0.115348
600	-0.102076
650	0.040278
700	0.201283
750	0.160489
800	0.141116
850	0.039305
900	0.108685
950	0.192957
1000	0.305315
1050	-0.109307
1100	0.027465
1150	-0.118191
1200	-0.065640
1250	0.193618
1300	0.257640
1350	0.037552
1400	0.185473
1450	0.069440
1500	0.133578
1550	0.078534
1600	0.229733
1650	-0.025467
1700	0.275503
1750	0.297676
1800	0.078669
1850	-0.144710
1900	0.041775
1950	0.063069
2000	0.075016
2050	-0.071882
2100	0.065283
2150	0.042496
2200	-0.078476
2250	0.059117
2300	0.097739
2350	0.028284
2400	-0.085745
2450	0.341007
2500	0.129546
2550	0.036202
2600	-0.059365
2650	-0.236366
2700	0.048037
2750	-0.039482
2800	0.099147
2850	0.123076
2900	-0.168545
2950	-0.233121
3000	0.075434
3050	-0.049871
3100	-0.187123
3150	-0.108989
3200	0.049992
3250	-0.122020
3300	0.228727
3350	0.164040
3400	0.061795
3450	0.379199
3500	0.016583
3550	-0.034420
3600	0.116003
3650	-0.103249
3700	-0.176360
3750	-0.169704
3800	0.005797
3850	0.113214
3900	-0.050894
3950	-0.029997
4000	0.285142
4050	-0.044758
4100	0.122881
4150	0.171162
4200	-0.074088
4250	0.192392
4300	0.036787
4350	0.161643
4400	0.111549
4450	-0.150576
4500	-0.128432
4550	-0.079517
4600	0.050010
4650	0.078969
4700	0.230601
4750	0.088137
4800	0.069627
4850	-0.281782
4900	0.000098
4950	0.202546
5000	-0.024310
5050	0.093928
5100	-0.070890
5150	0.191008
5200	0.047087
5250	-0.031817
5300	0.077779
5350	0.145388
5400	0.096814
5450	0.049857
5500	-0.130298
5550	0.020801
5600	0.090396
5650	-0.033184
5700	0.064014
5750	-0.181090
5800	-0.236149
5850	-0.166679
5900	-0.117659
5950	0.102162
6000	0.180118
6050	-0.019865
6100	0.060127
6150	0.155583
6200	0.183242
6250	-0.050731
6300	-0.002212
6350	-0.102823
6400	0.024761
6450	0.266698
6500	0.042681
6550	0.062713
6600	-0.030056
6650	-0.070236
6700	-0.063375
6750	-0.005920
6800	-0.102424
6850	-0.151801
6900	-0.011125
6950	-0.024870
7000	-0.139829
7050	0.114011
7100	0.120780
7150	-0.082171
7200	-0.187096
7250	-0.039963
7300	0.083544
7350	0.013936
7400	-0.251387
7450	-0.253045
7500	0.111496
7550	-0.111589
7600	-0.122718
7650	0.100493
7700	0.073022
7750	0.156321
7800	0.124019
7850	-0.203880
7900	-0.109454
7950	-0.045803
8000	0.038651
8050	-0.072735
8100	0.058188
8150	-0.093282
8200	0.107248
8250	0.151606
8300	0.154222
8350	0.123736
8400	0.366231
8450	0.293968
8500	0.033524
8550	-0.043330
8600	0.147772
8650	0.134663
8700	0.239759
8750	-0.050131
8800	-0.062257
8850	-0.102754
8900	0.341615
8950	0.117962
9000	0.203276
9050	0.016973
9100	0.179942
9150	0.019541
9200	0.125281
9250	0.046252
9300	-0.009935
9350	-0.067914
9400	-0.108936
9450	-0.055744
9500	0.088658
9550	-0.043977
9600	-0.086735
9650	-0.208090
9700	-0.051839
9750	0.290478
9800	-0.101211
9850	0.208005
9900	0.207122
9950	0.088653
10000	0.129221
10050	0.215948
10100	0.213618
10150	0.176362
10200	-0.169947
10250	0.164569
10300	0.125852
10350	0.112198
10400	-0.126263
10450	0.147744
10500	0.220117
10550	0.046186
10600	0.133260
10650	-0.102991
10700	-0.034619
10750	-0.046880
10800	0.050647
10850	-0.000150
10900	-0.028437
10950	-0.175151
11000	0.162564
11050	0.101037
11100	-0.142769
11150	0.170827
11200	-0.002296
11250	0.317799
11300	-0.134731
11350	0.014509
11400	-0.189006
11450	0.028743
11500	0.310235
11550	0.028809
11600	-0.003888
11650	-0.006315
11700	-0.106649
11750	-0.050343
11800	-0.207801
11850	0.057891
11900	-0.258715
11950	-0.294870
12000	-0.087991
12050	0.129078
12100	0.202840
12150	-0.194557
12200	0.100568
12250	0.269533
12300	0.191079
12350	-0.014013
12400	-0.219538
12450	-0.024208
12500	-0.263979
12550	0.057882
12600	0.179440
12650	-0.196116
12700	-0.140168
12750	0.095797
12800	0.046477
12850	-0.042046
12900	-0.014135
12950	0.177505
13000	-0.128009
13050	0.193110
13100	0.078444
13150	0.072899
13200	-0.056972
13250	0.073611
13300	0.035333
13350	0.060285
13400	0.134041
13450	-0.039753
13500	-0.133304
13550	0.113962
13600	0.072768
13650	-0.140109
13700	0.170871
13750	-0.043473
13800	-0.061579
13850	0.108313
13900	-0.187342
13950	-0.034784
14000	0.058662
14050	0.032988
14100	0.068313
14150	-0.151278
14200	-0.069287
14250	0.331926
14300	0.125634
14350	0.150829
14400	0.064478
14450	-0.001381
14500	0.095963
14550	0.147709
14600	-0.217586
14650	-0.075861
14700	-0.042338
14750	-0.073363
14800	-0.271354
14850	0.001538
14900	-0.068920
14950	0.041191
15000	0.038338
15050	0.112989
15100	-0.056895
15150	0.120614
15200	0.067063
15250	0.009443
15300	0.202443
15350	-0.027059
15400	0.021202
15450	-0.019015
15500	-0.004128
15550	0.083900
15600	-0.028402
15650	-0.081469
15700	0.110158
15750	0.006497
15800	-0.187994
15850	-0.019979
15900	0.037027
15950	0.000298
16000	-0.045672
16050	0.070322
16100	0.192394
16150	0.037007
16200	-0.098490
16250	-0.048848
16300	0.057086
16350	0.071854
16400	-0.202117
16450	0.086858
16500	0.026181
16550	0.109468
16600	-0.058479
16650	0.090801
16700	0.176586
16750	-0.084050
16800	-0.027475
16850	0.225670
16900	0.210382
16950	-0.027856
17000	-0.010943
17050	-0.165088
17100	-0.177174
17150	-0.195592
17200	0.036243
17250	-0.099802
17300	-0.103579
17350	0.024518
17400	-0.129422
17450	0.188682
17500	0.097475
17550	0.189692
17600	-0.045888
17650	-0.051216
17700	0.256081
17750	0.183153
17800	0.192028
17850	0.097959
17900	-0.048753
17950	-0.088453
18000	0.092080
18050	-0.189317
18100	0.085613
18150	0.147857
18200	0.094088
18250	-0.119854
18300	-0.135437
18350	0.203587
18400	0.154958
18450	-0.043139
18500	0.097964
18550	0.359113
18600	0.091381
18650	0.256784
18700	0.062690
18750	0.042495
18800	-0.117072
18850	-0.034006
18900	0.017839
18950	-0.125054
19000	-0.083732
19050	0.013279
19100	0.051949
19150	-0.033722
19200	-0.063686
19250	-0.071583
19300	-0.058989
19350	0.241327
19400	0.161531
19450	0.213994
19500	-0.039142
19550	0.037436
19600	0.031832
19650	0.248458
19700	0.024844
19750	-0.066310
19800	0.114750
19850	0.016537
19900	-0.242131
19950	0.012123
20000	-0.065170
20050	-0.001232
20100	0.158863
20150	0.131161
20200	-0.067886
20250	0.120751
20300	-0.029848
20350	0.058019
20400	-0.168619
20450	-0.041606
20500	0.004291
20550	-0.069627
20600	0.117600
20650	-0.081809
20700	0.214750
20750	-0.034903
20800	0.059085
20850	-0.106074
20900	0.015291
20950	0.014910
21000	-0.189859
21050	0.025130
21100	-0.048190
21150	-0.195123
21200	0.044493
21250	-0.112720
21300	0.045857
21350	-0.136207
21400	-0.007347
21450	-0.119827
21500	-0.038645
21550	0.034728
21600	-0.025070
21650	-0.040104
21700	0.082220
21750	0.075224
21800	0.285864
21850	0.284044
21900	-0.071715
21950	-0.193841
22000	-0.116557
22050	-0.043529
22100	0.147281
22150	0.168362
22200	0.058818
22250	-0.182393
22300	0.130719
22350	-0.104833
22400	-0.061883
22450	-0.233031
22500	0.038055
22550	-0.325466
22600	-0.028390
22650	0.079051
22700	-0.043447
22750	-0.014025
22800	0.047593
22850	0.033714
22900	0.021325
22950	0.024786
23000	0.180983
23050	-0.141368
23100	0.117796
23150	-0.034044
23200	-0.199659
23250	0.039840
23300	0.134320
23350	-0.021442
23400	0.127727
23450	0.049329
23500	-0.102460
23550	-0.032359
23600	-0.084986
23650	-0.017813
23700	0.085718
23750	-0.009121
23800	-0.041282
23850	-0.016249
23900	-0.003551
23950	-0.004091
24000	-0.074298
24050	-0.028705
24100	0.040689
24150	0.160372
24200	-0.110681
24250	-0.159581
24300	-0.151690
24350	-0.190639
24400	0.166869
24450	-0.015911
24500	0.203117
24550	-0.004165
24600	-0.151823
24650	0.038137
24700	-0.155889
24750	0.081930
24800	0.143071
24850	0.184669
24900	0.077074
24950	-0.169696
25000	0.009405
25050	0.081469
25100	-0.084595
25150	0.005552
25200	0.081541
25250	-0.049255
25300	-0.122273
25350	-0.135407
25400	-0.023545
25450	-0.054012
25500	-0.212179
25550	0.226724
25600	0.064872
25650	-0.081819
25700	-0.103968
25750	-0.027672
25800	-0.100134
25850	0.021889
25900	0.019379
25950	-0.145403
26000	0.399233
26050	0.176982
26100	-0.067999
26150	0.173750
26200	-0.127507
26250	0.186020
26300	0.046637
26350	0.063782
26400	-0.088607
26450	0.084040
26500	-0.037308
26550	0.216886
26600	0.075305
26650	0.088101
26700	-0.129925
26750	0.026227
26800	0.057438
26850	-0.121693
26900	-0.070293
26950	0.124680
27000	-0.314701
27050	-0.011791
27100	-0.128367
27150	0.004676
27200	-0.104256
27250	0.072537
27300	0.012859
27350	-0.103824
27400	0.267713
27450	0.396241
27500	-0.023754
27550	-0.131460
27600	0.101790
27650	0.503951
27700	-0.165074
27750	-0.108082
27800	0.093835
27850	-0.095160
27900	0.022386
27950	0.186562
28000	-0.028958
28050	0.129490
28100	0.190288
28150	-0.209827
28200	0.089719
28250	-0.159580
28300	-0.051725
28350	-0.066670
28400	0.173933
28450	0.104136
28500	0.001013
28550	-0.048699
28600	0.265228
28650	0.142125
28700	0.135346
28750	0.148962
28800	-0.011361
28850	0.031709
28900	-0.013783
28950	-0.130407
29000	-0.149942
29050	-0.079263
29100	-0.109013
29150	0.017800
29200	0.046397
29250	-0.142956
29300	-0.082418
29350	-0.076057
29400	0.066069
29450	0.049304
29500	0.056870
29550	0.071011
29600	-0.025912
29650	-0.115565
29700	0.047412
29750	-0.179307
29800	-0.088657
29850	0.108410
29900	0.000553
29950	-0.225837
30000	-0.057825
30050	-0.067015
30100	-0.137884
30150	-0.076505
30200	0.142215
30250	0.093416
30300	0.237757
30350	0.062877
30400	-0.100886
30450	-0.146917
30500	-0.156521
30550	0.041079
30600	-0.068758
30650	-0.129760
30700	-0.080634
30750	0.095102
30800	-0.157786
30850	0.048565
30900	0.044116
30950	-0.108513
31000	-0.056864
31050	0.098455
31100	0.078608
31150	-0.098465
31200	-0.070395
31250	-0.134934
31300	0.118847
31350	0.055458
31400	-0.097236
31450	0.111249
31500	-0.086186
31550	-0.130897
31600	-0.080091
31650	0.033138
31700	0.360893
31750	0.204754
31800	0.142385
31850	0.138612
31900	0.032539
31950	-0.011961
32000	0.156160
32050	0.146097
32100	0.096516
32150	-0.169066
32200	-0.016913
32250	-0.068375
32300	0.137014
32350	0.125947
32400	0.007918
32450	-0.072758
32500	-0.010457
32550	0.139920
32600	0.229349
32650	0.128216
32700	0.003752
32750	0.161677
32800	-0.079329
32850	0.064261
32900	0.139447
32950	0.001516
33000	0.028777
33050	-0.057495
33100	-0.105853
33150	0.179202
33200	-0.004773
33250	0.115478
33300	-0.090677
33350	-0.015177
33400	-0.028856
33450	-0.060271
33500	-0.059321
33550	-0.086607
33600	-0.097464
33650	0.223350
33700	-0.018725
33750	-0.103811
33800	-0.015027
33850	-0.178052
33900	0.144873
33950	-0.100871
34000	-0.064371
34050	0.186916
34100	-0.261396
34150	-0.038428
34200	0.004472
34250	0.160391
34300	-0.035166
34350	-0.044836
34400	-0.051034
34450	0.112819
34500	-0.093571
34550	-0.123021
34600	0.087098
34650	-0.020799
34700	-0.087949
34750	0.044309
34800	-0.024480
34850	0.216315
34900	-0.007677
34950	-0.054739
35000	-0.299655
35050	-0.072188
35100	0.201274
35150	-0.042758
35200	-0.134985
35250	-0.042903
35300	0.161707
35350	-0.221080
35400	-0.079154
35450	0.048165
35500	-0.022309
35550	-0.096402
35600	-0.046491
35650	0.154385
35700	-0.073353
35750	-0.163695
35800	-0.193882
35850	-0.022181
35900	0.161627
35950	0.004641
36000	-0.066579
36050	0.089540
36100	0.028724
36150	-0.067837
36200	0.015754
36250	-0.102928
36300	0.135707
36350	0.089156
36400	0.043704
36450	0.140135
36500	0.005404
36550	0.161653
36600	0.173264
36650	0.200516
36700	0.218517
36750	0.210753
36800	-0.132320
36850	-0.190912
36900	0.304741
36950	0.034127
37000	-0.093806
37050	0.026072
37100	-0.194331
37150	-0.021672
37200	0.250610
37250	0.099237
37300	0.170477
37350	0.186868
37400	-0.201459
37450	0.033703
37500	-0.044456
37550	0.109975
37600	0.109841
37650	-0.095734
37700	0.186451
37750	-0.058743
37800	0.154762
37850	-0.047227
37900	0.011042
37950	0.137590
38000	0.047369
38050	0.207659
38100	-0.062883
38150	-0.040306
38200	-0.217437
38250	-0.091538
38300	0.154364
38350	-0.155934
38400	-0.053276
38450	-0.089162
38500	0.065039
38550	0.047916
38600	0.397914
38650	0.008056
38700	0.060178
38750	0.055715
38800	-0.197902
38850	-0.163429
38900	-0.017684
38950	0.155357
39000	0.035890
39050	0.055198
39100	-0.174676
39150	0.102317
39200	-0.000499
39250	-0.115324
39300	-0.074580
39350	-0.089514
39400	-0.153827
39450	-0.065002
39500	-0.007858
39550	-0.137393
39600	-0.104102
39650	0.062176
39700	-0.045511
39750	0.132526
39800	-0.075395
39850	0.168229
39900	-0.080823
39950	-0.164963
40000	0.024697
40050	0.188083
40100	0.049909
40150	-0.006126
40200	0.085386
40250	0.119867
40300	0.042625
40350	0.084413
40400	0.016016
40450	0.228874
40500	-0.129911
40550	0.225825
40600	-0.002195
40650	0.251717
40700	0.269993
40750	0.370553
40800	0.116348
40850	0.120682
40900	0.122274
40950	0.090345
41000	-0.045176
41050	0.038120
41100	-0.017831
41150	-0.133432
41200	0.017615
41250	-0.008644
41300	-0.181126
41350	-0.105577
41400	0.026502
41450	0.096236
41500	0.166930
41550	0.146652
41600	0.206856
41650	-0.008666
41700	-0.123636
41750	0.135565
41800	0.108339
41850	0.101227
41900	-0.187323
41950	-0.068521
42000	0.325484
42050	0.069031
42100	0.257001
42150	0.090348
42200	-0.048158
42250	-0.092721
42300	0.099321
42350	0.281229
42400	0.092093
42450	0.162039
42500	0.250883
42550	0.131987
42600	0.219071
42650	-0.076205
42700	-0.208577
42750	-0.219047
42800	-0.049041
42850	-0.108682
42900	0.176268
42950	-0.166655
43000	-0.100606
43050	0.071240
43100	0.081043
43150	0.208003
43200	0.126923
43250	0.243737
43300	0.037221
43350	0.196814
43400	0.006755
43450	0.095161
43500	-0.057300
43550	0.178199
43600	-0.004862
43650	-0.157837
43700	0.049352
43750	0.141433
43800	0.240506
43850	-0.028023
43900	0.184378
43950	0.075206
44000	-0.114281
44050	0.077358
44100	-0.156884
44150	0.037035
44200	-0.209589
44250	-0.014980
44300	-0.097120
44350	0.043717
44400	-0.053850
44450	-0.259836
44500	-0.036725
44550	0.022766
44600	-0.033496
44650	0.162223
44700	0.150912
44750	0.080136
44800	0.047707
44850	-0.144569
44900	0.051261
44950	-0.007725
45000	0.095028
45050	0.015655
45100	-0.008016
45150	0.182544
45200	0.139361
45250	-0.228116
45300	-0.003644
45350	0.011605
45400	-0.222386
45450	-0.297470
45500	-0.193866
45550	-0.007828
45600	0.151933
45650	0.045422
45700	-0.022936
45750	-0.038713
45800	-0.062325
45850	0.088413
45900	0.073710
45950	0.083222
46000	0.100995
46050	-0.020190
46100	-0.037111
46150	0.135617
46200	0.039189
46250	-0.083077
46300	-0.143361
46350	0.052853
46400	0.248593
46450	-0.193453
46500	0.078037
46550	-0.053197
46600	0.074111
46650	0.153215
46700	0.100746
46750	0.050613
46800	0.119905
46850	0.097525
46900	0.046931
46950	0.106050
47000	0.158067
47050	0.276954
47100	-0.010191
47150	-0.101798
47200	0.196754
47250	-0.033153
47300	-0.174755
47350	-0.136084
47400	-0.168964
47450	-0.063983
47500	0.030466
47550	-0.047269
47600	-0.057730
47650	-0.022054
47700	0.131131
47750	0.008866
47800	0.077856
47850	-0.230163
47900	-0.241059
47950	0.229672
48000	-0.101440
48050	-0.150501
48100	0.004875
48150	-0.114216
48200	-0.006884
48250	0.126488
48300	-0.113783
48350	0.034791
48400	-0.297980
48450	0.016491
48500	0.070696
48550	0.062100
48600	-0.311771
48650	0.100305
48700	-0.045758
48750	0.132942
48800	-0.009305
48850	0.113352
48900	0.096401
48950	-0.020509
49000	-0.151969
49050	-0.018892
49100	-0.059316
49150	0.207077
49200	-0.119940
49250	0.054633
49300	0.133857
49350	0.179036
49400	-0.123980
49450	-0.096051
49500	0.239983
49550	-0.216501
49600	-0.112134
49650	-0.005016
49700	-0.007587
49750	0.133832
49800	0.018827
49850	-0.127665
49900	0.043463
49950	0.007558
50000	0.060703
50050	0.086566
50100	-0.378522
50150	-0.109131
50200	-0.268454
50250	0.055358
50300	0.010960
50350	0.089145
50400	0.046869
50450	0.107537
50500	0.035631
50550	-0.077072
50600	-0.125983
50650	-0.113559
50700	-0.068411
50750	-0.195663
50800	0.088364
50850	-0.163780
50900	0.029870
50950	0.086226
51000	0.178466
51050	-0.116584
51100	-0.000932
51150	-0.007227
51200	-0.007765
51250	0.139640
51300	-0.023626
51350	-0.112725
51400	-0.056298
51450	-0.211426
51500	0.070765
51550	0.124116
51600	0.040960
51650	0.093309
51700	0.071749
51750	0.074169
51800	0.325109
51850	-0.214304
51900	-0.133575
51950	0.054893
52000	0.157308
52050	-0.079183
52100	0.085542
52150	0.058238
52200	-0.003500
52250	0.098197
52300	-0.040337
52350	0.014886
52400	-0.402826
52450	0.021983
52500	-0.134422
52550	0.017773
52600	0.162864
52650	-0.129004
52700	-0.098099
52750	-0.067654
52800	0.151069
52850	0.133958
52900	-0.103027
52950	0.234504
53000	-0.086437
53050	-0.084840
53100	-0.317425
53150	-0.119417
53200	-0.314195
53250	0.088886
53300	0.002341
53350	0.113251
53400	-0.097442
53450	-0.014835
53500	0.100225
53550	0.125538
53600	0.093956
53650	0.158716
53700	-0.170858
53750	-0.078254
53800	0.145258
53850	0.136260
53900	0.014009
53950	0.124456
54000	-0.203656
54050	0.073894
54100	0.240761
54150	-0.085769
54200	-0.153084
54250	-0.072226
54300	0.153893
54350	0.144110
54400	-0.238460
54450	-0.178012
54500	-0.139254
54550	-0.047436
54600	0.022376
54650	0.223869
54700	0.082304
54750	0.273401
54800	-0.134564
54850	-0.017339
54900	0.121646
54950	0.127828
55000	0.106214
55050	-0.067919
55100	-0.022138
55150	-0.007648
55200	0.036934
55250	0.064661
55300	-0.025460
55350	-0.124706
55400	-0.055810
55450	0.089356
55500	-0.098092
55550	-0.214401
55600	-0.009013
55650	0.046091
55700	-0.192891
55750	0.037868
55800	0.267291
55850	0.204890
55900	0.106809
55950	-0.129972
56000	0.083812
56050	-0.168542
56100	-0.002903
56150	0.084067
56200	-0.117835
56250	-0.092860
56300	0.053497
56350	-0.188660
56400	0.111144
56450	-0.028291
56500	0.012068
56550	0.122520
56600	-0.222798
56650	-0.075249
56700	0.167933
56750	-0.084403
56800	0.035395
56850	0.120925
56900	0.020859
56950	-0.047371
57000	-0.096235
57050	-0.224517
57100	-0.051172
57150	-0.004878
57200	-0.041012
57250	-0.120741
57300	-0.100993
57350	-0.305786
57400	0.174584
57450	0.039790
57500	0.064140
57550	-0.053640
57600	0.001474
57650	0.070801
57700	-0.161982
57750	0.149108
57800	0.098444
57850	0.054860
57900	0.014019
57950	0.140297
58000	0.037481
58050	-0.093313
58100	0.038160
58150	0.229219
58200	0.171522
58250	-0.079609
58300	0.142620
58350	0.124966
58400	0.149779
58450	0.162685
58500	-0.006957
58550	-0.146230
58600	-0.122342
58650	-0.196407
58700	-0.042615
58750	-0.042713
58800	-0.152075
58850	0.042948
58900	-0.068261
58950	-0.119887
59000	0.199703
59050	0.168960
59100	0.004205
59150	-0.024620
59200	0.175441
59250	0.277563
59300	0.122179
59350	-0.142565
59400	-0.050900
59450	0.171772
59500	-0.059215
59550	-0.069309
59600	-0.117443
59650	-0.103331
59700	0.108981
59750	0.094722
59800	0.073414
59850	0.056821
59900	0.042968
59950	-0.061994
60000	0.003711
60050	0.089311
60100	0.080912
60150	0.128909
60200	0.028926
60250	-0.105843
60300	0.083639
60350	-0.098863
60400	-0.072359
60450	0.141049
60500	0.164071
60550	0.096560
60600	0.056679
60650	-0.150476
60700	0.022647
60750	0.052896
60800	-0.060606
60850	-0.216196
60900	0.187610
60950	-0.118712
61000	-0.023860
61050	0.072980
61100	-0.147809
61150	-0.025086
61200	0.101895
61250	-0.083687
61300	-0.315556
61350	0.215597
61400	0.221412
61450	-0.037284
61500	0.135189
61550	0.120950
61600	-0.098035
61650	0.105924
61700	-0.018772
61750	-0.003517
61800	0.158444
61850	0.123239
61900	0.087490
61950	0.138194
62000	0.005594
62050	0.069138
62100	0.041225
62150	0.129658
62200	0.042703
62250	0.081326
62300	0.032847
62350	-0.034170
62400	-0.240849
62450	-0.071593
62500	0.112936
62550	-0.176876
62600	0.027107
62650	-0.099102
62700	0.047384
62750	0.073153
62800	-0.099070
62850	0.067205
62900	-0.157774
62950	0.025391
63000	-0.124954
63050	0.047100
63100	-0.171205
63150	-0.078481
63200	-0.005624
63250	0.067687
63300	0.085713
63350	0.131643
63400	0.149062
63450	-0.176292
63500	0.208067
63550	0.171813
63600	0.032645
63650	-0.083413
63700	-0.038036
63750	-0.082553
63800	0.056546
63850	0.083802
63900	0.081613
63950	0.049868
64000	0.196254
64050	-0.003509
64100	0.060913
64150	0.157821
64200	0.420335
64250	0.029598
64300	0.080222
64350	0.080801
64400	0.048057
64450	-0.197796
64500	0.127111
64550	-0.165914
64600	0.119819
64650	0.003569
64700	0.144700
64750	0.032972
64800	-0.273416
64850	0.036027
64900	-0.016003
64950	-0.005128
65000	-0.118245
65050	-0.010466
65100	-0.112682
65150	0.098543
65200	0.157481
65250	0.282416
65300	-0.008045
65350	0.082328
65400	0.299645
65450	-0.042276
65500	0.154360
65550	0.082063
65600	-0.126966
65650	0.192244
65700	-0.039055
65750	-0.043349
65800	0.151064
65850	-0.119654
65900	0.051481
65950	0.133481
66000	-0.002905
66050	0.280995
66100	0.102417
66150	0.061684
66200	0.053358
66250	-0.032291
66300	0.031103
66350	0.153123
66400	-0.142757
66450	-0.046469
66500	0.082574
66550	-0.088864
66600	0.128428
66650	0.106970
66700	-0.217744
66750	-0.050109
66800	0.016055
66850	0.234167
66900	0.082047
66950	0.151514
67000	-0.242088
67050	-0.193969
67100	0.163198
67150	0.138988
67200	0.009097
67250	0.054844
67300	0.098913
67350	0.137061
67400	-0.005045
67450	-0.002516
67500	0.168353
67550	-0.256854
67600	0.159701
67650	0.232840
67700	-0.005918
67750	-0.237140
67800	0.010575
67850	-0.121854
67900	0.207238
67950	0.232628
68000	-0.104562
68050	0.067528
68100	-0.123691
68150	-0.168290
68200	0.091932
68250	-0.244636
68300	-0.101361
68350	0.019920
68400	0.058462
68450	0.004530
68500	0.066310
68550	-0.061849
68600	0.142180
68650	-0.182946
68700	-0.086375
68750	-0.005638
68800	0.262667
68850	0.104560
68900	0.394717
68950	0.010724
69000	0.188199
69050	0.107706
69100	-0.033015
69150	0.252232
69200	-0.242532
69250	0.139696
69300	-0.165118
69350	0.117524
69400	-0.145177
69450	-0.202027
69500	0.017687
69550	-0.015256
69600	0.054850
69650	-0.038988
69700	-0.077455
69750	-0.102856
69800	-0.119163
69850	0.002771
69900	-0.106044
69950	-0.122539
70000	-0.103763
70050	-0.042325
70100	-0.079059
70150	-0.065382
70200	-0.223400
70250	-0.072147
70300	-0.124496
70350	0.040048
70400	-0.155077
70450	-0.191815
70500	-0.043521
70550	0.080101
70600	0.042657
70650	-0.246739
70700	-0.019265
70750	0.057634
70800	-0.265683
70850	-0.070301
70900	0.021360
70950	0.004030
71000	-0.048924
71050	-0.039949
71100	-0.075672
71150	-0.152124
71200	-0.033487
71250	0.025725
71300	-0.080413
71350	-0.199211
71400	-0.064966
71450	0.064997
71500	-0.081972
71550	0.079951
71600	0.117014
71650	0.121468
71700	-0.062744
71750	-0.009548
71800	-0.180651
71850	-0.012360
71900	-0.207644
71950	0.025855
72000	0.071794
72050	-0.085977
72100	0.079506
72150	0.187618
72200	0.266641
72250	0.078351
72300	0.139996
72350	0.015806
72400	0.053211
72450	0.042159
72500	-0.056084
72550	-0.142898
72600	0.130836
72650	0.166516
72700	-0.043286
72750	-0.012558
72800	-0.169942
72850	-0.025376
72900	-0.243696
72950	-0.090866
73000	-0.109608
73050	-0.092076
73100	-0.160768
73150	0.106411
73200	-0.012213
73250	0.138278
73300	0.037409
73350	-0.117710
73400	0.098220
73450	-0.091355
73500	-0.083913
73550	0.060861
73600	-0.214340
73650	0.192743
73700	-0.039572
73750	-0.063033
73800	0.079568
73850	0.231959
73900	0.006900
73950	0.087122
74000	-0.078601
74050	-0.053002
74100	-0.045167
74150	0.063446
74200	0.035271
74250	-0.052836
74300	-0.148230
74350	0.191560
74400	-0.228213
74450	0.008650
74500	-0.016678
74550	0.067200
74600	-0.096742
74650	-0.043172
74700	-0.114006
74750	0.175148
74800	-0.121595
74850	-0.014261
74900	-0.096391
74950	-0.075458
75000	0.104651
75050	0.143921
75100	-0.037178
75150	0.140235
75200	-0.011605
75250	-0.009510
75300	-0.005967
75350	-0.091437
75400	-0.045954
75450	0.066192
75500	-0.196148
75550	0.134364
75600	0.065314
75650	0.030299
75700	-0.014563
75750	0.156432
75800	0.124185
75850	-0.141458
75900	-0.007930
75950	-0.095132
76000	0.112606
76050	0.039026
76100	0.151505
76150	0.206140
76200	0.145800
76250	0.109340
76300	0.145984
76350	0.256201
76400	0.124092
76450	0.273994
76500	0.083050
76550	0.129761
76600	0.139554
76650	0.047011
76700	0.044714
76750	-0.061437
76800	0.159151
76850	0.180839
76900	0.144899
76950	0.309511
77000	0.177766
77050	-0.153548
77100	0.140240
77150	0.061520
77200	0.122660
77250	0.014878
77300	-0.152079
77350	-0.114554
77400	0.084295
77450	-0.172974
77500	0.202794
77550	0.054813
77600	-0.005736
77650	0.032891
77700	-0.002351
77750	0.109039
77800	0.132787
77850	0.030632
77900	0.245441
77950	0.253038
78000	0.149996
78050	-0.054360
78100	0.080372
78150	0.192966
78200	0.234543
78250	-0.088584
78300	-0.169969
78350	-0.000247
78400	0.160709
78450	0.138596
78500	0.167050
78550	0.139875
78600	-0.019077
78650	-0.030210
78700	0.085040
78750	0.157954
78800	0.207223
78850	0.020754
78900	0.025213
78950	0.120356
79000	0.041528
79050	0.186475
79100	-0.064422
79150	-0.050442
79200	-0.062016
79250	0.084403
79300	0.054838
79350	0.137060
79400	0.050020
79450	0.261490
79500	0.056040
79550	-0.107830
79600	-0.159277
79650	-0.124279
79700	0.040692
79750	0.021211
79800	-0.123248
79850	-0.153420
79900	-0.185983
79950	0.070278
80000	0.095052
80050	0.070873
80100	-0.027302
80150	0.205914
80200	0.055671
80250	0.096363
80300	-0.199045
80350	0.226276
80400	-0.092464
80450	0.091989
80500	-0.156001
80550	0.089606
80600	0.018387
80650	0.000182
80700	0.095164
80750	0.100096
80800	-0.149774
80850	-0.256553
80900	0.095264
80950	0.231749
81000	0.115293
81050	-0.119741
81100	-0.309473
81150	-0.096257
81200	0.065968
81250	0.163893
81300	0.069418
81350	-0.006280
81400	-0.190161
81450	-0.126262
81500	-0.011655
81550	-0.070233
81600	0.012116
81650	0.097124
81700	0.265171
81750	0.246573
81800	0.082466
81850	0.200173
81900	0.209711
81950	0.061079
82000	0.232824
82050	-0.022747
82100	-0.048941
82150	-0.015421
82200	-0.189185
82250	0.169841
82300	0.197797
82350	0.046124
82400	0.066782
82450	-0.056742
82500	0.041057
82550	-0.133537
82600	0.041953
82650	-0.191119
82700	-0.020269
82750	0.027827
82800	0.044318
82850	0.165901
82900	-0.017772
82950	0.262916
83000	-0.079227
83050	0.043375
83100	-0.041451
83150	-0.002253
83200	0.212515
83250	0.123003
83300	-0.118483
83350	0.017485
83400	0.207802
83450	-0.021429
83500	0.039744
83550	0.075064
83600	-0.033040
83650	0.176164
83700	-0.165224
83750	0.010741
83800	-0.219014
83850	0.017406
83900	-0.093435
83950	0.158885
84000	-0.124163
84050	-0.086578
84100	-0.016019
84150	-0.013500
84200	-0.065559
84250	0.092460
84300	-0.015986
84350	0.086843
84400	0.088954
84450	0.094163
84500	-0.085346
84550	-0.004987
84600	-0.180961
84650	0.068342
84700	0.016086
84750	-0.010672
84800	-0.034132
84850	0.316817
84900	-0.072200
84950	-0.031435
85000	-0.140219
85050	0.070271
85100	-0.081538
85150	-0.190901
85200	-0.106828
85250	0.218666
85300	0.021520
85350	-0.015088
85400	-0.274127
85450	-0.053831
85500	-0.152077
85550	-0.052384
85600	-0.028978
85650	0.089944
85700	-0.307045
85750	-0.087242
85800	0.215153
85850	-0.241323
85900	0.347052
85950	-0.156250
86000	0.294148
86050	0.181056
86100	-0.075768
86150	-0.102325
86200	-0.088282
86250	0.032169
86300	-0.160889
86350	0.158034
86400	-0.045698
86450	-0.090564
86500	0.151429
86550	0.010661
86600	0.131033
86650	-0.023093
86700	0.015162
86750	-0.081520
86800	-0.075498
86850	-0.195943
86900	0.040418
86950	-0.073253
87000	-0.082368
87050	-0.403729
87100	-0.120355
87150	-0.000711
87200	-0.046973
87250	0.147010
87300	-0.098789
87350	0.022026
87400	0.117835
87450	-0.106948
87500	-0.205115
87550	-0.085641
87600	0.064622
87650	0.053363
87700	0.092159
87750	0.002850
87800	0.058343
87850	0.067668
87900	-0.045378
87950	-0.112402
88000	-0.171136
88050	0.238472
88100	-0.067727
88150	-0.106568
88200	-0.141560
88250	-0.006197
88300	-0.107325
88350	-0.056427
88400	-0.033417
88450	0.088381
88500	0.073082
88550	0.115120
88600	-0.038303
88650	0.099152
88700	0.041151
88750	-0.129390
88800	0.008156
88850	-0.041430
88900	-0.138885
88950	0.067316
89000	0.074897
89050	0.115198
89100	-0.403105
89150	0.154424
89200	0.266847
89250	0.100184
89300	-0.055216
89350	-0.224099
89400	0.338759
89450	0.116651
89500	0.326136
89550	0.097282
89600	-0.106436
89650	-0.334162
89700	-0.071788
89750	0.119506
89800	0.080825
89850	-0.075993
89900	0.020831
89950	0.275596
90000	-0.063779
90050	0.055576
90100	-0.233775
90150	0.064905
90200	0.008966
90250	-0.128184
90300	-0.120904
90350	0.060268
90400	-0.322382
90450	-0.000003
90500	-0.175839
90550	0.054878
90600	-0.111087
90650	-0.130723
90700	-0.104186
90750	0.210829
90800	0.280016
90850	0.114011
90900	-0.141702
90950	0.007672
91000	-0.153746
91050	-0.129969
91100	-0.087443
91150	-0.087994
91200	-0.013530
91250	-0.100637
91300	-0.218115
91350	-0.010508
91400	-0.263714
91450	0.029309
91500	-0.170738
91550	-0.016598
91600	-0.212116
91650	-0.116021
91700	-0.151771
91750	0.003953
91800	0.100305
91850	-0.045952
91900	-0.007061
91950	0.027032
92000	0.176615
92050	0.334162
92100	-0.065429
92150	-0.079699
92200	-0.098226
92250	-0.119801
92300	-0.061402
92350	-0.098891
92400	-0.132564
92450	0.138013
92500	-0.234874
92550	-0.037636
92600	0.111179
92650	-0.025354
92700	0.255837
92750	0.259976
92800	0.002637
92850	-0.017196
92900	0.043021
92950	0.097511
93000	0.031927
93050	0.200297
93100	0.055884
93150	0.144385
93200	0.031367
93250	0.024485
93300	-0.120984
93350	0.094307
93400	0.117722
93450	0.094234
93500	0.036207
93550	0.139589
93600	-0.029453
93650	-0.035457
93700	0.092390
93750	0.106894
93800	0.083900
93850	-0.164965
93900	0.073712
93950	-0.116592
94000	0.160677
94050	-0.092959
94100	-0.048965
94150	0.005304
94200	0.166227
94250	0.131600
94300	0.033887
94350	0.070184
94400	0.086599
94450	0.057672
94500	-0.058477
94550	-0.068519
94600	0.116620
94650	0.064456
94700	0.042294
94750	-0.094378
94800	0.238498
94850	0.103354
94900	0.158524
94950	-0.018145
95000	-0.218567
95050	0.021814
95100	0.213360
95150	-0.050886
95200	0.113206
95250	0.143405
95300	-0.073264
95350	0.136040
95400	0.203657
95450	-0.111372
95500	0.042798
95550	0.032298
95600	0.026701
95650	-0.071816
95700	-0.051118
95750	-0.072140
95800	0.058178
95850	0.132865
95900	0.051911
95950	-0.164866
96000	-0.021694
96050	-0.208425
96100	-0.080279
96150	0.051128
96200	0.114276
96250	-0.208389
96300	-0.040299
96350	-0.031717
96400	-0.046561
96450	0.155523
96500	0.204416
96550	0.006611
96600	0.185554
96650	-0.269677
96700	0.201821
96750	-0.117254
96800	-0.139171
96850	-0.038818
96900	-0.002955
96950	-0.039480
97000	0.001891
97050	-0.322318
97100	-0.101534
97150	0.006477
97200	0.100483
97250	-0.054051
97300	-0.158982
97350	-0.000265
97400	-0.131642
97450	-0.052311
97500	-0.036800
97550	-0.147680
97600	-0.069081
97650	0.142456
97700	-0.007409
97750	-0.106129
97800	0.100678
97850	-0.034325
97900	-0.061343
97950	-0.202906
98000	0.267600
98050	-0.122903
98100	0.086228
98150	0.192177
98200	0.231774
98250	0.064699
98300	-0.044032
98350	-0.256162
98400	-0.043098
98450	0.008357
98500	0.145617
98550	0.190764
98600	0.181706
98650	0.014450
98700	0.212739
98750	-0.032855
98800	-0.007725
98850	0.306383
98900	0.047259
98950	0.154836
99000	-0.035445
99050	0.053248
99100	-0.049111
99150	-0.089749
99200	0.228883
99250	-0.118888
99300	-0.036047
99350	-0.091765
99400	0.131040
99450	0.158964
99500	0.180519
99550	0.085835
99600	0.345735
99650	0.230234
99700	0.186638
99750	0.111296
99800	0.228522
99850	-0.041836
99900	-0.034939
99950	0.004378
100000	0.114858
100050	0.006292
100100	-0.015952
100150	-0.168644
100200	-0.257247
100250	0.230297
100300	-0.026275
100350	0.065112
100400	0.043755
100450	0.154114
100500	0.228721
100550	0.017874
100600	-0.069644
100650	0.005733
100700	-0.021566
100750	0.051775
100800	0.150724
100850	0.199919
100900	0.008792
100950	-0.022255
101000	0.102847
101050	0.192141
101100	-0.002626
101150	-0.186187
101200	-0.069040
101250	-0.089154
101300	-0.045899
101350	0.126262
101400	-0.142378
101450	0.088832
101500	0.114277
101550	0.146026
101600	-0.151969
101650	0.056365
101700	-0.037780
101750	0.013193
101800	-0.113404
101850	-0.074527
101900	0.040886
101950	0.034900
102000	-0.016029
102050	0.101745
102100	-0.033140
102150	0.076230
102200	-0.121174
102250	0.187230
102300	0.007338
102350	-0.042448
102400	0.250501
102450	0.223983
102500	0.069325
102550	0.128465
102600	0.058065
102650	-0.110794
102700	0.086904
102750	0.142584
102800	0.059892
102850	0.236232
102900	-0.112530
102950	0.158711
103000	-0.018819
103050	0.133420
103100	-0.064624
103150	-0.127659
103200	-0.163774
103250	-0.025472
103300	0.230075
103350	-0.054537
103400	-0.088077
103450	-0.086577
103500	-0.032797
103550	0.054626
103600	-0.163440
103650	0.117794
103700	0.320046
103750	0.286174
103800	0.146079
103850	0.141834
103900	-0.029453
103950	-0.197878
104000	0.088746
104050	-0.116569
104100	0.057603
104150	-0.116023
104200	0.121502
104250	-0.075883
104300	-0.051442
104350	-0.177631
104400	-0.115837
104450	-0.186671
104500	-0.164729
104550	0.108344
104600	0.024202
104650	0.007068
104700	0.256383
104750	0.161683
104800	-0.139018
104850	-0.089364
104900	0.333707
104950	-0.070351
105000	-0.052089
105050	0.294669
105100	-0.027528
105150	-0.008529
105200	0.116077
105250	-0.012484
105300	0.051444
105350	-0.210841
105400	-0.208864
105450	0.005407
105500	0.226809
105550	-0.014680
105600	0.072274
105650	-0.094600
105700	-0.037016
105750	-0.036762
105800	-0.106237
105850	-0.030349
105900	0.083782
105950	-0.003500
106000	-0.208491
106050	0.108112
106100	-0.152623
106150	0.161361
106200	-0.197997
106250	0.046747
106300	-0.024694
106350	0.185518
106400	0.019431
106450	-0.111375
106500	0.112709
106550	-0.117242
106600	0.074798
106650	0.006303
106700	-0.023347
106750	0.075737
106800	0.042768
106850	0.023043
106900	-0.246564
106950	-0.096672
107000	-0.072017
107050	0.022931
107100	-0.074791
107150	0.051533
107200	-0.073024
107250	0.021221
107300	0.151399
107350	0.134137
107400	-0.407963
107450	-0.145715
107500	-0.083716
107550	0.180716
107600	-0.056178
107650	-0.063622
107700	-0.007855
107750	0.168408
107800	0.028481
107850	-0.288286
107900	0.198088
107950	0.226714
108000	0.131212
108050	-0.015959
108100	0.026807
108150	-0.026325
108200	-0.182506
108250	0.066361
108300	-0.023127
108350	-0.072756
108400	-0.273560
108450	-0.186571
108500	-0.235866
108550	0.333846
108600	0.037402
108650	0.237970
108700	0.262470
108750	0.334767
108800	0.112361
108850	-0.031507
108900	-0.079770
108950	-0.000885
109000	-0.011578
109050	-0.090047
109100	0.056283
109150	0.056442
109200	-0.116561
109250	0.072063
109300	-0.086953
109350	0.026848
109400	0.122781
109450	-0.006998
109500	0.250305
109550	0.075585
109600	0.157071
109650	0.037639
109700	0.003854
109750	0.180471
109800	0.116482
109850	-0.080685
109900	-0.217149
109950	-0.254739
110000	-0.036350
110050	-0.132152
110100	-0.319200
110150	0.052196
110200	-0.090136
110250	-0.121328
110300	-0.208250
110350	-0.353750
110400	0.001903
110450	0.079291
110500	0.216936
110550	-0.031717
110600	-0.173719
110650	-0.107162
110700	-0.082077
110750	-0.082611
110800	0.056259
110850	0.220711
110900	0.005467
110950	-0.170672
111000	-0.138642
111050	-0.016472
111100	-0.103753
111150	-0.093538
111200	0.066269
111250	-0.009302
111300	-0.001877
111350	0.227718
111400	0.124629
111450	-0.217896
111500	0.156040
111550	-0.088747
111600	-0.042663
111650	0.010545
111700	-0.076957
111750	0.147611
111800	-0.065245
111850	0.153408
111900	0.017520
111950	-0.078447
112000	0.103192
112050	0.057703
112100	0.148675
112150	-0.243332
112200	0.103524
112250	0.025485
112300	-0.032127
112350	0.026141
112400	-0.327224
112450	-0.263118
112500	-0.066164
112550	-0.076834
112600	-0.089194
112650	0.053004
112700	0.061305
112750	0.015300
112800	0.171913
112850	0.235550
112900	0.002939
112950	0.075583
113000	0.181448
113050	0.181470
113100	-0.020545
113150	0.161876
113200	-0.126791
113250	0.070579
113300	-0.021426
113350	0.052969
113400	0.052728
113450	0.025611
113500	0.096369
113550	0.045200
113600	0.183207
113650	0.202662
113700	0.071225
113750	0.014303
113800	0.064789
113850	0.133240
113900	0.204616
113950	-0.198957
114000	-0.161984
114050	-0.055387
114100	-0.169449
114150	0.007912
114200	0.187702
114250	0.064217
114300	0.100552
114350	-0.165587
114400	-0.088442
114450	0.155406
114500	-0.030104
114550	-0.066559
114600	-0.213523
114650	-0.061197
114700	-0.086088
114750	0.131506
114800	-0.032352
114850	0.063167
114900	-0.104419
114950	0.155597
115000	0.068947
115050	0.080482
115100	0.038176
115150	-0.045962
115200	0.256793
115250	0.108042
115300	0.032975
115350	-0.008094
115400	-0.019558
115450	0.003472
115500	0.138308
115550	0.221983
115600	0.025620
115650	-0.066820
115700	-0.005733
115750	-0.103174
115800	0.048054
115850	0.107184
115900	0.014690
115950	0.062948
116000	-0.025528
116050	-0.133156
116100	0.135551
116150	0.013637
116200	-0.053995
116250	-0.150987
116300	-0.071400
116350	-0.127610
116400	0.261178
116450	0.098509
116500	-0.212725
116550	0.109411
116600	0.017887
116650	0.052509
116700	0.013018
116750	-0.215506
116800	-0.190675
116850	0.095314
116900	-0.036992
116950	-0.124789
117000	-0.009856
117050	0.010412
117100	-0.146554
117150	-0.073498
117200	0.109854
117250	-0.068774
117300	0.165739
117350	0.015059
117400	-0.048528
117450	0.070196
117500	0.087563
117550	-0.067007
117600	-0.069789
117650	-0.296724
117700	0.102649
117750	-0.100446
117800	-0.158221
117850	0.045488
117900	-0.001676
117950	0.164630
118000	-0.120744
118050	-0.030064
118100	-0.047403
118150	-0.138842
118200	0.091770
118250	-0.037237
118300	0.167921
118350	0.060164
118400	-0.042099
118450	0.152699
118500	0.036641
118550	-0.021156
118600	-0.058035
118650	0.143525
118700	-0.124790
118750	-0.203830
118800	0.196245
118850	0.180269
118900	-0.141504
118950	0.005323
119000	0.111375
119050	-0.107853
119100	-0.187851
119150	0.178642
119200	0.131420
119250	0.075581
119300	0.320236
119350	-0.115730
119400	0.035003
119450	0.311265
119500	-0.125022
119550	-0.183609
119600	-0.097294
119650	0.035813
119700	0.217446
119750	-0.094038
119800	0.091170
119850	0.077538
119900	0.050048
119950	-0.051928
120000	-0.123923
120050	0.038977
120100	0.003484
120150	-0.092994
120200	-0.072275
120250	0.014101
120300	0.113243
120350	0.056612
120400	0.364108
120450	-0.122542
120500	-0.175365
120550	0.154335
120600	0.029333
120650	0.067076
120700	-0.131122
120750	-0.100991
120800	0.010499
120850	0.095886
120900	-0.037627
120950	-0.030519
121000	0.119659
121050	-0.186928
121100	-0.193111
121150	0.057253
121200	-0.276014
121250	-0.043820
121300	-0.045634
121350	-0.014897
121400	-0.064108
121450	-0.086925
121500	0.253366
121550	0.075440
121600	0.079206
121650	0.075059
121700	0.060942
121750	0.173022
121800	-0.051816
121850	-0.039675
121900	0.139212
121950	0.021045
122000	0.106920
122050	-0.102804
122100	0.344064
122150	-0.123559
122200	-0.040666
122250	0.133795
122300	0.035015
122350	-0.047527
122400	-0.209492
122450	-0.020859
122500	0.023386
122550	0.012629
122600	-0.036555
122650	-0.363563
122700	0.071986
122750	0.007193
122800	0.102841
122850	-0.033779
122900	-0.055391
122950	-0.109370
123000	-0.088946
123050	-0.101655
123100	-0.104525
123150	-0.256609
123200	-0.141089
123250	0.048929
123300	-0.114244
123350	0.053528
123400	-0.257018
123450	-0.103407
123500	0.054334
123550	-0.044874
123600	-0.125537
123650	0.109506
123700	0.246074
123750	0.103326
123800	0.076775
123850	0.098812
123900	0.033217
123950	0.149415
124000	0.091177
124050	0.309683
124100	-0.036919
124150	-0.174253
124200	-0.078022
124250	-0.055106
124300	-0.153358
124350	-0.118202
124400	-0.279009
124450	-0.032703
124500	0.026904
124550	0.012630
124600	0.055211
124650	-0.129034
124700	-0.120635
124750	-0.243292
124800	0.168250
124850	-0.210944
124900	0.034881
124950	-0.071838
125000	0.135517
125050	0.119598
125100	-0.251680
125150	-0.027520
125200	0.189749
125250	0.041197
125300	-0.133293
125350	-0.009407
125400	-0.135993
125450	0.077114
125500	0.000355
125550	-0.115868
125600	-0.126038
125650	0.366754
125700	0.137353
125750	-0.030494
125800	-0.005839
125850	0.039109
125900	0.254344
125950	0.107581
126000	0.056826
126050	-0.190482
126100	0.262839
126150	-0.070510
126200	-0.048759
126250	-0.253010
126300	0.194517
126350	0.109044
126400	0.097452
126450	0.161560
126500	-0.175712
126550	-0.048435
126600	0.020754
126650	-0.237866
126700	0.063865
126750	0.070863
126800	-0.182001
126850	-0.217149
126900	0.042843
126950	-0.053470
127000	-0.195304
127050	-0.000360
127100	0.151225
127150	-0.105251
127200	0.072970
127250	0.014206
127300	-0.012870
127350	0.281032
127400	0.022450
127450	0.106419
127500	0.110631
127550	-0.069669
127600	-0.119356
127650	0.212699
127700	0.068983
127750	-0.226632
127800	-0.013392
127850	-0.244836
127900	0.084261
127950	-0.049025
128000	0.193577
128050	-0.151188
128100	0.013649
128150	-0.034119
128200	0.184457
128250	0.052662
128300	0.054527
128350	0.043192
128400	-0.112573
128450	0.158082
128500	0.099703
128550	-0.057094
128600	0.081824
128650	0.050971
128700	-0.011118
128750	0.018690
128800	-0.038686
128850	0.153925
128900	0.132310
128950	-0.028146
129000	0.111503
129050	0.065660
129100	-0.035744
129150	0.030655
129200	-0.053815
129250	-0.235541
129300	-0.076070
129350	0.047632
129400	0.125194
129450	0.064633
129500	-0.038152
129550	0.041098
129600	0.063137
129650	0.033690
129700	0.049081
129750	-0.066002
129800	0.140902
129850	0.066393
129900	-0.214482
129950	0.098278
130000	0.141564
130050	0.074105
130100	-0.029176
130150	-0.067073
130200	-0.288564
130250	0.202162
130300	-0.112681
130350	-0.329961
130400	0.024085
130450	0.155327
130500	-0.233740
130550	-0.128671
130600	-0.177097
130650	0.213333
130700	0.269936
130750	0.120896
130800	-0.252732
130850	0.052662
130900	-0.053291
130950	0.029505
131000	0.055566
131050	0.144807
131100	-0.036735
131150	-0.053402
131200	-0.023435
131250	0.160615
131300	-0.042400
131350	-0.046170
131400	0.025845
131450	-0.075954
131500	0.116731
131550	-0.178379
131600	-0.025882
131650	-0.028631
131700	0.071901
131750	0.231119
131800	-0.119049
131850	0.040502
131900	-0.178464
131950	0.158383
132000	0.098686
132050	0.117208
132100	0.153122
132150	0.103797
132200	0.041653
132250	0.102516
132300	-0.018157
132350	0.136322
132400	0.246311
132450	0.083872
132500	0.235751
132550	0.128590
132600	0.125287
132650	-0.106065
132700	-0.065033
132750	0.104860
132800	-0.074771
132850	-0.088852
132900	-0.318674
132950	-0.294567
133000	-0.104234
133050	-0.243288
133100	-0.119337
133150	0.035319
133200	-0.227473
133250	0.061291
133300	-0.099521
133350	-0.219755
133400	0.092342
133450	-0.081133
133500	-0.010143
133550	0.041491
133600	-0.071409
133650	-0.197200
133700	-0.141602
133750	-0.041787
133800	-0.169276
133850	-0.106940
133900	0.171530
133950	0.150008
134000	0.061404
134050	-0.035964
134100	-0.088817
134150	0.322624
134200	0.112399
134250	-0.195745
134300	-0.143562
134350	-0.000536
134400	-0.268032
134450	0.093718
134500	-0.110189
134550	0.004009
134600	-0.065686
134650	-0.033547
134700	-0.156682
134750	0.053877
134800	0.031327
134850	0.014866
134900	-0.012962
134950	0.162254
135000	0.288445
135050	-0.007281
135100	-0.233758
135150	0.053062
135200	-0.095310
135250	0.036404
135300	0.276257
135350	-0.051579
135400	0.168777
135450	-0.073063
135500	0.108969
135550	-0.008231
135600	0.085283
135650	-0.072223
135700	-0.045120
135750	0.113517
135800	0.274034
135850	0.061830
135900	-0.208401
135950	0.098706
136000	-0.152597
136050	0.019422
136100	0.041492
136150	0.234198
136200	0.075598
136250	-0.053625
136300	-0.053596
136350	0.023794
136400	0.174069
136450	-0.013904
136500	0.131967
136550	0.212641
136600	0.052916
136650	0.271534
136700	-0.006087
136750	0.084262
136800	0.082358
136850	-0.093517
136900	0.090446
136950	0.164853
137000	-0.161527
137050	-0.183597
137100	0.046335
137150	-0.056005
137200	-0.053381
137250	-0.157290
137300	-0.009285
137350	-0.193759
137400	0.153365
137450	0.321010
137500	-0.009956
137550	-0.079842
137600	0.146820
137650	-0.173682
137700	0.046624
137750	-0.053360
137800	-0.132554
137850	0.085614
137900	0.070422
137950	0.097486
138000	-0.018254
138050	-0.085328
138100	-0.162989
138150	-0.024371
138200	0.109894
138250	-0.081176
138300	-0.197557
138350	-0.081548
138400	-0.141721
138450	-0.272603
138500	-0.007533
138550	-0.127520
138600	-0.048815
138650	-0.094619
138700	0.032696
138750	-0.250971
138800	-0.054364
138850	0.020825
138900	0.163350
138950	0.072475
139000	-0.065187
139050	0.111711
139100	0.001799
139150	-0.009958
139200	0.050598
139250	0.015341
139300	-0.015644
139350	-0.129904
139400	0.103022
139450	-0.075768
139500	0.151441
139550	0.223616
139600	0.008301
139650	0.021324
139700	-0.193012
139750	-0.043490
139800	-0.166438
139850	0.063139
139900	-0.025242
139950	0.241072
140000	0.221881
140050	0.100974
140100	0.192717
140150	0.035072
140200	0.149041
140250	-0.048686
140300	0.080632
140350	0.045276
140400	0.052778
140450	-0.054679
140500	-0.182194
140550	0.146710
140600	0.181405
140650	-0.008248
140700	-0.178606
140750	0.060880
140800	0.294303
140850	-0.190915
140900	0.053753
140950	0.050724
141000	-0.201111
141050	0.005470
141100	-0.134655
141150	-0.170662
141200	0.006980
141250	0.058426
141300	-0.108553
141350	0.068792
141400	-0.300260
141450	0.095842
141500	0.103662
141550	0.086042
141600	0.052337
141650	-0.044591
141700	0.179292
141750	0.066823
141800	-0.172559
141850	-0.070143
141900	0.016079
141950	-0.039113
142000	-0.368466
142050	-0.008155
142100	-0.095102
142150	0.027469
142200	-0.183616
142250	0.127959
142300	0.042860
142350	-0.148037
142400	0.090465
142450	0.119981
142500	0.293824
142550	0.126131
142600	-0.037618
142650	-0.041348
142700	-0.179949
142750	0.117271
142800	-0.178574
142850	0.105097
142900	-0.100180
142950	0.193016
143000	-0.203819
143050	0.207963
143100	-0.028765
143150	0.093389
143200	-0.010985
143250	-0.183025
143300	0.057887
143350	-0.020208
143400	0.136447
143450	-0.298913
143500	-0.101327
143550	-0.125137
143600	0.052145
143650	0.142246
143700	0.032544
143750	-0.140147
143800	0.058238
143850	0.157970
143900	0.144845
143950	0.072885
144000	-0.192146
144050	-0.063783
144100	0.013845
144150	-0.055085
144200	0.135961
144250	0.142041
144300	0.033944
144350	0.010974
144400	0.042763
144450	0.001254
144500	-0.128499
144550	-0.174601
144600	-0.084788
144650	0.342731
144700	-0.281441
144750	0.163947
144800	-0.104384
144850	-0.142735
144900	0.053646
144950	0.006730
145000	-0.022310
145050	0.137629
145100	-0.111584
145150	-0.027379
145200	-0.002865
145250	-0.053867
145300	0.131743
145350	0.090543
145400	0.191999
145450	-0.117804
145500	-0.199575
145550	0.025559
145600	-0.034383
145650	0.051913
145700	0.137927
145750	0.022622
145800	-0.154145
145850	-0.071599
145900	-0.009386
145950	0.022125
146000	0.150933
146050	0.056793
146100	0.131874
146150	-0.018272
146200	-0.080424
146250	-0.115292
146300	-0.137704
146350	0.069229
146400	-0.030321
146450	-0.020257
146500	0.166766
146550	-0.192009
146600	0.251873
146650	0.136576
146700	0.204911
146750	-0.138686
146800	-0.101043
146850	0.102074
146900	0.108629
146950	0.330595
147000	0.076371
147050	0.181372
147100	-0.083133
147150	-0.211159
147200	0.001635
147250	-0.127950
147300	0.057933
147350	0.181133
147400	-0.188935
147450	-0.070559
147500	-0.224293
147550	-0.058840
147600	0.035258
147650	-0.034496
147700	0.184742
147750	0.060122
147800	0.103266
147850	0.038250
147900	-0.152551
147950	0.103943
148000	-0.061779
148050	-0.009434
148100	0.055252
148150	0.124984
148200	0.100390
148250	0.047445
148300	-0.387805
148350	-0.160374
148400	-0.226165
148450	0.219187
148500	0.180685
148550	0.126844
148600	0.204354
148650	0.242848
148700	-0.123297
148750	-0.139988
148800	0.045549
148850	-0.218861
148900	-0.115226
148950	0.068426
149000	-0.183006
149050	-0.234517
149100	-0.117463
149150	-0.169465
149200	0.137036
149250	0.113074
149300	-0.054170
149350	-0.006894
149400	-0.058661
149450	0.116815
149500	0.006292
149550	0.051548
149600	-0.080056
149650	0.095239
149700	-0.125673
149750	-0.010537
149800	0.051988
149850	0.079531
149900	-0.031437
149950	-0.033215
150000	-0.024556
150050	0.001309
150100	-0.091726
150150	-0.092711
150200	0.144125
150250	-0.022104
150300	-0.052241
150350	-0.255324
150400	-0.211436
150450	-0.393110
150500	-0.185576
150550	0.058582
150600	0.062639
150650	-0.108552
150700	-0.070795
150750	-0.001968
150800	-0.096495
150850	-0.042739
150900	0.070572
150950	-0.142312
151000	-0.077160
151050	0.168503
151100	0.071698
151150	0.068484
151200	0.136105
151250	-0.209712
151300	-0.188151
151350	0.014006
151400	0.112611
151450	-0.035996
151500	-0.075864
151550	0.267450
151600	0.092764
151650	-0.243774
151700	-0.048991
151750	0.043026
151800	0.071032
151850	-0.019419
151900	0.121700
151950	0.173254
152000	0.147102
152050	0.151291
152100	-0.028879
152150	-0.143554
152200	-0.005889
152250	0.055384
152300	0.412465
152350	-0.107794
152400	-0.005177
152450	0.137835
152500	-0.130531
152550	-0.153995
152600	-0.112483
152650	0.108482
152700	0.037239
152750	-0.035323
152800	-0.216492
152850	-0.022335
152900	-0.035651
152950	-0.342246
153000	-0.031534
153050	-0.052490
153100	-0.031751
153150	0.196828
153200	0.279220
153250	0.015202
153300	-0.012391
153350	0.062425
153400	0.131740
153450	-0.099726
153500	-0.011738
153550	0.116428
153600	-0.251562
153650	0.049192
153700	-0.137102
153750	-0.048989
153800	-0.177317
153850	0.184499
153900	-0.114602
153950	0.016123
154000	-0.193816
154050	0.057143
154100	-0.075234
154150	0.208673
154200	-0.027193
154250	0.271875
154300	-0.080505
154350	0.097707
154400	0.070074
154450	0.013173
154500	-0.042745
154550	0.082419
154600	-0.122857
154650	-0.007440
154700	0.037649
154750	-0.366628
154800	0.135017
154850	-0.046556
154900	-0.109715
154950	-0.313223
155000	-0.135205
155050	0.180913
155100	-0.063866
155150	0.068463
155200	-0.039659
155250	-0.144840
155300	0.051059
155350	-0.227715
155400	0.048719
155450	0.083766
155500	0.079560
155550	0.125748
155600	0.013690
155650	0.067744
155700	-0.123396
155750	-0.046416
155800	-0.049322
155850	0.061358
155900	-0.011914
155950	-0.097049
156000	0.052302
156050	-0.040285
156100	0.113056
156150	0.017945
156200	0.037980
156250	0.052286
156300	-0.040197
156350	-0.113566
156400	-0.205813
156450	0.178788
156500	0.050429
156550	-0.180579
156600	-0.011915
156650	0.066993
156700	0.174065
156750	-0.004180
156800	-0.179191
156850	-0.054287
156900	0.026940
156950	-0.079305
157000	0.162196
157050	0.027517
157100	-0.130217
157150	0.339009
157200	-0.141141
157250	-0.159697
157300	-0.036752
157350	0.055242
157400	0.306722
157450	0.025708
157500	-0.031965
157550	0.133977
157600	0.033991
157650	0.018548
157700	-0.114097
157750	-0.001402
157800	0.091243
157850	0.035000
157900	0.037727
157950	-0.107330
158000	0.019085
158050	0.077841
158100	0.078303
158150	0.003961
158200	-0.047387
158250	-0.045777
158300	-0.087131
158350	-0.127408
158400	0.174857
158450	-0.151074
158500	-0.015517
158550	0.107688
158600	-0.184748
158650	0.243343
158700	-0.098641
158750	-0.080911
158800	-0.043016
158850	0.020245
158900	0.031633
158950	-0.216794
159000	-0.251475
159050	-0.247269
159100	-0.233174
159150	-0.104081
159200	-0.153194
159250	-0.271907
159300	0.071663
159350	0.063831
159400	0.052477
159450	-0.089623
159500	0.262238
159550	0.242527
159600	-0.034329
159650	-0.107414
159700	-0.021628
159750	-0.226033
159800	-0.066811
159850	0.117959
159900	0.003201
159950	0.161580
160000	0.079186
160050	0.110744
160100	-0.005264
160150	-0.006462
160200	0.009288
160250	0.041694
160300	0.058460
160350	-0.007190
160400	-0.280839
160450	-0.027360
160500	0.224379
160550	-0.116243
160600	0.036188
160650	0.045345
160700	0.036309
160750	-0.009940
160800	0.000732
160850	0.035415
160900	-0.212609
160950	0.067290
161000	-0.199177
161050	0.115004
161100	-0.078249
161150	-0.070970
161200	-0.040476
161250	-0.064790
161300	0.133047
161350	-0.072189
161400	0.026110
161450	-0.037891
161500	0.128936
161550	0.014920
161600	0.297181
161650	0.055102
161700	-0.061492
161750	-0.228932
161800	0.111583
161850	0.141537
161900	0.216437
161950	0.089481
162000	0.257520
162050	-0.068349
162100	0.000080
162150	0.050742
162200	-0.154553
162250	0.134771
162300	-0.154796
162350	-0.131963
162400	0.068988
162450	0.055948
162500	0.190485
162550	-0.159951
162600	0.034474
162650	-0.015034
162700	-0.037595
162750	0.076403
162800	0.182952
162850	0.104236
162900	0.083568
162950	0.180653
163000	-0.036917
163050	-0.042938
163100	0.014482
163150	0.113341
163200	0.187165
163250	0.175005
163300	-0.069098
163350	-0.030109
163400	-0.040855
163450	0.271233
163500	-0.126862
163550	0.254745
163600	0.145868
163650	-0.075036
163700	0.064081
163750	-0.117873
163800	0.107360
163850	-0.152763
163900	-0.133267
163950	-0.027184
164000	0.203948
164050	-0.025092
164100	0.220388
164150	0.184902
164200	-0.035475
164250	-0.233361
164300	0.107634
164350	0.030897
164400	-0.020595
164450	-0.145245
164500	0.053421
164550	0.002965
164600	-0.212297
164650	-0.045702
164700	0.102480
164750	-0.035393
164800	-0.157341
164850	-0.023028
164900	-0.076030
164950	-0.175368
165000	-0.177235
165050	-0.138552
165100	-0.151825
165150	0.012473
165200	0.017589
165250	-0.072068
165300	-0.007021
165350	-0.150188
165400	0.123569
165450	0.233714
165500	0.136190
165550	0.006582
165600	-0.076288
165650	-0.089641
165700	-0.036433
165750	-0.019400
165800	0.014893
165850	-0.033648
165900	-0.202234
165950	-0.166619
166000	0.101318
166050	0.105312
166100	0.106099
166150	-0.160532
166200	-0.020584
166250	-0.049345
166300	-0.039052
166350	-0.012671
166400	0.174540
166450	0.035404
166500	-0.127151
166550	0.056787
166600	0.108596
166650	0.100927
166700	-0.042275
166750	-0.131560
166800	0.175056
166850	-0.023894
166900	-0.032593
166950	0.190787
167000	-0.152198
167050	0.163294
167100	-0.016622
167150	0.206469
167200	-0.102603
167250	-0.010150
167300	-0.016486
167350	-0.095949
167400	0.135080
167450	-0.025900
167500	-0.234497
167550	-0.080341
167600	0.131158
167650	-0.005916
167700	0.081083
167750	-0.113363
167800	0.018165
167850	-0.063851
167900	-0.130017
167950	0.247760
168000	0.122580
168050	0.094660
168100	-0.109858
168150	-0.012583
168200	-0.132642
168250	0.023344
168300	0.049949
168350	0.067381
168400	0.021897
168450	0.030529
168500	0.075498
168550	0.190088
168600	-0.173832
168650	0.097323
168700	0.175327
168750	0.109073
168800	0.224555
168850	0.107415
168900	0.194790
168950	0.087419
169000	0.241918
169050	-0.089411
169100	-0.012204
169150	-0.191679
169200	-0.073862
169250	-0.092553
169300	-0.013455
169350	-0.092915
169400	-0.236906
169450	0.130548
169500	-0.282483
169550	0.047404
169600	0.092362
169650	0.006076
169700	0.050593
169750	-0.049175
169800	-0.210776
169850	0.078636
169900	-0.068281
169950	-0.030326
170000	0.144651
170050	-0.081310
170100	-0.125996
170150	-0.016888
170200	0.078635
170250	-0.083509
170300	-0.068767
170350	-0.016144
170400	-0.192272
170450	-0.114456
170500	-0.339284
170550	0.101935
170600	-0.084204
170650	-0.061360
170700	0.175939
170750	0.096825
170800	0.108119
170850	0.004117
170900	0.040807
170950	0.076275
171000	-0.050992
171050	0.083613
171100	-0.189813
171150	-0.084224
171200	-0.050256
171250	0.040640
171300	0.188155
171350	0.134395
171400	0.072464
171450	-0.252381
171500	-0.020955
171550	-0.105944
171600	-0.161225
171650	-0.153364
171700	-0.071895
171750	0.312922
171800	0.159667
171850	-0.060886
171900	0.099795
171950	-0.061626
172000	0.032692
172050	0.073016
172100	0.073006
172150	-0.089899
172200	-0.000104
172250	-0.057228
172300	-0.370334
172350	0.124782
172400	0.090306
172450	-0.126917
172500	-0.062318
172550	0.042231
172600	0.189610
172650	-0.154655
172700	-0.238726
172750	-0.054067
172800	0.092820
172850	-0.109454
172900	-0.107102
172950	-0.233330
173000	-0.073930
173050	0.018364
173100	-0.036509
173150	-0.046213
173200	-0.066368
173250	0.046732
173300	-0.145502
173350	-0.045837
173400	-0.096906
173450	-0.439337
173500	0.044329
173550	-0.010252
173600	-0.027591
173650	-0.151653
173700	0.351167
173750	-0.090992
173800	0.482942
173850	-0.058838
173900	0.027534
173950	-0.183845
174000	0.233293
174050	-0.085839
174100	0.238302
174150	0.079373
174200	0.298429
174250	0.190603
174300	-0.291300
174350	-0.057867
174400	-0.098487
174450	0.203461
174500	-0.101495
174550	0.234340
174600	0.210241
174650	-0.124482
174700	0.069847
174750	-0.175917
174800	-0.037575
174850	-0.184482
174900	-0.064355
174950	-0.004058
175000	0.179330
175050	-0.004097
175100	-0.224824
175150	-0.125734
175200	-0.231105
175250	0.141091
175300	0.050481
175350	0.086858
175400	0.035035
175450	-0.251151
175500	-0.267097
175550	-0.060443
175600	0.022354
175650	-0.010444
175700	0.163969
175750	0.032947
175800	-0.146728
175850	-0.027105
175900	-0.084656
175950	-0.190171
176000	0.034273
176050	-0.209562
176100	-0.182674
176150	-0.265921
176200	0.166869
176250	-0.055069
176300	0.032284
176350	-0.024659
176400	0.130141
176450	-0.030042
176500	-0.128250
176550	-0.277927
176600	0.059653
176650	0.115361
176700	0.128093
176750	-0.159832
176800	-0.032839
176850	0.064089
176900	-0.104983
176950	0.016405
177000	-0.059851
177050	0.131757
177100	0.210205
177150	0.024012
177200	-0.033953
177250	0.110762
177300	0.100843
177350	0.016605
177400	0.004212
177450	0.132193
177500	0.079990
177550	0.119672
177600	0.059542
177650	0.165915
177700	0.172958
177750	-0.092575
177800	-0.121599
177850	0.025115
177900	0.048226
177950	0.096013
178000	0.274519
178050	-0.015362
178100	0.161756
178150	0.103938
178200	0.023815
178250	0.063912
178300	0.056641
178350	-0.235608
178400	-0.021023
178450	0.349037
178500	-0.075574
178550	0.177926
178600	-0.121796
178650	0.066399
178700	0.178058
178750	0.186829
178800	0.317896
178850	-0.004676
178900	0.028567
178950	-0.024540
179000	-0.231458
179050	-0.155015
179100	-0.129252
179150	-0.028552
179200	-0.006297
179250	-0.213334
179300	0.045071
179350	-0.017451
179400	0.139311
179450	-0.024311
179500	-0.028279
179550	0.003445
179600	-0.254186
179650	-0.098157
179700	-0.063410
179750	-0.009029
179800	0.112097
179850	0.214873
179900	-0.186195
179950	-0.011505
180000	0.271667
180050	0.243600
180100	-0.005412
180150	-0.085237
180200	-0.066896
180250	-0.143309
180300	-0.019933
180350	-0.028107
180400	-0.022782
180450	-0.041256
180500	-0.127684
180550	0.118724
180600	0.002202
180650	-0.191715
180700	0.056455
180750	0.035287
180800	-0.055964
180850	0.051396
180900	-0.232384
180950	-0.065846
181000	-0.092432
181050	0.080186
181100	0.106224
181150	0.011121
181200	0.375787
181250	0.077044
181300	0.094646
181350	-0.032736
181400	-0.101518
181450	-0.015614
181500	-0.112863
181550	0.079825
181600	0.019099
181650	0.135284
181700	-0.094305
181750	0.124248
181800	0.006480
181850	0.046518
181900	-0.291571
181950	0.045169
182000	0.076885
182050	-0.023371
182100	0.032370
182150	-0.211026
182200	0.028636
182250	-0.250881
182300	-0.045602
182350	-0.050334
182400	0.130724
182450	0.141917
182500	0.145647
182550	-0.245307
182600	-0.110123
182650	0.041676
182700	0.047965
182750	0.086861
182800	0.184623
182850	-0.117376
182900	0.057735
182950	0.202056
183000	0.021524
183050	0.018871
183100	-0.162870
183150	-0.191727
183200	0.107045
183250	0.138296
183300	-0.131503
183350	0.040350
183400	0.012245
183450	0.022306
183500	0.273373
183550	0.037494
183600	-0.115779
183650	0.084196
183700	0.020996
183750	0.183869
183800	0.239221
183850	0.318032
183900	0.065112
183950	0.126417
184000	0.178135
184050	0.172515
184100	0.142216
184150	-0.037269
184200	-0.417255
184250	0.072264
184300	-0.041886
184350	0.055554
184400	0.118978
184450	-0.286016
184500	-0.002772
184550	-0.132490
184600	-0.136355
184650	0.164620
184700	0.034587
184750	0.124735
184800	-0.151105
184850	-0.135046
184900	-0.126048
184950	-0.101645
185000	-0.076158
185050	-0.018620
185100	-0.075505
185150	-0.066603
185200	0.182763
185250	-0.099824
185300	-0.200139
185350	0.003311
185400	0.235156
185450	0.039588
185500	0.093219
185550	-0.067976
185600	-0.105418
185650	0.003527
185700	-0.275985
185750	0.047350
185800	-0.129120
185850	-0.043151
185900	-0.088228
185950	-0.145627
186000	0.028772
186050	0.024115
186100	-0.022573
186150	0.007025
186200	-0.111861
186250	0.047835
186300	0.046607
186350	-0.072668
186400	-0.081086
186450	-0.057331
186500	-0.127797
186550	-0.157029
186600	-0.024260
186650	-0.107083
186700	-0.118879
186750	-0.215295
186800	0.280097
186850	0.205986
186900	0.131230
186950	0.036455
187000	-0.080590
187050	0.189534
187100	0.102029
187150	0.252751
187200	0.037993
187250	-0.109037
187300	0.056138
187350	0.076222
187400	0.231298
187450	0.168078
187500	0.065294
187550	0.036911
187600	-0.219745
187650	0.060631
187700	-0.093697
187750	-0.025191
187800	0.087781
187850	0.119559
187900	-0.004107
187950	-0.195769
188000	-0.009115
188050	0.165093
188100	0.077633
188150	-0.172789
188200	0.005174
188250	0.032403
188300	0.141555
188350	-0.207454
188400	0.075047
188450	0.150618
188500	-0.132989
188550	0.078414
188600	0.153563
188650	-0.011745
188700	0.103806
188750	0.162177
188800	0.116103
188850	0.064278
188900	0.130186
188950	-0.053077
189000	-0.049915
189050	-0.185615
189100	0.058848
189150	0.319319
189200	0.156511
189250	0.218361
189300	0.192397
189350	0.171911
189400	0.193818
189450	0.071792
189500	0.114390
189550	-0.041976
189600	-0.018599
189650	0.122176
189700	0.101342
189750	0.095215
189800	0.089209
189850	-0.229654
189900	0.071455
189950	0.079838
190000	-0.120266
190050	-0.166120
190100	0.182964
190150	0.005361
190200	0.272849
190250	-0.024235
190300	-0.093932
190350	-0.032420
190400	-0.044651
190450	0.152946
190500	0.020776
190550	0.241172
190600	-0.161854
190650	-0.053126
190700	0.123149
190750	0.096009
190800	-0.233644
190850	0.013323
190900	-0.007581
190950	-0.125540
191000	-0.099970
191050	-0.021672
191100	-0.342549
191150	-0.148764
191200	-0.154747
191250	0.025447
191300	-0.002109
191350	0.166993
191400	0.143551
191450	-0.093503
191500	-0.081507
191550	0.016508
191600	0.073867
191650	0.059389
191700	-0.034130
191750	-0.172396
191800	0.179758
191850	0.121379
191900	-0.279607
191950	-0.040735
192000	0.324226
192050	0.084610
192100	0.113168
192150	-0.043398
192200	-0.099995
192250	-0.180281
192300	-0.203822
192350	-0.095467
192400	-0.223466
192450	0.122909
192500	0.042735
192550	0.104653
192600	0.106765
192650	-0.009221
192700	0.271283
192750	-0.057006
192800	0.093188
192850	0.132413
192900	-0.111280
192950	0.076422
193000	0.073073
193050	-0.137816
193100	0.049743
193150	0.007238
193200	0.075499
193250	-0.121733
193300	0.030282
193350	0.025337
193400	0.096138
193450	-0.228612
193500	0.019879
193550	-0.100746
193600	0.045739
193650	0.048993
193700	0.250219
193750	-0.217290
193800	0.070184
193850	0.037091
193900	-0.054947
193950	0.054611
194000	0.051006
194050	0.039279
194100	-0.100807
194150	-0.014563
194200	0.121610
194250	0.110188
194300	0.279315
194350	-0.084446
194400	-0.011406
194450	0.104178
194500	0.131185
194550	0.073274
194600	0.019677
194650	-0.007509
194700	0.021371
194750	-0.058576
194800	0.055249
194850	-0.017636
194900	0.035870
194950	0.105675
195000	-0.007167
195050	0.043248
195100	-0.025764
195150	-0.056736
195200	0.008776
195250	0.002464
195300	0.019818
195350	0.124306
195400	0.190370
195450	0.013084
195500	0.327453
195550	0.176198
195600	-0.209115
195650	0.066621
195700	-0.091400
195750	-0.092144
195800	-0.075988
195850	-0.189710
195900	-0.035945
195950	-0.098724
196000	0.213981
196050	-0.193422
196100	-0.007185
196150	0.130149
196200	-0.095657
196250	-0.254347
196300	0.191625
196350	-0.068487
196400	-0.159684
196450	-0.135216
196500	-0.029460
196550	-0.140597
196600	-0.044147
196650	0.092610
196700	-0.046865
196750	0.021910
196800	0.127411
196850	0.150463
196900	-0.161752
196950	-0.028604
197000	0.051656
197050	0.201354
197100	0.159691
197150	-0.011543
197200	-0.005788
197250	-0.137613
197300	0.096401
197350	0.024103
197400	0.114260
197450	-0.241222
197500	-0.000324
197550	-0.390056
197600	0.014957
197650	0.110048
197700	-0.091026
197750	-0.184514
197800	-0.003277
197850	-0.083081
197900	-0.031024
197950	-0.015357
198000	-0.036336
198050	0.165116
198100	0.099822
198150	-0.208860
198200	-0.127666
198250	0.037352
198300	0.111471
198350	-0.099728
198400	0.137651
198450	0.185236
198500	0.317421
198550	0.173069
198600	0.037456
198650	0.070799
198700	0.106711
198750	-0.117298
198800	-0.171916
198850	-0.095708
198900	0.086750
198950	-0.100434
199000	0.210315
199050	-0.019615
199100	0.086919
199150	-0.104504
199200	-0.105300
199250	-0.120965
199300	-0.128932
199350	0.018898
199400	0.074451
199450	0.059991
199500	-0.267296
199550	-0.230002
199600	-0.140018
199650	0.142119
199700	0.103926
199750	-0.024215
199800	-0.095846
199850	0.197525
199900	-0.103703
199950	-0.072397
