2.109516
0.735918
0.732172
0.483973
0.372717
0.342182
0.204921
0.296277
0.116708
0.113668
0.207389
0.113791
0.133682
0.119792
0.144202
0.157216
0.071323
0.184975
0.040423
0.050453
0.031061
0.062339
0.067580
0.134248
0.122654
0.030769
0.120405
0.118158
0.059117
-0.011962
-0.022417
0.054644
0.090889
0.115451
0.085386
0.092059
0.025751
0.065100
0.088016
0.091597
0.111326
0.110303
0.245830
0.189458
0.084423
0.101924
0.047062
0.160412
0.051883
0.054241
0.063772
0.132036
0.163196
0.043342
0.122457
0.080266
0.030038
0.145428
0.041870
0.083122
0.123085
0.026705
0.108978
0.120250
0.060628
0.029509
0.103719
0.124553
-0.026065
0.062361
0.031464
-0.057085
0.019029
0.026484
-0.006335
0.045704
0.028905
0.026753
0.027001
-0.079774
0.086754
0.077032
0.058243
0.121814
0.157441
0.028280
0.018587
0.090835
-0.025200
0.020634
0.106444
0.004514
0.047636
0.019734
0.059973
0.105072
0.043793
-0.024972
-0.007579
0.000182
-0.056840
0.017644
-0.053515
0.031198
0.069961
0.031305
0.124361
0.092711
0.098986
0.076137
-0.014845
0.016287
0.137113
0.117203
-0.028696
-0.031956
0.074067
0.014447
0.032194
0.019809
-0.022342
-0.031677
0.079946
0.039902
0.017495
-0.019614
-0.033280
0.009270
-0.032083
-0.012246
0.094345
0.013510
0.016485
0.051277
-0.010231
-0.042256
0.076745
0.062526
0.061420
0.108571
-0.036460
0.029531
-0.037800
-0.004105
0.096481
-0.000953
-0.083346
-0.092247
0.027793
0.035343
0.017867
0.047744
0.151542
0.042530
0.078067
-0.005850
0.028464
0.054656
0.025381
0.063880
0.110969
-0.037912
0.037529
0.065337
-0.011698
0.026387
0.011750
-0.036194
-0.062159
-0.040535
-0.026836
0.034321
0.040790
0.111879
0.079560
-0.017094
0.109397
0.055871
0.104372
0.080246
-0.052417
-0.046604
0.027263
0.017084
0.002833
-0.001915
0.075128
0.075908
0.004620
0.080042
0.088405
0.119980
-0.025178
-0.040208
-0.011612
0.079706
0.043167
0.055371
0.014686
0.086610
0.055663
0.042064
0.098244
0.125068
0.086346
0.047300
0.078808
0.071379
0.034447
0.049963
0.049119
0.071059
0.010512
0.013742
0.044977
-0.010314
0.030276
0.069002
0.070289
0.062776
-0.012020
0.001746
-0.021405
-0.006598
-0.001247
0.019002
0.018665
-0.028144
-0.004815
-0.015491
-0.041870
0.055291
0.020221
0.020713
0.002858
0.076669
0.054030
0.007142
0.037153
0.019411
0.076581
0.059941
0.012947
0.026511
-0.063151
-0.008861
-0.039912
-0.134424
0.057044
0.009998
0.023185
0.076618
0.059597
-0.002450
0.063645
0.056574
-0.063570
-0.015449
0.040146
-0.016755
0.039496
0.071965
0.035651
0.041706
-0.020734
0.041898
0.104531
0.062483
0.115593
0.037257
0.043613
0.001101
0.060393
-0.001255
-0.036274
0.051388
-0.034902
-0.048821
-0.009320
-0.003939
0.003770
-0.017406
0.073540
0.059662
-0.027565
0.012695
-0.024559
0.053251
0.125049
0.019006
-0.043500
0.064944
0.049483
0.006388
0.032790
0.047272
0.039054
-0.024762
0.045255
-0.000615
0.027911
0.023108
-0.069855
0.085904
0.096441
0.069979
0.137186
-0.062586
-0.003931
0.081313
0.015243
0.050515
0.039565
0.037996
-0.036679
-0.065387
-0.013990
0.018239
0.080769
0.032752
0.008506
0.016675
-0.046740
0.014430
0.098257
0.071248
0.045773
0.096383
0.108837
0.019981
0.143557
0.065313
0.038496
0.081238
0.076618
0.036934
0.060092
0.010359
0.077346
0.085803
0.022360
0.071363
0.039620
-0.009889
0.020995
-0.011617
0.062248
0.006480
0.033482
0.047142
0.056534
0.033698
-0.008124
-0.012168
0.013888
-0.014653
-0.011908
-0.000079
-0.007580
0.013276
0.096493
0.024825
0.053679
0.056136
0.031100
0.025987
0.038560
0.061029
-0.003620
-0.044424
-0.065601
0.036224
-0.013422
-0.061699
0.090638
0.038402
0.000218
0.027021
-0.038929
-0.083327
-0.027128
0.045916
-0.035913
-0.026669
0.010858
0.073126
0.012752
-0.039158
0.083896
0.057239
0.068498
-0.036294
0.063315
0.105581
-0.047632
-0.011464
0.035548
0.005643
-0.021842
0.007529
0.041282
0.043659
0.089723
0.045870
0.023036
0.103825
0.027232
-0.013285
0.024816
0.090165
0.055470
0.024416
0.028668
0.044667
-0.013691
-0.025212
-0.037070
-0.005963
0.048048
0.054550
-0.060448
-0.014163
0.041600
0.023996
-0.003550
0.033316
0.090676
-0.028545
0.018228
0.056732
0.077250
-0.004371
0.057140
0.032459
0.065822
0.061578
0.019626
0.120679
-0.084370
-0.105132
-0.097808
-0.063729
-0.029395
-0.113681
-0.004990
0.027541
0.096319
0.080308
0.128913
0.060356
0.010885
0.096235
0.093583
0.034939
0.054019
0.182868
0.116726
0.089067
0.136252
0.098217
0.055790
0.001524
0.014645
0.080139
-0.021741
0.013869
0.049741
0.054135
0.000345
0.072907
-0.056024
-0.067649
-0.001276
0.110762
-0.016965
0.075757
0.067822
0.012711
0.069111
0.017310
0.079327
0.107879
0.073525
-0.011314
0.085323
-0.011302
0.007217
0.117041
0.012270
-0.023582
0.040942
0.017682
0.023800
0.015202
-0.040240
0.050787
-0.008387
-0.047709
0.021323
-0.007217
-0.036217
-0.051450
0.013649
0.027122
0.030769
-0.029448
-0.114683
-0.023854
-0.003516
0.040790
0.070228
0.048304
0.038403
0.023591
-0.025925
0.044139
0.057402
-0.082186
-0.009122
-0.012168
0.027000
0.006166
-0.012417
0.047788
0.068944
0.051229
-0.052477
0.093600
0.052006
-0.006092
-0.018793
0.027761
0.081163
0.026312
0.005737
0.007295
0.005780
0.024873
0.006240
-0.095058
-0.011233
0.012152
0.006652
0.011356
0.030024
0.002808
-0.029393
0.003140
-0.002962
0.030738
0.122029
0.039494
-0.014001
0.066519
0.011274
-0.032600
-0.024633
-0.045710
0.034089
0.012110
0.043794
0.145757
0.091978
-0.060428
0.025710
0.074866
0.060087
0.128443
0.049889
0.030103
0.054749
0.001703
-0.027746
-0.005637
-0.028941
-0.022010
-0.068428
0.024233
-0.032870
-0.000191
-0.009400
-0.004984
-0.013619
0.008150
-0.018345
0.077922
-0.031235
0.048465
0.068974
0.036629
0.087307
0.053774
0.024810
0.036213
0.110522
-0.006112
0.057244
0.047883
-0.053835
0.066859
-0.052113
-0.036959
-0.068627
0.006045
0.062079
0.101180
-0.121352
0.008349
0.027413
-0.035360
0.088242
0.079851
0.045135
0.012464
0.096498
0.073603
-0.019608
0.072919
0.114892
-0.045962
0.005962
0.036091
-0.015260
0.036094
-0.048413
-0.039594
0.027645
-0.027322
-0.009308
0.007922
-0.007251
0.066393
0.055968
0.028110
0.038682
-0.011530
0.006514
0.081111
0.016685
0.008035
0.024232
-0.011326
-0.025043
0.101973
0.049329
-0.028307
-0.004268
0.033119
-0.003680
0.045471
0.051445
0.016287
0.017789
-0.022353
0.051352
0.049188
0.050763
0.008544
-0.012687
-0.018197
0.022881
-0.039041
0.045828
0.048590
-0.068548
0.038314
0.023782
-0.078273
0.000191
0.008575
0.035966
-0.023889
0.019439
-0.081321
0.039459
0.022326
0.005621
-0.033982
-0.056774
0.058159
-0.042814
-0.026089
-0.012248
-0.022769
-0.055576
0.021325
0.015717
-0.034328
0.005361
0.012710
0.061989
0.000525
0.009569
-0.002403
-0.028663
0.033934
0.059805
0.070455
0.082411
-0.078631
0.049815
-0.075258
-0.015671
-0.041749
0.000500
-0.001473
-0.011816
-0.028770
-0.020035
0.064896
-0.024786
0.004584
0.009932
-0.065897
-0.030580
0.010371
0.024672
0.035909
-0.022625
-0.002246
0.032973
0.000224
-0.040822
0.049236
0.050312
-0.003299
0.045252
0.033555
-0.006642
0.125821
0.100028
-0.006043
0.001239
0.025110
-0.066787
-0.060933
0.045177
0.044409
0.098744
0.081774
0.059038
0.003283
0.083691
0.084393
-0.008318
-0.021838
0.050468
0.055797
0.070875
0.027653
-0.024806
-0.014541
0.038283
0.035279
-0.030079
-0.001856
0.012793
0.025333
0.031988
-0.064748
0.032298
0.058906
0.042423
0.022441
0.049109
0.099184
0.051684
-0.000744
0.038894
0.003434
0.005764
0.009901
0.030269
0.007887
0.027817
0.019409
0.068120
0.046997
0.057171
0.046532
0.031956
0.107389
0.077912
0.045518
0.139154
-0.039229
0.032359
0.061421
0.043990
-0.041522
-0.089997
0.046615
-0.009717
-0.004130
0.030775
0.017365
0.017141
0.008370
0.045327
-0.009169
0.026977
0.082759
0.058779
0.059953
0.047965
0.001803
-0.043135
-0.077421
0.045839
0.081603
0.024511
0.054398
0.136393
0.096142
0.078880
0.107447
0.078024
0.001374
-0.003938
0.038852
0.009318
0.021928
0.107467
0.040107
-0.068718
-0.034505
0.032901
-0.016853
-0.041723
0.030426
0.047031
-0.059667
-0.022386
0.025039
0.098448
0.032432
0.018851
0.043216
0.052782
0.046878
0.017855
0.001390
0.056880
0.033153
0.007918
0.111395
0.028833
0.075724
0.056724
-0.034220
0.026862
-0.024044
-0.004852
0.082071
0.057142
-0.045378
-0.005236
-0.020451
0.017047
0.000190
0.000381
0.012259
-0.060925
0.013465
0.024541
-0.016557
0.091366
0.219778
0.073968
0.009897
0.074735
0.033743
-0.027424
0.027088
-0.037536
0.017894
0.100153
0.100086
0.083491
0.068783
0.006281
0.013044
0.027282
0.009812
-0.022183
-0.028947
0.063031
-0.001226
0.027118
0.073246
0.113685
0.165267
0.065148
0.084503
0.016465
0.015505
0.139347
0.060378
0.044576
0.018576
-0.020755
-0.028486
0.028986
0.041077
0.013642
0.053662
0.015185
0.039102
-0.031472
0.000747
0.064351
0.055748
0.165805
0.088630
0.049008
0.072063
-0.031912
-0.045223
-0.022618
-0.005760
0.053200
0.056273
-0.032138
0.042599
0.012934
-0.038486
0.056192
0.081267
0.036818
0.144749
0.063490
0.074285
0.087330
0.016196
-0.001775
0.047915
0.020285
-0.013245
0.009908
0.029114
0.032622
0.101927
-0.034636
0.042295
0.053745
0.017653
-0.062184
-0.065267
-0.042022
-0.002100
0.035030
0.006625
0.110484
0.083354
-0.031663
0.026543
0.007291
-0.052732
-0.035015
-0.029932
-0.051516
-0.054315
-0.065824
-0.039293
0.039734
0.019589
0.111904
-0.010923
-0.000675
0.031626
-0.022987
-0.026067
-0.000966
-0.006812
0.052252
0.022592
-0.005679
0.018429
0.014425
0.042403
0.011334
0.033973
0.047370
0.061297
0.004878
0.070687
0.055565
0.032492
0.083073
0.014689
0.079723
-0.061527
-0.057469
-0.080110
-0.077462
-0.021429
-0.008620
-0.057019
-0.020659
-0.023429
-0.050547
-0.015558
-0.006130
-0.050543
0.023224
0.007722
0.015287
0.000154
-0.039853
0.028582
0.063038
0.002088
-0.111959
0.068297
0.047638
0.032681
0.064005
-0.014046
0.023276
0.119678
0.017287
0.085173
0.099806
-0.017903
0.032397
-0.026376
0.028176
0.104021
0.107928
-0.017215
-0.036661
0.031316
0.050610
0.069086
-0.065618
0.035351
0.079225
-0.030520
-0.092202
0.009061
0.028163
-0.030975
-0.052705
-0.018643
0.005059
-0.008390
0.021332
0.020835
0.053724
-0.007480
0.008890
-0.041922
-0.160132
-0.060331
-0.065858
-0.045392
-0.013584
0.011178
0.107404
0.039642
0.022615
0.057797
-0.020886
-0.002389
0.002265
-0.065471
-0.073697
0.024502
-0.049166
0.068577
0.027572
-0.105543
0.053112
-0.083066
-0.005081
-0.070076
-0.025617
-0.017846
-0.020182
-0.108573
0.043751
-0.016999
0.028389
0.110644
-0.039385
0.096385
0.104636
0.035018
0.034844
0.007700
0.025966
-0.021651
-0.054758
0.041935
0.115345
-0.004751
0.018950
0.059969
0.150171
0.188123
0.082366
0.086468
0.087111
-0.029818
0.004013
0.005381
-0.026669
-0.048665
0.062203
-0.109614
0.051749
0.130119
0.090645
0.000636
0.031945
0.017645
0.035056
0.059734
0.080789
0.071536
0.049135
0.053675
0.035180
-0.019677
-0.011500
0.065213
0.058881
0.103521
-0.005805
-0.013315
0.012877
-0.003942
0.006194
0.054157
-0.001318
0.030621
-0.041104
-0.038749
-0.078459
0.028860
0.042083
0.001367
0.090189
-0.099770
-0.015742
0.053744
-0.001446
-0.049924
-0.066230
-0.002003
0.010401
-0.009854
-0.021832
-0.052693
0.019612
-0.018881
0.010425
0.050895
0.044381
-0.022295
-0.015838
-0.015212
-0.009619
-0.057315
0.025567
0.067572
0.005750
0.011167
-0.031811
-0.019879
-0.000424
0.029051
0.051544
-0.089697
0.048065
0.048817
-0.040035
0.057697
0.078897
0.116036
0.059700
-0.038352
0.024304
0.047954
0.035836
0.090892
0.102016
0.094613
-0.036195
-0.038182
0.040065
0.054841
0.084612
0.056532
-0.001524
-0.076425
0.004483
0.058378
-0.074620
0.046670
-0.006294
0.000439
0.039242
-0.060608
-0.026944
0.021668
-0.004531
-0.024172
0.056528
0.075995
0.040582
0.018596
0.042183
0.131757
0.006694
-0.019812
0.038933
-0.000879
-0.013011
-0.010512
0.003409
-0.017485
-0.050676
-0.054156
0.015231
0.078316
0.000052
-0.011455
-0.002640
-0.038604
-0.007875
-0.049097
0.041935
0.021830
-0.001279
0.014066
0.056239
0.064182
0.009475
-0.045949
0.002897
-0.051433
0.009781
0.011801
-0.012510
0.107403
0.045075
0.006344
-0.004433
0.023135
-0.008623
0.026264
0.037024
0.082087
0.033512
-0.014287
0.019965
-0.002509
0.009589
-0.005468
-0.030151
0.027429
-0.015354
-0.055125
0.002062
0.021284
0.006841
-0.021475
0.002603
0.024292
0.028807
-0.062003
0.018611
0.095421
0.041009
-0.015957
0.072873
-0.004739
0.012224
-0.037251
0.070686
0.084204
-0.005845
-0.077588
-0.018923
0.021181
-0.024726
0.022875
0.038561
-0.005631
0.035855
0.032166
0.051110
0.088163
0.067165
-0.033651
-0.071441
-0.046217
-0.041879
-0.004136
-0.042847
-0.015494
-0.025125
-0.040512
-0.080235
-0.056774
-0.031087
0.043311
0.069073
0.003159
-0.001249
0.016473
0.038237
0.001938
-0.018413
-0.027976
-0.104098
-0.046962
-0.108057
-0.088408
-0.099721
-0.068118
-0.083223
0.007761
-0.081060
-0.054208
-0.060623
-0.116591
-0.065633
-0.041746
-0.040294
-0.104737
-0.091127
-0.101667
-0.108763
0.025552
-0.018644
0.075382
-0.041683
-0.058167
0.005758
0.041140
0.011385
0.069867
0.029396
-0.062612
0.082168
0.014253
-0.034767
0.061531
-0.017932
0.018567
0.045433
0.080191
0.176168
0.067152
-0.057091
0.025883
0.047924
-0.027222
-0.059328
0.014496
0.006485
-0.018717
-0.002417
-0.068273
-0.035865
-0.096912
0.031860
0.049505
-0.036027
0.068652
0.015405
-0.000185
-0.040473
-0.052818
-0.045393
-0.040380
-0.012198
0.019529
-0.022706
-0.041328
0.050891
0.004822
0.047603
0.038309
-0.025073
-0.013005
-0.032885
0.047713
0.018681
0.028799
0.042539
-0.033437
-0.110741
-0.029162
-0.094343
-0.012048
-0.030283
-0.017851
0.049539
-0.003471
0.020885
-0.021925
0.059208
0.037413
0.032578
0.012782
-0.022840
0.039290
0.005402
0.030078
-0.038804
0.034964
0.126690
0.063384
0.013394
0.036407
0.026842
-0.051774
0.044593
0.064276
0.060799
-0.011759
-0.008320
0.043509
-0.010759
0.047062
0.114139
0.050303
0.030707
0.006849
0.017189
-0.018796
-0.040663
-0.083099
-0.017007
-0.044277
0.015780
0.118499
-0.028773
-0.045563
0.087915
0.016933
-0.024926
0.054748
0.061220
-0.000346
-0.001241
0.020060
0.033815
0.014009
0.005157
0.024171
-0.010041
-0.033810
0.000407
0.015425
-0.020617
-0.039571
0.000364
-0.069022
-0.023431
0.096917
0.046483
0.025721
0.081681
-0.042432
-0.063075
-0.076931
-0.005970
-0.000611
0.016633
-0.049873
-0.017617
-0.002387
-0.050572
-0.037460
-0.008753
0.058722
0.022050
0.002829
-0.030545
-0.009045
-0.054149
-0.037307
-0.100209
0.081197
0.076977
-0.015877
0.032658
0.026576
-0.022878
-0.117037
0.051224
0.070324
0.023048
-0.027465
-0.016178
0.092403
-0.008214
0.028076
0.047970
0.026050
0.026034
0.046642
0.007507
0.042397
0.047475
0.055869
-0.000761
-0.027633
0.024955
-0.041312
-0.019130
-0.028006
0.051115
0.035649
-0.024092
-0.034393
-0.125370
-0.111414
-0.033723
-0.015834
0.051755
0.027326
0.008395
0.045370
0.009592
0.106978
0.041633
-0.050614
0.043254
-0.020494
0.061075
0.000967
-0.054688
-0.014150
-0.070171
0.027659
0.076898
0.039812
0.095780
-0.024611
0.029242
0.113143
0.001914
0.020119
0.022270
-0.012849
-0.046450
-0.063439
0.035625
-0.087750
-0.073623
0.020360
-0.022518
-0.064768
-0.039198
-0.011253
-0.055062
-0.046125
0.012700
0.098171
0.040114
0.003650
-0.033805
0.018437
0.110510
0.002753
-0.001931
0.020422
0.024566
0.052418
0.061123
0.003873
-0.070357
-0.042632
0.012743
0.025717
0.005755
0.034190
0.045727
0.079790
0.096593
-0.000826
-0.000798
0.056745
-0.094085
0.024106
0.014846
0.008313
-0.014383
-0.079271
-0.095726
0.063970
0.090007
-0.012664
0.019533
0.027425
0.048654
0.105627
0.024751
-0.007409
0.056883
0.001890
0.109433
0.028959
0.092216
0.105432
-0.030267
0.116206
0.042055
-0.015334
0.098651
-0.047652
0.000947
0.044546
0.047909
0.073282
-0.002336
0.006797
-0.084638
-0.035200
0.027988
-0.089014
0.035399
-0.029149
-0.103321
-0.038644
-0.019761
-0.046699
0.091888
0.104964
0.087708
0.078152
0.014265
-0.003471
-0.000792
-0.019619
0.054809
-0.057930
-0.055377
-0.022657
-0.063274
-0.011321
0.045310
-0.011880
-0.017246
0.048695
0.050570
-0.003171
0.029681
0.047185
0.059795
-0.066743
0.045768
0.049328
-0.090821
0.018535
0.019519
0.039250
0.046614
0.014543
0.014585
-0.034992
0.001352
-0.051167
-0.031424
0.049797
-0.034714
0.054811
0.089510
0.017306
0.033739
-0.070590
0.000294
0.002086
-0.017813
0.050627
-0.038288
-0.022429
0.019161
0.035827
0.042872
-0.037023
0.021861
0.056797
0.072455
-0.041455
0.009155
-0.004551
-0.005838
-0.038934
-0.033076
0.019629
0.057009
0.063896
-0.013142
-0.009486
0.042531
-0.040255
-0.039530
0.029032
0.004788
-0.044476
0.016829
0.001006
0.083080
0.040234
-0.057037
0.005203
-0.031441
-0.027629
-0.007758
-0.013661
0.062396
0.029125
0.020164
-0.058238
-0.027994
0.035157
-0.039933
-0.016295
0.156466
0.127290
0.039245
0.070006
-0.023661
0.088870
0.029804
-0.045889
-0.041338
0.022844
-0.001769
-0.059984
-0.014195
0.106723
0.025368
-0.002535
-0.008279
0.014536
0.006890
-0.050172
-0.011660
0.033495
0.010543
-0.020770
0.011349
0.024659
0.068878
0.045571
0.092201
0.050949
-0.038712
0.096990
-0.021579
-0.011819
0.096164
0.057867
-0.039475
-0.009002
-0.019575
0.041152
0.051824
-0.026001
-0.016799
-0.042217
0.081513
0.010884
0.009874
0.040587
0.083836
0.083319
0.110175
-0.102808
0.062936
0.033200
-0.001850
0.020653
0.005319
-0.037593
-0.001262
-0.020239
-0.041936
-0.023115
0.041646
0.027331
-0.015821
0.059021
0.010406
0.074287
-0.015286
-0.031733
-0.038201
-0.070375
-0.006286
-0.076261
0.004673
-0.001466
0.063275
0.019563
-0.062582
-0.044358
0.022556
-0.014917
-0.017627
-0.055680
-0.008485
-0.032141
0.006110
0.094405
0.046961
0.035638
0.050314
0.002179
0.087338
-0.012652
0.046421
0.014720
-0.071391
-0.062385
0.028959
0.095749
-0.022539
0.003398
-0.088437
-0.033997
0.004585
-0.023221
0.075001
0.069989
0.029045
0.013265
0.002124
0.000513
0.062413
-0.065480
-0.026742
-0.008734
-0.026420
-0.013207
-0.073019
-0.022620
0.023486
0.007706
-0.082422
-0.019540
-0.033018
-0.084256
-0.077457
-0.105457
0.038417
0.019047
0.033859
0.015809
0.054279
0.019304
-0.035126
-0.033142
-0.008591
0.054608
0.031260
0.070071
0.002914
-0.023661
-0.051596
-0.086209
-0.104798
-0.039501
-0.065560
-0.079469
-0.015775
-0.045243
-0.100680
-0.037813
0.066139
-0.012774
0.038959
0.018717
0.021470
0.070743
0.025636
0.011046
0.074987
-0.015061
0.017295
0.010294
0.086302
0.020381
-0.086697
0.049994
0.021088
0.033383
-0.021177
-0.017793
-0.032461
-0.058861
-0.017559
-0.077149
-0.047826
-0.045871
-0.004600
-0.019049
-0.035876
0.012921
-0.052335
0.028160
-0.029025
0.029573
-0.020272
-0.049975
0.042689
-0.046529
-0.081272
-0.009644
-0.053505
-0.010476
-0.016948
-0.007351
0.020397
0.036647
0.018462
-0.074112
-0.045998
-0.044208
-0.023967
0.031461
-0.010855
0.043468
0.021066
-0.045366
0.009727
0.035378
-0.002098
-0.000320
0.017564
0.074557
0.010462
-0.014781
0.052562
0.042005
-0.079396
-0.049963
0.007846
0.038651
0.001219
0.000946
-0.035747
0.013477
-0.024391
-0.027443
-0.027742
0.037738
0.045991
-0.071794
0.030685
0.016723
-0.074051
0.045901
0.015925
-0.036493
0.022314
0.101656
-0.040189
0.018562
0.066705
-0.025461
0.061288
-0.002899
0.013606
-0.063057
-0.033137
0.027939
0.005029
-0.002477
0.010675
0.031419
0.160914
0.130863
0.093551
0.070728
0.045510
0.004697
0.089522
0.058643
-0.035235
0.016723
-0.016430
-0.025967
0.001549
-0.006499
0.050519
0.091934
0.076721
-0.012834
0.002628
0.017423
-0.090381
-0.070736
-0.001464
0.030966
-0.000351
-0.059750
0.095286
0.084025
0.002299
0.099918
0.045915
0.078874
0.005791
0.019145
0.044494
-0.013316
-0.032242
0.046112
0.022247
0.091439
0.078227
-0.023445
0.041816
-0.024141
0.058793
-0.002919
-0.028491
0.045246
0.007957
0.019159
0.003900
-0.001931
-0.002171
-0.073453
-0.042360
0.027090
0.027526
0.073618
-0.021766
0.030148
0.017395
-0.039137
-0.044483
-0.037458
-0.080365
0.025424
0.010352
-0.011586
-0.011938
0.000616
-0.010730
-0.011623
-0.017757
-0.024205
0.002569
-0.018278
0.020715
-0.026289
0.009647
0.008243
-0.018666
0.053909
0.042453
0.043403
0.038879
0.020196
-0.034843
0.011957
0.016803
-0.035438
0.028441
0.036992
-0.038248
-0.004000
-0.018527
0.033621
0.012533
0.001587
0.011757
0.004286
-0.036889
-0.042945
-0.064775
-0.093421
0.030196
-0.062073
-0.091927
0.012487
-0.010937
0.020361
0.032311
-0.009405
0.003183
-0.039460
0.007470
0.076549
0.039428
0.095424
0.036515
0.013794
0.055073
-0.038128
0.006097
-0.078010
0.027798
0.095678
0.000031
0.037378
-0.096960
-0.021375
-0.050599
-0.105980
0.086067
0.101722
-0.042571
0.069661
0.082284
0.083093
0.102173
0.103942
-0.008515
0.014862
0.017659
0.000916
0.081470
-0.017846
0.043737
0.048650
-0.024716
0.087163
0.201805
0.120048
0.066706
0.014363
0.060039
-0.083512
-0.089346
-0.045870
-0.047501
0.065245
-0.028264
-0.038112
-0.001033
-0.032885
-0.015695
0.073628
0.070406
-0.009682
-0.025955
-0.013724
0.029687
-0.056446
-0.083724
-0.075537
-0.117850
-0.076524
-0.013077
0.020027
-0.033050
0.031628
0.067829
-0.070811
-0.057947
-0.017081
-0.027641
0.003829
-0.023625
-0.036063
0.028576
-0.003997
0.022724
0.074791
0.018823
-0.003750
0.039758
0.021834
0.085653
-0.008711
-0.056825
-0.016492
0.021418
0.000857
0.021061
0.066366
0.026892
-0.031891
0.052340
0.058470
0.045806
0.024266
0.044087
0.177492
0.048240
0.015113
0.084583
0.050082
0.140792
-0.022143
-0.036557
0.001223
-0.036490
-0.024034
-0.039757
-0.021993
0.026148
-0.000758
0.018598
-0.012012
-0.001347
-0.007482
0.020939
0.090723
-0.000514
0.014177
0.065746
0.088447
0.006798
0.085469
-0.029925
0.027782
0.048236
-0.053165
-0.019870
-0.005855
0.051645
-0.003995
-0.019409
-0.007926
0.064741
-0.014689
0.061488
-0.010340
-0.066298
0.032471
-0.117332
-0.071189
0.026489
-0.080628
0.035262
-0.009553
-0.045090
-0.057183
-0.002533
-0.000629
0.037262
0.044729
-0.055870
0.019372
-0.032802
0.062224
0.013770
-0.009720
0.086044
-0.044665
-0.021285
-0.030571
0.005116
0.109682
0.015256
-0.014508
0.027771
-0.092818
-0.007010
0.058419
0.045358
0.020464
0.006973
0.020480
0.014911
-0.036902
-0.097603
-0.058271
0.027005
-0.016811
0.027404
0.127039
0.021630
0.000705
0.078950
0.063653
0.025853
-0.045505
-0.089046
-0.071243
0.020212
-0.073543
-0.064857
0.001483
0.035129
0.022774
0.068739
0.040724
0.037332
0.063860
-0.004873
0.031214
0.039296
0.059699
0.037349
0.031234
0.044636
-0.010174
-0.001953
-0.028821
0.027719
0.048735
0.021151
0.036769
0.033982
-0.036896
-0.020163
0.048511
-0.030318
-0.028000
-0.010618
-0.052401
-0.067419
-0.040632
0.012767
0.084855
0.016299
0.019281
-0.000023
-0.029662
0.076963
0.066900
-0.002683
0.031161
0.028125
-0.004941
-0.074075
-0.015859
0.058855
0.014111
-0.030214
0.008910
-0.005740
-0.020006
0.007781
-0.013260
0.012928
-0.028023
-0.073205
0.066883
0.072679
0.014909
-0.053532
0.018476
0.054348
-0.007115
0.039129
0.027442
0.006338
0.071614
-0.006230
-0.000936
0.001100
-0.006053
0.045514
0.038320
0.065320
0.014027
-0.063209
-0.026461
-0.053422
-0.026302
0.076444
-0.046905
-0.033013
-0.014180
0.040746
0.052045
0.005282
0.019151
-0.042209
-0.092568
-0.038411
-0.010493
-0.029936
0.019611
-0.031405
0.016756
-0.017044
0.040434
0.133440
0.044109
0.037952
0.075795
0.046324
0.028768
0.020097
0.013115
-0.010023
0.065635
-0.070610
-0.025339
-0.025907
-0.035688
-0.053633
-0.049878
0.007366
0.046957
0.019834
0.062875
0.046430
-0.016420
0.037650
0.003635
0.062316
-0.040863
-0.013889
0.046127
0.021292
0.015923
0.015740
0.017878
-0.050042
-0.080003
0.074955
0.075556
0.073311
0.097320
0.035614
0.006550
0.013622
0.001053
0.030314
-0.052891
-0.051249
-0.032813
-0.073670
0.029613
0.024166
0.088455
-0.019280
-0.028996
0.021854
-0.036036
-0.014093
0.044482
0.026752
0.040932
0.016927
-0.029386
-0.068629
-0.085777
-0.145953
-0.015110
-0.111956
-0.031712
0.024269
0.015648
-0.010502
0.015165
0.005518
0.045196
0.038548
0.015762
-0.047090
0.028443
-0.082789
0.010365
-0.064818
-0.131066
-0.112490
-0.067960
0.077169
-0.068971
-0.047415
0.075567
0.049387
0.003002
-0.090396
0.020940
-0.017623
0.017707
-0.066627
0.000416
0.079542
-0.121866
-0.056069
0.036244
0.009877
0.011342
0.095753
0.042711
-0.050889
0.051368
0.046106
0.057157
0.106091
0.140914
0.113886
-0.007283
0.044019
0.095060
-0.051445
-0.054692
-0.036304
0.040031
-0.026703
-0.036557
0.047843
-0.037640
-0.060608
-0.041896
-0.074698
-0.011803
-0.011477
0.007853
0.122622
0.064330
-0.014150
-0.020907
0.003122
0.029827
0.049737
-0.000352
-0.074971
-0.001389
0.085755
0.061857
0.027948
0.015025
0.000444
0.057468
-0.022550
0.070300
0.071216
0.049489
0.107469
0.036691
0.010466
0.070384
0.067442
0.029663
-0.014399
-0.018812
-0.101405
0.015973
0.058858
0.035900
0.078691
0.023296
0.051903
0.049125
-0.006640
0.063695
0.038097
0.025301
0.022911
-0.016826
-0.043337
0.029136
0.007189
-0.052062
0.038996
0.031616
-0.060128
0.009031
0.054860
-0.031510
0.029595
0.008666
0.012510
0.111378
0.005932
-0.045249
0.000078
0.079653
-0.032844
-0.029149
-0.034712
-0.024005
0.004761
0.005886
0.037478
-0.027884
-0.079774
0.000863
-0.062938
-0.116330
0.007197
-0.091407
-0.045418
0.074782
-0.040177
-0.010612
-0.012324
0.052267
-0.077178
0.000946
0.025233
-0.065526
-0.035773
0.018464
0.022655
0.076118
0.092646
-0.037476
-0.015419
-0.032205
-0.054484
-0.073167
-0.099692
-0.097649
-0.106008
0.004978
0.024476
-0.070424
-0.047555
0.027753
-0.012756
0.018150
0.030705
0.103948
0.026905
-0.026923
-0.006392
-0.013249
0.077312
0.086119
-0.115820
-0.017305
-0.037362
-0.055178
0.028621
-0.049295
0.009822
0.005502
0.026431
0.015784
-0.058340
-0.011781
-0.043100
0.111623
0.037178
0.045323
0.105304
-0.039135
0.041508
-0.074941
0.003281
-0.036800
-0.151461
-0.010892
0.012507
-0.072071
0.019227
0.068720
-0.002013
0.030522
-0.029720
-0.098480
-0.041263
0.030587
0.004960
0.025859
-0.002577
0.062981
-0.012299
-0.005547
0.087626
-0.040702
0.050657
0.045629
-0.099409
0.020045
0.011093
-0.019232
0.043458
0.023565
0.012610
-0.003470
0.014833
-0.014204
0.012534
-0.022577
-0.011437
-0.007378
-0.012254
0.031820
-0.002623
-0.058645
0.106318
-0.044221
0.025578
0.041067
0.007797
0.090114
0.077555
0.071290
0.010893
-0.021267
-0.022107
-0.029309
0.039670
-0.032004
-0.005367
0.040234
-0.049228
-0.033420
0.014791
-0.076284
-0.025473
-0.019884
0.000513
-0.038455
-0.075384
-0.085604
-0.117495
0.022864
0.058607
-0.015572
0.020451
0.111624
0.012429
0.041691
0.054367
-0.030895
-0.071084
0.067556
-0.011069
0.029640
0.032919
0.058418
0.078547
-0.009015
0.002354
0.041406
-0.058434
-0.021408
0.026751
0.014563
-0.080133
-0.043636
-0.018357
-0.026663
-0.063611
-0.035802
-0.104050
-0.076444
-0.000142
-0.008501
0.017619
-0.063154
-0.091392
-0.067800
-0.060492
-0.003043
-0.062416
-0.080527
-0.011197
-0.025943
-0.034106
-0.056606
0.002395
0.063509
-0.014791
-0.056591
0.112382
0.072951
0.014104
0.004978
0.013159
-0.024621
0.025125
0.131661
0.006704
0.104545
0.037254
-0.008363
0.061161
0.049098
0.082012
0.106580
0.132413
0.062825
-0.008064
0.003954
-0.109980
-0.070075
0.032488
0.018310
0.014741
0.036399
0.050159
-0.030695
-0.005094
0.056231
-0.031094
0.054086
-0.012720
0.059049
0.076061
-0.086958
-0.048421
-0.088829
-0.087524
0.002260
-0.022684
-0.047923
0.051187
-0.012099
0.007275
0.021963
-0.009387
-0.006200
0.023844
-0.018067
-0.038630
0.047609
-0.085654
-0.000654
0.071470
0.015873
-0.002583
-0.006266
-0.051886
-0.003270
-0.019598
0.045876
0.032789
0.029894
-0.097978
-0.011199
-0.009999
-0.055730
-0.004343
0.010645
-0.023218
-0.025765
0.042075
-0.055757
0.006538
-0.015481
-0.014888
0.056224
-0.120896
0.031140
0.029772
-0.040071
-0.017947
0.042690
0.006188
-0.097386
-0.024975
-0.034808
0.022163
0.028000
-0.020582
0.015933
0.010427
-0.008149
0.017667
-0.015098
0.008079
0.008650
-0.046816
-0.072932
0.039132
0.002978
-0.024816
0.028402
0.023666
-0.027017
-0.007834
-0.016226
-0.039497
0.073405
-0.039267
0.027474
0.062353
0.015958
0.007081
-0.004637
-0.034305
-0.028753
-0.100825
0.049463
-0.055853
0.081458
0.049528
0.101115
0.078778
0.086362
0.044114
0.037308
-0.011871
-0.006012
-0.036993
0.046902
0.016928
0.033006
0.028614
-0.010749
0.064680
-0.008179
-0.047546
-0.011022
0.095122
0.057244
0.047909
-0.041397
-0.075040
0.019970
-0.008040
0.085804
0.057709
0.014153
0.037774
0.010174
-0.063728
0.027609
0.069998
0.058316
0.026804
0.029037
0.043957
0.055842
0.029436
-0.001499
-0.014857
0.077534
0.044354
-0.011551
-0.059466
-0.047996
0.016574
-0.034353
0.063878
0.035353
-0.019176
-0.052716
0.036674
0.003900
0.040531
-0.009063
0.056029
0.076973
-0.054125
0.013677
-0.024745
-0.070215
-0.007982
0.044112
0.031803
0.060758
-0.028200
-0.079994
0.024765
0.025817
0.034613
0.056615
-0.033418
0.069486
0.023330
-0.047580
0.041684
-0.040362
0.057549
0.130453
0.007383
0.052332
0.050036
0.054132
-0.028259
0.009656
0.013348
0.049883
-0.014197
0.015148
0.069283
0.012980
0.010054
0.120857
0.036332
-0.013836
-0.009013
0.025188
0.012393
-0.076855
-0.052941
-0.015281
-0.037605
-0.023183
0.019853
-0.006419
0.028811
0.019014
0.044438
0.079828
0.027204
0.054899
0.056262
-0.055235
0.010250
0.024934
-0.046430
-0.036605
-0.035567
-0.022379
0.065668
-0.042642
0.020633
0.133291
0.036234
-0.025393
-0.046882
0.064544
0.015863
-0.047784
0.014034
0.003894
0.023919
-0.095756
-0.110155
0.095286
0.021378
0.040542
0.078087
-0.002071
0.041673
-0.059356
-0.035963
0.062800
-0.050705
0.009215
0.008199
-0.033508
-0.112526
-0.040171
-0.046398
-0.023572
-0.040627
0.001453
-0.018004
0.005699
0.002982
0.016974
0.050691
-0.008569
-0.000316
0.020410
-0.029140
0.028895
0.090953
0.040695
0.062153
0.017898
-0.043114
0.041703
-0.044583
-0.002313
0.073436
-0.019513
0.019950
-0.058036
-0.054761
0.059280
0.006932
-0.015760
-0.015693
0.034103
-0.014034
-0.073243
0.034334
-0.018766
-0.047998
-0.014652
-0.008198
-0.021802
-0.058495
0.004468
-0.000072
0.015597
0.020212
-0.037389
-0.023398
0.027627
0.055594
0.025363
0.064161
0.071250
0.001130
0.070714
0.048596
0.095741
0.019603
-0.030083
-0.029526
-0.017722
0.079776
0.012152
-0.030164
-0.021744
-0.089786
-0.131252
-0.022141
-0.074900
-0.041439
0.060243
0.050932
0.000691
0.032332
0.051949
0.078739
0.055364
-0.011092
0.000458
-0.042104
-0.096027
-0.044591
-0.002221
0.052485
-0.070208
0.018908
0.007867
0.045559
0.113906
-0.015704
0.012998
-0.020277
-0.051418
0.008368
-0.028287
-0.071730
-0.037506
0.022580
0.000966
0.041303
0.013363
0.034677
-0.015848
-0.036717
0.058252
0.031377
-0.039810
0.019820
0.011732
0.029326
0.032835
0.032681
0.050828
0.016266
0.002882
0.038500
-0.040220
0.000600
-0.008052
0.010294
-0.050476
-0.086910
0.056332
0.053668
0.033508
-0.010230
0.024800
0.001381
-0.049841
0.011445
0.043185
0.068833
0.028309
0.047232
0.059745
-0.089174
-0.004894
0.046965
-0.008111
0.055356
0.054707
0.028443
0.035930
-0.020529
-0.032651
0.004964
-0.013812
0.085976
0.004446
-0.038681
0.037512
-0.029113
0.004510
0.023856
0.116369
0.004525
0.006027
0.003885
-0.022449
-0.057181
0.013262
0.012752
0.020422
-0.017946
0.022724
0.019873
0.028273
0.099584
0.023048
0.099710
0.000235
0.032653
0.045158
-0.037592
0.048802
-0.007095
0.092767
0.037111
-0.056580
0.047571
0.079584
0.075079
0.034985
0.034803
0.045414
-0.052005
-0.060642
0.030994
0.030038
-0.048087
-0.055692
0.000400
0.024469
0.019097
-0.025297
0.015459
-0.011062
-0.027476
0.052532
0.014376
-0.046455
0.062171
0.024989
-0.011482
-0.032154
-0.017360
0.005559
0.035105
-0.040306
-0.026771
-0.022585
-0.048568
-0.026384
0.001028
0.054738
-0.029866
-0.045179
0.028527
0.081012
-0.021298
0.018443
0.060631
-0.002310
0.059494
-0.059674
0.068969
-0.007748
-0.022872
-0.006505
-0.041147
-0.049403
-0.071427
-0.081664
-0.030800
0.016014
-0.105967
0.041694
0.043117
-0.003826
0.014461
0.076977
0.025262
0.003971
0.038433
-0.067697
0.026750
-0.014587
-0.037554
-0.055587
-0.144261
0.072042
0.113158
0.005669
0.053164
-0.052907
-0.019613
0.004985
-0.022163
-0.059116
0.000197
-0.043008
-0.042715
-0.015262
-0.052770
-0.059797
-0.012849
0.089298
0.032445
0.077106
0.014745
0.084770
0.149528
0.019658
0.135192
0.117729
0.055270
0.061881
-0.017861
0.026541
-0.065537
-0.114325
0.023235
0.013746
0.049606
0.012729
0.103105
0.033204
0.063456
0.009053
-0.054674
-0.029791
0.026545
0.008435
-0.042287
0.011576
-0.081232
0.006245
0.035895
0.078062
0.064762
-0.076167
-0.033323
-0.039721
-0.042043
-0.004173
-0.064298
0.046228
0.085771
0.015586
0.028603
0.151410
0.090299
0.107599
0.123280
0.032094
0.037100
0.031905
0.042357
0.017227
0.029969
0.068015
0.074970
0.054104
-0.024973
0.057873
0.037626
-0.013032
-0.030564
-0.008723
0.057583
0.054025
-0.000913
-0.038107
0.082918
-0.032244
0.037592
0.102638
0.071983
0.167859
0.126272
0.109137
0.071895
0.027254
0.056137
0.017870
0.023938
-0.009214
0.012726
0.053500
-0.003937
-0.021259
-0.013806
0.097144
-0.073858
0.028518
0.050719
-0.017272
0.040547
0.029334
-0.013655
-0.080068
-0.045316
-0.045928
0.027104
0.038478
-0.028373
-0.003839
-0.009231
-0.008917
0.064072
0.102545
-0.024875
0.037464
-0.040887
-0.041442
-0.041512
-0.042003
0.026304
0.013286
0.037249
0.043975
-0.015028
-0.042873
0.051733
0.071429
0.044420
0.055871
-0.044717
0.026946
0.058685
-0.026985
0.019380
-0.006104
-0.062734
0.015761
-0.054549
0.023162
0.081628
0.009180
0.038857
0.079127
0.024215
0.039145
0.017461
-0.024679
-0.022112
0.017145
-0.026021
0.022170
0.024692
-0.059621
0.041590
-0.035234
0.012341
0.004594
-0.043736
0.000150
0.120542
0.071587
0.069996
-0.010606
0.014472
-0.043742
-0.036420
0.041450
0.017364
-0.066727
-0.071750
0.020571
-0.024525
-0.010119
0.076151
0.109168
0.046274
0.103176
0.139084
0.052414
-0.057208
-0.020413
0.014530
-0.025175
-0.001491
0.101902
0.038210
-0.014600
-0.056839
0.098626
-0.056949
-0.058449
0.079505
-0.010771
-0.062863
0.036770
0.003054
0.078096
-0.061963
-0.051785
0.029345
-0.016132
0.026423
0.001215
-0.001359
-0.023513
0.041694
-0.050310
-0.022262
0.032110
0.078452
0.088846
0.064034
0.084716
-0.041491
0.128961
0.096776
-0.016871
0.029521
0.076926
-0.003200
-0.023909
-0.029919
-0.043130
0.015936
0.053501
-0.080763
-0.046562
0.034095
-0.025598
-0.061079
0.004254
-0.083567
-0.064651
0.018510
-0.083952
-0.021295
0.048027
-0.071251
-0.037903
-0.100944
-0.072333
0.013166
0.001569
0.071251
0.036128
-0.038123
0.082812
0.005770
0.040200
0.012773
-0.041206
0.046723
0.016145
0.010775
-0.007320
-0.004586
-0.005695
0.030725
-0.033400
0.045157
-0.023286
-0.013838
-0.025144
-0.032200
0.033074
0.055882
0.042365
0.115025
0.028419
0.010179
0.021346
-0.140331
-0.024338
0.048027
0.017017
0.005583
-0.070680
0.045058
0.064929
0.003629
-0.057727
-0.007921
0.040149
-0.070163
-0.048134
0.035402
0.034371
-0.009129
-0.049995
0.029319
0.063460
-0.005863
0.036672
0.035208
0.038373
0.039308
0.010915
0.039298
-0.010583
0.025224
-0.015725
0.007450
0.101658
0.075598
0.030936
0.017990
0.162893
0.056737
-0.056381
0.022936
-0.079374
0.064114
-0.001103
-0.096719
0.106367
0.010937
-0.042338
-0.014904
-0.064976
0.046127
0.021280
0.013788
-0.001413
-0.074547
0.001035
-0.019705
0.035592
-0.051623
-0.062417
0.006051
-0.068552
-0.019825
0.072947
0.065452
0.020986
-0.007931
0.043609
0.082380
0.022064
0.008382
-0.056705
0.058261
0.052443
-0.038737
0.042026
-0.001257
0.036155
0.042096
-0.043630
0.060623
0.063202
0.013076
0.063080
0.035072
0.058301
0.075553
0.051102
-0.056865
0.019928
0.044442
-0.017291
0.020321
-0.008684
-0.012741
-0.072405
-0.039984
0.007594
-0.053556
0.094144
-0.008633
-0.021065
0.105499
0.007384
-0.017426
0.064633
0.025923
-0.052944
0.050302
0.038106
-0.023754
-0.043747
-0.018723
-0.002004
-0.105004
-0.065179
0.031147
0.007919
-0.076367
-0.049700
0.066637
0.037592
0.051882
0.016337
-0.018996
0.022140
0.045607
0.020558
-0.031875
-0.055412
-0.103147
-0.042381
-0.028353
-0.062596
0.032766
0.010869
0.065339
0.033171
0.034064
-0.018259
-0.019389
-0.148547
-0.085587
-0.011872
-0.022371
-0.031483
-0.030303
-0.027364
0.031804
-0.037796
-0.001388
0.066881
-0.126666
-0.019165
0.019013
-0.051543
-0.042654
0.047678
0.059334
0.020227
-0.062570
-0.058058
-0.031774
-0.053510
-0.033201
-0.029634
0.011335
0.058716
-0.016483
0.017841
-0.018455
0.029092
0.038234
-0.077864
-0.004776
-0.005984
0.021257
0.029101
0.080721
0.050598
0.029826
-0.053303
0.009671
0.011446
-0.050326
-0.012473
0.005814
0.076308
0.031334
-0.038088
-0.002280
0.088560
-0.000075
0.049205
0.063219
-0.095520
-0.005996
0.018836
-0.028872
-0.031299
-0.090460
-0.056688
0.081956
0.056724
0.002902
-0.013628
0.012229
-0.067089
-0.099610
0.037821
-0.049764
-0.031256
0.003029
0.027543
0.018625
-0.068326
-0.060769
0.047543
-0.005402
-0.008194
0.090388
0.104219
0.016942
0.011888
0.008411
-0.041005
0.045131
0.097861
-0.016314
0.015037
-0.035899
-0.111896
0.010709
0.004935
0.030729
0.055044
0.077923
0.002580
0.053345
0.017265
0.043082
0.010401
-0.042056
-0.029904
0.016328
-0.048312
0.014530
0.111828
-0.029963
-0.042745
0.030032
0.017896
0.008737
-0.064243
0.025891
-0.058046
0.003993
0.027775
-0.020520
0.092569
-0.004637
-0.077396
0.033348
0.027049
0.080105
0.029510
0.006522
0.009782
-0.095854
-0.048018
0.074102
0.015350
-0.098757
0.032462
0.032980
-0.010607
0.010723
0.097308
0.071117
0.044428
-0.065620
0.046141
0.039909
-0.003899
-0.002424
0.051396
0.064726
0.037793
0.026421
-0.029387
0.071907
0.027630
0.026974
0.071757
0.051640
0.074782
0.012797
0.051819
0.011266
0.019784
0.000892
-0.021377
-0.040750
-0.009225
-0.011625
0.032238
-0.029443
0.008496
0.089752
-0.041375
-0.000349
0.045078
0.053371
-0.076385
-0.018208
0.026613
-0.076429
-0.028879
0.017347
-0.012419
-0.059949
-0.046488
-0.002084
-0.024309
-0.027337
-0.028669
-0.039427
-0.010424
0.009928
-0.031851
0.007401
0.049531
-0.006960
-0.001788
-0.077619
-0.036231
-0.018469
-0.075762
-0.034604
-0.075772
0.074790
0.021815
-0.078238
0.013141
-0.070297
-0.019825
-0.030389
-0.003616
0.004569
-0.013200
0.028185
0.045226
-0.026966
-0.011463
0.056260
0.028226
-0.074020
-0.078513
0.018566
-0.011038
-0.065711
-0.119776
-0.058477
0.047874
0.041455
0.072985
0.012597
0.003991
-0.030925
0.031280
0.007563
0.028971
0.003705
0.047796
0.050998
0.047578
0.018529
-0.078571
0.051298
-0.041920
-0.051502
0.094336
-0.039564
-0.004913
0.057417
0.057266
0.005482
0.028061
0.006027
-0.014210
0.077407
0.050607
0.023053
-0.001566
-0.071040
-0.008662
-0.080860
0.033715
0.017347
0.013316
0.094943
0.035660
0.061312
-0.010632
-0.002564
0.001425
-0.026881
0.034421
0.029968
-0.082504
-0.037756
-0.059861
-0.110662
-0.028658
0.035073
0.061901
0.075824
0.099130
0.017364
-0.003607
-0.008372
0.029440
-0.022721
0.046492
-0.033055
0.037399
0.112428
0.046100
0.056709
-0.007972
0.162612
0.021846
-0.020941
0.004205
0.029632
0.130554
0.000175
0.003130
-0.026431
-0.047999
-0.032611
-0.068791
-0.085070
-0.057306
0.014191
0.027654
0.121354
0.087135
0.003041
-0.013738
-0.042433
-0.023092
-0.018276
0.014065
0.027586
0.005866
0.055213
-0.004538
-0.035235
-0.028230
0.025160
0.009322
0.101137
0.054968
-0.024861
0.008141
0.010251
0.004797
-0.032649
-0.020971
-0.010527
-0.054910
0.029997
0.011374
-0.071991
-0.006446
-0.007752
-0.017157
0.009212
-0.020335
0.017091
0.002946
0.041453
0.057796
0.109846
0.041866
-0.059493
0.020947
0.004169
0.043888
0.046055
-0.085629
-0.003343
-0.031552
-0.036940
0.000821
0.003307
0.020048
0.054989
-0.010671
0.060783
0.004164
0.017656
0.033331
-0.051858
0.074385
0.101110
0.051030
0.070210
0.050422
-0.011337
0.074195
0.050455
0.050360
-0.073385
-0.013793
0.007377
0.006185
-0.004243
0.003496
-0.009350
-0.126336
-0.036313
-0.043937
0.022837
0.036732
-0.012758
0.047971
0.101188
0.025883
-0.014865
0.099597
0.021256
-0.042212
0.013881
0.005626
-0.021063
0.063942
0.015109
-0.053787
0.023985
-0.032656
-0.028171
-0.037800
-0.028289
0.024174
0.015909
0.036995
0.043090
-0.045579
-0.011331
0.014420
-0.046711
-0.018706
0.062708
0.131847
0.050862
0.063801
0.039418
0.052954
0.138607
-0.048792
0.012310
0.036935
-0.041805
0.003381
0.000824
0.107139
0.001682
-0.027328
0.033036
0.032657
0.115681
0.077228
-0.069010
0.015808
-0.066446
0.002376
-0.034029
-0.033115
-0.012191
0.026629
0.052076
0.039669
0.027012
0.000165
0.029683
0.016419
-0.020090
-0.007585
-0.095566
-0.067452
-0.025923
-0.121306
-0.018861
-0.029246
-0.032915
-0.012002
-0.023433
0.006056
-0.004578
0.006891
-0.001567
0.107521
0.003767
-0.058879
0.043603
-0.050928
-0.065820
-0.023978
-0.059024
-0.005157
-0.021606
-0.005800
0.026447
-0.040827
-0.089875
-0.037782
-0.053089
-0.049493
0.030109
0.027345
-0.065572
0.020096
-0.021688
0.039303
0.062159
0.038202
0.014656
-0.089503
-0.045573
-0.021956
0.072239
0.051297
-0.022915
0.027889
-0.040322
-0.036511
-0.084161
-0.080817
0.014613
0.021942
0.116259
-0.026110
-0.029385
-0.045417
-0.038844
0.028123
0.042322
0.000588
-0.012889
0.017451
0.081728
-0.062722
-0.132794
-0.053380
-0.040681
0.005518
-0.008003
-0.010070
0.062101
0.049395
-0.016971
-0.010944
-0.045324
0.068045
-0.004870
-0.068001
-0.069809
-0.124796
0.005516
0.000921
0.055199
0.036670
-0.023331
-0.030703
-0.106950
-0.024889
-0.055660
-0.146375
-0.032322
-0.014818
0.038232
-0.037760
0.079788
0.080778
-0.005234
0.032413
0.059965
0.076532
-0.040552
0.020772
0.075576
-0.006334
-0.040631
-0.091555
-0.049585
-0.016295
-0.081490
-0.047018
-0.017027
-0.023710
-0.029486
0.015946
-0.084939
-0.018268
0.002632
0.028560
0.056505
0.018933
0.002597
-0.039048
-0.088625
-0.092105
-0.054948
-0.156147
0.043690
0.020912
0.014109
0.033592
-0.045162
0.077364
0.031733
0.031511
-0.018324
0.023795
0.066025
0.048701
-0.042358
-0.033286
0.039774
-0.023517
-0.030747
0.016021
0.023098
0.012834
-0.044638
-0.010094
0.014312
0.055721
-0.006602
-0.052181
-0.018531
-0.013436
-0.076386
-0.028507
-0.029797
-0.127024
-0.064658
-0.082711
-0.023926
0.024323
0.051765
0.064658
-0.084924
0.002873
0.019488
-0.020954
-0.011455
-0.007720
0.051092
-0.058506
-0.044285
0.035174
-0.012461
0.049891
-0.063913
0.004668
-0.006731
0.019137
-0.015452
0.060492
-0.021762
-0.006037
0.131020
-0.045694
0.039873
0.103650
0.034660
-0.009796
0.077878
0.024113
-0.031971
0.022386
0.023050
0.043624
-0.013260
0.029886
0.046841
-0.028119
-0.036761
0.004035
-0.040302
-0.015359
0.018093
-0.030735
-0.037940
0.007827
-0.041419
0.074610
0.052548
0.010622
0.060232
0.106020
0.029705
0.087787
0.067116
0.030501
0.045056
0.010501
0.083760
0.088975
0.068582
0.135825
0.117347
0.009887
0.032284
0.097792
0.078453
-0.015303
0.028382
0.016531
-0.059454
-0.008589
0.086381
0.019758
-0.096944
-0.004391
0.019389
0.049256
0.084272
0.027391
0.020240
-0.043020
-0.018639
0.016895
0.051487
0.012878
-0.029799
-0.030437
-0.018717
-0.010698
-0.012873
-0.025526
0.111858
-0.005964
0.023461
0.042720
-0.046239
-0.004104
-0.025133
-0.013790
-0.022887
0.053548
0.050195
-0.004700
0.016572
0.074786
0.105623
0.064026
0.034640
0.000125
0.048300
0.016837
-0.019892
0.004559
-0.025038
-0.020121
-0.014806
-0.041278
-0.037717
-0.008282
0.009214
0.016069
0.046610
0.000332
0.080150
0.029293
-0.009633
0.002012
-0.014551
0.051117
-0.008179
0.009238
-0.019719
-0.036337
0.047419
-0.012381
0.029698
0.081750
0.042027
0.000891
0.095723
0.081592
0.143745
0.019803
-0.018558
0.075318
-0.069064
-0.017557
0.007831
0.060603
0.024182
0.032278
0.043925
0.126615
0.107191
0.011906
-0.024498
0.037229
0.034239
0.036199
0.106950
0.009680
0.026609
-0.042113
-0.006862
0.012747
0.065139
0.050860
-0.011353
0.102160
0.024249
0.095574
0.063750
0.062406
0.058932
0.049722
0.096320
-0.042775
-0.032055
-0.066587
0.010337
0.047688
-0.071115
-0.017712
0.091448
0.099263
0.016871
-0.004251
-0.019606
-0.015994
-0.029989
-0.041312
0.014287
-0.062441
-0.020158
0.036573
-0.020819
0.045998
0.030806
0.008947
-0.038826
-0.009946
-0.059216
-0.063586
0.034703
0.021666
0.036383
0.055739
0.045263
-0.080548
-0.068946
-0.022301
-0.005057
0.028218
0.087026
-0.016731
0.040296
-0.098948
0.064974
0.001451
0.008105
-0.002603
-0.041573
0.047193
-0.027950
0.040296
0.023874
0.049666
0.082211
0.079837
0.115283
0.032263
0.091373
0.050212
0.017368
0.072030
-0.065140
0.033099
-0.004832
0.017616
0.046621
0.046457
-0.013282
0.010476
-0.023158
-0.018341
-0.084078
-0.008179
0.081933
-0.001665
-0.026863
0.068189
-0.051105
-0.057095
0.003991
0.020531
0.018311
0.026123
-0.009745
-0.007132
-0.044000
0.052648
-0.104068
-0.083947
0.012719
-0.015505
-0.035602
0.040838
0.088359
0.014808
0.062153
0.047650
-0.076185
-0.026643
-0.027318
0.071126
0.048881
0.005759
0.049718
-0.063493
-0.037590
-0.066374
0.018185
0.011512
-0.083270
0.056089
0.046487
-0.059781
-0.058159
0.016207
-0.054344
-0.044390
-0.106610
-0.042449
-0.083512
-0.125466
-0.054139
-0.021406
-0.020351
-0.036172
0.029480
0.029200
0.002714
0.040521
-0.025145
0.073521
0.066602
0.043818
-0.027596
0.008913
0.055971
-0.020770
0.014494
0.069628
-0.014309
-0.002592
-0.061015
0.008049
0.047663
-0.006677
0.029695
-0.027606
0.005774
0.061850
-0.018804
-0.004145
-0.013372
0.003319
-0.040376
-0.012419
0.021020
-0.021118
-0.047852
0.007796
-0.017743
-0.061478
0.020590
0.056073
0.020350
-0.016097
-0.046305
-0.064785
-0.096640
-0.025708
-0.042960
0.024539
0.057588
-0.007965
-0.066801
-0.027423
-0.009630
-0.034745
0.006391
-0.027340
-0.018607
-0.059421
-0.001407
0.024440
-0.030896
0.012531
0.004671
0.016385
0.028491
0.028327
-0.084915
-0.119131
0.067443
-0.019348
0.056267
-0.070585
-0.021477
-0.018673
-0.046083
0.037900
0.068348
0.056364
0.088976
-0.015981
-0.034821
0.038609
0.073648
0.059530
0.066915
0.082010
0.049131
0.047347
-0.009689
0.024256
0.090940
-0.013851
-0.061718
-0.039084
0.018039
0.067233
-0.003779
0.041916
0.025212
-0.065663
-0.010167
0.042800
-0.049309
0.014644
0.043599
0.009981
-0.060465
0.020536
0.034535
-0.014455
-0.035043
0.033311
0.012804
-0.038553
0.036285
-0.005869
0.007234
0.100742
-0.056705
0.078663
0.020293
-0.019133
0.002396
-0.073427
0.041680
0.000970
-0.056845
-0.013956
-0.030679
-0.023912
0.004159
-0.083657
-0.063009
0.133243
0.086883
0.018584
-0.039876
-0.027482
-0.052188
-0.082604
-0.015855
-0.028177
-0.045641
-0.039614
0.023846
0.057510
0.009239
-0.007968
0.042578
0.076132
-0.028476
-0.028252
-0.005545
0.024721
-0.019854
-0.002198
-0.024535
-0.086317
-0.098124
-0.071161
-0.015927
-0.033683
0.028994
0.051398
0.042253
0.003517
-0.014280
0.023858
0.012339
0.025580
0.007650
0.053439
0.008485
0.105734
0.043015
0.005796
0.076690
0.002625
0.015701
-0.001455
0.028213
-0.093301
-0.001092
0.005001
-0.009596
0.029525
0.013962
0.016124
0.025017
-0.028690
-0.009044
0.035202
0.115580
-0.004597
-0.088210
0.046699
-0.008359
-0.011892
-0.021091
0.016152
-0.053349
0.001750
0.074914
-0.021285
0.018645
0.021424
-0.013321
0.093703
0.023087
0.011489
0.084686
0.042751
0.030152
-0.019404
-0.015463
-0.025597
0.049336
-0.019097
-0.027638
0.045974
-0.014308
0.010268
0.062855
0.017586
-0.034345
-0.006950
-0.040894
0.071174
-0.065142
0.061273
0.083229
-0.087013
0.054969
0.075228
0.018852
0.055185
0.046850
0.054613
0.065016
-0.023665
0.064201
0.068571
0.037124
-0.037823
-0.054510
-0.033366
-0.001071
0.046246
0.046427
0.077941
-0.047144
-0.087675
-0.067782
-0.027696
-0.026938
-0.050188
0.055741
-0.112327
-0.005955
0.076443
0.029494
0.001991
0.049649
0.027253
0.015759
-0.026180
-0.001654
0.009404
-0.003611
0.011939
0.015763
-0.005092
-0.037938
0.027648
0.006458
-0.021484
-0.067826
-0.016997
-0.005097
-0.005170
-0.040459
-0.072854
-0.012651
0.023379
0.086123
0.030983
0.042624
0.069689
-0.029701
-0.091121
0.014491
-0.073318
-0.011318
0.070268
0.015082
-0.025204
-0.015149
0.002008
0.010718
-0.040642
0.001981
-0.054197
-0.082853
-0.008162
-0.031005
-0.041464
-0.032283
0.032422
-0.003442
0.069104
0.062283
0.036533
0.011794
-0.012469
0.112569
-0.043242
-0.022498
0.121873
0.023786
0.014351
0.054257
-0.037551
-0.027021
-0.008304
-0.010288
0.007444
-0.024154
-0.041290
-0.060364
-0.030308
-0.043875
-0.012962
0.009018
0.015063
0.115396
0.053116
0.034781
0.016909
-0.041878
-0.042248
-0.015005
-0.009399
0.033084
-0.002898
0.031411
0.012192
0.041768
0.014351
-0.044116
0.038893
0.032493
-0.049571
-0.003688
-0.034030
-0.049023
-0.048974
0.002250
-0.084313
-0.025010
-0.013781
-0.029721
-0.031707
-0.015289
-0.018373
0.034615
0.020506
0.009395
0.024371
0.118388
0.065699
0.061486
0.003614
0.061274
0.033313
-0.004105
-0.010742
-0.058149
0.031285
0.043023
-0.022692
-0.027396
-0.035470
-0.001752
0.016021
0.047104
0.037142
-0.020188
-0.006287
0.019335
-0.016085
0.000836
0.034675
0.077262
0.022435
0.082849
0.070903
0.038540
-0.083618
0.027047
0.059492
0.067542
0.046562
0.036247
-0.053544
-0.048478
-0.023679
0.020681
-0.021748
0.030981
0.046721
0.005398
-0.051331
-0.008434
0.021740
0.038230
-0.008897
-0.007390
-0.034472
0.005310
-0.011875
-0.074507
-0.038201
-0.012363
0.004861
0.102230
0.037681
0.049869
-0.013797
-0.075694
0.014490
0.033310
0.022137
0.001996
-0.047594
0.055365
0.041602
0.091084
0.029781
0.073401
0.039838
0.010365
0.170194
0.065499
0.076083
0.053691
0.016568
-0.015449
0.076531
-0.009379
-0.015102
0.034421
-0.022593
0.094969
0.077442
0.078122
0.017246
0.090536
0.032422
-0.006791
0.036794
0.036574
0.019764
-0.018655
0.002046
0.031729
-0.015023
0.017184
0.012371
-0.019373
-0.008207
-0.020016
-0.009052
-0.021328
-0.022026
-0.007085
-0.060411
0.048103
-0.011758
-0.013737
-0.039203
-0.086315
-0.049096
0.023189
-0.017637
-0.076406
0.017628
-0.129442
-0.104971
-0.013976
-0.013647
-0.030248
-0.013481
-0.051067
-0.031021
-0.016858
-0.014588
-0.038264
0.003373
0.001677
-0.052922
0.017794
0.027795
-0.028163
0.000502
-0.001309
-0.000835
-0.047407
-0.101199
-0.112763
-0.048703
-0.062309
-0.039374
0.028756
-0.018366
0.062018
0.009057
-0.062644
-0.073628
-0.079976
-0.090820
-0.037388
-0.150066
-0.084772
0.010597
-0.020262
0.035348
-0.017099
-0.017587
0.031909
0.132844
0.021460
-0.000355
0.096041
-0.010736
0.042070
0.025363
0.015615
0.046632
-0.080395
-0.107040
0.019859
0.019112
0.023391
0.001424
0.029038
0.001172
-0.038610
-0.011225
0.032727
0.086232
-0.007422
-0.001073
0.083765
-0.020397
-0.074253
-0.002455
0.002560
-0.028878
0.080561
0.127685
-0.034404
0.014023
0.034009
0.039097
-0.013448
0.060620
0.041016
-0.000559
-0.018292
-0.013876
0.116836
0.022302
-0.048946
0.041168
0.058154
0.009311
0.024003
-0.011057
-0.047835
-0.044268
-0.068813
-0.029521
-0.033999
-0.002756
0.069970
0.009539
0.083974
0.028918
-0.074111
0.126433
0.063099
0.028812
0.012114
0.024868
0.015173
0.083657
-0.057713
-0.001435
0.041632
0.072129
0.122443
0.028094
0.007193
-0.093929
-0.018077
-0.010213
-0.124925
-0.086335
0.007127
-0.018158
-0.002758
-0.066459
-0.049872
0.023349
0.006078
0.035664
0.057623
0.110415
0.037618
-0.010410
-0.017349
-0.023732
0.049042
0.035572
0.025273
0.020829
-0.025746
0.012779
0.037242
-0.024017
0.057837
-0.057311
0.048185
0.070841
0.023136
0.074745
-0.067106
-0.021066
0.099679
-0.000190
0.100472
0.071952
-0.001327
0.008898
0.057323
-0.009314
-0.052163
0.040741
-0.000551
-0.039027
-0.023517
-0.038659
0.007485
-0.012782
0.021946
0.017798
0.033124
-0.000410
-0.067707
0.009639
0.083681
0.031379
0.037367
0.022919
-0.047094
0.007255
-0.049501
-0.130519
-0.030690
0.025789
0.034242
0.111539
0.115992
-0.004868
0.013414
0.009733
-0.021268
-0.033855
-0.037041
0.040287
0.005099
-0.151184
-0.077149
0.004741
0.000148
0.025257
-0.018987
0.005501
-0.027564
-0.057722
-0.067657
0.001494
0.018887
0.002620
0.095801
0.029648
0.013009
-0.013569
0.053898
0.039305
-0.030246
0.029835
-0.024626
0.072750
0.017508
-0.056752
-0.053198
-0.088893
0.018223
0.021525
0.051651
0.130069
0.044362
0.071818
0.053076
0.116091
0.045819
0.000593
0.046497
0.015568
0.060838
0.041730
-0.005620
0.001469
0.109220
0.033015
-0.018633
0.009408
-0.041336
-0.045850
-0.038725
-0.010022
-0.038680
0.014118
0.039723
-0.040993
0.010767
-0.107942
-0.078113
-0.006221
0.006995
0.065732
-0.000196
-0.038179
-0.080922
-0.065847
-0.079019
-0.061533
-0.014265
-0.065594
-0.059816
0.014892
-0.068768
0.038590
-0.000963
-0.031681
-0.008014
-0.063484
-0.017506
0.006090
-0.045632
-0.048367
-0.051404
-0.071528
-0.003516
0.012148
-0.109589
0.065345
0.009894
-0.047904
-0.028728
-0.099926
0.027472
-0.138887
-0.101174
0.019871
-0.108991
-0.059195
0.007055
0.022635
-0.000910
0.030665
0.111894
0.025713
0.061325
0.057995
-0.003177
0.085266
0.094430
0.057911
0.053822
-0.023966
-0.041406
0.027883
-0.068038
-0.030726
0.037884
-0.014864
-0.006611
0.009069
-0.006302
-0.105259
-0.005048
-0.034000
0.008936
-0.118221
-0.004075
0.091359
-0.000300
0.004962
-0.103958
-0.037167
0.087515
-0.040889
-0.062868
0.126039
0.126609
0.048674
0.028047
0.034483
-0.016295
0.045561
-0.033637
0.001576
-0.017183
0.027577
-0.007341
0.008925
-0.015330
-0.047669
-0.001603
0.002596
-0.034858
-0.017869
0.014720
-0.076770
-0.014655
0.030676
0.073575
0.049334
-0.012677
-0.053398
0.029687
0.048438
0.020120
-0.051688
0.013005
0.025617
0.060401
0.049955
0.029202
0.008416
0.108575
0.159477
0.107782
0.008819
-0.005107
0.065246
0.032862
-0.005217
-0.064482
0.001337
0.010958
-0.070845
-0.007536
-0.065755
0.003012
-0.041237
-0.047738
0.019644
0.015385
0.007533
-0.017021
-0.039192
0.009480
0.069396
0.004369
-0.026069
-0.081813
0.001644
-0.085977
-0.108927
-0.055461
-0.062138
0.075964
-0.037523
0.073440
0.039216
-0.004240
-0.057926
0.002801
-0.043294
-0.041436
0.019580
0.006951
-0.060289
0.045886
0.048705
-0.000083
0.059975
0.030525
0.022367
-0.009643
-0.021449
-0.026124
-0.030899
0.029618
0.136065
0.017620
0.065378
0.123656
0.099481
-0.047880
0.108996
-0.023646
0.006658
0.064000
0.026874
-0.019522
-0.008949
-0.070472
0.020327
0.142006
0.094025
-0.005405
0.052985
0.086916
0.028269
-0.008192
-0.046711
-0.014797
-0.026944
-0.053895
-0.031798
-0.058776
0.046763
-0.045018
-0.011153
-0.007074
-0.029768
0.117849
0.084310
0.075526
0.138879
0.111876
0.055058
0.085278
0.117301
0.031502
0.016605
0.022243
0.040244
-0.087472
-0.048781
-0.057341
0.015188
-0.015052
-0.035059
0.024789
0.035398
0.058882
0.053052
0.005172
0.031918
0.013459
-0.034201
-0.005795
-0.021386
0.018303
-0.051121
0.040556
0.064386
-0.018035
0.020847
0.028136
0.056147
0.071856
0.000140
0.003690
-0.032682
-0.013707
-0.032656
0.003524
-0.078424
-0.038151
-0.064971
-0.018605
0.024891
0.007475
0.062990
-0.022075
0.105285
0.069009
-0.045540
0.101116
0.033876
0.078979
0.071755
0.024475
0.087523
0.070793
0.048263
0.013722
-0.023887
-0.071787
0.076395
0.040370
-0.007018
-0.051284
0.004714
-0.007004
-0.031652
-0.055332
-0.030154
-0.041881
-0.077516
-0.065054
-0.019103
-0.023330
-0.057425
0.010257
0.022120
-0.044799
0.024486
0.020981
0.076980
0.042784
0.105443
0.132915
0.027574
-0.003212
0.036684
-0.029501
-0.015329
0.093990
-0.034086
0.025973
-0.005952
-0.084292
-0.018495
-0.029586
-0.009214
0.004614
0.059600
0.110005
-0.009178
-0.002293
0.004971
-0.097163
-0.022002
-0.013381
0.052438
-0.033690
-0.137149
-0.025296
-0.005708
0.070038
-0.082351
-0.025416
-0.076629
-0.002786
0.000974
-0.064607
-0.015017
-0.006868
-0.014066
0.139415
0.078209
0.058333
-0.011656
-0.062784
0.060577
0.036343
0.016927
-0.028823
0.022163
0.028594
0.080022
0.013526
-0.014129
0.047885
0.008637
0.048097
-0.002396
0.006256
0.080306
-0.048808
-0.018324
0.033560
-0.003323
0.021928
0.037205
-0.009795
0.051152
0.049786
0.092661
0.073013
0.060869
0.037122
0.100894
0.037800
-0.127701
-0.041547
-0.011055
0.042456
0.119844
0.017873
0.073673
0.050229
-0.029051
0.014896
-0.033959
-0.006265
0.082329
0.027909
0.008882
0.088782
-0.035187
-0.020912
0.008527
0.040600
0.002214
0.022619
0.079939
0.014831
-0.058159
-0.014753
0.079544
-0.072929
-0.067945
0.012151
-0.009548
0.045818
-0.035073
-0.104358
0.009327
-0.036245
-0.137424
-0.044655
0.004012
0.016237
0.039076
-0.018210
0.072528
-0.036808
-0.055659
0.013305
0.064183
0.036795
0.008713
-0.031445
0.022895
0.003788
0.037057
0.103227
0.036792
-0.033884
-0.015611
0.047289
-0.048460
0.003711
0.124910
-0.021667
-0.002392
0.095857
0.058945
0.006709
0.029424
0.058673
0.022039
-0.071865
-0.016203
0.031621
0.032183
0.029973
-0.020112
0.026092
-0.015206
-0.044439
0.050289
0.011305
0.014173
-0.059875
0.032760
-0.013648
0.006299
0.014122
-0.013795
-0.016431
-0.024704
0.010990
0.065367
-0.026832
0.031197
-0.011073
-0.034563
0.021812
0.012080
-0.006440
0.006971
-0.028760
0.027280
0.000909
0.022166
-0.000799
-0.023159
0.029173
-0.015437
-0.011504
-0.018910
-0.070572
0.039652
0.041866
0.050186
0.069031
0.005776
0.059601
0.022403
-0.105402
-0.037504
0.034700
0.023699
0.032930
0.052448
0.017344
0.069193
-0.046789
0.014735
0.081884
0.007095
0.041875
0.039307
0.098635
0.033478
-0.024915
-0.041022
-0.023528
-0.038047
-0.042732
0.010346
0.088547
0.023911
-0.129341
-0.030181
-0.047864
-0.046559
-0.069017
-0.050186
0.058455
0.020514
0.047598
0.059880
0.077393
0.071622
-0.074777
-0.024066
0.057391
0.036588
0.057010
0.051794
0.068589
0.067782
0.096036
-0.027475
0.006530
-0.018703
-0.076187
-0.063073
-0.031139
-0.008521
0.035228
0.018079
-0.002885
0.080112
0.025521
-0.023966
0.086254
-0.023130
-0.038950
0.075198
-0.070736
-0.014028
0.010477
-0.035886
0.098994
0.068425
-0.033774
0.006282
-0.013044
-0.058001
-0.018452
0.018668
0.012606
-0.084002
0.012589
-0.024436
0.004338
-0.011033
0.001281
-0.017018
-0.060349
0.086133
0.092790
0.057715
0.011803
0.004750
-0.010507
-0.017649
-0.044096
-0.058143
-0.018380
-0.042901
-0.102325
-0.059580
0.006769
0.006703
-0.027493
0.029107
0.011939
-0.003700
0.073145
0.059463
-0.001420
-0.015317
-0.073585
0.012102
-0.019083
-0.074780
0.044483
0.075864
0.035884
0.016842
-0.014840
-0.019906
0.019823
-0.005308
0.001535
-0.023645
-0.022470
0.036458
0.027118
0.073909
0.052291
-0.000343
0.029139
0.054929
-0.031092
0.020504
-0.047314
-0.043116
-0.049515
0.031442
0.052275
0.008378
-0.013131
-0.028133
0.041455
-0.074254
0.062977
0.047035
-0.022097
0.016712
0.033297
-0.029172
-0.038297
-0.040594
-0.090378
-0.062465
-0.008726
-0.007296
0.044199
0.054991
-0.036303
-0.009424
-0.064661
-0.030634
0.072453
0.052382
0.074606
0.013622
0.041216
-0.034650
0.007828
0.085266
-0.000662
0.013297
0.024907
-0.039464
0.002828
-0.026335
-0.071683
-0.040159
-0.002943
0.017445
0.080696
0.034605
-0.049513
-0.040963
0.003072
0.007985
-0.033218
0.018707
-0.033727
0.026984
0.045874
0.061762
-0.015542
-0.074006
-0.024015
-0.033276
-0.005127
0.010952
-0.051851
0.020306
0.081149
0.085475
0.018526
0.115202
0.075305
0.013489
0.008291
0.048174
0.043998
0.067049
0.051783
-0.100985
0.038699
0.025973
-0.070601
-0.046109
-0.003340
-0.094483
-0.043211
-0.025429
-0.067928
0.031428
-0.023820
-0.021561
0.003912
-0.030525
0.005362
-0.019506
-0.032297
0.051350
0.050449
0.025755
0.109809
0.172293
0.091597
0.032869
0.008155
0.041416
-0.013005
0.025689
0.073454
-0.055640
-0.048764
0.033568
-0.008811
-0.034542
0.009932
-0.082150
0.037221
-0.039999
-0.059761
0.011681
0.042391
0.013273
0.053482
-0.061223
-0.050197
-0.033717
0.003650
0.004790
-0.101136
-0.040162
-0.005557
-0.062824
0.004126
-0.053075
-0.057798
-0.060333
-0.083891
0.013684
0.013957
-0.036171
-0.060365
-0.015191
-0.042818
0.153885
0.042063
0.032781
0.002414
-0.024555
0.042216
0.058521
0.049723
-0.059935
-0.018155
-0.079017
-0.055785
-0.029895
-0.070060
-0.025724
-0.034132
-0.104869
-0.004779
0.007631
0.080532
0.113650
0.061877
-0.026333
0.062150
0.060716
0.017166
-0.031897
-0.016554
0.018290
-0.034143
-0.020688
0.032954
0.015606
-0.022567
0.088078
0.035964
0.107921
0.061103
-0.074150
0.041234
0.049935
-0.073648
0.035011
-0.013239
-0.052882
0.056182
0.030745
-0.003377
-0.018212
-0.017185
-0.077217
-0.021154
-0.050285
0.000180
0.074854
0.041492
0.071340
0.042359
0.012326
-0.053509
-0.102214
-0.071665
0.028926
-0.067885
-0.010576
0.025289
0.016845
0.044356
-0.026242
-0.015786
-0.031975
-0.088690
-0.021057
-0.019619
-0.029926
-0.027416
0.032641
0.000950
-0.021804
0.023640
-0.051473
-0.068117
0.031878
-0.038101
0.010866
0.039604
-0.007459
-0.072599
-0.005200
0.087260
0.003497
0.002047
-0.061780
0.004989
-0.061475
-0.056451
-0.038113
0.016231
-0.027020
-0.111109
-0.135659
-0.044811
-0.104075
-0.036924
-0.027507
-0.033569
0.050452
-0.046384
-0.028259
-0.018959
-0.031333
-0.008089
0.024055
-0.042170
-0.090095
0.015028
-0.024982
-0.003941
-0.052878
0.025007
-0.000409
-0.139852
0.035332
0.024167
0.068432
0.035392
-0.095329
-0.008684
-0.095158
-0.024320
0.010470
-0.057638
0.115982
-0.141881
-0.025985
0.062658
-0.047077
0.063502
-0.133294
-0.060780
-0.019161
-0.062259
-0.045077
0.052574
0.034496
-0.045297
0.065216
-0.003890
0.020359
0.003498
-0.006010
0.000398
-0.028194
-0.089837
0.001038
-0.024953
-0.009294
-0.073308
-0.040096
-0.113596
-0.089126
-0.004848
0.013701
-0.031619
-0.092775
-0.056705
-0.021295
-0.107246
-0.037970
-0.059140
-0.050163
-0.017203
-0.004824
0.124427
0.097513
0.035905
0.028384
-0.085885
0.022540
-0.024280
-0.055010
0.023506
-0.002693
-0.010978
0.025692
0.017097
0.020366
-0.006041
0.092030
0.066851
0.068316
0.067097
0.012786
0.010925
0.044566
-0.016189
-0.004402
0.049934
0.020557
0.006439
0.091962
-0.053098
-0.058167
-0.053854
0.015486
-0.022972
-0.045817
0.079255
0.040681
0.011748
0.035604
0.037069
0.007269
-0.011336
-0.048176
0.005656
-0.042112
-0.041930
-0.019677
0.034639
-0.013371
0.039732
0.072394
-0.019621
-0.050566
-0.013874
-0.053620
-0.043929
-0.050357
-0.031500
-0.057987
0.019414
-0.024808
0.050471
-0.029199
0.027881
0.094968
-0.034933
-0.048742
-0.026155
0.004070
0.027792
0.024243
-0.018486
-0.028718
-0.032504
-0.045945
-0.117248
0.033803
0.057268
0.049146
0.016906
-0.061391
0.027766
-0.051596
0.002088
0.003356
0.014725
0.102068
0.055064
0.116236
0.030687
0.088471
0.073046
0.012541
0.027786
0.019388
0.085847
0.041784
0.069261
0.007037
-0.016256
-0.108864
-0.016673
0.028264
-0.041084
0.057007
0.032228
0.087263
0.102095
0.111383
0.050690
-0.098485
0.020625
0.029716
-0.020820
-0.000113
-0.083641
-0.019218
-0.067318
-0.137256
-0.065037
0.017322
0.007221
-0.043810
-0.052104
0.012354
-0.026934
-0.028219
-0.013829
0.042146
0.003430
0.006804
-0.042639
0.026986
0.014405
-0.038826
0.013892
0.012833
-0.069298
-0.008133
-0.001606
0.017279
0.057707
0.034026
-0.041241
0.022695
0.021039
0.097819
-0.021407
0.009150
-0.044283
0.081436
0.046219
-0.133230
-0.101104
0.012159
0.016518
0.053846
0.020194
0.032144
-0.001210
-0.036019
0.020600
0.079731
0.081928
0.057316
0.036895
0.104166
-0.018374
0.015777
0.034920
-0.023115
-0.009303
-0.006155
-0.032787
0.018908
-0.008221
-0.128684
-0.018410
-0.015105
0.059137
0.003040
-0.007654
-0.000071
0.009785
-0.039141
0.006387
-0.078095
-0.045443
0.055332
-0.020564
-0.085729
-0.090533
0.030866
-0.071718
-0.064256
0.052133
-0.008012
-0.048101
0.002453
0.078032
-0.098807
0.011342
0.063513
0.029937
0.005168
0.017299
-0.076272
0.001111
-0.020798
0.000735
-0.038970
-0.039598
0.095640
0.005372
-0.018278
-0.004414
-0.027024
0.031098
0.030216
0.078619
0.022704
0.028850
-0.027919
0.075101
0.145446
0.030450
0.001885
0.016515
0.079803
0.015728
0.040956
0.025988
0.056874
-0.015297
0.040148
0.084332
0.026778
-0.021339
0.007720
-0.029838
-0.038065
-0.040934
0.030006
0.048627
-0.040338
-0.013921
0.014698
-0.000766
-0.002957
-0.025439
-0.023861
0.003899
-0.024790
0.015184
0.097870
-0.000169
0.036288
0.120839
0.051877
0.050538
0.050156
0.032796
0.091890
0.097349
-0.070412
0.030983
0.019686
0.038518
0.070437
0.031780
0.007403
0.050256
0.011516
0.043906
0.136451
-0.018099
0.055766
0.022842
-0.059362
0.004903
0.006979
-0.047693
0.077200
-0.111801
-0.028869
-0.022098
-0.073973
-0.047022
0.004339
-0.042841
0.000999
0.011077
-0.040578
0.127740
0.011610
0.047658
0.037685
-0.016425
-0.069994
-0.050363
-0.050465
-0.095351
0.037276
0.068885
-0.034392
0.096272
0.064399
0.044657
0.120662
0.010127
-0.012288
0.031004
0.024647
-0.040753
0.076301
0.098355
-0.068376
-0.008393
0.096776
-0.022990
0.050572
-0.011948
-0.032888
0.009466
-0.009086
-0.001095
-0.032715
0.083664
0.046234
-0.022521
-0.004695
-0.071271
0.068181
0.017070
0.017614
-0.038029
0.000065
0.042355
-0.000800
0.021128
0.026752
-0.008865
-0.012591
0.126022
0.035117
0.075362
0.023280
-0.032302
0.062297
0.023574
0.087249
-0.004577
0.012286
0.024211
0.075840
0.014535
0.026166
0.011691
0.074989
0.016549
0.025066
0.000400
-0.026798
-0.013016
-0.050264
-0.008688
0.047660
0.017726
-0.032855
0.063228
0.065663
0.010120
-0.002627
0.059749
0.071516
-0.020819
-0.066201
0.099250
0.046991
-0.046162
-0.071589
0.002453
-0.041197
-0.028304
0.035568
0.081002
-0.016712
0.065593
0.052475
-0.009181
0.053017
-0.001355
0.026112
0.075549
0.013918
0.046174
0.074896
0.139177
0.017381
-0.003920
-0.022584
-0.023362
0.033731
-0.006014
-0.079891
0.080085
-0.027941
0.016113
0.075703
0.028204
-0.003092
0.008259
-0.013203
0.056321
0.046349
0.026445
0.039646
-0.037677
0.077767
0.077544
-0.034353
0.033959
-0.018821
-0.048970
-0.014355
0.037968
0.016329
0.023492
0.056437
0.014790
-0.100131
0.004734
0.020380
0.021087
0.013202
0.047591
-0.011038
-0.014601
0.030227
0.006876
-0.050582
0.077104
0.014467
-0.005378
0.031603
-0.079026
0.063779
0.026392
-0.066028
-0.018945
0.027790
-0.029528
-0.018732
0.023905
0.049538
0.096798
-0.023325
0.031703
0.110326
-0.024860
-0.087949
-0.110438
-0.056251
-0.037527
-0.018156
-0.070065
-0.022067
-0.078989
-0.027807
0.056102
-0.037612
0.028560
0.065223
0.060007
0.011259
0.118637
0.002508
-0.000813
0.035690
0.025595
0.050494
0.095490
0.062956
0.035937
-0.003869
0.019465
-0.006085
-0.023395
-0.006417
-0.035831
-0.064357
-0.048171
0.006152
0.035208
0.023274
0.033803
-0.011931
0.018589
0.008112
0.198562
0.057584
0.015284
-0.025244
0.008552
-0.092784
-0.012319
0.006491
0.032459
0.037862
-0.006658
-0.027422
0.028829
-0.006544
-0.009892
-0.008682
-0.030910
-0.001350
-0.004410
0.031449
0.052943
0.113522
0.019028
-0.060267
0.046770
0.043033
0.015484
-0.005299
-0.045763
-0.037853
-0.011632
0.024567
-0.068852
-0.039171
-0.037075
-0.100036
-0.065965
-0.073813
-0.120393
-0.014560
0.011008
0.001788
-0.003990
-0.051101
-0.073522
-0.073030
-0.071093
-0.077951
-0.001134
-0.021442
0.137299
0.082890
-0.007140
0.039586
0.053595
-0.002127
0.037732
-0.007754
0.014026
0.053628
0.076435
0.043693
-0.039966
-0.020645
0.022315
-0.006491
-0.011133
-0.016033
0.093000
-0.046582
-0.012205
0.001639
0.003218
0.016549
0.085918
0.048308
0.055016
-0.001053
-0.060950
-0.087233
0.090296
-0.031557
0.093586
0.176282
0.011024
0.072998
-0.000695
-0.009104
-0.032995
0.003401
0.000064
-0.026230
0.014568
-0.090878
-0.064807
0.064344
0.000808
0.081528
0.069100
-0.040624
-0.007268
0.016177
0.012988
-0.052674
-0.043576
0.027243
0.036679
0.012377
0.044411
0.016018
-0.114347
-0.062587
-0.048568
0.011981
-0.003372
0.057132
0.108552
0.020502
0.063956
0.034285
0.015639
-0.020183
0.012785
-0.035636
-0.005342
0.015054
-0.035607
0.038352
-0.009903
-0.015928
-0.003622
-0.054643
-0.048949
-0.028257
0.092887
0.013017
-0.031632
-0.041414
-0.034752
0.038772
0.048397
0.026681
0.038504
0.106815
0.119418
-0.005052
0.087604
-0.106075
-0.041129
0.051190
-0.000596
0.029989
0.109130
0.133950
-0.023754
-0.141632
-0.045013
-0.019130
-0.068726
0.051506
0.035107
-0.145306
-0.129301
0.001928
0.096866
0.018730
-0.035788
-0.015630
-0.041051
-0.034342
-0.102876
-0.048464
-0.013601
0.004262
0.033110
0.055809
0.024756
0.073286
0.012845
0.045410
-0.010747
-0.018247
-0.040687
-0.049090
-0.032329
-0.067640
-0.031439
0.124956
0.000230
-0.040066
0.002541
-0.003701
0.004177
0.010312
0.029730
-0.073697
0.027931
0.073087
-0.070702
0.082976
0.145081
0.094175
0.032842
0.013648
0.059632
-0.016203
-0.102280
-0.042359
-0.006192
-0.091936
0.015502
0.028030
-0.011854
0.002973
-0.050501
0.137347
0.006605
-0.028789
0.004614
-0.048372
-0.019967
0.062890
0.001664
0.000546
-0.045817
-0.058539
-0.012163
-0.007054
0.007790
-0.044302
0.000964
-0.044647
-0.017579
-0.022893
-0.078598
-0.108331
0.000047
-0.010879
-0.071803
-0.052210
0.020419
0.024049
-0.030999
-0.006783
0.111512
-0.012954
0.017335
0.012402
-0.103425
-0.066656
0.004131
-0.033110
-0.025433
-0.102810
-0.084857
0.076321
-0.029353
-0.002169
0.031769
-0.004442
-0.005347
-0.076125
-0.054819
-0.070835
-0.018007
-0.019605
0.015050
-0.037804
-0.027762
-0.063427
-0.087444
-0.036034
0.010594
-0.064231
-0.012673
0.011416
-0.003030
0.055131
0.015588
0.094166
0.051877
0.037237
0.114032
0.026669
-0.064602
0.065381
-0.008524
0.095108
0.008266
-0.057713
0.054436
-0.060319
0.009771
0.097874
0.068870
-0.022402
0.006252
0.029839
0.006294
-0.065728
0.026135
0.058577
-0.053768
0.048070
0.033793
-0.013082
0.183822
-0.017937
0.021230
-0.033291
0.032203
0.052011
0.010309
-0.016184
0.037222
0.031690
-0.049025
0.009674
-0.012464
-0.017946
0.009122
0.026252
-0.074346
0.024547
0.102497
0.025717
0.099219
0.062409
0.134454
0.032086
-0.072547
-0.002753
-0.020806
-0.011495
0.041350
-0.023998
-0.020746
-0.097039
-0.038729
0.055047
-0.058478
0.001487
-0.001987
-0.003253
-0.038882
0.042666
0.045368
-0.050586
0.038834
0.119471
0.038455
0.046449
0.018967
0.064380
0.011317
-0.035288
-0.075335
-0.018193
-0.007299
0.004500
0.043954
-0.064994
0.018423
0.070169
0.041195
-0.026629
0.039856
0.100419
0.038637
0.041142
-0.041997
-0.069708
-0.000727
0.041740
0.055153
0.023914
-0.037207
0.029284
0.026770
-0.029016
0.041520
0.022081
-0.049064
0.004360
-0.081838
-0.133155
-0.074430
-0.065670
-0.008559
-0.088147
0.039715
-0.067665
-0.050575
0.103262
-0.105260
-0.052808
0.006449
-0.067679
0.109982
0.021859
-0.077794
-0.035325
-0.028971
-0.053638
0.046549
0.064021
0.060951
0.003450
-0.016725
0.103487
0.006722
-0.014968
0.018777
0.086357
-0.011931
-0.031973
-0.054548
0.036174
-0.065125
-0.006596
0.042090
0.003876
-0.000841
0.072338
0.006909
-0.011308
0.053856
0.003183
0.035647
0.054545
0.045468
0.148428
0.080766
-0.003227
0.060618
-0.025688
-0.018653
-0.008062
0.041046
-0.002052
0.025533
0.036218
0.000823
-0.040773
-0.008979
0.013483
0.014233
0.075169
0.036617
0.015062
0.117644
0.031181
0.036503
-0.031179
-0.060866
0.015168
0.020983
-0.005599
0.088663
0.033098
-0.045422
0.068178
0.012156
0.023793
0.027225
-0.029872
0.001479
0.002284
0.007704
-0.018310
0.025617
0.015088
0.052589
0.082056
0.016469
0.088418
-0.010444
0.005296
0.014514
0.004173
0.081595
-0.012651
0.085270
0.006620
0.079624
-0.010811
-0.055569
-0.002491
0.056361
0.050953
0.077334
0.106888
0.035463
0.124149
0.016465
-0.025992
0.008912
0.010072
-0.037983
-0.028518
-0.038113
-0.039898
-0.045673
-0.059199
-0.012168
-0.136710
0.012876
-0.066914
-0.162028
0.012500
0.015865
-0.022506
0.007749
0.014773
-0.068207
0.020480
0.030656
0.007361
-0.022417
-0.049269
0.041256
-0.019911
-0.038990
0.009449
0.071005
0.030027
0.081792
0.042824
0.035577
0.050096
-0.066073
-0.012666
-0.054144
-0.051700
0.116340
0.052563
-0.019922
0.020936
-0.011475
0.113531
0.051503
-0.008684
0.092588
0.018309
0.009927
0.067067
-0.029608
0.048797
0.175347
0.043473
0.028034
-0.075930
0.052915
0.099344
0.050097
0.022340
0.063370
0.079143
0.056961
0.065631
0.080192
0.091935
-0.020287
-0.037140
0.007578
-0.022872
-0.013109
0.075488
0.093686
0.114073
0.062070
0.059402
-0.018598
0.059914
0.016646
-0.050243
0.058794
0.049410
-0.029280
0.072107
-0.015246
-0.075357
-0.009121
-0.023815
-0.045211
-0.025434
0.048220
-0.025302
-0.156331
0.017712
-0.013595
-0.053873
0.124975
0.172639
0.057651
0.022197
0.038570
-0.028919
-0.002099
0.003168
-0.020517
-0.069501
-0.002234
-0.086691
-0.096813
-0.010675
-0.052096
-0.109190
0.018276
-0.100193
-0.051077
-0.039909
-0.075770
-0.068839
-0.023277
0.016466
-0.038172
0.051881
0.002691
0.009209
0.060098
-0.096290
-0.067537
-0.032486
-0.070358
-0.083778
-0.033845
0.029432
0.084833
0.066569
-0.018130
0.020485
-0.000198
0.058562
0.002403
-0.075898
-0.005619
-0.006439
0.027793
0.022464
-0.006059
-0.029760
0.079655
-0.047743
0.021382
0.149380
0.014739
0.100797
0.111130
0.001535
-0.056431
0.078151
0.030165
0.023190
0.049438
-0.012727
-0.035145
-0.032015
-0.016938
-0.022773
-0.018636
0.003008
0.002874
0.019053
0.052789
-0.022964
0.012468
-0.018395
-0.028912
0.038568
0.028933
0.126357
0.016964
-0.064337
0.142880
0.045690
-0.034610
0.100042
0.019250
0.043141
0.033946
-0.045123
-0.004680
0.055442
0.016997
0.019476
-0.071225
0.063436
0.046494
-0.041067
-0.017061
-0.034170
0.009398
-0.012047
0.043984
0.040207
0.073396
0.092159
0.014861
-0.033770
-0.067083
0.041840
0.024731
-0.009695
-0.010994
0.003969
0.005019
0.058522
-0.042692
0.041877
0.037768
-0.028099
0.050477
0.050089
0.097767
0.066305
0.062428
-0.012400
0.057338
0.045061
0.069881
0.050222
-0.040384
-0.012720
-0.006321
-0.018394
-0.035495
-0.006819
0.006127
-0.035579
0.000057
-0.038305
0.060484
0.028532
-0.070292
0.024517
-0.021491
0.036299
0.042369
-0.010714
0.033535
0.089728
-0.015071
0.064150
0.087796
0.108274
0.015924
-0.020486
0.013272
0.072990
0.004687
0.048599
0.064580
0.015915
0.041333
-0.002261
-0.036778
0.040522
0.019105
-0.037548
0.054056
-0.029528
0.058210
0.099042
-0.070604
0.070090
0.014604
-0.069451
0.026479
0.003544
0.063096
0.057305
-0.048349
0.005075
-0.002740
0.008752
0.008861
-0.046035
-0.044906
-0.022618
-0.007056
0.051481
-0.045074
0.050289
0.027010
-0.017596
0.012370
0.096438
-0.013792
0.049851
0.040042
0.053078
0.013340
0.057640
0.100435
-0.016526
0.036305
0.040613
0.077639
0.056060
0.073098
0.055153
-0.022743
0.016943
0.048810
0.049515
-0.043783
0.034014
0.012834
-0.009130
0.003409
0.054989
0.030466
-0.006730
0.068374
-0.048483
-0.042677
0.005567
-0.076354
-0.044861
-0.070343
-0.056556
-0.013770
-0.015911
0.026057
0.052302
0.083253
0.017246
-0.008891
-0.078948
-0.108885
0.081432
0.107519
0.014111
0.024299
-0.043959
-0.018645
0.008152
0.039541
-0.002847
0.054149
-0.022995
0.027065
0.070235
0.009927
0.045165
-0.062725
0.045903
0.061764
-0.079352
0.078556
0.060650
-0.008365
0.080091
-0.071331
-0.047425
0.045155
-0.021754
0.098571
0.136699
0.004180
0.013244
-0.000458
0.011961
0.020976
0.076821
0.008456
-0.007144
0.045118
-0.020984
-0.021261
-0.019649
0.004969
0.025071
-0.024773
0.004281
0.050938
0.069467
0.118600
0.044816
0.025334
-0.039903
0.003078
0.049852
0.002612
0.041223
0.058239
0.099942
0.066868
0.123305
0.100721
0.018711
0.029035
0.057057
-0.016965
-0.022669
0.049150
-0.040182
-0.046995
0.016822
-0.042537
-0.022798
-0.031319
-0.001691
-0.026934
0.012925
-0.041812
-0.092478
-0.082521
-0.032189
0.072475
0.006069
0.071072
0.022757
0.009447
0.043754
-0.011598
0.018716
-0.030592
-0.118503
-0.036998
0.002481
-0.016175
-0.008794
-0.009186
-0.036333
0.025726
0.118060
0.026852
0.021296
-0.021130
0.013544
0.022995
-0.040488
-0.031997
0.091997
0.047359
0.014717
0.009270
0.019883
-0.075980
0.009450
0.001819
-0.029166
-0.092268
-0.024517
-0.014330
-0.081725
-0.026999
0.032967
0.042240
-0.065315
0.056064
0.075153
0.048950
-0.035173
-0.038440
-0.078988
-0.044010
-0.005043
-0.092183
0.022438
0.082995
0.024817
-0.033999
-0.111810
-0.029307
-0.054001
-0.049494
-0.038037
-0.070818
0.023886
0.095716
0.002120
-0.044476
0.024943
0.013866
-0.055143
-0.016942
-0.020720
-0.013401
0.128751
0.039190
-0.026622
-0.051597
-0.033883
0.035175
-0.036916
0.090223
-0.042829
-0.084785
-0.038315
-0.018894
-0.000008
-0.012232
0.017444
-0.070770
0.007170
-0.015667
-0.016773
-0.043323
-0.025048
-0.006562
0.016877
-0.019447
-0.075133
0.049924
0.012040
0.005347
0.057221
-0.028698
0.018154
-0.051304
0.037971
0.007750
0.009404
0.020178
-0.011196
-0.095287
-0.051362
-0.100148
-0.006647
-0.010319
-0.059438
0.030417
-0.010811
-0.020508
0.017638
-0.001341
0.021026
-0.066846
0.036880
0.046129
0.013047
-0.015922
0.045595
-0.035506
0.000041
0.040992
-0.034561
0.044622
0.003027
0.019019
-0.084331
-0.022022
0.090649
-0.028995
0.037491
-0.042428
-0.090955
0.040156
0.039752
-0.047378
0.055860
-0.031037
-0.067283
-0.015349
-0.007608
0.081807
-0.011812
-0.005396
0.010911
0.019594
0.112785
-0.005464
0.042228
0.143553
-0.061163
-0.008794
0.005115
0.012029
0.061432
0.023958
0.074168
0.058244
0.040307
0.047793
-0.009897
0.030075
-0.035806
-0.062827
0.015051
-0.003695
0.002096
-0.032602
0.043498
-0.023365
-0.063769
-0.108766
-0.076981
-0.054040
0.000939
-0.101643
0.020013
0.050508
-0.030336
-0.077242
0.013357
-0.020176
-0.070546
-0.011818
-0.029782
0.003702
-0.008188
-0.071860
0.007354
0.036025
-0.060803
-0.017226
0.097906
-0.003257
-0.053178
-0.034384
-0.052031
-0.020368
-0.052096
-0.006624
0.091806
0.028860
-0.052546
0.051968
0.065565
-0.003625
0.010645
-0.029080
-0.000229
0.040130
-0.041329
-0.027292
-0.044342
-0.004118
0.078885
-0.075930
-0.033227
0.049057
0.056924
-0.051961
-0.110540
0.029803
-0.066337
-0.011540
-0.073469
-0.005668
-0.046683
-0.012546
0.059768
0.037061
0.110374
0.107144
0.054456
0.065771
0.028464
0.009216
0.011904
0.052588
-0.001941
0.024441
-0.003695
-0.034938
0.033598
0.007895
0.000659
-0.070711
-0.117822
0.030092
0.013798
0.031298
0.065024
-0.027765
0.031924
-0.022567
-0.015788
-0.012436
0.051530
-0.010874
0.002988
-0.086458
0.014388
0.033453
-0.030637
-0.014278
-0.016533
0.015448
0.006622
0.052999
0.004726
0.085598
0.085065
0.033973
0.027804
0.003198
-0.041269
0.020016
0.054576
-0.068066
-0.025101
-0.036004
-0.017691
0.002438
-0.096062
-0.035124
-0.035564
-0.024177
-0.001519
-0.068831
-0.061274
-0.067959
0.009183
-0.083481
0.107633
0.086310
0.035770
0.061211
-0.080500
-0.037029
-0.025584
-0.065211
-0.061804
-0.001521
-0.023201
0.022696
0.001354
0.011653
0.002544
-0.036817
0.039599
0.154242
0.043021
-0.017611
0.051834
0.035480
0.047281
-0.015723
0.005107
0.057665
-0.053393
-0.029251
0.052588
0.025691
0.114473
-0.001233
0.022305
0.110178
0.004050
0.091716
0.087754
0.034838
0.025589
-0.024614
0.012597
0.040645
0.040765
-0.027280
-0.002658
-0.020235
0.031116
0.132949
0.078281
0.064384
0.151524
0.058836
0.020620
0.066692
-0.030169
0.046064
-0.016807
-0.035285
0.017180
0.078557
-0.048346
-0.010042
0.012820
-0.030110
0.065656
-0.039507
-0.126999
0.105924
0.060310
0.034581
-0.006139
-0.044230
-0.011317
-0.042867
0.034544
0.044664
0.009204
-0.014629
0.004932
0.072372
0.044233
0.056207
0.004886
0.047099
0.108027
0.054846
-0.025759
0.142304
0.060469
0.027006
0.125896
0.026977
0.011810
0.083962
-0.029395
-0.008422
0.019872
0.029176
0.027508
0.036832
-0.002169
-0.001388
0.013077
0.004499
0.016820
0.024770
0.063758
-0.018137
0.020375
0.063737
-0.059893
-0.040978
-0.043932
0.048604
0.050522
0.043091
0.084267
0.009129
0.030717
0.072927
0.098687
-0.116160
-0.055856
0.054579
-0.027536
-0.088984
-0.125824
0.004230
-0.044774
-0.002716
0.020158
-0.033070
-0.011371
-0.003972
-0.027847
0.004391
0.014553
-0.069442
0.007028
0.008896
-0.048242
-0.026365
-0.003731
-0.003539
-0.050079
-0.008813
0.001910
0.037423
-0.006358
-0.015226
-0.002550
0.021648
0.013652
0.044874
0.001882
-0.022662
-0.037328
-0.066432
-0.102906
-0.012253
-0.082503
-0.044797
0.033224
0.103958
0.095340
0.067433
0.044543
-0.028401
-0.040844
-0.027143
0.015116
0.028042
-0.078495
0.074325
0.002858
-0.018778
0.107428
0.016061
0.015568
0.042148
-0.048617
-0.168427
-0.092346
-0.039048
-0.113140
-0.038794
-0.114835
0.066180
-0.030320
-0.031115
0.005224
0.061891
0.117480
0.000884
0.006835
0.088238
0.145648
-0.045000
-0.036314
-0.009470
0.029654
-0.024585
0.028661
-0.007388
0.054347
-0.031454
0.019252
0.097290
0.082505
0.012524
0.043015
0.077129
-0.025611
-0.012307
-0.049872
-0.023318
0.127416
-0.045512
-0.061155
0.018141
-0.126100
-0.016894
0.025064
0.015919
-0.086057
-0.013210
-0.004597
0.009622
0.034158
-0.002437
0.058191
0.094276
0.016223
-0.021028
-0.002131
0.033154
0.072459
0.006730
0.034977
0.005936
-0.029581
0.084043
0.125550
0.039894
0.049568
0.111583
-0.024449
0.013893
0.082181
0.014415
0.078647
-0.005399
0.001494
0.050378
0.006751
-0.037369
0.029207
0.014524
0.012236
0.037258
-0.040243
-0.004616
0.057011
0.043338
0.115932
-0.018305
-0.114892
-0.006834
0.048896
0.014351
-0.039643
0.041998
-0.037128
0.031098
0.026019
0.008664
0.008826
-0.090031
0.030821
0.094605
-0.036664
-0.059468
0.012613
-0.013316
-0.022697
-0.017543
0.005062
0.064587
0.019875
0.040349
-0.016130
-0.001526
0.007280
0.044822
0.022547
0.051481
0.029398
-0.010738
-0.032066
-0.036959
0.039810
-0.032249
0.007578
0.081700
-0.003816
-0.057759
-0.035754
-0.024284
-0.010698
-0.058640
-0.020922
-0.013992
-0.028773
0.051541
-0.026437
-0.039692
0.016666
-0.021852
-0.015490
0.108671
0.035516
0.032377
0.051878
0.064748
0.089727
-0.013297
-0.019007
0.073753
0.000767
0.045729
-0.006001
0.007191
-0.007737
0.001906
0.001888
-0.116598
-0.019006
0.039637
-0.060234
-0.005220
-0.006431
-0.007254
-0.020706
0.134930
0.030895
-0.023898
-0.041820
0.037872
0.071246
0.044337
0.069870
0.123859
0.045850
0.000377
0.005226
-0.019192
-0.050553
-0.069592
-0.014359
-0.049739
-0.020985
0.085329
-0.037191
0.069026
0.047155
-0.034514
0.012153
0.052656
-0.064557
-0.070486
0.037728
0.078960
0.091578
0.120419
0.065949
0.073585
0.072334
0.029710
-0.050502
-0.000593
0.004813
-0.005852
-0.027711
-0.016048
0.015024
-0.003658
-0.006357
0.033957
0.039810
0.042264
-0.062957
-0.078855
0.026031
0.012915
-0.039211
-0.016888
0.036296
0.045066
0.045221
0.132010
0.090565
0.059974
0.049523
0.094325
-0.013207
0.057415
0.062344
0.064344
0.098637
-0.010782
-0.012195
-0.021138
-0.027859
0.036349
0.029561
-0.022739
-0.082984
-0.019039
-0.014759
-0.037003
0.041943
0.003868
0.033174
0.116784
-0.010528
0.032888
-0.010000
-0.078777
0.066251
0.020656
-0.074837
0.013823
0.057637
0.031117
0.024050
0.135497
-0.026140
-0.006446
-0.001254
0.043239
0.095276
0.108512
-0.010830
0.069134
0.085158
0.007358
-0.095233
-0.013207
-0.086057
0.065299
0.073507
0.029241
0.058816
0.062235
0.076539
0.066208
0.092655
0.054517
-0.009191
0.031390
-0.004143
-0.072207
0.005938
0.044561
0.095133
0.068679
-0.039983
-0.059489
0.115903
0.062289
-0.066236
-0.030684
-0.041081
-0.062858
0.020965
0.039521
0.082546
-0.007773
-0.010783
0.068188
-0.016532
-0.011278
-0.030960
-0.018260
0.053614
0.011632
0.068985
0.068198
-0.087088
0.025283
0.026604
0.009461
0.074760
-0.041868
0.005203
-0.017056
-0.098683
-0.012267
-0.023608
0.038292
0.024141
0.015580
-0.004341
-0.015896
-0.055958
-0.031317
-0.038950
-0.053638
-0.050828
-0.015803
0.057522
-0.032149
-0.043430
0.038532
-0.078427
-0.078770
-0.071043
-0.019329
0.065352
-0.031651
0.019166
-0.052358
0.006525
0.019441
-0.091121
-0.007141
0.010805
-0.041237
0.048729
0.007383
0.036006
-0.019662
0.021172
0.028757
-0.056065
-0.048709
-0.030771
0.037204
-0.019871
-0.063598
0.030216
-0.045906
-0.006830
0.002273
-0.090029
-0.041192
-0.032946
0.010185
-0.002873
0.012607
-0.004046
-0.030973
-0.073893
-0.104038
0.053675
-0.050499
0.022590
0.077309
-0.082232
0.003300
0.008542
-0.076471
0.057189
-0.037245
0.027033
0.043236
-0.048007
0.013128
-0.053086
-0.038424
-0.042383
-0.060777
-0.067615
0.011187
0.044376
0.037046
0.067588
0.044823
-0.072396
-0.004097
0.009772
0.040552
0.098467
-0.059996
-0.096728
-0.016544
-0.009294
0.014333
0.081194
-0.034378
0.044328
-0.002237
0.002994
0.027877
-0.041530
-0.006419
-0.028130
-0.010982
-0.036574
0.003295
-0.001558
-0.014487
0.015869
0.054324
0.012324
0.080874
0.084922
0.089309
0.079852
-0.004789
0.068979
0.020836
0.042244
0.026401
-0.034812
0.002229
-0.005458
0.009315
-0.083406
-0.035623
-0.004493
-0.032037
0.009114
-0.074924
-0.020746
0.068661
0.009286
0.053225
0.038922
0.039945
0.025410
0.011322
0.006679
0.052465
0.030553
0.065959
-0.041796
0.022006
0.074449
0.061246
0.090736
0.092090
0.017331
-0.003739
-0.060187
-0.033835
0.046288
-0.044223
-0.110944
0.063951
0.061242
0.002006
0.055825
-0.020551
0.050416
-0.049230
0.049875
0.035748
-0.044482
-0.019757
0.010992
-0.086773
-0.049495
0.054202
0.061593
-0.016931
-0.032275
0.004320
0.080515
0.000528
-0.083499
0.011569
-0.020193
-0.037001
0.034306
0.010916
0.042419
0.026177
-0.002209
-0.017580
-0.079443
-0.019900
0.051966
0.053362
-0.025192
-0.019099
0.050210
0.036458
0.104479
0.053104
0.090377
0.084216
0.030130
0.079202
0.086734
-0.001253
-0.002970
0.015555
0.049559
0.006372
0.018695
-0.000744
-0.061660
-0.049891
-0.040617
0.018068
0.048673
-0.056175
-0.098111
0.054807
0.003145
-0.045283
0.005563
0.005722
0.028448
-0.077586
-0.028973
0.093855
0.052622
0.019073
0.033554
-0.010509
0.072755
-0.052924
0.038229
-0.006414
0.054297
0.021121
-0.037011
0.004211
0.035210
0.028103
-0.116682
0.036193
-0.018040
0.015225
0.064303
0.060903
0.119738
-0.040269
0.028011
-0.002813
-0.034981
0.081071
0.054449
0.000451
0.061252
0.042483
0.015607
0.059471
-0.037193
0.079184
0.037506
-0.081654
-0.068096
0.069233
0.046705
0.015611
0.061419
-0.017850
-0.034313
0.081445
0.044171
0.045774
0.040707
0.051192
-0.009861
0.033973
0.105512
0.093330
0.068432
0.093556
0.060766
0.003291
-0.066448
-0.018637
0.030939
0.115378
0.076683
0.093022
0.059730
0.073851
-0.057695
0.044995
-0.023948
0.003738
0.053787
0.022916
0.118940
0.012132
-0.003528
0.039354
0.055933
-0.068578
-0.100386
-0.050711
-0.105337
-0.098210
0.017161
-0.014636
-0.083324
0.100778
0.040141
-0.048571
0.048861
-0.018199
-0.083671
-0.005605
0.098827
0.000887
0.002019
0.025749
-0.014201
-0.012887
0.063800
-0.043896
-0.018758
0.131200
-0.040579
-0.033104
-0.079788
-0.096493
0.025983
-0.047887
-0.019366
-0.056307
0.005877
-0.073184
0.102882
0.066904
0.028416
0.040314
0.005390
-0.015584
-0.002002
-0.077229
0.023758
0.079937
-0.078297
0.000776
-0.012039
0.046978
-0.076359
-0.101291
0.028818
-0.006299
0.034091
0.055623
-0.053196
-0.022100
-0.054198
0.071733
0.008925
-0.054467
0.039126
-0.021334
-0.044442
0.007253
0.026590
0.088505
0.029280
0.117786
0.108109
0.018528
0.036965
0.101978
0.015844
0.051574
0.051818
-0.061236
0.080327
-0.055116
-0.029780
0.004648
0.074755
0.018321
-0.070097
-0.004269
-0.084531
-0.102465
-0.100533
-0.003728
-0.081001
0.002851
-0.039719
-0.065749
0.031984
-0.005479
-0.034188
0.089537
0.088835
0.023917
0.002614
0.065821
-0.036859
-0.011887
0.029048
-0.009092
-0.001997
-0.017529
0.008371
-0.036381
-0.013949
0.002713
-0.032639
0.054173
0.029830
0.041043
0.000380
0.091155
0.064622
0.000460
0.039214
-0.077023
-0.013637
0.073950
0.082479
0.016112
-0.076227
-0.020079
-0.035435
0.016502
-0.055049
-0.080089
0.024422
0.004063
0.090765
-0.037230
0.017191
0.124643
-0.004193
-0.037312
0.028665
-0.005337
0.035792
0.109314
-0.012254
-0.015043
0.055456
0.100004
0.041538
-0.031425
-0.045633
0.029265
-0.012928
-0.058181
0.012905
0.019627
0.063275
0.030119
-0.067446
-0.024173
-0.000228
0.001701
0.084566
-0.041315
0.013886
-0.047181
-0.007664
-0.005909
-0.004665
0.054064
-0.015848
-0.063392
-0.142339
0.000131
-0.018291
-0.105153
0.009312
-0.029469
-0.065399
-0.062032
-0.089386
-0.087064
0.029944
0.037158
0.028043
0.006990
0.115161
0.030765
0.035497
-0.022986
0.015422
0.062315
0.080393
0.007875
0.072712
0.105703
0.016412
0.079143
-0.006129
0.091550
0.004285
-0.030370
0.059394
0.011586
-0.074131
-0.031132
0.064801
0.050647
0.024964
0.032810
0.026246
-0.007118
0.073406
0.011085
0.071248
0.010398
0.102033
0.044353
-0.027365
-0.040646
-0.015895
-0.057677
-0.016323
-0.000934
0.009060
-0.038353
-0.063561
0.056214
0.035280
-0.046576
-0.023238
-0.003254
-0.005511
-0.073348
0.012721
-0.001636
0.011382
-0.046702
-0.019426
-0.062202
-0.059473
0.032548
-0.000215
-0.025009
-0.049735
-0.065251
0.002963
-0.013770
-0.017005
0.058256
0.011266
-0.040949
-0.056120
-0.026193
0.054805
-0.048442
0.135603
-0.034727
-0.089410
0.055606
-0.022684
-0.014795
0.034012
-0.054882
0.019615
0.020990
0.002270
-0.058624
-0.036929
0.021579
-0.001831
0.089901
0.007213
-0.024877
-0.016883
-0.108054
-0.054486
-0.009175
0.009978
0.006393
0.042884
0.012091
0.049126
0.036646
0.009228
0.046327
-0.032989
-0.004770
-0.073026
0.074471
0.040365
-0.005257
-0.047921
0.049968
0.035921
0.028558
0.059213
-0.028796
-0.025964
-0.048192
0.039945
-0.005012
-0.035668
-0.034473
-0.012467
0.009894
0.063631
-0.010103
0.037040
-0.009031
-0.063014
0.075794
0.042772
0.007846
-0.037837
-0.092510
-0.175925
-0.031409
0.049770
-0.023126
0.013887
-0.033889
-0.012441
0.008939
-0.034629
-0.028552
-0.026530
-0.041149
0.012025
-0.007783
-0.075298
-0.034874
-0.018856
-0.001986
-0.010725
0.017816
-0.034107
-0.023676
0.061589
-0.014126
0.037187
0.026106
0.030429
0.029393
-0.018866
0.002042
-0.071501
0.075701
0.080803
-0.035133
-0.041911
0.013987
-0.007316
-0.010155
0.035189
-0.064577
-0.016758
-0.029287
-0.068212
0.037628
0.045314
0.013234
0.081411
0.045875
-0.004138
0.008671
-0.021457
0.059677
-0.014311
-0.037685
0.003611
-0.017761
-0.020061
-0.028676
-0.048937
-0.001487
-0.008968
0.028506
-0.026850
-0.035148
0.072719
0.035708
0.041815
0.042799
0.002094
-0.102734
-0.012288
0.001380
-0.050946
-0.008867
-0.047870
-0.025415
0.014273
0.030878
0.077744
0.005693
0.027855
-0.011931
0.069602
-0.056581
-0.035489
-0.006865
-0.110178
0.013011
-0.074637
-0.114040
-0.004756
0.046373
0.009445
0.007375
-0.004344
-0.011552
-0.028824
0.039883
0.068064
-0.017533
0.022396
-0.055926
0.005571
0.044431
0.054565
0.032057
-0.046507
0.015563
0.009543
0.072400
0.132285
0.060716
0.007691
0.057800
-0.022410
0.007492
0.038674
0.005273
0.111608
0.005301
0.014434
0.047522
0.013991
0.073925
0.013483
-0.040283
0.048089
-0.028760
-0.034373
0.001299
0.006347
0.067943
0.033087
0.037036
0.029753
-0.029684
0.018990
0.068463
0.037223
0.041836
0.076588
0.040834
-0.000623
0.048551
-0.091173
0.007981
0.052220
-0.015562
0.006170
-0.005309
0.003518
-0.006585
0.041584
0.002407
-0.054180
0.060730
0.063915
0.024275
0.027231
0.069932
0.095592
0.031357
0.157598
0.063037
0.028504
0.005958
0.066137
0.044214
0.121211
0.024342
0.003697
0.101184
0.044162
-0.002779
0.013000
-0.056839
0.026950
0.062216
-0.081979
-0.037525
0.097694
0.070831
0.098317
0.027107
-0.034343
-0.058399
-0.085707
-0.029177
-0.101883
0.028940
0.014029
-0.065165
0.009067
0.024407
-0.048419
-0.032763
0.076313
-0.030054
0.073522
-0.011071
-0.013771
0.029021
0.002741
0.051710
0.035100
-0.068080
-0.040274
-0.072594
-0.034255
0.035914
0.009444
-0.002778
0.056121
-0.076688
0.011555
0.038737
-0.018688
0.011451
0.004365
0.052794
-0.004935
0.029389
0.021748
-0.067013
-0.017450
-0.021892
-0.048165
-0.110555
0.001955
-0.018669
-0.023722
0.048464
-0.045400
0.114710
0.022421
-0.085394
-0.020279
-0.046443
0.083080
0.016847
-0.047406
0.056886
-0.053344
0.005099
0.074906
0.045655
0.024876
0.032321
0.007043
0.001126
-0.040807
0.031099
-0.011256
-0.078675
0.039761
0.020908
0.096228
0.070429
0.091999
-0.015852
-0.007814
0.020352
-0.045672
0.021557
-0.052962
0.005661
-0.029506
-0.134340
0.078948
-0.033545
0.005063
-0.008114
0.017736
-0.070089
-0.005676
-0.026325
-0.154180
-0.003564
-0.014700
-0.099780
-0.032182
0.002136
-0.052200
-0.021479
-0.044682
0.016663
-0.084812
-0.082464
-0.035396
-0.006083
-0.046494
0.039816
0.009223
-0.018211
0.019702
-0.014434
0.019141
0.028235
0.040087
0.045746
0.016815
-0.049885
0.021169
-0.074655
0.010047
-0.029744
0.022894
-0.069967
-0.033133
-0.017516
-0.008977
-0.049735
-0.054811
0.003385
-0.014912
0.026192
-0.010009
-0.073411
-0.041939
0.040675
0.004618
-0.012697
0.063986
0.049232
0.018379
0.130634
0.077264
0.093686
0.146146
0.087246
0.103246
0.081583
0.084547
0.056193
0.050467
-0.024467
-0.029405
-0.009721
0.001734
-0.078007
0.010123
-0.001806
-0.048866
-0.007876
-0.121500
-0.022154
-0.029116
0.097376
0.010586
-0.012714
0.057932
-0.060296
0.019733
-0.021496
0.018290
-0.023247
0.008589
0.077834
-0.016799
-0.007825
0.044046
-0.019491
-0.033411
-0.028856
0.046606
0.018683
0.039217
0.030384
-0.019019
0.055301
-0.050523
-0.105020
0.017988
0.012818
-0.020844
-0.096656
-0.047140
-0.064784
-0.010041
-0.119790
-0.006888
-0.008693
0.065199
0.078201
-0.030311
-0.021507
-0.031734
-0.050677
0.091462
0.046778
0.012992
0.051221
0.012493
0.090136
0.008116
0.058579
0.019043
0.067424
0.001769
-0.039201
0.061732
-0.025849
-0.068262
0.043299
0.052405
0.002991
-0.004074
0.037032
-0.020851
0.043346
0.077005
0.016526
-0.004605
0.000540
-0.054843
0.011609
-0.017581
-0.072206
-0.070503
-0.005186
-0.004107
-0.058817
-0.068618
-0.006436
0.083191
-0.012372
0.018062
0.038176
0.042004
0.069764
0.043677
0.041792
0.070220
0.017296
0.002651
0.005669
-0.030233
-0.005655
-0.056859
0.058105
0.094664
0.071961
0.051450
0.025173
0.016643
0.022153
-0.047159
-0.038429
-0.036302
0.047288
0.035041
-0.070367
0.054244
0.056774
-0.009394
0.061381
-0.017427
-0.004550
0.033493
-0.047782
0.006082
0.015837
-0.036392
-0.018215
0.020728
0.046213
-0.012506
0.008608
0.039455
-0.024180
-0.007461
-0.010861
-0.028004
0.023703
0.003510
0.013295
-0.012627
-0.055948
-0.043931
-0.074930
-0.097749
-0.089683
-0.009590
0.019358
0.003159
0.000082
0.001448
0.009388
0.018674
-0.086673
0.027384
0.069839
-0.090623
-0.042567
0.015643
-0.001726
0.023181
0.049640
0.019302
0.039832
0.098176
-0.002166
0.032328
0.038976
-0.038011
-0.025917
0.057587
-0.002162
-0.041650
0.047388
-0.010047
0.046615
-0.003344
-0.083287
0.015457
-0.016543
-0.037205
0.036533
0.076387
0.018495
0.120274
0.070480
-0.023826
0.068409
0.050522
-0.013231
0.062161
0.076126
0.056890
0.067280
0.101004
0.033701
-0.051567
-0.052545
0.004579
0.009824
0.063458
-0.012213
0.014597
0.022419
-0.008543
0.005161
-0.064548
0.020754
0.040977
-0.060756
0.008390
0.097861
-0.087931
-0.066318
0.027666
0.008757
-0.025089
-0.034752
-0.039534
-0.085901
0.004085
0.042765
0.026234
0.049780
-0.041372
0.033301
0.001016
0.019309
0.006918
0.026087
0.025272
-0.055350
0.047451
0.049260
-0.060960
0.124793
0.055563
-0.079907
0.040840
-0.078391
0.073676
0.176242
0.073502
0.100066
0.004971
0.004931
0.058832
0.014004
-0.018234
-0.067155
-0.098027
0.012822
0.049709
0.040812
-0.012867
-0.012092
0.072475
-0.035910
0.027445
0.079415
0.004690
0.073279
-0.028922
0.008459
-0.033308
-0.084626
-0.051395
-0.034292
-0.030355
-0.062435
-0.061879
-0.010977
0.048440
0.098133
0.047960
-0.023191
0.097167
0.062356
-0.121722
-0.058041
-0.044615
0.057134
0.142373
0.005215
-0.007785
0.060233
0.002627
-0.015051
-0.016308
-0.040399
-0.006956
0.005760
-0.076824
0.035175
0.083864
0.102761
-0.001611
0.099275
0.026922
-0.039709
0.131438
0.010335
-0.062320
0.053449
0.042854
0.045804
0.082385
0.049897
-0.002859
0.047795
0.010316
-0.001396
0.030807
-0.009663
0.032218
-0.046263
0.040240
0.095774
0.005825
-0.015669
-0.050335
0.033172
0.029342
0.053769
0.037756
0.019031
-0.003740
0.087440
0.066678
0.061173
0.055171
0.008836
-0.021429
0.055111
0.054085
0.071007
0.047405
0.041290
0.038164
0.042501
0.070953
0.020655
0.024850
-0.009990
-0.053905
-0.018024
-0.012015
-0.022224
0.002710
0.027386
0.009933
0.037175
0.012215
0.004004
0.048366
-0.014266
0.031106
0.039606
0.072964
0.038431
0.056432
0.097671
0.047277
0.039115
-0.025825
-0.093906
-0.076195
-0.005758
-0.072495
-0.055822
-0.030285
-0.025781
0.060324
0.071841
-0.017230
0.014857
-0.007472
0.055590
0.045404
0.033706
0.026634
0.074649
0.030494
0.057852
0.023141
-0.032968
-0.073715
-0.030841
-0.024153
0.082580
-0.051069
-0.002421
0.000874
-0.033781
0.024342
-0.032056
0.024369
0.053019
-0.034223
0.036285
0.094182
0.088796
0.078817
0.004603
-0.054928
-0.085826
0.086618
-0.008229
-0.017198
0.009664
0.061939
0.043446
0.072193
0.076146
-0.007360
-0.017298
0.027073
0.003400
-0.056307
-0.013709
0.038498
-0.020954
0.072077
0.033718
0.080274
0.020884
0.024391
0.056791
-0.052895
0.002209
0.052483
0.066989
-0.005858
-0.042188
-0.087224
-0.056248
-0.023066
0.015819
0.005590
-0.028716
-0.001723
-0.014267
0.070841
0.029908
-0.114356
-0.036778
-0.096790
0.024157
0.023127
-0.053304
0.001769
0.006702
0.032823
-0.000814
0.087707
-0.018782
0.068102
0.026431
-0.124874
-0.040257
-0.042201
-0.013047
0.012985
0.047968
-0.056518
-0.066116
-0.006807
-0.128629
-0.055735
-0.059514
0.028102
-0.028956
-0.139471
0.098664
-0.010346
0.023288
0.016498
-0.025665
0.045381
-0.041702
-0.043950
0.047437
0.067469
0.066628
0.054339
-0.007369
-0.028836
0.000686
0.045261
0.051941
0.020184
-0.016909
-0.078360
0.080793
-0.038385
-0.003687
0.006736
0.035608
0.015218
0.056009
0.023870
-0.003798
-0.016417
-0.055048
-0.035190
-0.036171
-0.030350
0.054240
0.082580
-0.016210
0.069696
0.030743
-0.022906
0.025195
0.016683
-0.034407
-0.098171
0.037627
0.070483
-0.054823
-0.055680
0.036680
0.030253
0.049961
0.044142
0.027479
0.004799
-0.009782
-0.006138
0.055789
0.129508
-0.016759
0.045128
0.046588
0.057578
-0.000095
0.084048
0.108972
-0.024606
0.011295
0.029435
-0.003411
0.070797
0.013393
-0.005768
0.117144
-0.021537
-0.018149
0.036940
0.006358
0.006748
-0.068132
-0.041576
0.053181
0.055330
0.072755
0.005317
-0.063130
0.015941
0.038770
-0.029472
-0.003009
0.030134
-0.040891
0.021778
-0.076867
-0.049715
0.020343
-0.031220
0.047474
0.068083
0.050986
0.008428
-0.018966
-0.012464
-0.041381
-0.047920
0.011632
-0.002716
-0.008560
-0.059852
-0.004302
