0.000000 37.435944 39.629692 44.611862 50.840912
50.000000 2.189872 2.008485 2.312764 2.559442
100.000000 0.430904 0.569096 0.797955 1.195529
150.000000 0.320441 0.320753 0.760108 1.020625
200.000000 0.414783 0.352571 0.476264 1.175473
250.000000 0.330175 0.063207 0.020440 0.972182
300.000000 0.156105 0.023421 0.320167 0.653285
350.000000 0.437153 -0.032096 -0.038402 0.535026
400.000000 0.153593 0.279364 0.353180 0.485430
450.000000 0.145057 0.040216 0.182635 0.151047
500.000000 0.188469 0.115400 -0.074410 0.369617
550.000000 0.329075 0.046990 0.115348 0.105820
600.000000 0.065916 0.075594 -0.102076 0.227651
650.000000 0.123014 0.063340 0.040278 0.262009
700.000000 0.210973 -0.137049 0.201283 0.346899
750.000000 0.275388 0.392245 0.160489 -0.077799
800.000000 0.098672 0.206825 0.141116 0.064288
850.000000 -0.020908 -0.027215 0.039305 -0.009614
900.000000 0.144385 0.122737 0.108685 0.119264
950.000000 0.103255 0.065039 0.192957 -0.106739
1000.000000 0.087991 0.195398 0.305315 0.344361
1050.000000 -0.084268 -0.013869 -0.109307 0.231068
1100.000000 0.032092 0.244567 0.027465 -0.127190
1150.000000 0.144427 0.279640 -0.118191 -0.174398
1200.000000 0.051904 0.113424 -0.065640 -0.311429
1250.000000 -0.022520 -0.016835 0.193618 -0.193274
1300.000000 0.220353 0.045046 0.257640 -0.200286
1350.000000 0.122255 0.226197 0.037552 0.134720
1400.000000 0.117121 0.317360 0.185473 -0.010382
1450.000000 0.095364 -0.055670 0.069440 0.257751
1500.000000 -0.106064 0.025801 0.133578 -0.024819
1550.000000 -0.044833 0.088616 0.078534 -0.110636
1600.000000 0.091441 -0.145968 0.229733 0.135805
1650.000000 -0.008264 -0.009472 -0.025467 0.099933
1700.000000 0.098286 0.057243 0.275503 0.342818
1750.000000 0.018436 0.047373 0.297676 0.023169
1800.000000 -0.025174 0.032396 0.078669 0.084653
1850.000000 0.181005 0.084079 -0.144710 -0.161040
1900.000000 0.076233 0.032445 0.041775 0.118428
1950.000000 0.136537 -0.100081 0.063069 -0.014383
2000.000000 0.048584 0.353385 0.075016 -0.063407
2100.000000 0.017898 0.012934 0.003308 0.050432
2350.000000 0.019353 0.057594 0.102166 -0.081522
2600.000000 0.008322 0.127129 -0.050195 0.000007
2850.000000 -0.054191 -0.042803 -0.020802 0.059890
3100.000000 -0.084604 -0.047926 -0.083602 0.015956
3350.000000 -0.004161 -0.111526 0.170069 0.105516
3600.000000 -0.009585 0.056831 -0.073546 0.115995
3850.000000 0.131688 0.024807 0.064652 0.013365
4100.000000 -0.046586 0.014916 0.073518 -0.043603
4350.000000 0.092215 0.066852 0.006194 -0.137760
4600.000000 -0.048809 0.092955 0.073640 0.211683
4850.000000 -0.043912 0.069564 -0.006764 0.182544
5100.000000 -0.035445 -0.043701 0.045863 0.112064
5350.000000 0.003394 -0.001005 0.047908 0.089023
5600.000000 -0.002774 0.063193 -0.007813 0.219484
5850.000000 0.013694 0.047621 -0.047641 0.087815
6100.000000 0.048186 0.027002 0.065671 0.068567
6350.000000 0.067181 -0.008041 0.045821 -0.062639
6600.000000 -0.007716 -0.048909 -0.021375 -0.063744
6850.000000 0.030949 -0.041192 -0.086010 0.112083
7100.000000 0.029211 -0.028577 -0.014888 0.004979
7350.000000 0.097112 0.007379 -0.059091 0.175195
7600.000000 0.047925 0.083539 0.019106 0.104185
7850.000000 -0.023005 0.029918 -0.039293 -0.030265
8100.000000 -0.013878 0.031705 0.030205 0.005612
8350.000000 0.087492 0.116050 0.194336 -0.065641
8600.000000 -0.026011 0.044542 0.085747 0.010485
8850.000000 0.071848 0.008856 0.099568 0.203847
9100.000000 -0.081752 0.004649 0.077598 0.133809
9350.000000 -0.018450 0.032139 -0.030774 0.069166
9600.000000 0.021128 0.053478 -0.020033 0.016642
9850.000000 0.024229 -0.031120 0.106358 -0.062799
10100.000000 -0.001466 -0.017650 0.120110 0.095392
10350.000000 -0.063359 0.044113 0.095930 -0.083365
10600.000000 -0.032207 -0.028884 -0.001009 -0.056362
10850.000000 0.026398 -0.001916 0.001895 0.026871
11100.000000 0.024325 0.040204 0.088920 0.008615
11350.000000 -0.059078 0.081903 0.005950 0.041542
11600.000000 0.067372 0.054988 -0.027677 0.080315
11850.000000 0.009973 0.115181 -0.158297 0.126958
12100.000000 -0.013960 0.057973 0.101492 -0.048123
12350.000000 0.000376 0.077468 -0.066132 0.215647
12600.000000 0.166408 -0.095664 -0.000633 0.005999
12850.000000 0.047345 0.032084 0.007958 -0.003516
13100.000000 0.065577 0.033358 0.072218 -0.002119
13350.000000 -0.019567 -0.042825 0.011320 0.124666
13600.000000 -0.029453 -0.078874 0.034804 0.033655
13850.000000 -0.001174 0.043604 -0.023346 -0.075462
14100.000000 0.003280 0.107012 0.042532 -0.014825
14350.000000 -0.015539 0.064557 0.087105 0.001691
14600.000000 0.047301 0.008305 -0.052288 -0.056434
14850.000000 0.151335 -0.055354 -0.051841 0.081998
15100.000000 0.041628 -0.043406 0.050643 0.049593
15350.000000 0.016807 0.049707 0.034689 -0.054203
15600.000000 0.003572 0.012156 0.018137 -0.133976
15850.000000 0.091726 0.124386 -0.043264 -0.067453
16100.000000 0.053497 0.084471 0.030477 -0.079831
16350.000000 0.067563 0.093376 0.007972 0.029119
16600.000000 0.024580 0.076546 0.046865 0.053092
16850.000000 0.035895 0.004730 0.073956 -0.009210
17100.000000 0.039682 -0.041060 -0.120283 -0.001232
17350.000000 -0.078452 0.014569 0.015535 -0.048292
17600.000000 -0.032585 0.034294 0.106364 -0.027179
17850.000000 0.113556 -0.075670 0.048972 -0.028035
18100.000000 0.006032 -0.089909 0.003677 0.153254
18350.000000 -0.029990 -0.030883 0.055587 0.151442
18600.000000 0.051757 0.130579 0.162493 0.042987
18850.000000 -0.037323 -0.010685 -0.068405 0.066735
19100.000000 0.091601 -0.010037 -0.020753 0.128380
19350.000000 0.023749 -0.127208 0.103744 0.012958
19600.000000 0.044217 -0.005346 0.055252 -0.048126
19850.000000 -0.055051 0.030306 -0.032778 0.167061
20100.000000 -0.014714 -0.029114 0.068331 0.033637
20350.000000 -0.080634 0.018598 -0.035553 0.013539
20600.000000 0.036516 -0.040013 0.029202 0.064459
20850.000000 -0.009810 -0.061400 -0.041329 0.123796
21100.000000 0.032239 0.026262 -0.057282 0.030625
21350.000000 -0.090782 0.124783 -0.051234 0.090789
21600.000000 0.038828 0.120310 0.025400 0.193815
21850.000000 -0.063543 0.027481 0.037559 0.137327
22100.000000 0.019556 0.065150 0.029708 0.177679
22350.000000 0.093302 0.098118 -0.046195 0.095591
22600.000000 0.041350 0.021815 -0.066455 0.007370
22850.000000 0.067267 -0.059096 0.061680 -0.009492
23100.000000 0.022064 0.055036 -0.043487 -0.067425
23350.000000 -0.006048 0.067640 0.037495 -0.075674
23600.000000 -0.001168 -0.066717 -0.011712 0.008630
23850.000000 -0.049176 0.088413 -0.027894 -0.143635
24100.000000 -0.025157 -0.044091 -0.019581 0.045180
24350.000000 0.040583 -0.052543 0.002349 0.134485
24600.000000 0.118360 0.053543 -0.038362 0.055259
24850.000000 0.083551 -0.004874 0.048905 -0.061841
25100.000000 0.052877 -0.003292 0.006942 0.049940
25350.000000 -0.068975 0.006697 -0.109483 0.049134
25600.000000 0.032508 -0.057344 0.015627 -0.070378
25850.000000 0.163478 0.045609 0.038993 0.131577
26100.000000 0.071082 0.004372 0.068249 -0.018814
26350.000000 0.069312 0.032903 0.013709 0.046886
26600.000000 0.128197 0.085975 0.055319 -0.021149
26850.000000 0.013009 -0.028479 -0.064914 0.147236
27100.000000 -0.108842 0.033744 -0.033440 -0.043012
27350.000000 -0.037660 -0.024531 0.109847 -0.093644
27600.000000 0.058891 0.070699 0.040225 0.101838
27850.000000 -0.030066 0.006169 0.035733 0.030362
28100.000000 0.041554 -0.014037 0.008018 0.041550
28350.000000 0.037535 0.166947 0.032137 -0.035969
28600.000000 -0.017812 0.002155 0.128592 -0.062443
28850.000000 -0.019398 -0.036156 -0.054757 0.003003
29100.000000 0.037103 0.038236 -0.053407 0.140217
29350.000000 0.071306 0.086763 0.002754 0.092927
29600.000000 0.031580 0.099602 -0.040472 0.039978
29850.000000 0.048487 0.158145 -0.052671 0.146238
30100.000000 0.072811 0.021006 -0.009155 0.109119
30350.000000 0.066733 0.076490 -0.020738 0.050756
30600.000000 -0.072985 0.096008 -0.028594 -0.005791
30850.000000 -0.001283 0.043861 -0.046096 -0.016010
31100.000000 0.009951 0.160337 -0.025346 -0.104630
31350.000000 0.029908 0.036126 0.020426 -0.111721
31600.000000 0.037708 0.048927 0.077559 -0.004347
31850.000000 0.067405 -0.052733 0.091547 0.139198
32100.000000 -0.064610 -0.011457 -0.002348 0.068604
32350.000000 -0.033406 0.020548 0.037533 0.026359
32600.000000 0.003881 -0.005736 0.132583 -0.027491
32850.000000 0.046227 -0.045890 0.030934 -0.037734
33100.000000 0.109859 -0.066215 0.025312 -0.048043
33350.000000 0.018003 0.005890 -0.050860 -0.143969
33600.000000 0.109693 0.021159 -0.016651 -0.071869
33850.000000 0.089605 0.070517 -0.042690 0.030109
34100.000000 0.025490 0.095941 0.010391 0.004455
34350.000000 0.056787 0.063082 -0.022358 0.042361
34600.000000 0.005023 0.055023 -0.020072 -0.082162
34850.000000 0.066024 0.070809 -0.034047 0.084489
35100.000000 0.002526 -0.014555 -0.018312 -0.053100
35350.000000 -0.106920 -0.023779 -0.022534 -0.031171
35600.000000 -0.064924 0.049569 -0.045111 -0.006364
35850.000000 -0.036822 0.008530 -0.023275 0.114679
36100.000000 -0.020947 0.043264 -0.007349 -0.029812
36350.000000 0.049834 -0.019027 0.082821 -0.025115
36600.000000 -0.008082 -0.062079 0.192941 -0.196644
36850.000000 -0.098150 -0.127485 -0.015634 -0.013689
37100.000000 -0.038871 0.112608 0.031983 -0.006359
37350.000000 0.025684 0.034736 0.029027 0.011130
37600.000000 0.056896 -0.005253 0.050358 0.013645
37850.000000 0.014265 0.077276 0.060707 0.014873
38100.000000 -0.086368 -0.029257 -0.040901 -0.078957
38350.000000 -0.038262 -0.028086 -0.015794 0.024468
38600.000000 0.020051 0.076383 0.113956 0.095333
38850.000000 -0.024177 -0.029290 -0.037554 -0.096225
39100.000000 -0.045844 -0.020403 -0.026597 0.054577
39350.000000 0.067852 -0.062500 -0.078156 0.016140
39600.000000 0.006136 -0.007716 -0.018461 0.116754
39850.000000 0.088439 0.018627 -0.025651 0.037524
40100.000000 0.008237 0.112773 0.087424 -0.034230
40350.000000 0.012060 -0.010545 0.048403 -0.037052
40600.000000 0.043499 0.022598 0.223179 0.003229
40850.000000 0.026314 0.034719 0.080895 0.002851
41100.000000 -0.040902 0.062330 -0.020834 -0.067301
41350.000000 0.015833 -0.035763 0.000593 -0.079632
41600.000000 0.130796 0.056436 0.071354 -0.016822
41850.000000 0.042541 -0.061250 0.055841 -0.063847
42100.000000 -0.012468 0.129663 0.055100 -0.135124
42350.000000 0.057154 -0.023974 0.177113 -0.234389
42600.000000 0.049164 -0.010454 -0.030554 -0.122163
42850.000000 -0.022354 -0.057447 -0.049743 -0.169679
43100.000000 -0.040327 -0.033402 0.146189 0.110207
43350.000000 -0.005460 0.057965 0.055730 0.210196
43600.000000 0.032257 0.068182 0.041257 0.174186
43850.000000 0.017189 0.078002 0.071557 0.021026
44100.000000 -0.052486 -0.026141 -0.053412 0.054938
44350.000000 -0.052785 0.001400 -0.080763 0.019107
44600.000000 0.036620 -0.003558 0.076508 -0.088917
44850.000000 0.067106 0.038417 0.008340 -0.011379
45100.000000 -0.009416 0.055691 0.020286 -0.129391
45350.000000 0.035504 0.044063 -0.141152 0.013005
45600.000000 0.058303 0.033164 0.025576 -0.009946
45850.000000 -0.009319 0.001472 0.056803 -0.027770
46100.000000 0.029489 -0.004142 0.006886 0.059411
46350.000000 0.096249 -0.049869 0.008534 0.003093
46600.000000 0.002135 -0.067868 0.065098 0.058628
46850.000000 -0.128850 -0.070532 0.105696 -0.059046
47100.000000 -0.088719 -0.005743 0.065713 -0.071219
47350.000000 -0.086575 -0.035137 -0.102664 -0.008919
47600.000000 0.009724 0.020054 0.002589 -0.019513
47850.000000 -0.021774 0.002868 -0.053027 0.047829
48100.000000 0.074599 0.094479 -0.028048 -0.001034
48350.000000 0.054702 0.075526 -0.057957 0.002055
48600.000000 -0.017996 -0.061101 -0.012436 0.043091
48850.000000 -0.078837 0.022331 0.005594 0.022680
49100.000000 0.012601 0.070189 0.012712 0.104005
49350.000000 0.078675 -0.023191 0.066569 -0.086284
49600.000000 0.014823 0.010961 -0.041481 0.018585
49850.000000 0.012727 -0.019051 0.000577 0.064536
50250.000000 0.029306 -0.002757 -0.029897 0.139533
50750.000000 0.089031 -0.083311 -0.050438 0.104012
51250.000000 0.058747 0.036108 -0.021848 0.029095
51750.000000 0.017348 0.048965 0.050719 0.122224
52250.000000 0.045054 -0.009134 -0.008969 0.077872
52750.000000 0.003895 0.048032 0.016796 0.086507
53250.000000 -0.061384 0.050422 -0.083011 0.011393
53750.000000 -0.028748 -0.031864 0.064931 -0.043713
54250.000000 -0.038473 -0.017775 -0.031855 0.034806
54750.000000 0.007988 0.072753 0.051283 -0.029059
55250.000000 0.007579 -0.094494 -0.000652 0.129400
55750.000000 -0.003365 -0.014737 0.001858 0.039705
56250.000000 0.006437 -0.009539 -0.026657 0.115542
56750.000000 0.050227 -0.088460 0.004988 0.051771
57250.000000 0.039190 -0.036231 -0.073096 -0.073513
57750.000000 0.012570 0.007636 0.037752 0.002010
58250.000000 0.015961 0.028921 0.088351 -0.006306
58750.000000 0.027971 0.048526 -0.085454 0.020232
59250.000000 0.002887 0.061520 0.090174 0.045040
59750.000000 0.005911 0.015412 -0.003439 -0.039871
60250.000000 0.003185 0.076238 0.027939 -0.135013
60750.000000 0.048980 0.062586 0.003447 -0.005857
61250.000000 0.022581 0.030884 -0.002140 -0.029475
61750.000000 0.012385 0.029583 0.074911 -0.014185
62250.000000 -0.029652 0.025640 0.005588 0.047603
62750.000000 -0.112441 -0.002246 -0.017965 -0.082373
63250.000000 -0.035175 -0.012207 -0.007535 -0.043886
63750.000000 -0.010078 0.054536 0.048035 -0.073141
64250.000000 -0.024905 0.067331 0.087270 -0.009630
64750.000000 -0.051226 0.010806 0.000374 -0.030398
65250.000000 -0.094613 -0.019581 0.062870 0.061191
65750.000000 0.067448 0.011844 0.043567 0.012106
66250.000000 0.020576 0.014123 0.045826 -0.055761
66750.000000 -0.046072 0.017829 0.044504 0.030699
67250.000000 -0.028970 0.029211 0.015848 -0.103956
67750.000000 0.018066 0.017797 0.038957 0.065010
68250.000000 0.014330 0.056011 -0.050017 0.016757
68750.000000 -0.046895 0.003168 0.064435 -0.056262
69250.000000 0.043257 0.033900 0.001749 -0.118451
69750.000000 0.068898 -0.000764 -0.050699 -0.019554
70250.000000 0.023866 -0.013758 -0.101742 0.111997
70750.000000 -0.020371 -0.053977 -0.043973 0.068325
71250.000000 0.045442 0.005846 -0.060402 0.069578
71750.000000 -0.010819 -0.054041 -0.021063 0.120823
72250.000000 0.035941 -0.079886 0.084911 0.044885
72750.000000 0.046339 -0.037241 -0.048735 0.044640
73250.000000 0.033937 0.031005 -0.020341 -0.021606
73750.000000 0.022352 -0.043443 0.025829 0.082701
74250.000000 0.002583 0.065792 -0.030712 -0.017247
74750.000000 -0.027085 0.066283 -0.033595 0.002976
75250.000000 0.063849 0.022086 0.025335 -0.013466
75750.000000 0.066117 -0.103859 0.005536 0.017824
76250.000000 0.012065 -0.059475 0.156469 -0.073710
76750.000000 -0.015172 -0.080137 0.117705 0.061385
77250.000000 0.009059 -0.034099 0.000820 -0.025670
77750.000000 -0.032030 -0.001577 0.105335 0.101245
78250.000000 -0.056857 -0.034466 0.064402 0.119770
78750.000000 -0.051662 0.043483 0.087418 0.142507
79250.000000 0.075293 0.024211 0.063893 0.029901
79750.000000 0.003867 -0.032292 -0.066582 0.004537
80250.000000 -0.047774 -0.043816 0.052333 0.024082
80750.000000 -0.032029 0.009956 0.006812 0.016213
81250.000000 -0.028562 -0.045423 -0.043360 -0.045862
81750.000000 -0.035482 0.083766 0.109253 0.128151
82250.000000 0.025757 -0.058045 0.038033 -0.094900
82750.000000 -0.022313 -0.032449 0.022128 -0.005961
83250.000000 -0.000225 0.036919 0.034134 0.046502
83750.000000 -0.017814 -0.018572 -0.003271 0.088954
84250.000000 -0.030238 0.034808 0.004062 -0.001131
84750.000000 -0.003373 -0.084841 -0.001849 -0.023413
85250.000000 0.047456 -0.053562 -0.055208 0.051796
85750.000000 -0.004377 0.027385 -0.037315 0.006556
86250.000000 -0.021787 0.054243 0.010188 0.088975
86750.000000 -0.067850 -0.029076 -0.010060 -0.014525
87250.000000 -0.046454 0.035203 -0.057300 0.026625
87750.000000 -0.015112 -0.021265 -0.010953 0.018234
88250.000000 0.020649 -0.015610 -0.036350 -0.010543
88750.000000 -0.001571 -0.077584 0.005597 -0.001141
89250.000000 0.003841 0.032354 0.048454 -0.037583
89750.000000 -0.033733 0.024910 0.033180 0.043321
90250.000000 0.053689 -0.005582 -0.067931 0.092557
90750.000000 -0.043391 0.013177 0.000387 0.036014
91250.000000 -0.026882 0.038777 -0.103635 -0.109906
91750.000000 -0.002992 0.074857 -0.058897 -0.029816
92250.000000 0.051929 -0.030070 -0.000722 0.037594
92750.000000 -0.052224 -0.131251 0.045510 -0.075858
93250.000000 -0.016352 0.025574 0.067362 -0.155190
93750.000000 0.008399 -0.025138 0.018622 0.063158
94250.000000 0.054958 0.034590 0.057023 0.035356
94750.000000 -0.003679 0.030096 0.048423 0.034546
95250.000000 0.060991 0.029477 0.037739 -0.043357
95750.000000 0.075652 0.053093 -0.001519 -0.032048
96250.000000 -0.051897 0.093712 -0.031644 -0.022680
96750.000000 0.029657 0.069897 -0.000895 -0.027686
97250.000000 0.081073 0.010659 -0.071225 -0.041005
97750.000000 -0.002973 -0.009113 -0.042254 -0.017963
98250.000000 0.005285 0.019604 0.038464 -0.055789
98750.000000 0.015472 -0.048291 0.121317 0.040923
99250.000000 -0.036961 -0.028128 0.015113 -0.076182
99750.000000 -0.020533 -0.010474 0.129638 0.031588
100250.000000 0.080993 -0.053926 0.014631 0.113450
100750.000000 0.060714 0.000506 0.055007 -0.087137
101250.000000 0.021112 0.014187 -0.002520 0.024211
101750.000000 0.042079 0.052536 0.002797 -0.000330
102250.000000 -0.012337 -0.029989 0.063424 0.077479
102750.000000 0.005893 0.057888 0.071685 -0.020970
103250.000000 0.060918 0.011112 -0.026604 0.003125
103750.000000 0.014936 -0.034587 0.064299 -0.000220
104250.000000 -0.063718 0.013867 -0.057221 -0.045442
104750.000000 0.009394 0.022964 0.042793 -0.081358
105250.000000 0.023137 -0.080330 -0.005274 0.072328
105750.000000 -0.080595 -0.068464 0.005972 -0.019112
106250.000000 0.041664 0.011788 -0.017401 0.093299
106750.000000 -0.015320 0.000725 -0.014847 0.046453
107250.000000 -0.001979 0.011705 -0.039229 0.031683
107750.000000 0.031470 0.019517 0.030275 0.119273
108250.000000 0.035745 0.039415 -0.055642 0.024859
108750.000000 -0.023248 0.057354 0.097079 -0.054261
109250.000000 -0.025978 -0.043356 0.002228 0.036734
109750.000000 -0.116058 0.036879 0.026883 0.043173
110250.000000 -0.000898 -0.009370 -0.112778 0.007111
110750.000000 0.000668 -0.048824 -0.014858 0.044920
111250.000000 -0.089279 -0.038934 -0.016286 0.136942
111750.000000 -0.019200 -0.002504 0.013307 0.023741
112250.000000 0.031697 0.010552 -0.040108 -0.035356
112750.000000 0.014451 -0.029613 0.038340 -0.042740
113250.000000 -0.001870 0.047934 0.055792 -0.032357
113750.000000 -0.006017 -0.015217 0.081665 0.105689
114250.000000 0.030107 0.029085 -0.012506 -0.069758
114750.000000 0.023699 -0.067703 -0.024397 -0.089070
115250.000000 0.045096 -0.092732 0.051527 0.008020
115750.000000 0.005023 0.014108 0.044306 -0.120089
116250.000000 -0.018331 -0.049107 -0.005380 -0.026496
116750.000000 0.050162 -0.021739 -0.049255 0.025516
117250.000000 -0.030046 -0.020575 0.002405 -0.090267
117750.000000 0.052909 -0.040023 -0.029353 0.032256
118250.000000 -0.012948 -0.001268 0.005617 -0.071819
118750.000000 0.042353 -0.040531 0.001269 -0.031083
119250.000000 -0.002422 -0.041984 0.075209 0.005878
119750.000000 -0.007558 -0.029291 -0.007988 -0.077216
120250.000000 -0.013414 0.059536 0.017879 0.021670
120750.000000 -0.034795 -0.107236 -0.011849 -0.075519
121250.000000 0.025077 0.031409 -0.073453 0.044201
121750.000000 0.013155 0.004532 0.078580 0.127434
122250.000000 0.015820 0.017959 0.007489 0.011556
122750.000000 -0.035971 -0.029314 -0.038062 0.067936
123250.000000 -0.030124 0.000109 -0.106504 -0.110041
123750.000000 0.022154 -0.022565 0.070105 -0.013657
124250.000000 -0.007007 -0.056778 -0.052671 0.082814
124750.000000 -0.016347 -0.034240 -0.047787 -0.057723
125250.000000 -0.040553 0.001677 0.000528 -0.105308
125750.000000 -0.013007 0.006729 0.062726 0.026216
126250.000000 0.017384 -0.071044 0.031948 0.046782
126750.000000 0.012357 0.095210 -0.071631 0.004735
127250.000000 -0.008006 -0.022332 0.033452 -0.001651
127750.000000 -0.047864 -0.033479 -0.024634 -0.033833
128250.000000 -0.000683 0.004155 0.040227 -0.092973
128750.000000 -0.006396 0.033707 0.040238 0.015803
129250.000000 -0.033855 -0.008894 0.004411 -0.045012
129750.000000 -0.026766 0.010067 0.017394 -0.024338
130250.000000 0.044483 -0.017950 -0.023021 0.076247
130750.000000 0.048080 0.031954 -0.015920 0.081003
131250.000000 0.021482 0.013880 0.010874 -0.021021
131750.000000 0.076330 0.004080 0.008823 0.048851
132250.000000 -0.063811 -0.054320 0.106533 -0.085471
132750.000000 -0.048408 -0.073717 -0.035347 -0.080416
133250.000000 -0.004615 0.056815 -0.090579 -0.071777
133750.000000 0.049610 -0.028697 -0.037533 0.070794
134250.000000 -0.033184 0.021966 -0.014251 0.012718
134750.000000 0.020818 0.009197 -0.011273 -0.111315
135250.000000 0.054817 0.078947 0.036195 0.036627
135750.000000 -0.024596 -0.012532 0.040836 0.022423
136250.000000 -0.022474 -0.026281 0.029485 0.032230
136750.000000 0.033814 -0.035656 0.099137 0.006560
137250.000000 -0.044652 0.044759 -0.029413 0.044310
137750.000000 -0.067983 0.063742 -0.000243 -0.155797
138250.000000 0.042994 -0.030862 -0.095565 -0.069694
138750.000000 0.054854 0.013949 -0.029448 -0.063744
139250.000000 -0.043646 -0.040566 -0.001399 0.001485
139750.000000 0.045217 0.007698 0.028071 0.055111
140250.000000 0.023926 -0.007466 0.077501 -0.036372
140750.000000 0.047976 -0.099251 0.022781 0.020691
141250.000000 0.011223 -0.004174 -0.067973 0.032840
141750.000000 0.033061 0.030535 0.017783 -0.073396
142250.000000 -0.010743 0.025836 -0.039464 0.008452
142750.000000 0.110758 0.042251 0.029767 0.021468
143250.000000 0.026061 -0.049925 -0.025003 -0.018941
143750.000000 -0.049039 0.036135 0.029426 -0.060887
144250.000000 -0.026611 0.008932 0.006977 0.005394
144750.000000 0.045003 0.031048 -0.034939 0.021024
145250.000000 0.086557 -0.066897 0.021611 -0.095446
145750.000000 0.020581 -0.064921 -0.020894 -0.006137
146250.000000 0.039301 -0.003363 0.000656 -0.021511
146750.000000 -0.022015 -0.088427 0.086969 0.025590
147250.000000 -0.020645 0.003037 -0.018329 -0.042137
147750.000000 0.037528 0.004629 0.005540 -0.065923
148250.000000 -0.020845 0.034691 -0.029830 -0.018934
148750.000000 -0.059291 0.031680 0.027133 0.003146
149250.000000 -0.065573 -0.021541 -0.045725 -0.028931
149750.000000 -0.029534 -0.054646 0.000368 0.092950
150250.000000 -0.025850 -0.054264 -0.099777 0.106984
150750.000000 0.014202 -0.095830 -0.045664 0.012578
151250.000000 -0.067346 0.002539 0.006039 -0.004727
151750.000000 0.035867 0.015563 0.038118 -0.030705
152250.000000 -0.027741 -0.020501 0.061278 -0.029827
152750.000000 -0.011555 0.016093 -0.090334 -0.030641
153250.000000 -0.037984 0.018135 0.045752 -0.055937
153750.000000 0.033254 0.004997 -0.037507 0.039465
154250.000000 -0.037449 0.004481 0.034190 0.003502
154750.000000 -0.049498 0.003226 -0.075408 -0.009481
155250.000000 -0.085422 -0.012221 -0.017837 0.031532
155750.000000 -0.007776 0.080500 0.002000 0.093118
156250.000000 0.034824 0.048816 0.005250 0.074649
156750.000000 0.027479 0.068948 -0.019103 -0.014025
157250.000000 0.035528 0.074414 0.044859 0.101476
157750.000000 0.055519 0.007488 0.009569 0.030974
158250.000000 0.025306 0.017712 -0.010473 -0.070776
158750.000000 0.006540 0.042182 -0.023672 0.066771
159250.000000 -0.012638 0.010374 -0.116275 0.038379
159750.000000 0.032087 -0.010261 0.033129 -0.011373
160250.000000 -0.018847 -0.040454 -0.002774 -0.088940
160750.000000 -0.070974 -0.022868 0.010687 0.017964
161250.000000 0.014055 0.029631 -0.028958 -0.033088
161750.000000 -0.042354 -0.074526 0.076475 -0.081687
162250.000000 -0.045834 -0.012173 0.005839 -0.020370
162750.000000 0.007186 -0.043238 0.064019 0.016590
163250.000000 0.019390 0.016499 0.054131 0.125321
163750.000000 0.037543 0.007001 -0.006093 0.059713
164250.000000 -0.062829 0.053643 0.028800 -0.029625
164750.000000 0.014993 0.091063 -0.056629 0.055893
165250.000000 0.025560 0.037162 -0.030954 -0.037307
165750.000000 -0.077242 0.084778 -0.046660 -0.019444
166250.000000 -0.064629 -0.006407 0.024049 -0.019375
166750.000000 -0.044336 -0.059727 0.027468 -0.011174
167250.000000 -0.025805 -0.032901 0.008493 -0.060135
167750.000000 0.029371 0.017291 -0.014982 0.048626
168250.000000 -0.052789 0.005731 0.015526 0.041673
168750.000000 -0.033055 0.074520 0.108766 -0.077921
169250.000000 -0.015988 -0.069865 -0.043052 0.004161
169750.000000 0.010485 0.050500 -0.036597 0.097604
170250.000000 -0.055438 -0.006328 -0.047606 0.023723
170750.000000 -0.006434 0.051550 0.011917 0.051601
171250.000000 0.011962 -0.024720 -0.010840 0.055494
171750.000000 -0.030107 0.047235 -0.006351 -0.005110
172250.000000 0.077160 -0.014823 -0.025068 -0.003648
172750.000000 0.052945 -0.066774 -0.063499 -0.094191
173250.000000 0.056986 -0.000040 -0.088551 -0.089207
173750.000000 0.016757 -0.032995 0.038280 -0.058955
174250.000000 0.016036 0.094188 0.070997 0.051230
174750.000000 0.046083 0.012953 -0.017794 0.087430
175250.000000 -0.053961 0.079642 -0.034412 -0.020327
175750.000000 -0.041262 0.046354 -0.056737 0.012224
176250.000000 0.003073 -0.020002 -0.040436 -0.040935
176750.000000 0.012614 -0.013309 -0.032023 0.030585
177250.000000 0.016040 0.021018 0.063679 0.005086
177750.000000 0.059286 -0.026820 0.055326 0.028542
178250.000000 -0.028341 0.019353 0.076162 0.012655
178750.000000 -0.011766 -0.023637 0.072909 0.007396
179250.000000 0.039768 0.022546 -0.062129 0.034176
179750.000000 -0.091925 0.041457 -0.032035 -0.017619
180250.000000 -0.005802 0.001098 0.010234 -0.073986
180750.000000 -0.097426 0.053603 -0.040953 0.095032
181250.000000 -0.004919 0.005260 0.050271 0.036522
181750.000000 0.011460 0.049070 -0.004212 -0.079359
182250.000000 -0.037450 -0.015343 -0.017068 0.036908
182750.000000 -0.025319 0.018099 0.029376 0.095468
183250.000000 -0.055869 0.007677 -0.012546 0.020458
183750.000000 0.011598 0.010074 0.123293 0.103669
184250.000000 0.015336 -0.113128 -0.004276 0.045018
184750.000000 -0.050714 0.040822 -0.046152 -0.037376
185250.000000 -0.010271 0.029315 -0.007603 -0.055826
185750.000000 0.031113 0.031042 -0.071141 -0.076464
186250.000000 -0.026262 0.051737 -0.019117 -0.025478
186750.000000 0.066342 -0.004942 -0.009657 0.002807
187250.000000 0.075489 -0.028711 0.092442 -0.030148
187750.000000 0.000370 0.035732 -0.016833 -0.006115
188250.000000 0.052869 0.020592 0.025817 0.037510
188750.000000 0.019158 0.020870 0.061072 0.021792
189250.000000 0.038562 0.062892 0.114743 -0.027430
189750.000000 -0.006703 0.008917 0.038340 0.128526
190250.000000 0.022285 0.010151 0.013250 0.050553
190750.000000 -0.038549 0.031994 -0.008732 0.003965
191250.000000 -0.026008 0.022118 -0.052732 0.082751
191750.000000 0.025934 -0.042894 -0.015747 -0.011195
192250.000000 0.033865 0.009149 -0.020152 -0.130286
192750.000000 -0.018719 0.000848 0.064995 0.057449
193250.000000 0.079670 0.021522 -0.013085 0.013467
193750.000000 -0.028697 -0.058923 0.015373 0.129434
194250.000000 -0.075443 0.040264 0.049435 0.019553
194750.000000 -0.061848 -0.013793 0.035858 0.026522
195250.000000 0.043401 0.045746 0.031240 -0.062613
195750.000000 0.022317 -0.022894 -0.022275 -0.050166
196250.000000 -0.018930 0.060828 -0.037824 0.000745
196750.000000 -0.075741 -0.032105 -0.005903 0.009724
197250.000000 0.096607 0.001723 0.025130 0.047997
197750.000000 0.023654 0.007312 -0.067365 -0.055477
198250.000000 0.020848 0.030858 0.026406 -0.020834
198750.000000 -0.001419 -0.037099 0.030685 -0.010629
199250.000000 0.066538 0.025344 -0.002874 -0.020209
199750.000000 0.081833 -0.000852 -0.048991 -0.091411
