# Time-averaged data for fix rgnetA
# TimeStep c_gyrA
10000 31.1957
20000 31.2091
30000 31.2007
40000 31.1885
50000 31.1746
60000 31.1643
70000 31.1588
80000 31.1524
90000 31.1488
100000 31.1461
110000 31.1455
120000 31.1474
130000 31.1488
140000 31.1485
150000 31.1488
160000 31.1519
170000 31.1556
180000 31.1568
190000 31.1573
200000 31.1589
210000 31.1598
220000 31.1602
230000 31.1599
240000 31.1594
250000 31.1613
260000 31.1627
270000 31.1639
280000 31.1651
290000 31.1674
300000 31.1687
310000 31.1687
320000 31.1692
330000 31.1706
340000 31.1729
350000 31.1738
360000 31.1734
370000 31.1718
380000 31.1703
390000 31.1692
400000 31.168
410000 31.1677
420000 31.1681
430000 31.1683
440000 31.1688
450000 31.1694
460000 31.1704
470000 31.1715
480000 31.1732
490000 31.1751
500000 31.177
510000 31.1795
520000 31.1829
530000 31.1861
540000 31.1897
550000 31.1936
560000 31.1972
570000 31.2005
580000 31.2041
590000 31.2074
600000 31.211
610000 31.2145
620000 31.2177
630000 31.2203
640000 31.2243
650000 31.2281
660000 31.2315
670000 31.2356
680000 31.2396
690000 31.2434
700000 31.2471
710000 31.2508
720000 31.2551
730000 31.259
740000 31.2628
750000 31.2664
760000 31.2694
770000 31.2726
780000 31.2763
790000 31.2801
800000 31.2836
810000 31.2874
820000 31.2905
830000 31.2937
840000 31.2964
850000 31.2993
860000 31.3021
870000 31.3052
880000 31.3078
890000 31.3105
900000 31.3135
910000 31.3168
920000 31.32
930000 31.3231
940000 31.3263
950000 31.3293
960000 31.3323
970000 31.3349
980000 31.3375
990000 31.3396
1000000 31.3419
1010000 31.3446
1020000 31.3478
1030000 31.3509
1040000 31.3535
1050000 31.3561
1060000 31.3583
1070000 31.361
1080000 31.3638
1090000 31.3668
1100000 31.3698
1110000 31.373
1120000 31.3762
1130000 31.3799
1140000 31.3838
1150000 31.3876
1160000 31.391
1170000 31.3941
1180000 31.3972
1190000 31.4002
1200000 31.4032
1210000 31.4062
1220000 31.4089
1230000 31.4117
1240000 31.4136
1250000 31.4154
1260000 31.4171
1270000 31.4192
1280000 31.4215
1290000 31.4235
1300000 31.4254
1310000 31.4269
1320000 31.4286
1330000 31.4303
1340000 31.4318
1350000 31.4334
1360000 31.4349
1370000 31.4361
1380000 31.4371
1390000 31.438
1400000 31.4389
1410000 31.4395
1420000 31.4399
1430000 31.4403
1440000 31.4408
1450000 31.4415
1460000 31.442
1470000 31.4426
1480000 31.443
1490000 31.4434
1500000 31.4435
1510000 31.4438
1520000 31.4442
1530000 31.4447
1540000 31.4449
1550000 31.445
1560000 31.4452
1570000 31.4453
1580000 31.4454
1590000 31.4455
1600000 31.4458
1610000 31.4459
1620000 31.4459
1630000 31.4457
1640000 31.4454
1650000 31.4453
1660000 31.4453
1670000 31.4457
1680000 31.4459
1690000 31.4463
1700000 31.447
1710000 31.4476
1720000 31.4482
1730000 31.4489
1740000 31.4496
1750000 31.4502
1760000 31.4511
1770000 31.452
1780000 31.4529
1790000 31.4538
1800000 31.4544
1810000 31.4547
1820000 31.4548
1830000 31.4549
1840000 31.4548
1850000 31.4548
1860000 31.4548
1870000 31.4548
1880000 31.4548
1890000 31.4549
1900000 31.4549
1910000 31.4551
1920000 31.4554
1930000 31.4558
1940000 31.456
1950000 31.4561
1960000 31.4562
1970000 31.4562
1980000 31.4562
1990000 31.4562
2000000 31.4565
2010000 31.4568
2020000 31.4573
2030000 31.4576
2040000 31.458
2050000 31.4582
2060000 31.4586
2070000 31.459
2080000 31.4596
2090000 31.4602
2100000 31.4609
2110000 31.4618
2120000 31.4626
2130000 31.4636
2140000 31.4646
2150000 31.4655
2160000 31.4663
2170000 31.4668
2180000 31.4671
2190000 31.4675
2200000 31.4679
2210000 31.4683
2220000 31.4687
2230000 31.4691
2240000 31.4693
2250000 31.4694
2260000 31.4696
2270000 31.4697
2280000 31.4699
2290000 31.4701
2300000 31.4701
2310000 31.4703
2320000 31.4704
2330000 31.4707
2340000 31.4708
2350000 31.4708
2360000 31.4708
2370000 31.4708
2380000 31.4707
2390000 31.4707
2400000 31.4707
2410000 31.4708
2420000 31.4708
2430000 31.4708
2440000 31.471
2450000 31.4711
2460000 31.4714
2470000 31.4717
2480000 31.4721
2490000 31.4724
2500000 31.4728
2510000 31.4731
2520000 31.4736
2530000 31.4741
2540000 31.4745
2550000 31.4749
2560000 31.4755
2570000 31.4759
2580000 31.4763
2590000 31.4769
2600000 31.4773
2610000 31.4775
2620000 31.4777
2630000 31.4778
2640000 31.478
2650000 31.4784
2660000 31.479
2670000 31.4797
2680000 31.4805
2690000 31.4813
2700000 31.4821
2710000 31.483
2720000 31.4838
2730000 31.4847
2740000 31.4856
2750000 31.4865
2760000 31.4875
2770000 31.4885
2780000 31.4894
2790000 31.4902
2800000 31.491
2810000 31.4918
2820000 31.4924
2830000 31.4931
2840000 31.4938
2850000 31.4945
2860000 31.4952
2870000 31.4959
2880000 31.4967
2890000 31.4975
2900000 31.4983
2910000 31.4992
2920000 31.5002
2930000 31.5013
2940000 31.5022
2950000 31.5031
2960000 31.5041
2970000 31.505
2980000 31.506
2990000 31.5071
3000000 31.5081
3010000 31.5094
3020000 31.5106
3030000 31.5118
3040000 31.5129
3050000 31.5141
3060000 31.5152
3070000 31.5162
3080000 31.5173
3090000 31.5185
3100000 31.5197
3110000 31.5211
3120000 31.5223
3130000 31.5236
3140000 31.5249
3150000 31.526
3160000 31.5271
3170000 31.5283
3180000 31.5296
3190000 31.5309
3200000 31.5322
3210000 31.5335
3220000 31.5348
3230000 31.5362
3240000 31.5375
3250000 31.539
3260000 31.5404
3270000 31.5418
3280000 31.5433
3290000 31.5448
3300000 31.5463
3310000 31.548
3320000 31.5497
3330000 31.5513
3340000 31.553
3350000 31.5548
3360000 31.5566
3370000 31.5585
3380000 31.5604
3390000 31.5624
3400000 31.5643
3410000 31.5662
3420000 31.5679
3430000 31.5696
3440000 31.5712
3450000 31.5729
3460000 31.5745
3470000 31.576
3480000 31.5775
3490000 31.579
3500000 31.5807
3510000 31.5823
3520000 31.5838
3530000 31.5853
3540000 31.5867
3550000 31.5883
3560000 31.5898
3570000 31.5914
3580000 31.593
3590000 31.5947
3600000 31.5965
3610000 31.5981
3620000 31.5998
3630000 31.6017
3640000 31.6036
3650000 31.6054
3660000 31.6073
3670000 31.6089
3680000 31.6105
3690000 31.6122
3700000 31.6139
3710000 31.6157
3720000 31.6174
3730000 31.6192
3740000 31.6211
3750000 31.623
3760000 31.625
3770000 31.6269
3780000 31.629
3790000 31.6311
3800000 31.6331
3810000 31.6351
3820000 31.6371
3830000 31.6392
3840000 31.6413
3850000 31.6435
3860000 31.6456
3870000 31.6478
3880000 31.6499
3890000 31.6522
3900000 31.6545
3910000 31.6568
3920000 31.6589
3930000 31.6612
3940000 31.6636
3950000 31.666
3960000 31.6685
3970000 31.6711
3980000 31.6737
3990000 31.6763
4000000 31.6788
4010000 31.6814
4020000 31.684
4030000 31.6867
4040000 31.6894
4050000 31.6918
4060000 31.6942
4070000 31.6966
4080000 31.6989
4090000 31.7013
4100000 31.7038
4110000 31.7064
4120000 31.709
4130000 31.7116
4140000 31.7143
4150000 31.7169
4160000 31.7195
4170000 31.722
4180000 31.7245
4190000 31.7271
4200000 31.7296
4210000 31.7321
4220000 31.7344
4230000 31.7367
4240000 31.739
4250000 31.7414
4260000 31.7438
4270000 31.7461
4280000 31.7484
4290000 31.7506
4300000 31.7529
4310000 31.7551
4320000 31.7571
4330000 31.7593
4340000 31.7616
4350000 31.7638
4360000 31.7661
4370000 31.7684
4380000 31.7706
4390000 31.7729
4400000 31.7752
4410000 31.7775
4420000 31.7797
4430000 31.7819
4440000 31.784
4450000 31.7861
4460000 31.7882
4470000 31.7904
4480000 31.7925
4490000 31.7948
4500000 31.7969
4510000 31.7991
4520000 31.8013
4530000 31.8035
4540000 31.8059
4550000 31.8084
4560000 31.8109
4570000 31.8135
4580000 31.816
4590000 31.8186
4600000 31.8213
4610000 31.824
4620000 31.8266
4630000 31.8292
4640000 31.8317
4650000 31.8342
4660000 31.8365
4670000 31.8387
4680000 31.8409
4690000 31.843
4700000 31.8453
4710000 31.8477
4720000 31.8501
4730000 31.8524
4740000 31.8547
4750000 31.857
4760000 31.8592
4770000 31.8615
4780000 31.8638
4790000 31.866
4800000 31.8682
4810000 31.8705
4820000 31.8728
4830000 31.875
4840000 31.8772
4850000 31.8793
4860000 31.8815
4870000 31.8837
4880000 31.8859
4890000 31.888
4900000 31.8901
4910000 31.8923
4920000 31.8943
4930000 31.8964
4940000 31.8986
4950000 31.9007
4960000 31.9028
4970000 31.9049
4980000 31.9068
4990000 31.9087
5000000 31.9106
5010000 31.9125
5020000 31.9144
5030000 31.9162
5040000 31.9181
5050000 31.9198
5060000 31.9215
5070000 31.9232
5080000 31.9249
5090000 31.9266
5100000 31.9283
5110000 31.9299
5120000 31.9315
5130000 31.9331
5140000 31.9346
5150000 31.9362
5160000 31.9378
5170000 31.9395
5180000 31.9412
5190000 31.943
5200000 31.9448
5210000 31.9466
5220000 31.9485
5230000 31.9503
5240000 31.9522
5250000 31.954
5260000 31.9559
5270000 31.9578
5280000 31.9597
5290000 31.9617
5300000 31.9636
5310000 31.9656
5320000 31.9676
5330000 31.9696
5340000 31.9714
5350000 31.9733
5360000 31.9751
5370000 31.9769
5380000 31.9788
5390000 31.9807
5400000 31.9825
5410000 31.9843
5420000 31.9859
5430000 31.9876
5440000 31.9892
5450000 31.9908
5460000 31.9923
5470000 31.9939
5480000 31.9955
5490000 31.997
5500000 31.9987
5510000 32.0004
5520000 32.0023
5530000 32.0041
5540000 32.0058
5550000 32.0074
5560000 32.0089
5570000 32.0105
5580000 32.012
5590000 32.0136
5600000 32.0152
5610000 32.0168
5620000 32.0184
5630000 32.02
5640000 32.0215
5650000 32.0231
5660000 32.0246
5670000 32.0261
5680000 32.0276
5690000 32.029
5700000 32.0304
5710000 32.0317
5720000 32.033
5730000 32.0343
5740000 32.0356
5750000 32.0369
5760000 32.0383
5770000 32.0397
5780000 32.0412
5790000 32.0425
5800000 32.0438
5810000 32.0449
5820000 32.0459
5830000 32.047
5840000 32.048
5850000 32.0491
5860000 32.0501
5870000 32.0513
5880000 32.0525
5890000 32.0538
5900000 32.0549
5910000 32.0561
5920000 32.0573
5930000 32.0586
5940000 32.0598
5950000 32.061
5960000 32.0621
5970000 32.0632
5980000 32.0643
5990000 32.0654
6000000 32.0665
