10.000000 2.365803 3.182438 2.242152 2.172420
20.000000 0.780385 0.803670 0.778515 0.869041
30.000000 0.609449 0.644921 0.573431 0.621872
40.000000 0.508139 0.357373 0.322695 0.300676
50.000000 0.417133 0.358800 0.208775 0.263275
60.000000 0.216185 0.279533 0.141408 0.265665
70.000000 0.222600 0.201818 0.187346 0.209631
80.000000 0.270087 0.270043 0.183383 0.234102
90.000000 0.100067 0.181794 0.172927 0.207003
100.000000 0.255910 0.188913 0.203359 0.155617
110.000000 0.139896 0.134144 0.226751 0.180742
120.000000 0.174989 0.138311 0.035091 0.226692
130.000000 0.168578 0.200745 0.092558 0.251027
140.000000 0.124875 0.107089 0.063616 0.131346
150.000000 0.145772 0.141362 0.101733 0.099207
160.000000 0.112153 0.169852 0.110337 0.094342
170.000000 0.169969 0.081644 0.165079 0.056476
180.000000 0.135846 0.129821 0.147964 0.124811
190.000000 0.153427 0.123092 0.122110 0.005610
200.000000 0.115701 0.033733 0.135769 0.130542
210.000000 0.123501 0.043009 0.086566 0.111944
220.000000 0.065714 0.069659 0.000831 0.006492
230.000000 0.051547 0.056371 0.029998 0.096575
240.000000 0.166424 0.185546 0.071817 0.191322
250.000000 0.094902 0.079909 0.073831 0.256413
260.000000 0.115959 0.070825 0.063238 0.176017
270.000000 0.114595 0.139273 0.144686 0.029460
280.000000 0.153516 0.064509 0.091100 0.055687
290.000000 0.223306 0.127336 0.158278 0.106957
300.000000 0.197372 0.115382 0.148376 0.020757
310.000000 0.085940 -0.040814 0.096336 -0.039550
320.000000 0.111198 0.086220 0.007560 0.075108
330.000000 0.068235 0.090929 0.071824 0.015193
340.000000 0.075875 0.042684 -0.022573 0.052117
350.000000 0.075411 0.119377 0.097102 0.008934
360.000000 0.111969 0.040422 0.223526 -0.007740
370.000000 0.021157 0.087866 0.123039 0.058646
380.000000 0.099934 -0.023818 0.118963 -0.010212
390.000000 0.046053 0.075625 0.075479 -0.034496
400.000000 -0.004607 0.067054 0.029941 0.031567
410.000000 0.061169 0.030374 0.133235 0.076273
420.000000 0.012421 0.013136 0.087049 -0.065616
430.000000 0.044035 -0.054768 0.147668 -0.016241
440.000000 0.051284 0.052410 0.119714 0.153149
450.000000 0.027271 0.003786 0.032289 0.133358
460.000000 0.087786 -0.018815 0.080395 0.136972
470.000000 0.028502 0.014559 0.039708 0.042623
480.000000 0.044549 0.051861 -0.012429 0.037195
490.000000 0.003407 0.100985 0.041456 0.071182
500.000000 0.054740 0.082424 0.007276 0.073418
510.000000 0.064989 0.044066 -0.015133 0.065973
550.000000 0.091699 0.046225 0.090370 0.085101
600.000000 0.092104 0.027633 0.070788 0.076405
650.000000 0.090745 0.090229 0.091678 0.052029
700.000000 0.035004 0.022762 0.072050 0.084812
750.000000 0.089930 0.080434 0.093212 0.027614
800.000000 0.045679 0.034298 0.086879 0.096655
850.000000 0.093280 0.036506 0.047657 0.012639
900.000000 0.060537 -0.028545 0.042528 0.071741
950.000000 0.048794 0.059837 0.032009 0.039067
1000.000000 0.033291 0.030505 -0.004358 0.023101
1050.000000 0.010713 0.085231 -0.026601 0.023784
1100.000000 0.010349 0.099372 0.024255 0.010078
1150.000000 0.059174 0.010170 -0.001725 0.020669
1200.000000 0.073483 0.020912 0.026457 0.038846
1250.000000 0.064954 0.006968 0.003022 0.058088
1300.000000 0.078893 0.007417 0.042768 0.060125
1350.000000 0.084143 0.061181 0.033455 -0.017289
1400.000000 0.091158 0.034788 0.047150 0.072603
1450.000000 0.057429 0.035913 -0.000299 0.052560
1500.000000 0.030508 0.057826 0.025727 0.024384
1550.000000 0.013141 0.055026 0.064350 0.063109
1600.000000 -0.004038 0.034154 0.025469 0.042219
1650.000000 0.030636 0.039631 0.040604 0.029560
1700.000000 0.027389 0.013060 -0.020487 0.034039
1750.000000 -0.006170 0.030946 -0.019121 0.086805
1800.000000 0.045373 0.044041 -0.041694 0.044299
1850.000000 0.020018 0.080634 -0.033367 0.029032
1900.000000 0.064851 0.030110 0.008856 0.075337
1950.000000 0.079140 0.052239 0.022994 0.014365
2000.000000 0.038822 0.032306 0.063058 0.013557
2050.000000 -0.000643 0.005321 0.036173 0.033148
2100.000000 0.058264 -0.030379 0.038039 0.066679
2150.000000 0.064122 0.035501 -0.008628 0.054297
2200.000000 0.046545 0.064455 0.057698 0.015280
2250.000000 0.020709 0.031804 0.043069 0.006240
2300.000000 0.002782 -0.032623 0.065697 0.032012
2350.000000 0.019218 0.085076 0.077230 0.020630
2400.000000 0.030518 0.050165 0.041821 0.092140
2450.000000 0.012286 -0.017738 0.041051 0.038739
2500.000000 0.060459 0.084963 0.033244 0.023265
2550.000000 0.001695 0.036749 -0.023593 -0.021298
2600.000000 0.013645 0.048892 0.025614 -0.003532
2650.000000 0.029185 0.020400 0.040635 0.032965
2700.000000 0.026898 0.012681 0.043347 -0.015029
2750.000000 0.023987 0.112361 0.073332 0.061458
2800.000000 -0.025964 0.063015 0.068594 0.049731
2850.000000 0.013817 0.065467 0.048309 0.018156
2900.000000 -0.017283 0.012689 0.042749 0.004721
2950.000000 0.050566 0.056140 0.025241 0.033742
3000.000000 0.042474 0.070001 0.032511 0.020007
3050.000000 0.056071 0.002358 0.046295 -0.004559
3100.000000 0.067440 -0.050503 -0.000151 0.019089
3150.000000 0.028764 0.021464 0.013284 0.035158
3200.000000 -0.009091 0.008741 -0.009235 -0.001833
3250.000000 0.013469 0.005312 0.008487 -0.011536
3300.000000 0.043525 0.027942 0.010261 0.042223
3350.000000 0.036351 0.016806 -0.015493 0.003363
3400.000000 0.012508 0.020935 0.027946 0.006365
3450.000000 0.025492 0.083110 0.006131 0.026097
3500.000000 0.041610 0.047708 0.042736 -0.012929
3550.000000 0.048725 0.069875 0.039379 0.035608
3600.000000 0.042298 0.072518 -0.021833 -0.059800
3650.000000 -0.012354 0.015258 0.046208 0.007601
3700.000000 0.050140 0.051313 -0.012651 0.041009
3750.000000 0.050032 0.004778 0.054960 0.014771
3800.000000 0.092638 0.009974 0.051713 0.012292
3850.000000 0.008893 -0.024413 0.006085 -0.020950
3900.000000 -0.009601 0.060812 0.047452 0.045113
3950.000000 -0.064878 0.038815 0.024038 0.005021
4000.000000 -0.017269 -0.000552 0.024753 0.011618
4050.000000 0.001682 0.027291 0.033528 -0.014639
4100.000000 0.045189 0.000311 0.028910 0.007976
4150.000000 0.028790 -0.011394 0.054084 0.053669
4200.000000 -0.010215 -0.017536 0.070253 0.042949
4250.000000 0.028707 0.011862 0.026293 0.053781
4300.000000 0.016629 0.020511 0.027625 0.050358
4350.000000 0.038933 0.041248 0.052257 -0.010831
4400.000000 0.024378 0.031462 0.021509 0.064117
4450.000000 0.010902 0.016853 0.047875 0.013318
4500.000000 -0.008095 -0.059167 0.021202 0.028614
4550.000000 -0.003807 -0.031087 -0.017528 0.008106
4600.000000 -0.018923 0.099053 0.027415 0.076707
4650.000000 0.036571 0.035868 0.023396 0.049991
4700.000000 -0.027317 0.024887 0.033122 0.041716
4750.000000 0.036837 0.018626 0.087116 0.013443
4800.000000 0.007368 0.038668 0.005998 -0.019747
4850.000000 0.045723 -0.009860 0.006572 0.014287
4900.000000 0.033501 0.022610 -0.020980 0.051450
4950.000000 0.085686 0.019762 0.045679 0.032694
5000.000000 0.040393 0.007094 0.049974 0.064232
5050.000000 0.039057 0.002626 0.085005 0.002457
5100.000000 0.047567 0.047250 -0.007387 0.025832
5150.000000 0.039509 0.022632 -0.002916 0.040542
5200.000000 0.039538 -0.004165 -0.005223 0.010969
5250.000000 0.028744 0.013716 0.034065 0.044018
5300.000000 0.015747 0.010847 0.050012 0.045418
5350.000000 0.024495 0.052808 0.030019 0.001500
5400.000000 -0.036432 0.034703 0.006688 0.034533
5450.000000 -0.007422 0.011908 0.066011 0.033242
5500.000000 -0.015483 0.021138 0.052454 0.053324
5550.000000 0.058055 0.055959 0.043688 0.023323
5600.000000 0.022000 0.017500 -0.002947 0.021276
5650.000000 0.038221 0.029124 -0.011214 -0.020129
5700.000000 -0.032706 0.012344 0.080363 0.019145
5750.000000 -0.010123 -0.041184 0.006762 -0.012751
5800.000000 -0.008357 -0.054698 0.047534 0.001313
5850.000000 -0.001174 -0.030171 -0.008396 0.012027
5900.000000 -0.023998 0.035447 0.080726 -0.001673
5950.000000 0.030476 0.032493 0.014950 0.089721
6000.000000 0.005984 0.023041 0.015820 0.051145
6050.000000 0.018335 -0.017964 0.022344 -0.004103
6100.000000 0.001190 0.019291 0.031131 0.069113
6150.000000 -0.001435 -0.014254 0.014761 0.051431
6200.000000 0.022237 0.027322 -0.002807 0.054529
6250.000000 -0.016624 -0.000955 0.069643 -0.004691
6300.000000 0.033132 0.005323 -0.032087 0.082929
6350.000000 0.012222 0.017747 -0.010607 0.001424
6400.000000 -0.028490 0.022012 0.016470 -0.023485
6450.000000 0.053102 0.035414 0.038361 -0.049827
6500.000000 0.019337 0.020655 0.018835 0.010833
6550.000000 0.027150 -0.022055 0.031175 0.086024
6600.000000 0.032376 -0.011033 0.037701 0.019324
6650.000000 0.043106 -0.004727 0.024925 0.033291
6700.000000 0.048519 0.006226 0.034380 0.007284
6750.000000 0.012861 0.027722 0.026329 0.002498
6800.000000 -0.012743 0.044809 0.030615 0.030698
6850.000000 0.020427 -0.024628 -0.006469 -0.028841
6900.000000 -0.024829 0.001823 0.054465 -0.015080
6950.000000 -0.016997 0.012266 0.045011 0.058631
7000.000000 0.011765 0.016964 -0.037949 0.036168
7050.000000 -0.045230 0.018820 -0.016750 -0.039664
7100.000000 -0.008751 0.003518 -0.026735 -0.011594
7150.000000 0.021767 -0.035319 -0.043311 0.067133
7200.000000 0.044670 -0.006943 0.042174 0.056768
7250.000000 -0.046588 -0.008213 0.044480 -0.033638
7300.000000 -0.013286 0.043943 -0.010067 0.006132
7350.000000 -0.001724 0.016078 -0.048361 -0.023168
7400.000000 -0.023417 0.049287 -0.047942 0.057047
7450.000000 0.028736 0.063693 -0.010711 0.016198
7500.000000 0.006342 0.048926 0.009111 0.009535
7550.000000 -0.006137 0.022063 -0.020727 0.003944
7600.000000 0.025003 -0.005703 0.057520 -0.032204
7650.000000 0.053309 0.044339 -0.001932 0.068736
7700.000000 0.036108 0.002736 0.020803 -0.006817
7750.000000 0.041136 0.015495 0.012922 -0.000779
7800.000000 0.012626 0.012225 -0.028404 0.028714
7850.000000 0.020616 0.013347 0.067769 -0.008545
7900.000000 0.011995 0.024801 0.054315 0.004104
7950.000000 0.045559 0.017354 0.015893 0.026954
8000.000000 -0.019074 0.006280 0.056703 -0.022195
8050.000000 0.008916 0.064028 0.031062 0.003683
8100.000000 0.005067 0.018122 0.005444 0.004551
8150.000000 0.002993 0.023473 0.013876 -0.054601
8200.000000 -0.001284 0.013461 -0.024300 -0.015834
8250.000000 -0.012022 -0.004261 -0.032137 0.023964
8300.000000 -0.045741 -0.001877 -0.011258 0.004820
8350.000000 0.011373 -0.065768 0.015400 0.057038
8400.000000 -0.008452 0.012504 -0.047512 -0.004891
8450.000000 0.014001 0.023555 0.008110 -0.044960
8500.000000 0.013645 0.018850 0.004034 -0.021147
8550.000000 0.022537 -0.020537 0.012721 -0.000133
8600.000000 0.005990 -0.004342 0.024168 0.010049
8650.000000 0.010081 0.000082 0.039291 -0.005268
8700.000000 -0.049811 -0.056600 0.008624 -0.011332
8750.000000 -0.019694 -0.016607 0.017462 -0.020616
8800.000000 0.039043 -0.031215 0.000576 0.041692
8850.000000 0.002148 -0.019773 0.009696 0.009053
8900.000000 0.010633 -0.002889 0.041955 -0.053432
8950.000000 0.008502 -0.016037 0.043757 -0.024334
9000.000000 0.011063 -0.010105 -0.044040 -0.082628
9050.000000 -0.026696 0.029012 0.051717 -0.006413
9100.000000 -0.009362 0.028896 0.022775 -0.000145
9150.000000 0.008701 0.043960 -0.004219 -0.007564
9200.000000 -0.011163 0.040533 -0.031330 -0.037774
9250.000000 0.030201 0.008913 0.021249 -0.058213
9300.000000 -0.013998 -0.002827 0.014183 -0.025639
9350.000000 0.021465 0.008824 0.034861 0.030834
9400.000000 0.067375 -0.012308 0.007715 -0.013439
9450.000000 0.042105 0.038719 -0.021261 0.022007
9500.000000 0.046577 0.021399 -0.017034 -0.013799
9550.000000 0.059537 0.010686 0.011051 0.027945
9600.000000 0.031505 0.008732 0.023289 0.034315
9650.000000 0.020840 0.040701 0.020654 0.018722
9700.000000 -0.005970 0.067217 -0.005316 0.027281
9750.000000 -0.006179 0.033409 0.070370 -0.036732
9800.000000 -0.012172 0.002249 0.008989 -0.086349
9850.000000 0.076950 -0.032516 -0.014331 -0.061328
9900.000000 0.013253 0.007586 -0.006335 -0.018776
9950.000000 -0.032212 0.014024 -0.048871 0.034991
10000.000000 -0.000698 -0.000237 -0.059266 -0.048561
10090.000000 0.002187 -0.023083 0.014173 0.021612
10240.000000 0.006285 -0.001778 0.000254 0.022278
10390.000000 -0.002006 -0.025922 0.024797 0.019009
10540.000000 0.022190 0.032464 0.066149 0.024699
10690.000000 0.001317 0.015715 0.025222 -0.048669
10840.000000 -0.031334 0.023654 0.029959 0.005390
10990.000000 0.010215 -0.007855 0.000315 -0.015737
11140.000000 0.039399 0.012682 0.014870 -0.007362
11290.000000 0.038343 -0.000171 0.020886 -0.015314
11440.000000 0.054539 -0.007795 0.007298 0.012817
11590.000000 -0.000809 0.015380 -0.010368 0.042635
11740.000000 0.027163 -0.023596 0.042347 -0.001023
11890.000000 -0.015100 -0.008383 -0.025110 0.038673
12040.000000 0.038773 -0.000543 0.018725 0.004648
12190.000000 0.046382 0.001816 0.030110 0.021103
12340.000000 0.014104 -0.014178 0.016234 -0.012883
12490.000000 0.009128 -0.017246 0.024566 -0.009818
12640.000000 0.019465 -0.003690 0.028888 -0.026764
12790.000000 0.014765 0.006552 0.063303 0.018563
12940.000000 -0.002384 0.021756 0.030113 0.032714
13090.000000 0.022303 -0.024627 -0.020605 0.025191
13240.000000 0.006452 -0.027794 0.026288 -0.004883
13390.000000 0.030985 -0.010923 0.017374 0.013129
13540.000000 0.037468 -0.036854 -0.006887 -0.020749
13690.000000 0.033879 0.011395 0.024382 0.018813
13840.000000 0.027335 -0.017104 0.031265 0.002541
13990.000000 0.017114 -0.016809 -0.014665 0.018033
14140.000000 0.007695 0.016900 -0.022448 0.021561
14290.000000 0.017573 0.005599 -0.045923 0.027230
14440.000000 0.043095 0.011393 0.015008 -0.004468
14590.000000 0.028158 -0.019694 -0.007620 0.022402
14740.000000 -0.023306 0.020747 -0.020665 0.023742
14890.000000 0.013687 0.019832 0.003503 0.014299
15040.000000 0.004763 -0.007601 -0.010369 0.015281
15190.000000 0.008402 -0.001340 0.034421 0.018221
15340.000000 0.034907 0.006762 0.006901 0.005650
15490.000000 0.019309 0.017277 0.040479 0.000698
15640.000000 0.044465 0.054822 0.000043 0.041022
15790.000000 0.030888 -0.010868 -0.032660 0.009235
15940.000000 0.000619 -0.001216 0.000320 0.012155
16090.000000 0.008191 0.012770 0.015243 0.005969
16240.000000 -0.032581 0.001291 0.025875 -0.030676
16390.000000 0.006680 0.017093 0.016870 0.017209
16540.000000 0.010605 0.014080 0.022709 0.021902
16690.000000 -0.017615 -0.005482 0.052599 0.022205
16840.000000 0.018218 0.002604 0.013617 0.034502
16990.000000 -0.003035 -0.050825 0.015275 0.054439
17140.000000 0.007107 -0.002853 0.021468 0.012315
17290.000000 0.048221 -0.004128 -0.003121 0.035305
17440.000000 0.022848 0.032643 0.019457 0.033705
17590.000000 -0.017382 0.010219 -0.005051 0.018096
17740.000000 0.049552 0.004542 -0.000887 0.019161
17890.000000 0.037391 0.025049 -0.014568 0.011944
18040.000000 -0.006701 0.007991 -0.027266 -0.005326
18190.000000 0.031961 -0.002571 -0.008135 -0.017681
18340.000000 0.012873 -0.006167 0.023621 0.032232
18490.000000 -0.013574 0.047674 0.012899 0.015604
18640.000000 0.010762 0.038802 -0.001484 0.004139
18790.000000 0.021612 -0.005900 0.006635 0.024063
18940.000000 -0.001961 0.016073 -0.008808 0.015589
19090.000000 0.044486 0.002355 0.007066 0.015095
19240.000000 0.026172 0.034297 0.000243 0.014988
19390.000000 0.017385 0.008485 0.005867 0.000086
19540.000000 -0.022204 0.030004 -0.010950 0.018307
19690.000000 0.027191 0.005632 0.044198 0.000578
19840.000000 0.029865 0.018134 0.036914 0.011433
19990.000000 0.020197 0.026924 0.001588 0.019347
20140.000000 0.038952 -0.013921 0.013300 0.044305
20290.000000 -0.023239 0.005959 -0.032320 0.036407
20440.000000 0.014961 0.013177 -0.010921 0.005242
20590.000000 0.010097 -0.005425 -0.001859 -0.016554
20740.000000 0.032923 -0.013216 -0.014488 -0.038019
20890.000000 0.040089 0.013264 0.006734 0.006151
21040.000000 0.028832 -0.002530 -0.018976 0.016567
21190.000000 0.013118 -0.017961 -0.010909 -0.006840
21340.000000 -0.038666 0.002417 0.006273 0.007570
21490.000000 -0.018174 0.006801 0.034291 0.015761
21640.000000 -0.009437 0.036148 0.026054 0.009815
21790.000000 0.010839 0.031390 -0.019839 0.008917
21940.000000 -0.003610 0.004730 0.061579 -0.005942
22090.000000 -0.016019 0.018769 0.006055 -0.009557
22240.000000 0.036199 0.039253 0.019025 0.016835
22390.000000 0.001186 -0.005804 -0.029401 0.007406
22540.000000 0.008808 -0.013570 0.029651 0.030574
22690.000000 -0.011367 -0.011558 0.015511 -0.007439
22840.000000 0.017451 -0.004532 -0.011705 0.015411
22990.000000 0.048971 -0.016654 0.000912 0.014289
23140.000000 0.000678 -0.025539 0.039715 0.016727
23290.000000 0.005213 0.009391 0.007623 -0.026712
23440.000000 -0.011928 0.001499 -0.008147 0.028445
23590.000000 -0.009976 -0.012918 -0.018917 0.004135
23740.000000 -0.005607 -0.029482 0.019983 -0.026012
23890.000000 -0.007383 -0.014114 -0.011142 -0.004043
24040.000000 0.011747 -0.005893 -0.001512 0.003058
24190.000000 0.031041 0.028620 0.028253 0.015365
24340.000000 -0.018215 0.036018 0.000506 -0.005361
24490.000000 -0.009441 0.005888 -0.016682 0.003979
24640.000000 0.006603 0.009164 -0.013215 0.025934
24790.000000 0.008554 0.030439 0.017381 0.008269
24940.000000 -0.033771 -0.003444 0.010091 0.009994
25090.000000 0.040072 0.000531 0.001616 -0.003270
25240.000000 0.013402 0.008048 -0.013818 -0.054945
25390.000000 -0.014539 0.017702 -0.034294 0.016124
25540.000000 0.038317 -0.019146 0.019587 0.022301
25690.000000 0.019587 0.019365 0.006696 0.042391
25840.000000 0.002948 0.020130 -0.000230 -0.018345
25990.000000 0.002664 0.001921 0.009175 0.008179
26140.000000 -0.013771 -0.011312 -0.022266 -0.032779
26290.000000 0.015155 -0.001299 -0.009681 -0.020260
26440.000000 -0.008266 0.019550 -0.006907 0.003586
26590.000000 0.005203 0.021545 0.002045 -0.014711
26740.000000 -0.023983 0.010679 0.006851 -0.012742
26890.000000 -0.014548 0.036599 0.029490 -0.038851
27040.000000 0.025312 0.003079 0.031496 0.040024
27190.000000 -0.005412 0.025835 0.005099 0.025105
27340.000000 0.004288 -0.004893 0.019617 0.004326
27490.000000 -0.027119 -0.033796 -0.005538 -0.013852
27640.000000 -0.005943 -0.003791 -0.019870 -0.005423
27790.000000 -0.000954 -0.004186 -0.007290 -0.008650
27940.000000 -0.005455 -0.039136 0.007220 -0.021690
28090.000000 -0.024989 -0.047233 -0.000461 0.000881
28240.000000 -0.010795 0.016125 -0.002478 -0.043252
28390.000000 0.004189 0.001714 -0.001008 -0.003243
28540.000000 0.007257 -0.045088 -0.004977 0.017140
28690.000000 0.029361 -0.018122 -0.029152 0.035430
28840.000000 -0.012284 -0.001866 -0.018342 0.005639
28990.000000 -0.004315 0.007369 -0.005295 -0.022445
29140.000000 -0.014309 0.031452 0.024891 -0.006677
29290.000000 0.030232 0.020310 -0.023366 -0.037123
29440.000000 0.011752 0.000343 -0.008293 -0.000644
29590.000000 0.030121 0.025792 0.003303 0.008239
29740.000000 0.026258 0.014636 0.010852 0.011824
29890.000000 -0.012173 -0.031935 -0.009151 -0.004164
30040.000000 0.006584 0.012589 0.031800 -0.037233
30190.000000 -0.009434 0.018579 -0.018979 -0.034373
30340.000000 0.004306 0.000008 -0.021357 -0.004065
30490.000000 0.009372 0.020216 -0.002070 0.023911
30640.000000 -0.035160 0.021051 0.020207 -0.006183
30790.000000 -0.004918 0.020712 0.058490 -0.024333
30940.000000 0.008293 -0.026488 0.001990 0.008411
31090.000000 0.002645 -0.031599 -0.007849 0.001446
31240.000000 0.025153 -0.032390 0.005125 0.028014
31390.000000 0.034460 -0.005323 0.007794 -0.032048
31540.000000 0.007192 -0.034177 0.031939 0.007390
31690.000000 -0.003766 -0.034210 0.055390 -0.015915
31840.000000 -0.030308 0.027135 0.002260 0.006188
31990.000000 0.033842 -0.014950 0.004140 0.017823
32140.000000 0.057406 0.008803 0.031882 -0.016404
32290.000000 -0.015816 0.001253 0.006356 0.025761
32440.000000 -0.004517 0.030374 -0.020923 -0.024932
32590.000000 0.015137 0.014375 0.002455 0.028045
32740.000000 0.007854 0.014596 0.004931 0.023697
32890.000000 0.028215 0.029377 -0.037835 -0.017093
33040.000000 0.011455 0.014421 -0.010372 0.032567
33190.000000 -0.012782 0.003528 -0.004069 0.010490
33340.000000 -0.001114 -0.005936 0.012414 -0.031451
33490.000000 0.020111 0.017131 0.017853 0.003001
33640.000000 -0.027541 -0.017341 -0.002263 0.011147
33790.000000 -0.044236 0.018906 0.020565 0.001411
33940.000000 0.042627 -0.041539 0.028256 0.057566
34090.000000 0.016543 0.002324 -0.005683 0.017081
34240.000000 -0.005579 0.004313 0.005246 0.003145
34390.000000 0.009683 0.015770 -0.006614 -0.015033
34540.000000 0.009769 0.007213 0.011961 -0.032394
34690.000000 0.011284 0.019785 -0.000786 0.012584
34840.000000 -0.009852 -0.000370 -0.004294 -0.006456
34990.000000 0.000087 -0.011981 0.002342 -0.017876
35140.000000 -0.010214 -0.005414 0.024300 0.030273
35290.000000 -0.025168 0.016387 0.009098 0.024112
35440.000000 0.026880 0.004623 0.027627 -0.012808
35590.000000 0.013561 -0.008550 -0.025169 -0.013388
35740.000000 -0.022397 0.020229 0.006608 0.015016
35890.000000 0.013387 -0.014214 0.016176 0.036694
36040.000000 -0.010641 -0.001905 -0.007470 0.013213
36190.000000 0.010305 -0.035962 -0.006714 -0.003262
36340.000000 -0.019835 0.053307 -0.006588 0.010349
36490.000000 -0.017618 0.005963 0.029024 0.018289
36640.000000 0.005958 0.036888 0.028894 -0.018366
36790.000000 0.009938 0.010523 0.014803 -0.011223
36940.000000 0.004178 0.038542 0.010185 0.026713
37090.000000 -0.000605 0.017054 -0.008543 -0.031976
37240.000000 -0.029748 -0.036780 0.008740 0.044725
37390.000000 -0.009798 0.016938 -0.011365 0.004119
37540.000000 -0.008021 0.015686 0.028134 -0.005212
37690.000000 0.013613 -0.009386 -0.026796 0.037000
37840.000000 -0.013563 -0.005597 -0.020413 0.021063
37990.000000 -0.005685 0.032194 0.032520 -0.013881
38140.000000 -0.019963 -0.031456 0.018542 0.007442
38290.000000 0.034830 0.001082 0.032463 0.023598
38440.000000 0.006664 0.009614 -0.009034 0.003458
38590.000000 0.005931 0.011333 -0.000781 0.021441
38740.000000 -0.006076 0.037598 0.038810 0.011892
38890.000000 0.023264 0.014480 0.039108 -0.001688
39040.000000 -0.000374 -0.013447 0.034028 0.025648
39190.000000 0.001335 0.025056 0.024112 0.037496
39340.000000 0.014396 0.007131 0.025536 -0.011776
39490.000000 0.018241 -0.018927 0.050381 -0.000460
39640.000000 -0.006436 0.021309 0.015596 0.025677
39790.000000 -0.003682 -0.000243 0.012274 0.022867
39940.000000 0.004098 -0.020439 -0.017203 0.023315
40090.000000 0.000225 0.011684 0.004301 0.022166
40240.000000 -0.014115 -0.029054 0.010978 0.005160
40390.000000 0.006599 0.029874 0.037096 0.000203
40540.000000 0.000509 -0.029753 -0.000916 0.040846
40690.000000 -0.000586 0.021998 0.000851 0.023806
40840.000000 -0.013949 0.018788 0.030590 -0.018158
40990.000000 0.002489 0.026227 -0.027374 0.049484
41140.000000 0.005431 0.005592 0.000868 0.003494
41290.000000 -0.004766 0.009154 0.015877 0.037724
41440.000000 -0.003791 0.002142 -0.024925 0.019502
41590.000000 0.004712 0.012033 0.022891 0.004292
41740.000000 -0.009265 -0.009370 0.018855 0.003866
41890.000000 -0.037784 -0.033694 -0.030614 -0.003915
42040.000000 0.018824 -0.024184 0.010692 -0.009510
42190.000000 -0.059698 0.003727 -0.024824 -0.008999
42340.000000 0.007247 -0.012424 0.023039 0.010833
42490.000000 -0.001932 -0.046914 -0.003798 0.006384
42640.000000 -0.006482 0.004519 -0.020145 -0.008246
42790.000000 0.028902 -0.008733 0.011314 0.017113
42940.000000 0.031818 0.038537 0.017860 0.035927
43090.000000 0.032573 -0.020038 0.024531 -0.017875
43240.000000 0.031614 -0.005409 -0.020675 0.001564
43390.000000 -0.001779 0.016121 -0.004366 0.030842
43540.000000 -0.003981 -0.004694 -0.036837 0.018195
43690.000000 0.010085 -0.007874 0.028615 -0.016512
43840.000000 0.028111 0.007849 0.022531 0.006241
43990.000000 -0.028098 0.018097 0.025168 -0.006385
44140.000000 -0.024766 0.025241 0.006204 0.018933
44290.000000 0.002139 0.003828 -0.011134 -0.021216
44440.000000 -0.024578 -0.004520 -0.012599 -0.040951
44590.000000 0.014003 0.020119 -0.014292 0.028240
44740.000000 0.021746 0.013233 0.009803 0.007204
44890.000000 0.032981 0.001254 0.032196 0.005400
45040.000000 0.024535 0.035588 0.000958 0.026048
45190.000000 -0.004156 0.007120 0.000384 -0.036998
45340.000000 0.008793 0.001329 0.006165 -0.004453
45490.000000 -0.003479 0.010056 0.044297 -0.001183
45640.000000 0.029066 -0.028016 0.019834 -0.020079
45790.000000 0.034105 0.025862 0.010794 0.025596
45940.000000 0.005840 0.018554 0.015395 0.026572
46090.000000 0.019977 -0.012700 0.029593 0.005565
46240.000000 0.000253 -0.010582 0.026411 -0.006267
46390.000000 0.036232 0.020774 0.031546 -0.002137
46540.000000 0.003439 0.010145 0.019574 0.013292
46690.000000 -0.016605 -0.007661 0.029892 -0.011061
46840.000000 0.009097 0.020169 0.031724 -0.000208
46990.000000 -0.025432 -0.015103 -0.003207 -0.005059
47140.000000 -0.011518 0.010775 0.025137 0.025049
47290.000000 0.008311 0.014443 0.047075 -0.001939
47440.000000 0.002391 0.039873 0.011684 0.009728
47590.000000 0.014243 -0.015017 0.003266 0.013421
47740.000000 0.027349 0.005944 -0.005909 -0.011254
47890.000000 0.020695 -0.006695 0.007942 -0.025366
48040.000000 -0.000332 0.021876 -0.019441 -0.010190
48190.000000 0.009712 0.004949 0.030211 0.003521
48340.000000 0.009464 0.014769 -0.009099 0.015398
48490.000000 -0.018397 0.004574 0.015774 0.006736
48640.000000 0.021573 -0.017208 -0.018656 0.007378
48790.000000 0.001695 0.009830 0.016719 -0.013517
48940.000000 0.006107 0.003312 0.005810 0.013010
49090.000000 -0.009414 -0.018001 -0.028877 0.018598
49240.000000 -0.010290 0.006271 0.010846 0.004097
49390.000000 0.001680 -0.017775 -0.004606 0.000048
49540.000000 -0.000877 0.006761 -0.011253 0.024554
49690.000000 0.028411 -0.001680 -0.025740 -0.009856
49840.000000 0.006255 -0.010000 -0.005868 -0.041127
49990.000000 -0.011460 -0.028193 -0.006101 0.008756
50140.000000 -0.010872 -0.012415 0.001836 -0.034409
50290.000000 -0.024267 0.002011 -0.002795 -0.028846
50440.000000 -0.009014 -0.007060 -0.015057 0.007581
50590.000000 -0.017943 -0.038397 0.008124 0.005698
50740.000000 0.018178 0.000756 -0.009798 -0.029188
50890.000000 0.000746 0.006418 0.004990 -0.003211
51040.000000 -0.009216 0.001083 -0.003453 -0.019564
51190.000000 0.016977 -0.005696 -0.011525 0.014314
51340.000000 -0.017958 -0.005725 -0.002334 0.032799
51490.000000 0.034702 -0.013849 0.027785 0.000920
51640.000000 0.007607 0.014392 0.001563 -0.030676
51790.000000 0.011024 0.016035 -0.002314 -0.062142
51940.000000 -0.032837 -0.002235 -0.024204 0.012365
52090.000000 0.005228 0.010927 0.021981 0.003947
52240.000000 0.018649 -0.014405 0.011218 -0.024305
52390.000000 -0.005039 -0.004947 0.018017 0.022349
52540.000000 0.021577 -0.005090 0.032922 -0.000824
52690.000000 0.017050 -0.007931 0.013012 0.008024
52840.000000 0.005888 -0.024697 0.047224 -0.020682
52990.000000 0.005968 -0.001288 -0.041381 0.017320
53140.000000 0.010608 -0.016830 -0.004097 0.056879
53290.000000 0.019857 0.021360 0.011711 0.010056
53440.000000 0.006698 0.014221 0.008020 0.027035
53590.000000 -0.006705 0.014099 0.010596 -0.009288
53740.000000 -0.031609 -0.016385 -0.004402 0.010710
53890.000000 0.011777 0.005738 -0.038325 0.016024
54040.000000 0.043090 0.017216 -0.005952 0.027620
54190.000000 -0.005734 -0.012098 0.012668 0.019545
54340.000000 0.016253 0.000808 0.015358 -0.002790
54490.000000 0.016929 0.017399 0.002506 0.018732
54640.000000 -0.001659 0.027971 0.011191 -0.019518
54790.000000 0.034424 0.000075 -0.011138 0.008956
54940.000000 0.029883 0.006143 0.015456 -0.012152
55090.000000 0.000526 -0.038718 -0.014621 0.033639
55240.000000 0.025081 0.034629 -0.040712 -0.006664
55390.000000 0.007828 -0.016852 -0.008884 -0.025955
55540.000000 0.000784 0.002591 0.016037 -0.003538
55690.000000 -0.047980 0.032026 0.022708 0.001988
55840.000000 0.014384 -0.009928 0.001880 0.019877
55990.000000 0.013709 0.030853 0.077325 0.007953
56140.000000 0.003072 0.006909 -0.007261 -0.012141
56290.000000 0.025476 -0.017657 -0.002561 -0.013497
56440.000000 0.028205 -0.035122 -0.001654 -0.004603
56590.000000 -0.014130 -0.000515 0.019288 -0.009051
56740.000000 -0.003348 0.012494 -0.007818 -0.009849
56890.000000 -0.009777 -0.017325 0.007540 -0.007963
57040.000000 0.065579 0.026155 0.010291 0.024207
57190.000000 0.054670 0.021470 0.005223 0.015019
57340.000000 -0.021982 -0.010846 -0.008013 -0.023125
57490.000000 0.007436 0.022863 -0.013162 0.020338
57640.000000 -0.004196 -0.032354 0.004591 -0.001026
57790.000000 0.004771 -0.040119 -0.005838 0.033677
57940.000000 0.001878 0.007647 -0.002801 0.020483
58090.000000 -0.019247 0.004394 0.015282 -0.009335
58240.000000 0.016028 0.016880 0.031206 -0.001958
58390.000000 -0.005144 0.043135 -0.009778 0.032257
58540.000000 -0.008895 0.000252 0.012143 0.014836
58690.000000 -0.047241 0.006956 0.013179 0.020678
58840.000000 -0.029280 0.004897 0.002735 0.003767
58990.000000 -0.026938 0.022084 -0.001800 -0.012815
59140.000000 0.009541 -0.035244 0.015039 -0.000301
59290.000000 0.006215 0.014729 0.012171 -0.010504
59440.000000 0.018238 0.017115 0.007821 -0.023556
59590.000000 0.003549 0.038505 0.021636 -0.009715
59740.000000 -0.012074 -0.010569 -0.004658 0.020177
59890.000000 -0.002800 -0.012487 -0.014987 -0.018880
60040.000000 0.001170 -0.025474 -0.031001 -0.038488
60190.000000 0.006149 -0.025759 -0.007745 0.002352
60340.000000 0.031468 -0.007513 0.026112 0.022091
60490.000000 0.018983 -0.010445 0.039972 -0.003044
60640.000000 0.005566 -0.027763 0.015684 0.018919
60790.000000 0.009089 0.006100 0.032811 -0.040547
60940.000000 0.037244 -0.031310 0.028959 -0.020848
61090.000000 0.004544 -0.011457 -0.011919 -0.004623
61240.000000 -0.010811 -0.011764 -0.029685 -0.041214
61390.000000 0.009147 -0.007369 -0.026004 -0.008317
61540.000000 -0.022600 0.032767 0.000808 -0.007380
61690.000000 0.011526 0.034104 0.011627 0.016040
61840.000000 -0.008823 0.013399 0.028552 -0.011993
61990.000000 0.000899 0.000546 0.025074 -0.011316
62140.000000 0.021145 -0.014223 0.033180 0.044935
62290.000000 -0.016208 -0.037061 -0.008043 0.002063
62440.000000 -0.026503 0.015411 -0.022388 0.030248
62590.000000 -0.005195 -0.000519 0.001777 0.004422
62740.000000 0.001604 -0.019292 0.037077 0.031160
62890.000000 0.007489 -0.016190 0.004945 0.025698
63040.000000 0.007739 0.002281 -0.043075 -0.008881
63190.000000 0.006452 -0.020818 -0.014544 -0.002850
63340.000000 -0.011370 -0.011651 0.012372 0.017656
63490.000000 -0.004847 -0.008879 0.008585 -0.013111
63640.000000 -0.037973 -0.000481 0.020427 -0.004801
63790.000000 -0.002065 0.004620 0.027835 -0.016904
63940.000000 -0.007213 -0.026104 0.007018 0.030959
64090.000000 -0.016380 0.008816 0.051977 0.009899
64240.000000 0.019915 -0.031784 -0.005252 0.027973
64390.000000 0.034152 0.000801 -0.002976 0.010281
64540.000000 -0.008511 0.006437 0.024438 -0.000056
64690.000000 0.028776 -0.006762 -0.020557 -0.003996
64840.000000 -0.014694 -0.000131 -0.013633 0.034320
64990.000000 -0.006571 0.037037 0.050432 0.043085
65140.000000 0.003239 -0.007378 -0.001336 0.013648
65290.000000 0.013082 0.007774 -0.004773 0.025711
65440.000000 0.033488 0.010424 0.008536 -0.036989
65590.000000 0.025330 -0.000270 -0.025655 -0.044748
65740.000000 0.012712 0.007718 -0.008577 -0.019599
65890.000000 0.003069 0.016590 -0.007978 0.022421
66040.000000 0.010528 0.037354 -0.020446 0.016896
66190.000000 -0.008028 0.000245 0.005892 0.020950
66340.000000 0.005460 -0.005624 -0.003731 -0.010088
66490.000000 0.022606 -0.035864 0.056185 0.027669
66640.000000 0.003881 -0.004833 -0.000067 0.011876
66790.000000 0.009102 0.000407 0.020184 -0.002223
66940.000000 0.014094 -0.012635 -0.013398 0.021721
67090.000000 -0.025921 -0.007592 0.008629 -0.024807
67240.000000 -0.000658 -0.000873 -0.016484 0.034841
67390.000000 -0.018805 0.007595 0.026157 -0.050456
67540.000000 0.006001 0.012835 0.018683 -0.019125
67690.000000 0.030490 -0.020555 0.059984 0.006894
67840.000000 0.010423 0.017083 0.018702 -0.002990
67990.000000 -0.003156 0.037054 -0.009267 0.009653
68140.000000 -0.004040 0.030999 -0.010996 0.015642
68290.000000 0.017025 0.005886 -0.003595 0.033648
68440.000000 -0.002071 0.014989 0.016113 0.020300
68590.000000 -0.011122 0.000554 0.015688 0.005133
68740.000000 0.001514 0.006626 -0.005584 -0.002029
68890.000000 0.002401 0.000666 -0.004159 0.025915
69040.000000 -0.027137 -0.007573 0.008999 -0.010494
69190.000000 -0.016220 0.006777 0.010006 -0.002888
69340.000000 0.028991 0.018390 0.006280 -0.013807
69490.000000 -0.019336 -0.000601 0.002727 0.008511
69640.000000 0.013585 0.033315 0.008328 -0.006104
69790.000000 0.014041 -0.001792 0.037827 -0.028796
69940.000000 -0.020506 -0.015567 -0.009077 -0.001446
70090.000000 -0.011677 -0.016990 -0.005279 -0.032064
70240.000000 -0.007214 -0.022303 -0.012248 -0.045346
70390.000000 0.029632 0.009782 0.004619 0.016695
70540.000000 -0.016122 0.029294 0.019480 0.000564
70690.000000 0.030662 -0.015041 -0.016319 -0.020253
70840.000000 0.024637 0.006224 -0.003238 0.024738
70990.000000 0.018615 -0.007548 -0.008353 0.029582
71140.000000 0.033144 0.007233 0.011600 -0.033006
71290.000000 -0.019786 -0.004780 0.009382 0.009222
71440.000000 0.045317 0.000783 0.004759 0.002093
71590.000000 -0.014674 0.023709 -0.004542 -0.005001
71740.000000 0.019225 0.006659 -0.009137 0.017702
71890.000000 -0.011325 -0.008525 -0.004012 -0.004299
72040.000000 -0.043421 -0.025296 -0.001230 -0.004826
72190.000000 0.019301 0.024165 0.010344 0.027039
72340.000000 -0.029528 0.007916 0.005591 0.011704
72490.000000 -0.018964 -0.022862 -0.014083 -0.007576
72640.000000 0.009662 0.007515 0.009058 0.049168
72790.000000 -0.000458 -0.021028 -0.036854 -0.019732
72940.000000 -0.014732 0.038670 0.012847 -0.015009
73090.000000 0.011614 0.013425 -0.015700 -0.000832
73240.000000 -0.003653 0.006302 0.005448 -0.021137
73390.000000 0.025819 0.006484 -0.003861 -0.008025
73540.000000 0.007762 0.019203 -0.006965 -0.010550
73690.000000 -0.002691 0.023794 0.010777 0.017458
73840.000000 0.019109 0.042437 0.003442 -0.014527
73990.000000 0.005179 -0.017301 -0.032669 -0.027036
74140.000000 -0.011523 -0.001493 0.036419 -0.006843
74290.000000 0.027069 0.014043 0.004234 -0.054272
74440.000000 -0.016176 0.011642 -0.022921 -0.007717
74590.000000 -0.028422 -0.030508 -0.011540 0.021642
74740.000000 0.006636 0.011152 0.041460 -0.018477
74890.000000 -0.006117 0.014073 0.013793 0.018207
75040.000000 0.028884 0.001640 0.010499 -0.027167
75190.000000 0.032011 -0.011582 0.001658 -0.018988
75340.000000 -0.023529 0.009721 0.034806 0.002721
75490.000000 0.002842 -0.009537 0.023339 -0.015759
75640.000000 -0.005855 -0.027466 -0.008577 -0.033695
75790.000000 -0.007207 0.030002 -0.007594 0.004182
75940.000000 0.043885 -0.001112 0.018086 0.002375
76090.000000 -0.012035 -0.000410 0.001933 -0.015344
76240.000000 -0.008132 -0.024627 -0.008648 0.039883
76390.000000 -0.017592 -0.011891 -0.003837 0.011449
76540.000000 0.025703 -0.018877 0.009311 -0.054375
76690.000000 0.027122 -0.001904 0.029398 0.045711
76840.000000 -0.035142 0.014899 -0.008445 -0.034575
76990.000000 0.006248 -0.003494 0.007347 0.000314
77140.000000 0.042626 -0.042253 0.013992 0.053639
77290.000000 0.011898 0.033355 0.019208 0.015578
77440.000000 -0.029742 0.000245 0.039398 0.028066
77590.000000 -0.000053 0.010132 -0.009275 -0.009189
77740.000000 0.032533 -0.021070 0.025177 0.016679
77890.000000 -0.016849 -0.011710 0.005710 -0.001593
78040.000000 0.011608 0.011703 0.004593 0.024558
78190.000000 0.033578 -0.001571 -0.002848 -0.011668
78340.000000 -0.002906 -0.024019 -0.007407 -0.030131
78490.000000 -0.045703 -0.003808 0.017137 0.028627
78640.000000 -0.014570 0.021546 -0.046456 0.014048
78790.000000 0.036557 0.013183 -0.001689 0.049432
78940.000000 -0.006926 0.000885 -0.042115 -0.012619
79090.000000 0.041155 0.042326 0.018341 0.004310
79240.000000 0.006260 -0.015585 0.012000 0.024490
79390.000000 0.008595 -0.006738 -0.045342 -0.003441
79540.000000 0.023063 -0.000869 -0.018681 0.003567
79690.000000 0.025549 0.009222 -0.026450 -0.006954
79840.000000 0.019578 0.005653 -0.035950 0.009419
79990.000000 -0.014206 0.001816 0.032886 -0.003019
80140.000000 0.019263 0.007239 0.010957 0.008940
80290.000000 -0.002282 -0.042694 0.002215 -0.004022
80440.000000 0.005649 -0.009268 -0.031412 0.011147
80590.000000 -0.017281 -0.027869 0.024984 -0.016708
80740.000000 0.007826 -0.013941 0.005075 0.001042
80890.000000 -0.016050 0.058441 -0.016682 0.009243
81040.000000 0.033269 -0.001884 0.034695 0.002247
81190.000000 -0.009992 0.002091 -0.019066 -0.007345
81340.000000 -0.007889 -0.027266 0.034005 -0.042813
81490.000000 0.032131 -0.026003 0.004397 0.021711
81640.000000 -0.022862 -0.004004 0.012306 0.008372
81790.000000 -0.004291 -0.002180 -0.007083 -0.027681
81940.000000 0.012020 0.005649 0.011299 0.001602
82090.000000 -0.011627 0.012271 0.026603 0.016996
82240.000000 0.058989 0.007846 -0.018248 -0.005938
82390.000000 -0.014086 -0.023921 0.011118 -0.044342
82540.000000 0.001004 0.054289 -0.018491 0.013473
82690.000000 0.003075 0.019856 0.029842 0.021669
82840.000000 0.022560 0.008903 -0.005710 0.009129
82990.000000 -0.003241 -0.004926 0.024842 0.016337
83140.000000 0.028034 -0.046984 0.000188 -0.003109
83290.000000 -0.028003 -0.028923 -0.015328 -0.028306
83440.000000 0.007812 -0.030006 0.029321 0.016387
83590.000000 0.046977 0.008121 0.012327 0.000271
83740.000000 0.009122 -0.037954 -0.003767 0.012096
83890.000000 0.027265 0.014481 0.053953 0.013252
84040.000000 0.023728 -0.007034 -0.001173 0.058247
84190.000000 0.000871 -0.028141 0.046127 0.012859
84340.000000 -0.005510 -0.006685 0.024739 0.017302
84490.000000 -0.003598 0.014425 -0.010545 0.018259
84640.000000 -0.007949 0.004472 -0.030182 0.025918
84790.000000 0.000405 0.008767 -0.026097 0.031515
84940.000000 -0.002158 0.005982 -0.026928 0.020068
85090.000000 -0.030748 0.041223 0.040757 -0.006194
85240.000000 -0.028074 -0.004320 0.016925 0.035943
85390.000000 0.021919 -0.016862 0.020313 -0.001592
85540.000000 -0.022665 0.002548 0.015108 0.007629
85690.000000 0.030290 0.001883 -0.016292 0.023301
85840.000000 0.005694 0.046701 -0.000016 -0.024333
85990.000000 0.011464 -0.028736 -0.019508 -0.013280
86140.000000 0.038207 -0.026318 -0.011726 -0.018279
86290.000000 -0.017199 -0.007905 -0.007988 0.016162
86440.000000 0.022025 -0.025297 0.053056 -0.007970
86590.000000 -0.016653 -0.003631 -0.003343 -0.005859
86740.000000 0.005011 0.012588 -0.009794 -0.015834
86890.000000 0.039596 0.021475 0.034440 0.013638
87040.000000 0.009100 -0.024939 0.025743 -0.021739
87190.000000 0.028024 -0.009999 0.008204 -0.026469
87340.000000 0.001402 0.014982 0.013181 0.014523
87490.000000 0.004650 0.035140 0.001721 -0.014275
87640.000000 -0.035243 -0.002066 -0.003329 -0.028297
87790.000000 -0.019713 -0.023568 -0.035171 -0.002646
87940.000000 0.002621 0.029956 -0.013176 -0.018811
88090.000000 -0.005454 0.008559 0.002320 0.006583
88240.000000 0.002381 -0.005339 -0.039522 0.007492
88390.000000 0.014034 -0.031209 -0.032506 -0.014809
88540.000000 -0.008963 0.016472 -0.010678 -0.035406
88690.000000 0.014014 0.011356 0.008707 0.006071
88840.000000 -0.016659 0.022178 0.051774 -0.018042
88990.000000 0.009211 -0.014662 -0.015543 0.019218
89140.000000 -0.015149 0.013147 -0.008219 0.009054
89290.000000 -0.015950 0.011387 0.014173 0.017826
89440.000000 0.002958 0.019786 0.006189 -0.003467
89590.000000 -0.009958 -0.006962 0.009049 0.017992
89740.000000 -0.031587 -0.012866 -0.005642 -0.022395
89890.000000 -0.026243 0.030438 -0.026891 -0.002644
90040.000000 -0.028898 0.006681 0.035610 -0.005976
90190.000000 -0.037019 0.000130 -0.023077 0.005692
90340.000000 0.010294 -0.022654 0.015000 -0.004986
90490.000000 0.018953 -0.028101 0.016319 0.067785
90640.000000 -0.017117 0.017069 0.040621 0.007569
90790.000000 0.004393 0.005669 0.004266 0.015618
90940.000000 0.037736 0.020558 -0.032317 0.002782
91090.000000 -0.010771 0.008496 -0.019904 -0.012586
91240.000000 -0.021175 0.007343 -0.004878 -0.000436
91390.000000 0.018640 -0.016835 -0.024815 -0.009133
91540.000000 -0.026773 -0.004394 -0.030404 -0.028049
91690.000000 -0.042031 0.032241 0.015041 0.000932
91840.000000 -0.009360 -0.002521 0.005054 0.003943
91990.000000 -0.028390 -0.013397 0.002767 0.001726
92140.000000 0.014247 -0.003785 -0.011511 0.020476
92290.000000 -0.014741 0.024910 0.012137 -0.015637
92440.000000 0.032957 -0.021392 0.023142 -0.051927
92590.000000 -0.007761 -0.007499 -0.012787 -0.026169
92740.000000 0.002214 -0.025898 -0.024834 0.011471
92890.000000 -0.020403 0.022986 0.005859 -0.008505
93040.000000 -0.022620 -0.030524 0.001314 0.004595
93190.000000 0.056383 0.002140 -0.005812 -0.021270
93340.000000 -0.013034 0.011792 0.030164 -0.014874
93490.000000 -0.012341 0.018193 0.030112 0.012484
93640.000000 -0.005295 -0.025856 -0.016912 -0.012492
93790.000000 -0.033679 -0.022237 -0.006400 -0.050222
93940.000000 0.008592 -0.007443 -0.036484 0.014346
94090.000000 0.029812 -0.026771 -0.007759 0.019074
94240.000000 0.036646 0.026436 0.021617 -0.036492
94390.000000 0.015291 0.016354 0.025295 -0.006710
94540.000000 -0.042682 0.012921 0.037784 -0.034813
94690.000000 -0.001653 -0.008788 0.009257 0.014499
94840.000000 0.002527 -0.008251 -0.011464 0.042387
94990.000000 -0.006779 -0.012772 0.027774 0.007882
95140.000000 -0.033048 -0.025107 0.005045 0.010288
95290.000000 0.008030 -0.028078 0.007089 -0.025334
95440.000000 0.005541 -0.035546 0.016183 -0.022841
95590.000000 0.000733 0.011183 0.036757 0.009292
95740.000000 0.011053 -0.001993 0.036717 0.002881
95890.000000 -0.024951 0.010950 0.020710 0.002193
96040.000000 -0.007336 -0.007490 0.040937 0.006320
96190.000000 -0.025713 -0.031522 0.017679 -0.031050
96340.000000 0.005171 -0.029943 -0.005321 0.037245
96490.000000 0.006743 0.015927 0.007935 0.013959
96640.000000 -0.035342 0.019605 -0.016326 0.020657
96790.000000 0.009521 0.002284 -0.017850 -0.027073
96940.000000 -0.021200 0.023603 -0.014160 -0.000580
97090.000000 0.015125 0.037039 -0.003855 0.015535
97240.000000 -0.009596 0.026070 0.027891 0.033728
97390.000000 0.013662 0.014993 0.010192 0.008418
97540.000000 -0.022121 -0.003572 0.016854 0.024015
97690.000000 0.029169 -0.005024 -0.009746 -0.007598
97840.000000 0.004366 0.009648 0.023470 -0.031074
97990.000000 0.005781 0.007413 0.028540 0.016521
98140.000000 -0.006413 0.007917 0.033449 0.006138
98290.000000 0.038762 -0.002956 0.018831 -0.021667
98440.000000 0.024280 0.012932 -0.011714 0.010093
98590.000000 0.010116 0.003933 -0.000819 -0.023228
98740.000000 -0.007739 -0.009116 0.010053 -0.030565
98890.000000 0.007538 0.016134 0.015618 -0.002432
99040.000000 0.002206 0.003669 0.011002 0.005358
99190.000000 -0.045413 0.011936 -0.002967 0.005153
99340.000000 -0.034608 -0.024803 -0.024783 0.016109
99490.000000 0.010302 0.019773 0.003934 -0.001826
99640.000000 0.007528 0.011862 -0.018190 0.003286
99790.000000 0.052926 0.012410 0.007982 -0.031251
99940.000000 -0.036285 0.004501 -0.050146 -0.005306
