2.242152
0.778515
0.573431
0.322695
0.208775
0.141408
0.187346
0.183383
0.172927
0.203359
0.226751
0.035091
0.092558
0.063616
0.101733
0.110337
0.165079
0.147964
0.122110
0.135769
0.086566
0.000831
0.029998
0.071817
0.073831
0.063238
0.144686
0.091100
0.158278
0.148376
0.096336
0.007560
0.071824
-0.022573
0.097102
0.223526
0.123039
0.118963
0.075479
0.029941
0.133235
0.087049
0.147668
0.119714
0.032289
0.080395
0.039708
-0.012429
0.041456
0.007276
-0.015133
0.067009
0.018007
0.035676
0.165013
0.166147
0.143341
0.013645
0.069378
0.096011
0.031566
0.117877
0.026262
0.018155
0.117794
0.178304
0.060358
0.096558
0.100280
0.022037
0.081019
0.057849
-0.032106
0.105608
0.150321
0.184390
0.147849
0.042283
0.030525
0.106156
0.107583
0.072817
0.126116
-0.002885
0.028469
0.013766
0.030012
0.054962
0.021568
0.119069
-0.012973
0.001675
-0.016099
0.029931
0.030001
0.114535
0.060758
0.023324
-0.028436
-0.060353
-0.017081
-0.098927
-0.067837
-0.017063
0.011908
0.038916
0.003032
0.007351
0.102140
0.029373
-0.020619
-0.026781
-0.010790
-0.001448
0.003133
0.027259
-0.040444
0.025163
0.070021
0.019551
0.057993
0.061389
0.010328
-0.055891
-0.000531
-0.000183
-0.046825
0.064002
-0.007224
0.093352
0.110533
0.045681
0.075086
0.051128
0.004073
-0.008691
0.038394
0.008297
0.033165
0.093739
0.062156
-0.016918
-0.068938
0.032608
0.055428
-0.003677
0.038468
-0.011037
0.033156
0.030172
0.037877
-0.028603
0.066176
0.065317
0.080068
0.138791
0.051234
0.027878
0.047468
0.006310
-0.005544
0.037335
0.032312
-0.017751
0.077168
0.073956
0.015180
-0.043425
-0.017130
-0.038425
-0.018637
0.008169
0.002670
-0.037947
-0.052914
-0.015583
-0.042469
-0.093426
-0.053679
-0.065545
0.046650
0.024893
0.020819
0.004219
-0.094601
-0.122166
-0.060224
0.013210
-0.016102
0.023409
0.083987
-0.031830
0.001545
0.151817
0.001077
-0.007640
0.018184
0.016357
0.117796
0.115823
0.047131
0.002826
-0.009444
0.055197
0.064934
0.067353
0.030795
0.032370
-0.006748
0.076500
0.057280
0.017534
0.022347
-0.025590
-0.024910
-0.032520
0.090649
0.026970
0.037660
0.083268
0.049942
-0.017356
-0.038291
0.095101
0.039618
0.136272
0.059237
0.049793
0.140488
0.050417
0.028551
0.067499
0.040946
0.116013
0.093227
0.068463
0.022475
0.032857
0.112294
0.031363
0.010115
0.032393
0.116302
-0.020664
0.067410
0.009814
-0.029538
0.078558
0.012893
0.050369
0.053938
0.025776
-0.045797
-0.035935
-0.012767
-0.049240
-0.010090
-0.003229
0.020359
0.051919
0.069113
-0.029921
0.070162
0.087162
0.011193
0.064580
0.094219
-0.042723
0.016741
0.069275
0.079221
0.097423
0.105100
0.113414
0.018732
0.031989
-0.005997
0.031043
0.113063
0.101192
0.103670
0.041385
0.085320
0.089355
0.047731
-0.022246
0.051373
-0.015676
0.060794
0.036268
0.080987
0.041686
-0.010126
0.007524
0.042944
0.044179
0.020865
0.004708
0.070050
0.027996
0.038938
-0.032056
-0.037008
0.064528
0.109508
0.126503
0.056122
0.004265
-0.105626
0.000437
0.044047
0.060931
0.054456
0.017583
-0.005293
-0.061255
0.000430
0.026563
-0.056622
-0.006862
-0.009685
-0.028567
0.136451
0.045535
-0.077354
-0.033631
0.003185
-0.042282
-0.002496
-0.019300
0.112198
-0.023026
-0.053143
0.015238
-0.013252
-0.003282
-0.007680
0.025384
0.059754
0.068438
-0.006164
-0.006470
0.109665
0.090018
-0.117362
-0.045196
0.021660
-0.010852
0.012630
0.075850
0.114390
0.039364
-0.002154
0.036307
0.078869
0.044508
-0.004342
-0.072384
-0.025706
-0.036610
0.029879
-0.017817
-0.000393
0.083243
0.112144
0.053862
-0.032210
0.049196
-0.017250
-0.064528
0.001538
0.050968
0.075444
0.056830
0.017824
0.073736
0.066137
0.041504
0.075276
0.057282
0.018368
0.033631
0.065966
0.030305
-0.078689
-0.020790
0.096364
0.052431
0.013765
0.029512
0.045190
-0.001956
0.036791
0.038346
-0.088914
0.135924
-0.011405
-0.024070
0.133762
0.072066
-0.046588
0.066680
0.025386
0.012490
0.016279
0.046807
-0.030559
0.059674
0.088869
0.033337
-0.006770
-0.024770
0.093357
0.021881
0.017959
0.161993
0.111819
0.094336
0.079663
0.011005
0.054443
-0.056488
0.088972
0.114029
0.021565
-0.036613
0.000918
0.021483
0.069101
0.038569
0.008054
0.064529
-0.028070
0.115143
0.105116
0.004566
-0.001310
-0.061513
0.041786
0.082215
0.046368
0.064332
0.072693
0.007797
0.068296
0.026257
0.092959
0.061149
0.007511
-0.004737
-0.050870
-0.042680
-0.056074
-0.064110
0.013734
0.061488
0.005072
0.043299
0.020826
0.029621
0.038257
-0.052171
0.043418
0.011536
0.083976
0.030221
0.067002
0.043145
0.016098
0.096779
-0.057412
0.141544
0.094125
0.110494
0.080441
0.008976
0.002767
0.019691
0.002572
0.046968
-0.042006
0.051608
-0.055645
-0.023304
0.099029
-0.038826
-0.006092
-0.013144
-0.073280
-0.049873
0.037487
0.022946
0.043148
0.043964
0.025985
0.092352
-0.030837
0.054306
0.155553
0.021413
0.049436
0.059585
0.109680
0.069413
0.099150
0.087197
-0.125263
-0.012611
-0.017847
0.036355
0.082433
-0.081027
-0.040872
-0.046843
0.118470
0.035691
-0.030424
0.029884
0.004758
-0.034639
0.004305
0.065862
0.041576
-0.010506
0.026629
0.046766
0.038979
0.015244
0.053428
0.099999
0.042412
0.050319
-0.010323
0.006691
0.060085
0.043325
0.047460
0.057498
-0.015601
-0.035669
-0.020246
0.038304
0.041448
-0.003853
0.086757
0.167400
0.034382
0.014357
0.075239
0.155090
-0.016798
0.096436
0.060095
0.008516
0.012743
0.040650
-0.096645
-0.036825
0.082369
0.038160
-0.001794
-0.034761
0.040286
-0.043304
0.004385
-0.022675
0.044297
0.095074
0.140388
0.069298
0.052760
-0.011276
-0.104364
0.017745
0.045669
0.086034
0.034910
0.083882
0.075852
0.012113
0.030915
-0.016540
-0.083344
-0.034445
0.036182
0.056169
0.004039
0.133441
0.067958
0.139067
0.059123
-0.016977
-0.010842
0.025106
0.013399
0.064064
0.002976
-0.053240
0.040656
0.053593
0.035117
0.077014
0.097890
-0.022401
0.010504
-0.051287
0.003865
0.047920
-0.003222
0.101049
0.006042
0.070067
0.058024
-0.029047
-0.019470
-0.005768
-0.025594
-0.042899
0.044454
0.020297
-0.010293
0.030593
0.092944
0.121835
0.042999
0.059843
-0.029706
-0.093078
-0.043034
-0.014290
0.019675
0.001718
0.007519
-0.055305
0.024099
-0.031065
-0.058291
0.021020
0.005746
0.015666
0.098207
-0.019868
0.046880
0.054244
0.051336
0.059214
0.008943
0.043012
-0.020855
0.024990
0.038083
-0.030924
-0.011557
-0.003133
0.128713
0.072777
0.057476
0.105333
-0.017383
0.048769
-0.005691
0.124763
0.001950
-0.015629
0.045117
-0.031577
0.034265
0.029386
0.048578
0.041502
0.018167
0.084736
0.022056
0.032716
0.018271
-0.026133
0.062938
0.096812
0.040459
-0.022344
-0.024791
-0.011780
-0.013254
0.007722
-0.008651
-0.006382
0.032246
0.008559
0.034678
0.125108
0.071734
0.051922
0.073375
0.064883
0.034232
0.000643
-0.020418
-0.041149
-0.045976
-0.052671
-0.029530
0.026576
-0.020455
-0.077138
-0.072630
0.059895
-0.022298
-0.057379
0.029810
-0.015216
-0.068594
-0.048292
-0.019411
-0.088290
-0.037788
-0.022772
-0.028348
0.141374
-0.007664
0.055194
0.050314
0.056040
0.039379
0.060142
0.058527
0.008314
0.075892
0.056770
-0.067349
-0.075861
-0.039787
-0.105029
-0.050141
-0.047147
-0.029684
-0.009803
-0.025577
-0.107181
-0.010860
-0.031337
-0.064757
0.015839
-0.028564
0.030908
-0.023350
-0.048390
-0.020350
0.036104
-0.004146
0.090514
-0.056566
-0.041597
0.023099
-0.042431
-0.036231
-0.006473
0.061716
-0.003329
0.065884
0.042158
0.121169
-0.030677
-0.063464
0.057274
0.043434
-0.016227
-0.027220
0.036788
0.044624
0.047695
0.002128
-0.000407
0.022259
0.054451
0.018989
-0.030680
-0.062392
-0.055582
-0.030924
0.011164
-0.004287
0.012014
0.069879
0.066532
0.126649
0.063770
0.111851
0.043839
0.108466
0.033760
-0.026343
-0.034609
0.014794
-0.024729
0.051345
0.072665
0.040208
0.122377
0.012460
0.007023
0.101446
0.030042
0.044418
0.028569
0.020574
0.031709
0.013079
0.048311
-0.049581
0.008984
0.006426
-0.022517
0.037160
-0.043238
-0.045748
0.143725
0.031147
-0.000466
0.007869
-0.066590
-0.093462
-0.067639
-0.018912
-0.033692
-0.046055
0.005614
0.000820
0.015601
-0.003132
0.000149
-0.069729
-0.048425
0.021992
0.072990
0.041371
-0.010927
0.014482
-0.054023
-0.035730
-0.047487
-0.114801
0.005854
-0.023075
0.002264
0.049231
0.006278
0.024947
0.013368
0.007734
-0.002089
-0.023788
0.078377
-0.012002
-0.023776
0.068489
-0.047483
-0.031468
-0.006212
0.060924
0.042846
0.054749
0.073458
-0.011941
0.116572
0.009298
0.009068
0.024702
-0.003418
0.027468
-0.019145
0.013512
0.047306
0.070314
-0.016767
-0.016229
0.002688
-0.009175
0.021474
0.033163
-0.031194
-0.011389
-0.007158
-0.025034
0.101196
0.016941
-0.037466
-0.019183
0.044168
0.135738
0.018525
0.030527
0.072084
-0.004782
0.032026
0.042912
0.076545
-0.023501
-0.051601
-0.060298
-0.049970
-0.034830
-0.018410
0.076587
0.117836
0.052550
0.030023
0.003426
-0.018664
0.064380
0.022648
0.042085
0.065450
0.013733
-0.034189
0.018672
-0.084761
-0.095296
-0.013527
0.014610
-0.014193
-0.048246
0.023876
0.069956
-0.097496
0.033362
0.076547
-0.049639
0.045248
0.036595
-0.057725
0.096434
0.069960
-0.011890
0.011251
0.002680
0.102303
0.001000
-0.000381
-0.020094
-0.007077
0.065126
0.019186
0.015275
-0.002065
-0.027111
-0.111592
0.033668
0.001844
-0.036447
0.006170
-0.090403
-0.009042
0.020874
0.001109
0.022308
0.020007
0.056495
0.016119
-0.030910
0.045315
0.029425
-0.038033
-0.009783
0.023223
0.066225
0.061640
-0.035686
-0.002039
-0.008980
-0.014782
0.034908
0.068231
0.073202
0.043188
0.071858
0.095372
0.018971
0.029963
-0.065707
0.029185
0.032532
-0.056946
0.064041
0.000830
-0.051793
-0.027786
-0.078394
-0.021789
-0.013388
0.000542
0.081354
-0.065030
0.013952
-0.058531
-0.095555
-0.039191
-0.048356
-0.024891
-0.084126
-0.075665
-0.063294
-0.030897
0.040677
-0.037982
0.031636
-0.025575
-0.025353
-0.027947
0.054979
0.101285
0.095092
0.024025
0.003648
0.041083
0.031211
0.005905
-0.044260
-0.003934
0.049233
0.093988
-0.071402
-0.095874
-0.084763
-0.014970
0.039744
-0.020337
0.073546
0.012723
0.050330
0.013885
-0.014346
0.074354
-0.003546
-0.031480
0.025403
0.028549
0.026266
0.000911
0.010437
0.107434
0.070578
0.009461
-0.012297
-0.007956
0.088187
-0.000756
0.012674
0.031596
0.020508
0.041817
0.056045
0.121166
0.145050
0.137817
0.103895
0.131878
0.094361
0.011147
0.017557
0.067475
-0.036053
-0.003423
-0.006666
0.046812
-0.014627
-0.080251
-0.012625
0.036597
0.013443
0.092874
0.035605
-0.020200
0.086783
0.197778
0.042276
0.052318
0.131171
0.069687
0.000125
0.024020
0.042440
-0.025292
0.033975
0.062832
0.034042
0.014110
0.031544
0.005323
-0.023052
-0.003859
0.063122
0.086265
0.022084
-0.021706
-0.044782
0.031653
-0.033793
-0.036209
-0.008586
0.006592
0.037859
-0.037726
-0.028507
0.023517
-0.055065
0.055920
0.004985
0.022554
-0.018289
0.032709
0.056411
-0.029869
-0.003247
-0.054948
0.012818
0.062504
-0.003161
0.026014
0.026726
0.031920
0.042590
0.001428
0.053265
0.047398
0.102192
0.049007
0.057355
-0.057367
-0.035203
-0.029073
0.049747
0.026087
0.019681
0.027775
-0.041585
-0.000792
0.038916
0.095112
0.019286
0.037732
0.073783
0.098479
-0.066370
0.000815
-0.024066
-0.061541
-0.025271
-0.022355
-0.045722
-0.008539
-0.025142
-0.080860
-0.004904
-0.056923
-0.008687
-0.004227
0.002631
-0.003792
-0.025005
-0.039876
-0.027655
-0.029931
0.042629
0.084540
0.021684
0.069327
0.072140
0.033314
0.083458
0.030300
0.040429
0.031940
0.087886
0.121425
-0.047313
0.006469
0.054194
0.052296
0.024389
-0.025045
-0.037223
-0.086027
-0.138521
-0.104497
0.021450
-0.060828
0.029157
0.073622
-0.050104
-0.055361
0.059917
0.089112
-0.069785
-0.044734
-0.002831
-0.051032
-0.039669
-0.015226
0.075107
0.041858
0.024508
0.027371
-0.017907
0.074637
0.093060
0.046062
-0.020568
0.022107
0.004062
0.016501
0.045210
0.002129
0.079731
0.006898
0.046828
0.044565
-0.003594
0.074217
0.062308
-0.035025
0.030938
0.001989
0.049801
0.041400
0.004254
0.036266
-0.028131
0.026081
0.017916
0.035501
0.006999
-0.000921
0.119966
-0.028077
-0.028884
0.074255
-0.013786
-0.007905
0.034483
-0.000246
0.107558
0.029847
0.024305
0.029669
0.022126
0.042741
-0.001658
0.049864
0.071444
-0.014819
-0.016496
-0.034445
0.037449
-0.051848
0.072752
0.039365
0.058684
0.082946
-0.047421
0.021576
0.065185
0.027049
0.003840
-0.024181
0.037681
0.092918
0.051511
0.047606
0.068282
-0.091725
-0.025287
0.084751
0.107915
0.067483
0.055403
0.082301
0.051167
0.094255
0.046364
0.025577
0.024869
0.096572
0.085682
0.079663
0.072823
0.109159
-0.046185
0.067301
0.009146
0.042947
0.025525
-0.032351
0.029091
0.009714
0.023708
0.102752
0.006615
0.065099
0.040316
-0.001148
-0.057629
0.033370
-0.034997
-0.053490
-0.050818
0.002863
-0.042311
-0.083868
-0.066418
-0.025526
0.027242
-0.022177
0.050008
0.028646
-0.013966
0.048324
0.029110
0.019652
-0.007620
-0.021774
0.033860
0.021881
-0.009892
0.035567
-0.027239
0.124311
0.005013
0.007210
0.119552
0.016368
0.028691
0.048296
0.000662
-0.013178
-0.039218
0.073341
0.102085
0.057947
-0.025697
0.035521
0.011198
-0.086169
0.017332
0.025375
0.024425
-0.033926
-0.083414
-0.023658
-0.058766
-0.025875
-0.028003
-0.016251
0.087320
0.074658
0.084510
0.057010
-0.037280
-0.044485
0.006738
-0.061883
0.013364
-0.028681
0.055959
0.059894
0.044315
0.014386
-0.013510
0.050525
-0.023949
-0.034466
0.031406
0.030775
-0.015578
0.089899
0.091384
0.114122
0.012833
-0.012141
0.037111
-0.010856
0.032498
0.077518
0.031471
0.008869
-0.034129
0.035759
0.111616
0.060218
0.006038
-0.001949
0.011352
-0.063362
-0.006439
-0.097080
-0.053519
0.034386
0.005097
-0.051191
0.011637
0.034974
0.008874
0.002216
-0.065109
0.000904
0.007291
0.023902
-0.025984
-0.044706
-0.006384
-0.042054
0.035777
-0.025504
-0.018871
-0.133204
-0.060622
-0.012234
-0.053951
-0.021644
-0.001245
0.050008
-0.003206
-0.069715
-0.037647
-0.030851
-0.071222
0.087367
-0.014180
-0.092327
-0.112236
-0.028577
-0.042841
-0.054961
-0.092081
-0.089641
-0.036726
0.055059
0.099291
-0.036694
0.050490
0.031452
-0.039602
-0.020632
0.015564
-0.042815
0.012776
0.083178
0.003444
-0.023537
-0.011890
0.049034
-0.058703
-0.024434
-0.024342
-0.053048
0.016195
0.021348
0.005590
-0.007561
0.033797
0.001484
0.044551
0.058767
-0.076404
-0.037913
-0.013625
-0.090173
-0.078388
-0.011588
-0.011571
0.003664
0.058998
0.048133
-0.076830
0.026218
0.039104
-0.093604
-0.004849
-0.044625
-0.090319
0.015850
-0.019792
-0.000180
-0.064505
-0.041886
-0.040226
0.035439
0.129405
-0.025280
-0.022299
0.006909
0.056997
0.061211
-0.027116
0.017353
-0.013487
0.082281
-0.020800
-0.019700
0.072072
0.000698
0.044466
-0.044422
-0.033871
-0.074273
-0.065074
-0.058871
-0.036293
-0.012005
-0.017078
0.027328
0.091382
0.068200
0.072604
0.063430
-0.001919
0.060110
0.066208
0.014771
-0.019180
0.031074
0.023816
0.018542
0.077305
0.008624
-0.058653
-0.078315
-0.026516
0.022185
0.036531
0.042770
0.000258
-0.001641
0.037610
0.009219
0.020762
-0.028978
0.025354
0.057985
-0.053403
0.039699
0.044102
0.053793
0.024995
0.019969
0.039315
0.003628
0.059843
0.089293
0.065802
0.072225
0.003051
0.038147
0.055374
0.044087
-0.006442
0.035573
-0.034553
0.006761
-0.042478
-0.008931
0.027007
-0.026664
-0.074005
-0.027984
0.037396
-0.065984
0.013028
0.014298
0.062021
0.085158
-0.000165
0.058585
0.010720
-0.022442
0.009299
-0.013961
0.007074
-0.103721
-0.053359
-0.034467
-0.094997
-0.100813
-0.087168
-0.029002
-0.035480
-0.002717
0.035453
0.078816
-0.024957
0.025478
0.063682
-0.043376
-0.036751
0.023046
-0.064422
-0.059500
-0.051267
0.031583
0.013135
0.016592
0.078282
0.058577
0.031150
0.052952
0.123598
0.050998
0.057801
0.036153
-0.058724
-0.041316
-0.087245
-0.051628
-0.086894
0.045727
0.019215
-0.022643
0.024213
-0.089102
-0.099134
0.024572
-0.048786
0.103452
0.021650
0.000991
0.061466
0.105209
0.128384
0.051777
0.145757
-0.019676
-0.045750
0.085185
0.098826
0.047447
-0.063395
0.081640
-0.016125
0.034347
0.051562
0.085021
0.008352
0.005615
-0.065390
-0.049034
-0.005256
0.042798
0.083801
0.004130
0.053625
0.022875
0.037964
0.007211
0.036245
0.017483
-0.001112
-0.034258
0.029827
0.087764
-0.080553
0.032838
0.074854
-0.028849
0.026918
0.062014
-0.001009
-0.000892
-0.014835
0.134690
0.135534
0.077417
0.032549
0.040437
0.047764
0.037475
0.164915
0.106859
0.020777
-0.024108
0.025222
0.010544
-0.083651
-0.034878
-0.092024
0.022426
0.056159
0.053302
0.076991
0.071386
0.015668
-0.020416
0.044185
0.047873
0.060616
0.009804
-0.002577
0.018564
0.025241
0.049897
0.022245
0.025263
0.032323
-0.004485
0.005388
-0.036006
-0.069199
-0.024868
0.108978
-0.042325
0.042326
0.024009
0.004333
0.048727
-0.024430
0.053493
0.100858
0.007691
0.052712
0.028130
-0.025766
-0.031854
-0.072459
-0.050761
0.043189
-0.048721
-0.024257
0.036239
-0.013862
-0.065455
-0.047071
-0.093522
0.052323
0.017455
0.035084
0.024987
0.160023
-0.059238
-0.016810
0.067545
0.027734
0.037484
-0.031618
0.016031
0.046210
0.029731
-0.060256
-0.013622
0.106855
0.106542
0.078036
-0.042767
-0.022029
-0.042267
-0.049647
0.059805
0.048268
-0.065311
-0.009161
0.008752
-0.019829
-0.061411
0.055004
-0.047195
-0.028274
0.032234
0.065294
0.037401
0.054783
0.079098
0.008262
-0.023727
-0.072773
-0.027538
0.029778
-0.039591
0.006523
0.056529
-0.058519
-0.043526
-0.023780
0.003777
-0.047418
0.011316
0.011505
-0.016042
0.055336
-0.027776
0.008224
0.004636
0.025596
0.040557
-0.064562
-0.059321
-0.000308
-0.105738
-0.054521
0.026504
-0.032075
-0.009042
-0.025863
0.070272
-0.013112
-0.036305
-0.049722
-0.021083
-0.047158
-0.045164
-0.042121
-0.055225
-0.060584
-0.068312
0.066558
0.030973
-0.078314
-0.063355
-0.005013
-0.028411
0.008881
0.013180
-0.102062
-0.001759
-0.024953
-0.000321
0.075989
-0.010786
-0.002639
0.003557
-0.009817
-0.005090
0.014884
0.089503
-0.000566
0.025334
0.037785
0.057924
0.070558
-0.015343
0.021251
0.007754
0.084288
-0.027701
-0.022880
0.072058
-0.102833
0.002803
0.055172
-0.002881
-0.059601
-0.027877
0.061093
0.025846
-0.001324
0.020144
0.041227
0.114500
0.018040
0.008733
-0.049097
-0.082780
-0.071349
-0.015520
-0.017228
0.019604
0.037019
0.020137
0.055663
-0.002434
0.004923
0.020555
0.007513
0.041994
-0.025340
0.039215
0.142268
-0.003233
0.078825
0.013569
-0.067426
-0.034826
-0.073164
0.006743
-0.029003
0.028195
0.058259
0.028588
-0.063147
-0.059244
0.090735
0.075273
-0.065364
-0.039149
-0.009356
-0.036645
0.038754
0.041601
0.012799
-0.037199
-0.026560
-0.028188
-0.037070
-0.052508
-0.009793
0.084575
-0.036682
-0.000310
-0.024226
-0.022504
-0.016523
-0.095061
0.006557
0.041145
0.055685
0.051449
0.092432
0.048254
-0.069005
0.025493
-0.050460
-0.024892
0.000288
0.015154
0.020656
-0.006363
-0.085051
0.064919
0.047417
0.043705
-0.003667
-0.025165
-0.033049
0.014657
-0.048254
-0.005054
-0.006810
-0.033277
-0.017697
0.077678
0.006138
-0.015320
0.023950
-0.013155
0.047763
0.030821
-0.001101
0.029282
0.013048
0.004569
0.055722
-0.000989
-0.025668
-0.114374
0.029071
0.062525
-0.016430
0.003215
0.050888
0.007891
-0.088505
-0.085893
-0.016618
-0.029657
-0.076770
0.032029
0.042155
-0.073138
0.064243
0.055561
0.028803
0.039320
0.046724
0.061880
0.016874
0.110776
0.097313
0.073064
0.144139
0.069240
0.073396
0.062283
0.042178
0.032988
-0.067628
0.032763
0.080061
0.051476
-0.079790
-0.004705
0.050821
-0.007132
0.078370
0.139384
0.011662
0.096315
-0.062238
0.005817
0.029566
-0.048896
0.022972
0.003473
-0.029683
0.034776
-0.080310
0.006141
0.055419
-0.001299
-0.019902
-0.042742
0.039092
-0.036300
-0.025073
0.045773
-0.008771
0.024151
0.009338
-0.015914
0.027990
0.071683
0.106230
0.006106
-0.012525
0.010457
-0.044400
0.008780
-0.033396
-0.078455
-0.030985
-0.046369
-0.019085
-0.049315
-0.077367
-0.038878
-0.100204
-0.097339
0.032164
0.090423
-0.000381
0.001462
0.000007
-0.008449
-0.004024
-0.020922
-0.077855
0.011877
-0.043474
-0.052916
0.005726
-0.065029
0.013981
0.052291
-0.007044
0.030561
0.004005
-0.066355
-0.013305
-0.040579
-0.011277
0.071832
0.150553
0.000306
-0.053839
-0.100311
-0.012108
0.031751
-0.002782
0.029865
-0.015646
-0.054246
-0.142241
-0.096799
-0.040437
-0.030524
-0.037880
0.015324
-0.012948
0.005917
-0.028873
-0.038293
0.079501
0.050487
0.079721
0.033965
0.030063
-0.012566
0.003320
0.057128
-0.068464
0.064448
-0.031175
-0.057630
0.058486
0.020900
0.083479
0.042807
-0.053283
0.006691
-0.043193
0.050030
-0.046888
-0.122945
0.039772
-0.001002
-0.025811
0.084607
-0.026601
-0.070738
-0.050072
-0.065379
0.090459
-0.035925
-0.068819
-0.035322
-0.163454
-0.108921
-0.007511
0.041057
-0.025033
0.034056
0.016274
-0.049238
0.077403
0.034453
-0.013442
-0.044662
0.010339
0.038457
-0.003409
-0.015401
0.073655
0.112709
-0.012296
-0.064368
-0.038824
0.099907
0.076725
-0.021452
-0.045809
0.010878
-0.009962
-0.066649
-0.019409
0.014390
-0.006454
0.068298
0.101494
0.104213
0.038140
0.021006
0.036155
-0.052150
-0.033215
0.004167
-0.032995
0.003183
0.100157
0.081676
0.080697
0.068801
0.053461
-0.037090
0.008015
0.049829
0.074459
0.015446
0.094652
-0.022547
-0.062190
0.028024
0.042299
-0.021636
0.076249
0.023040
-0.031777
-0.103710
-0.080636
-0.029791
-0.061422
-0.081544
0.063638
-0.016080
-0.006806
0.008778
-0.032108
-0.023184
0.023774
0.007365
0.065925
0.022788
0.050190
0.063508
0.058830
0.019594
0.054813
0.137089
0.022875
0.122011
0.089730
0.043181
0.137752
0.022570
0.062796
0.015965
-0.004578
0.052047
0.025754
-0.017466
0.059536
-0.020971
-0.048787
0.033693
0.002651
-0.049086
-0.026894
0.009903
0.058389
0.054343
-0.037712
0.033857
-0.012790
0.035766
0.069470
0.031804
0.037675
-0.051966
-0.031502
0.012255
0.056683
0.041715
0.015146
-0.009632
0.048733
0.008160
-0.002907
-0.016486
-0.025039
-0.090953
-0.011545
-0.101163
0.021076
-0.033933
-0.084355
0.004635
-0.041776
0.017962
0.070889
-0.005972
-0.141451
-0.051003
-0.004996
-0.021240
0.023487
-0.014088
0.084994
0.095636
0.079743
0.080814
0.021358
0.068663
-0.032660
-0.051778
0.133562
0.032277
0.111678
0.064492
0.053034
0.104553
0.021045
-0.093102
-0.033706
-0.006708
-0.092037
-0.006117
0.041889
0.024936
-0.040652
0.004443
0.078914
-0.046624
-0.020901
-0.093796
-0.037987
-0.062992
0.023482
-0.025121
-0.065604
0.023726
-0.028535
-0.011920
-0.012270
0.027916
0.082999
0.072054
-0.037526
-0.011812
-0.024233
-0.027349
0.035477
-0.038849
-0.040192
0.020361
0.002644
0.038610
-0.042124
0.014331
0.053566
0.001776
0.069004
0.006381
0.089227
0.086776
-0.044968
0.047830
0.015852
-0.078141
0.006386
-0.054662
0.049094
0.099130
0.152428
0.118612
0.100484
0.001297
-0.006219
0.014582
-0.098339
-0.021213
0.003844
-0.094608
0.007591
0.083813
-0.010471
0.040352
0.039009
0.030317
0.062254
0.017993
0.045435
-0.028748
-0.017187
0.001646
-0.023647
0.031434
0.011293
-0.047101
-0.070678
-0.020050
0.079424
-0.070436
-0.009089
0.051701
-0.027464
0.016704
-0.035457
0.006353
-0.012692
-0.037966
0.038303
0.037557
-0.027156
-0.065473
0.025045
0.001717
-0.041164
-0.091444
-0.010908
0.047399
-0.117863
0.089530
0.089388
0.069534
0.040143
-0.018912
0.039995
-0.010914
-0.001125
-0.064844
-0.007760
0.027229
-0.075467
0.050436
0.083331
-0.010816
-0.014457
-0.006333
-0.055010
-0.013100
-0.013035
-0.048480
-0.087921
0.085495
-0.046218
0.038454
0.001766
0.031687
0.001475
-0.040866
-0.000587
0.061167
-0.053691
-0.060610
0.070927
0.054563
0.035210
0.037219
0.021589
-0.078914
-0.060018
-0.162816
-0.062041
0.026056
0.121536
0.027136
-0.025061
0.003844
0.005301
0.033156
0.053026
0.096044
0.056724
0.103681
0.036000
-0.037360
0.011758
-0.046101
0.038866
0.064498
0.029426
-0.088207
-0.077343
0.009676
-0.007165
0.026745
0.033650
0.023011
0.012879
0.053299
0.014635
-0.068874
0.085716
-0.013569
0.056192
-0.053052
-0.106808
-0.069329
-0.039671
0.017384
0.067646
-0.018752
-0.009256
-0.029974
-0.144035
0.005975
0.007108
-0.040930
0.057102
0.062600
-0.009296
-0.004834
-0.035970
-0.024873
0.027135
0.038330
-0.172619
-0.046232
0.035033
0.022417
-0.038383
-0.003956
0.056776
0.017077
-0.033245
-0.034885
0.024906
0.077036
0.031153
0.043483
0.041141
0.053407
-0.021643
0.006197
0.077653
-0.004411
-0.075556
0.009290
-0.009572
-0.012251
0.019876
0.026354
-0.019286
0.053338
0.020231
0.025093
-0.024354
0.074315
0.070816
0.006000
0.021851
-0.035762
0.007953
0.005241
-0.041748
-0.038677
0.028523
0.024221
0.042548
-0.025985
0.016840
0.075328
-0.043279
0.061485
0.040826
-0.022730
0.087238
-0.056003
-0.128115
-0.023805
-0.052845
-0.052109
-0.091079
-0.141635
-0.033612
-0.048090
-0.102384
-0.003274
0.098386
0.072962
0.100884
0.040903
-0.003240
-0.006762
-0.020848
-0.017370
-0.051757
-0.131577
-0.006211
-0.084928
-0.032184
0.027648
-0.002362
0.046899
0.032530
-0.059075
-0.059958
-0.097042
-0.037205
-0.002548
-0.056640
-0.096845
0.025702
0.083580
0.026296
-0.033423
0.034327
0.053356
-0.006378
0.088374
0.042169
0.040156
0.057748
-0.034353
0.016659
-0.003557
-0.076005
0.016970
0.025624
0.066580
0.049175
0.081914
-0.014997
0.048683
-0.070493
-0.039773
-0.015074
-0.003831
0.000224
0.013155
0.018281
0.063728
0.080873
0.040729
0.043147
-0.079257
-0.045919
0.020049
0.038325
0.055817
-0.011335
-0.065781
-0.058640
-0.079799
-0.031869
0.026487
0.023419
-0.034947
0.010450
-0.079189
0.056748
0.070324
-0.001302
-0.018963
-0.003319
0.017445
-0.013133
0.016290
-0.015220
0.034831
0.074187
-0.020287
-0.006428
-0.008952
0.015780
0.019111
-0.012973
-0.052444
-0.040569
-0.102823
-0.072492
-0.035923
-0.037726
0.004349
0.004980
0.012410
-0.094484
0.004041
-0.004310
0.016694
-0.016669
-0.000691
0.020041
-0.023580
0.014473
-0.015956
0.005461
0.005069
-0.021698
-0.020150
-0.013452
0.071018
0.004846
-0.042366
0.017809
-0.014641
-0.056058
-0.018978
-0.018760
-0.023914
0.037530
0.004672
0.022620
0.011102
-0.076968
-0.021521
0.046710
0.024017
0.020538
0.048828
0.042840
-0.067805
-0.010707
0.024977
-0.089164
-0.081271
-0.045112
0.001173
0.057352
0.016407
0.041898
0.075781
0.107207
0.082205
-0.045062
-0.010693
-0.093358
-0.048004
-0.051474
-0.019177
0.005219
-0.025896
0.036327
0.051918
0.022815
0.014951
0.023530
-0.047839
0.032898
-0.032141
-0.032615
0.019754
0.077949
0.029695
0.069379
0.029152
-0.005483
0.066295
0.102520
0.112374
-0.003113
0.012002
0.086686
0.039190
0.118083
0.057444
0.067693
-0.063655
0.058328
0.096469
0.039540
0.010481
0.062606
-0.063134
0.002018
-0.051312
-0.011357
0.029382
0.036393
0.018636
-0.039748
0.032413
0.021889
0.019301
-0.016114
-0.026520
-0.009022
0.019022
0.021216
0.015770
-0.034781
-0.076685
0.014758
0.066982
0.035494
0.009187
-0.005391
0.060424
0.022049
0.090415
0.053428
0.010776
0.002616
-0.012211
0.066873
-0.044467
-0.000972
-0.021222
0.009117
-0.010809
0.064773
0.097639
-0.000929
-0.031380
0.051970
-0.040068
-0.044706
-0.042330
0.028860
-0.062127
-0.080884
-0.044103
-0.081872
0.012282
-0.030291
0.066525
0.015402
0.035344
-0.033163
-0.015429
-0.021629
-0.047118
-0.101363
-0.041061
0.011903
-0.023480
0.054685
-0.041232
-0.011649
-0.003426
0.037799
-0.059680
-0.061966
-0.008696
0.040861
0.038704
0.014842
-0.042286
0.001686
-0.048254
-0.020735
0.005362
-0.074332
-0.004407
-0.029893
0.100741
0.057703
-0.062288
-0.042848
0.032853
0.034078
0.048022
0.015868
0.000123
-0.000677
0.028001
-0.084674
-0.042366
-0.072520
0.035673
0.024290
0.131585
0.051512
0.099815
0.062899
-0.009654
-0.033497
-0.059078
-0.055425
-0.076244
0.020770
0.011137
-0.021707
0.020612
-0.010902
-0.001970
-0.058630
0.052494
0.023711
-0.045055
-0.061018
0.046904
-0.013649
-0.025472
0.084059
-0.037682
-0.003117
0.031108
0.041546
0.035644
0.015433
0.104054
0.031795
0.013441
-0.005304
-0.053207
-0.140911
-0.005869
0.011599
-0.049727
-0.041602
-0.068589
-0.039282
-0.055407
0.007069
0.054694
0.040884
-0.007504
0.082387
0.060439
-0.051222
-0.076073
-0.005427
0.010741
0.010101
-0.037466
-0.013328
-0.033515
-0.119029
-0.049269
-0.008526
-0.029734
0.040599
0.022171
-0.021475
-0.049151
-0.051319
-0.054231
-0.058332
-0.066479
0.054339
0.014496
0.069859
-0.095949
-0.098039
-0.005935
-0.031120
0.017203
-0.047125
0.030890
0.010213
0.005628
0.001823
-0.093264
-0.091766
0.037959
-0.019432
-0.033548
-0.002342
0.042535
0.017105
-0.000122
0.015336
-0.094054
0.037361
0.026135
0.090616
0.058700
-0.090635
-0.047225
-0.079852
0.122044
0.014775
-0.029730
0.029647
0.050937
0.015651
0.064356
-0.041903
-0.065120
0.003678
0.104856
0.038167
-0.018786
0.006223
0.078567
-0.086751
-0.057361
-0.062849
-0.054778
0.013138
0.074816
0.039721
-0.046219
-0.039649
0.035326
-0.026159
-0.034144
-0.053708
0.013607
-0.065475
-0.039613
-0.003347
-0.046816
-0.076422
-0.034988
-0.001996
-0.008744
0.029686
0.020691
-0.101415
-0.056128
0.003486
0.017382
0.050598
0.123226
-0.046601
-0.036359
0.038124
-0.051505
-0.008506
-0.059567
-0.014571
-0.024366
0.056583
0.147179
-0.020922
0.011562
-0.027734
-0.015908
0.102143
0.013340
-0.040972
-0.039016
0.025297
0.160662
0.046165
-0.032793
0.031061
-0.019700
-0.014564
0.056428
-0.009583
-0.044442
0.109163
-0.078269
-0.024767
0.018732
-0.063651
-0.043239
-0.082046
-0.051579
0.022888
0.036617
0.127670
0.016780
-0.017859
-0.048286
0.003291
0.027843
-0.059665
0.093908
0.007665
-0.040040
0.022333
-0.055234
0.021743
0.009153
0.065247
0.077469
0.058406
0.104237
0.018897
0.004933
0.011378
0.076899
-0.011252
0.067717
0.033477
0.070301
-0.022123
-0.035989
-0.020976
-0.016347
-0.013181
-0.075664
-0.001093
-0.017853
-0.132518
-0.093705
-0.015483
-0.047137
-0.018081
-0.032383
-0.029201
-0.080375
0.003379
0.011597
0.032938
0.025229
0.025650
-0.036484
-0.053639
-0.041765
-0.050801
-0.029285
-0.031939
0.056795
-0.044740
0.128244
-0.001000
-0.021167
0.056356
0.019105
0.072249
-0.051073
-0.032486
0.004859
-0.028877
-0.091609
-0.065772
-0.027480
0.094417
-0.001382
0.073151
0.081070
0.020661
-0.051095
-0.017886
-0.004556
-0.044079
-0.030890
-0.041322
0.093650
0.057360
0.101486
0.083217
-0.014732
0.123933
0.080831
0.148488
0.066651
0.067294
0.099742
0.016337
0.028059
0.068473
0.014375
0.013551
0.034345
0.046784
-0.021706
0.004759
-0.033879
0.034585
0.012323
-0.006098
0.001629
-0.015766
-0.007932
-0.001575
0.036468
-0.033036
-0.001305
0.005891
0.055489
-0.047168
0.015720
-0.049848
-0.019136
0.062495
-0.005934
-0.071863
0.031564
-0.051683
-0.088288
-0.050077
-0.016915
0.060517
0.098961
0.013917
0.052807
-0.041190
-0.084284
-0.072658
-0.002559
-0.027056
0.045584
0.053875
0.074829
0.017631
0.009371
-0.037832
0.006497
0.027190
0.054673
0.008011
-0.006871
0.020858
0.039723
-0.065680
0.035257
0.039425
-0.072560
-0.026913
0.017852
0.032841
-0.007453
0.004263
0.076868
0.021290
0.057887
0.024685
0.010396
0.061905
-0.054759
0.034457
0.022142
0.027749
0.105714
0.056545
0.069200
-0.004715
0.032612
0.027102
0.008162
-0.000842
0.070285
0.073089
0.135429
-0.018558
0.083911
0.055157
0.098721
0.158139
0.060817
0.073785
0.085663
0.054706
-0.063937
-0.035519
-0.065473
0.072275
0.022443
-0.065339
0.021204
-0.019532
0.042487
0.019646
0.009417
0.049424
0.002020
-0.043025
-0.058238
0.039048
0.007545
0.003259
-0.042781
0.039917
0.019228
-0.056951
0.013981
-0.041128
0.028613
0.032568
-0.027725
-0.017076
0.043066
0.079524
0.035867
-0.048266
-0.035720
0.013663
0.071895
0.085593
0.014251
0.138678
0.103056
-0.008958
0.030530
0.071837
-0.009622
0.021635
0.030203
-0.095353
0.046546
0.051868
0.022628
0.064376
-0.009224
-0.041475
-0.006545
0.069607
0.026210
-0.032187
0.037109
0.032692
-0.017891
0.019622
-0.007081
-0.114362
-0.054861
0.039921
0.045418
-0.012824
-0.078918
0.001526
-0.039289
-0.070287
-0.031020
-0.148422
-0.018928
-0.031385
0.030250
0.005934
0.049035
0.027394
0.005021
0.033565
0.034884
-0.045610
-0.014828
0.011308
-0.032675
-0.063951
-0.049864
0.042934
0.019152
0.056813
0.037465
-0.024778
0.052738
-0.006719
-0.000589
-0.003996
-0.011576
0.038919
-0.010909
-0.078592
-0.031449
0.080816
0.064591
0.038384
-0.040542
-0.057542
0.040428
-0.044024
-0.041742
-0.134855
-0.203123
0.047887
-0.092936
-0.094746
-0.106175
0.082433
0.059256
-0.051483
0.058416
-0.035062
-0.029392
0.018014
-0.065651
-0.010297
-0.012295
-0.008938
0.062935
0.025406
0.038599
0.015234
0.038875
0.031764
-0.063195
-0.069794
-0.027011
-0.024175
-0.087042
-0.016603
-0.100570
-0.031194
-0.005708
0.060230
0.106835
0.068910
0.069159
-0.033773
0.014497
-0.043048
-0.150511
0.019115
0.046591
-0.064958
-0.006578
0.018340
0.027775
0.025519
-0.050671
-0.022792
-0.006382
0.003515
-0.004077
-0.024757
0.021550
0.033123
0.023847
0.086644
0.061157
0.055334
0.036783
0.020111
0.011402
-0.007419
-0.100455
-0.003858
0.042046
0.071152
0.079610
0.000722
0.072140
-0.006726
-0.032443
0.029399
-0.011163
0.008958
0.004872
-0.024293
-0.002974
-0.023019
-0.026061
0.019202
-0.000698
-0.042221
-0.017476
-0.000179
-0.009618
0.003639
0.087089
0.054875
0.043443
0.078558
0.014697
0.065568
-0.077069
0.064546
0.088692
0.018321
-0.040249
0.050334
-0.015102
-0.017421
-0.015565
-0.005150
0.047380
-0.003034
0.079566
0.120802
-0.050340
0.022548
-0.010658
0.016347
-0.019693
0.043193
0.027477
0.049440
0.063037
-0.001212
0.038988
0.072792
0.064842
0.053316
-0.030771
-0.040099
-0.008238
-0.086187
-0.037240
-0.030801
-0.074271
-0.065481
0.022940
0.036819
0.006297
0.030841
0.026917
0.038079
0.010147
-0.014987
-0.035694
-0.000737
-0.032651
-0.022931
-0.029152
-0.056222
0.066597
0.036970
-0.019719
0.022814
0.089253
0.016211
-0.022294
-0.010723
-0.030122
-0.010660
-0.021392
0.015181
-0.002987
-0.080678
-0.050669
0.039996
0.071380
-0.024911
-0.021704
0.034156
0.039983
0.011746
0.021644
-0.036329
0.035290
0.006773
0.064059
-0.024808
0.027387
0.057048
-0.005046
-0.030193
-0.027198
0.006483
0.032572
-0.001023
-0.010566
0.058021
-0.036121
0.022313
-0.028163
-0.039015
0.036791
0.061356
0.088516
-0.081061
-0.064200
-0.027618
-0.018196
0.027172
0.004082
-0.070978
-0.001353
0.017513
0.050949
0.068135
0.062240
0.053008
-0.019511
-0.051526
-0.020279
0.006650
-0.035518
-0.024306
-0.103519
-0.017224
0.007063
-0.031664
0.080123
-0.048285
-0.000380
0.013827
-0.031631
0.044049
0.021131
-0.041176
-0.004197
0.043497
0.004872
-0.004869
0.030355
0.079248
0.028846
-0.015996
-0.019771
-0.012459
-0.072642
-0.028972
0.029145
0.047321
0.116091
0.055289
0.060332
0.048426
0.019291
-0.055528
-0.014264
-0.012550
0.017267
0.092822
-0.005543
0.068085
-0.001802
0.035196
-0.040875
-0.028570
-0.007916
0.005422
0.014996
0.069734
0.093656
0.035978
0.031536
0.037212
0.028811
0.080127
0.069136
0.131097
-0.010961
-0.056297
-0.011893
-0.017063
0.030556
-0.022600
-0.004896
-0.032844
-0.072271
-0.024855
-0.063173
0.026930
0.002415
-0.099992
-0.013362
0.034976
0.101565
0.015705
-0.069650
-0.032089
-0.062903
-0.087989
-0.137144
-0.006986
0.059138
0.018964
-0.027394
0.075777
0.062956
0.056670
0.038589
-0.027168
0.004780
0.075043
-0.072952
0.005052
-0.026203
-0.062226
-0.030554
-0.057103
0.042082
0.036804
-0.019343
0.057169
0.058909
0.015721
0.070687
0.038473
0.018847
0.012496
0.030904
0.029767
0.028349
-0.048412
-0.032677
0.000427
0.056682
0.008620
-0.099406
-0.062576
0.030963
-0.094129
0.008153
0.075779
0.026349
-0.001904
-0.008261
0.003637
0.038346
0.097048
0.013893
-0.007689
-0.052518
-0.027754
0.027036
-0.028340
-0.017009
-0.069445
-0.023196
-0.039480
-0.002433
-0.012807
-0.002547
0.016050
-0.012532
-0.015407
0.023632
0.013990
-0.033882
-0.009781
-0.059718
-0.024799
-0.035649
0.023211
0.009397
-0.034078
0.043294
0.060442
0.008972
0.045185
-0.018686
-0.014072
-0.029166
0.015142
0.013421
0.025385
0.107894
0.050586
0.030316
0.020951
0.022269
0.096726
0.045719
0.113694
0.085701
-0.004521
0.011366
0.008510
0.060687
0.013569
-0.017340
0.011242
0.005278
0.038278
0.034805
0.002006
0.024411
-0.008751
-0.091144
-0.022843
-0.034805
-0.008132
0.019498
0.037256
0.092100
0.121176
0.022530
0.054362
0.006319
-0.022733
-0.002730
0.059935
0.077519
0.079290
0.056227
0.025357
0.004157
0.034961
0.000139
0.012237
0.035135
-0.010842
-0.005553
0.011396
-0.036038
-0.060437
-0.070775
0.034818
-0.005625
0.030173
-0.022363
-0.055441
-0.007609
-0.058533
0.003828
0.060660
0.032102
-0.012126
-0.035062
0.009765
-0.019149
-0.083587
0.044617
0.042625
0.064692
-0.006830
0.001713
0.001612
-0.063206
0.011686
0.091822
-0.064765
-0.015973
-0.043324
-0.079274
0.035219
0.110487
0.053029
0.015444
0.001031
-0.001444
-0.089818
-0.019761
-0.044111
0.022346
0.038004
0.025329
0.011939
-0.065638
-0.084834
0.013322
-0.045307
-0.029264
-0.001997
0.073291
0.084392
0.049845
0.088410
0.026689
0.043835
0.036143
-0.005527
0.014573
-0.015121
0.018871
0.010745
0.027118
0.000440
-0.034311
-0.079317
-0.044622
-0.031650
-0.039636
0.037815
-0.036374
-0.081317
-0.064507
-0.033241
-0.028544
-0.014662
0.012768
0.035216
0.104988
0.058899
-0.081147
-0.007165
0.030447
-0.119031
-0.094031
-0.029803
0.033475
0.024807
-0.061664
-0.028816
-0.080655
-0.007424
-0.049076
0.045773
0.003081
0.053923
0.030876
0.036998
0.041766
0.005074
0.056601
-0.006145
0.016467
0.056298
0.034779
0.080526
0.026892
0.004891
0.003338
0.060808
0.015542
-0.049991
0.018201
-0.008884
0.008454
0.027532
0.059761
-0.013055
0.031281
0.057222
0.042103
-0.016470
0.042292
0.012946
0.017697
-0.001770
-0.024371
0.022360
0.012263
0.205542
0.135435
-0.015870
0.028756
-0.029486
0.001580
0.035723
0.082565
0.003571
-0.028936
-0.017770
-0.063624
0.009106
0.048595
0.027758
-0.032474
-0.000251
-0.058570
0.060649
0.033770
-0.053029
-0.021437
-0.037633
-0.001660
0.099005
0.011361
-0.002827
0.054016
0.079114
-0.036147
0.022069
-0.010227
-0.047414
0.004758
-0.110385
-0.005131
-0.067507
-0.066415
0.064020
-0.048672
0.033668
0.093783
0.064461
0.027168
-0.003066
-0.026406
0.016110
0.105170
0.032314
0.016743
0.052154
0.100359
0.106692
0.011674
-0.001695
0.014893
0.087983
0.019641
0.102402
0.049741
0.027634
0.087854
0.070647
0.054410
0.025650
-0.007335
-0.016368
0.039086
0.032081
0.016067
-0.033265
-0.061518
0.009688
-0.020320
-0.016218
-0.064342
0.078303
0.113918
0.090925
0.103153
0.105181
0.154619
0.008182
0.026050
0.100887
0.059348
-0.018023
0.004639
0.047783
0.073807
0.023942
-0.015875
0.055027
0.027494
0.053113
0.018667
-0.061481
-0.038713
0.031069
-0.006808
-0.017338
0.011318
0.001136
0.050601
0.007883
-0.066330
0.060207
-0.003502
0.053025
0.077773
0.029699
0.013017
0.133972
0.038385
0.051377
0.136070
0.089650
0.030930
0.038221
0.051640
0.010353
0.081079
0.136625
0.073732
-0.005846
0.044566
0.016425
0.034815
-0.033924
-0.010004
0.007745
-0.053417
-0.016372
0.042789
0.031797
-0.008966
0.010848
0.030616
0.044878
0.091745
-0.027639
0.013789
0.083834
-0.007701
0.053346
0.056180
0.043368
0.022225
0.005611
0.020741
-0.028798
-0.026114
0.019199
0.026592
-0.008779
0.032063
-0.033560
0.034511
-0.032473
-0.051618
0.019211
-0.056793
-0.111253
-0.062617
0.002381
-0.000209
0.040420
0.012863
0.003260
0.032797
-0.025796
-0.024769
-0.005935
-0.029986
-0.023648
-0.008038
-0.024098
0.048713
0.037874
-0.091270
0.018789
0.016565
-0.012315
-0.006381
0.045792
0.050795
0.012899
-0.036987
0.035818
0.002574
0.032702
0.003761
-0.036711
-0.026395
0.059757
0.031759
-0.013639
-0.101318
0.069631
0.098222
0.057214
0.016800
-0.032542
0.002854
0.061266
0.025947
0.074915
0.073273
0.079097
0.038791
0.034493
0.000010
-0.026959
0.000680
0.004940
0.030539
0.039522
0.100282
0.019642
-0.078784
-0.033965
0.018192
-0.009751
-0.000433
0.146440
0.176787
-0.001289
-0.014724
-0.027940
-0.079149
-0.023888
0.024590
0.032209
-0.142030
-0.016442
0.010319
-0.024875
0.086457
-0.036641
-0.012442
-0.121492
-0.003153
0.068306
0.013827
0.031585
-0.020270
-0.065890
0.048800
0.054678
0.008285
-0.003326
-0.015275
-0.037168
0.017921
0.061764
0.041866
0.075971
-0.047243
0.061732
0.155775
0.111752
0.054691
-0.005668
-0.022232
-0.025093
-0.066233
-0.075483
-0.031081
-0.007609
-0.002038
-0.042330
0.041793
0.044819
-0.060690
-0.057163
0.021815
-0.053462
-0.039426
-0.058427
-0.052303
0.014833
0.073720
0.019659
-0.012499
0.038273
0.087152
0.050875
-0.017142
-0.027143
0.010350
-0.079764
-0.045114
-0.017091
-0.030782
0.037776
-0.011676
-0.025929
0.071154
0.023207
-0.019843
0.045506
0.049680
0.026269
0.025660
0.062683
-0.011528
-0.011459
-0.002025
-0.021318
0.007509
0.010820
-0.054269
-0.195279
-0.028705
-0.017975
0.020341
0.111154
-0.079969
0.018264
-0.005006
-0.052108
-0.057277
-0.044472
-0.006908
-0.003947
0.036943
0.094077
0.041133
-0.067021
-0.015956
0.018864
-0.005289
0.021691
0.085556
0.011757
0.066702
-0.040616
-0.005877
0.105355
0.027398
0.002299
0.078151
0.049286
-0.037499
0.038924
-0.009955
-0.018725
0.040249
-0.034340
-0.026432
0.019906
0.093200
-0.007252
0.067621
0.052710
-0.076512
-0.040061
-0.034908
-0.026937
-0.063492
-0.042782
-0.024079
-0.087931
0.017109
-0.041316
-0.046115
-0.058834
-0.072154
0.086090
0.033188
-0.033300
-0.070551
0.044174
0.054503
0.038628
0.095232
0.009780
-0.074880
-0.007296
-0.065832
0.002397
0.079592
0.057383
-0.002644
-0.007414
-0.000497
-0.010429
-0.006210
-0.049174
0.037217
0.004088
-0.044873
-0.094780
-0.119069
0.003415
-0.023324
-0.018172
-0.042135
-0.001003
0.001383
0.016744
0.042582
0.059354
0.067346
-0.012869
0.055253
-0.004665
0.041687
0.037426
0.036465
0.002258
-0.017975
0.081702
-0.061113
-0.045039
-0.010403
-0.064898
-0.017090
0.013253
0.014582
0.059306
0.030300
0.033304
-0.130036
-0.045844
0.043129
0.000215
-0.022395
0.084649
-0.014706
-0.022683
-0.022385
-0.014725
-0.012895
-0.054982
-0.026320
0.042513
-0.040896
-0.066159
0.009065
0.036086
-0.012507
-0.039234
-0.062346
-0.035731
0.034802
0.039184
0.075390
0.076647
-0.013631
0.037935
-0.021901
0.017239
0.019810
-0.015053
-0.010529
-0.072953
-0.021219
0.059724
-0.051583
-0.100873
-0.016496
0.004481
0.025132
-0.005962
-0.074262
-0.001200
-0.015692
0.082086
0.131504
0.125019
0.059145
0.052726
0.053881
0.042317
0.062168
0.079723
0.051596
0.000066
-0.024188
-0.012725
-0.022859
0.023763
0.051572
-0.007900
0.000805
0.108232
0.030343
-0.014944
0.079875
-0.008402
0.012968
0.028854
-0.069679
-0.040764
-0.031644
-0.082912
-0.081852
-0.079298
-0.002436
0.010590
-0.068562
0.002915
0.020220
0.010967
0.038194
-0.018124
0.019651
0.005751
-0.002303
-0.061319
-0.047173
0.034726
-0.001808
0.039379
0.026097
-0.031052
-0.006365
-0.072115
-0.131362
-0.096580
-0.089900
-0.043699
-0.008281
-0.034944
0.051128
-0.072263
0.004077
0.013216
-0.048808
-0.015090
-0.085538
-0.001192
0.006678
-0.030063
0.075927
0.097525
0.021819
0.037880
0.076874
-0.005862
-0.049993
-0.007369
0.036484
0.082938
0.028574
-0.037848
0.077442
0.024902
0.054123
-0.006318
-0.016936
0.087499
0.022239
-0.021425
0.004282
0.060794
0.023054
0.039160
-0.034491
-0.042345
0.052065
0.100104
0.016156
0.015732
0.054923
0.086227
0.057653
0.057254
0.095662
0.081841
-0.004312
-0.046582
-0.062105
-0.015971
-0.018640
0.063827
-0.015367
0.027385
0.063208
0.036168
0.008822
-0.023722
-0.073180
0.028452
0.009608
0.013541
-0.021149
0.079657
0.065514
0.029245
-0.039063
-0.027822
-0.056216
-0.045324
-0.011842
-0.068424
-0.055393
0.000200
0.018996
0.051049
0.040973
0.035955
0.041944
0.028312
-0.010413
-0.069034
-0.058203
-0.065807
-0.136466
-0.089175
0.031859
-0.040070
-0.029350
0.096984
0.062567
0.020904
-0.023396
0.008585
0.010322
0.011121
0.024365
-0.093004
-0.044235
-0.046183
-0.071353
0.036402
-0.015479
-0.064556
0.000485
-0.014281
-0.050890
0.030923
-0.039420
0.028238
0.050826
-0.039145
-0.024901
0.004957
-0.054967
0.018828
0.054000
0.010983
-0.039268
-0.049619
0.085920
0.055103
0.035833
-0.042750
-0.021721
0.036439
0.040450
-0.017834
0.035644
0.063951
0.056416
0.000375
0.005713
0.044960
-0.093217
-0.017576
-0.046225
0.019966
0.096695
0.028796
0.064032
0.106906
0.093495
0.058651
0.068292
0.002259
-0.084497
-0.056656
0.040491
0.036154
-0.002689
0.022295
-0.029223
-0.023726
0.035797
-0.012195
0.017981
0.031854
-0.031770
-0.069354
0.043764
0.038894
0.056174
-0.007345
0.012263
0.057069
-0.068885
-0.042470
0.031782
0.037183
-0.037708
-0.049672
-0.012726
0.016791
-0.062525
0.033755
0.015693
0.001026
0.092632
0.048753
0.046725
0.015129
0.010964
0.006546
-0.010897
-0.055252
-0.022214
-0.017996
-0.009866
0.000516
-0.010447
0.024910
0.030914
0.039473
0.057747
0.121333
0.031770
-0.012902
0.042116
0.107089
0.030305
0.025884
0.132830
0.042923
-0.068902
-0.017066
-0.041160
0.062511
0.103292
0.062692
0.009342
0.006858
-0.034273
0.104970
0.006907
-0.026405
0.087145
0.020748
0.020844
0.090240
-0.003029
0.025602
-0.006648
-0.046175
-0.005189
0.013874
0.006985
0.039950
-0.040671
0.063760
0.022412
-0.005063
-0.005934
0.011792
-0.084146
-0.021205
0.058275
0.029789
-0.044693
0.020765
0.005584
0.009972
0.015997
-0.015133
0.058225
0.027890
0.059454
0.064518
0.045633
0.028823
-0.011842
-0.008740
-0.041137
0.077690
0.118147
0.083937
0.062151
0.003504
0.030701
0.109221
0.000190
0.043784
0.004913
-0.057446
-0.012749
0.004371
-0.079213
-0.102856
-0.057149
-0.072015
0.123211
0.108572
0.141595
0.059533
-0.014541
0.133136
0.062925
0.063566
0.037775
0.013300
0.050011
0.054478
0.050526
-0.003634
0.025328
0.047356
0.035007
0.054988
-0.049660
0.098762
-0.015856
0.028311
0.062780
0.021494
-0.029026
-0.023441
0.031054
-0.004530
0.104704
0.008399
0.029092
0.060793
0.041151
-0.001916
0.098005
-0.004418
0.043794
0.017301
-0.077355
0.106924
-0.036446
-0.024060
0.094028
0.087964
-0.012270
0.011374
0.033200
-0.018175
0.049701
-0.002440
-0.003081
0.045268
0.033694
0.082694
0.040340
0.056707
0.068597
0.062031
0.007697
-0.099284
-0.022370
-0.002602
0.070120
0.046608
-0.004523
0.146774
0.042740
0.044433
0.018594
0.016495
0.052381
-0.132665
-0.063430
-0.009152
0.013303
-0.000928
0.011919
0.032136
0.065800
-0.057598
-0.026103
-0.021765
-0.017596
0.089099
-0.006720
0.012738
0.069376
0.016156
0.030013
0.024283
-0.027862
0.039355
0.053960
0.089297
0.057664
0.000174
-0.039565
0.051803
0.006390
-0.013266
0.108425
-0.045578
0.036069
0.046972
0.021994
0.027997
0.044248
0.041968
0.144964
0.055744
0.027539
0.008485
0.117165
0.083399
-0.003709
0.049029
0.103288
0.043225
-0.009549
-0.023240
-0.023231
-0.030254
0.004406
0.062930
0.026845
0.035681
-0.041723
0.003759
-0.022194
-0.029207
-0.003568
0.063476
-0.031652
-0.054144
0.004733
-0.038899
0.004127
0.036351
0.017982
-0.027266
0.007681
0.026234
0.042609
0.030528
0.060328
0.072920
-0.025932
-0.099766
0.009360
-0.017777
-0.075489
-0.009744
0.005847
-0.000038
-0.035574
0.018503
-0.005011
-0.040594
0.054338
-0.010674
-0.000514
0.040040
-0.026478
0.012000
-0.038340
0.007097
0.061430
0.067349
0.040074
0.088924
-0.017228
-0.039779
-0.029448
-0.035320
-0.036788
-0.050861
-0.073286
-0.013742
-0.061909
-0.119440
0.015496
-0.003909
0.061403
0.067180
-0.049685
-0.041936
0.003985
0.016083
-0.004203
0.040555
-0.035935
0.008414
0.049888
-0.058934
0.027017
0.098158
0.063492
0.050119
0.055580
-0.031322
-0.015464
0.017420
0.099747
0.084427
-0.093261
0.025240
-0.026329
-0.016069
-0.054782
-0.001557
0.044557
-0.038719
0.026127
0.030200
-0.037566
-0.002015
0.029752
-0.002923
-0.019139
-0.080723
0.009335
0.016981
0.034581
-0.010359
0.003634
0.037245
0.040448
0.003200
0.008103
0.054788
0.015845
0.068083
0.010697
0.024756
0.052060
0.066428
0.096883
0.086630
-0.030159
-0.093965
-0.167882
-0.127929
-0.043901
0.001307
0.038035
-0.050670
-0.065322
0.025304
-0.066653
-0.101835
-0.006499
-0.074899
0.016695
0.006184
0.038258
0.046488
0.003012
-0.004554
0.104329
0.044202
0.008564
0.079245
0.035598
0.055999
0.044841
0.018219
0.041364
0.036523
0.018926
0.080602
0.042957
-0.029763
-0.038884
0.007248
-0.029235
0.023547
-0.066972
-0.010146
-0.052077
-0.016713
-0.068530
-0.051133
-0.074955
0.005564
-0.123598
-0.031792
0.013038
-0.070748
-0.017089
-0.042628
0.004667
0.049974
0.017158
-0.026363
-0.020954
0.003531
0.015950
-0.037038
-0.016087
0.017722
-0.018687
-0.031241
0.050715
0.121733
0.082723
0.003577
0.037720
-0.020370
-0.026600
0.126033
-0.011630
-0.035867
0.019639
-0.030483
0.016566
-0.029410
0.014862
0.014615
-0.033168
-0.020866
-0.057470
-0.086843
0.021518
0.023413
-0.069107
0.049065
0.017082
-0.062259
-0.020134
-0.045593
0.014452
-0.013668
-0.019771
0.009716
0.042337
0.011170
-0.067018
-0.046668
0.031606
-0.099484
-0.067642
-0.038146
-0.049945
-0.016266
-0.017311
-0.070748
-0.027238
0.031104
-0.038524
-0.013983
0.053028
-0.042032
-0.007026
0.018109
0.031589
-0.018099
-0.027319
-0.006236
-0.037813
0.013941
-0.050787
-0.005798
-0.007614
0.022443
-0.005383
0.044412
-0.025026
-0.045025
0.028688
-0.027943
-0.050895
-0.036134
-0.042452
-0.008642
-0.088110
-0.055906
0.046195
0.050235
0.023359
-0.036450
-0.035884
0.023984
0.043611
0.103512
-0.008869
-0.034415
0.006261
-0.023793
-0.008017
0.015604
0.049789
0.063868
0.018522
0.015734
-0.010196
0.017467
-0.016317
-0.061683
0.003579
-0.004781
0.040868
0.019901
-0.065001
-0.043591
0.022475
0.065086
-0.006651
-0.081266
-0.080824
0.012987
0.041769
0.023409
0.052802
-0.039108
-0.006858
-0.035329
-0.025486
-0.007497
-0.028631
0.058682
0.079466
-0.027329
-0.003557
0.018267
-0.017946
-0.072530
0.025031
-0.079729
-0.102411
-0.088021
-0.057385
-0.006071
0.012900
0.025690
0.071651
0.001995
-0.055819
0.060432
0.027189
0.039612
-0.035479
0.055784
0.079796
-0.010418
0.019639
-0.022093
-0.026902
-0.082150
-0.067636
-0.010076
0.006658
-0.005256
-0.038624
-0.030264
0.030349
0.053302
-0.038615
0.044020
0.020674
0.064856
0.070838
0.020120
-0.026270
-0.040332
-0.036410
0.012107
-0.019264
0.006099
-0.055296
0.023297
-0.068505
0.021347
0.012554
0.089704
0.011913
0.004348
0.033903
-0.046179
-0.012599
0.040324
0.037727
-0.031901
-0.082358
-0.099692
-0.024259
-0.006589
0.054706
0.095865
-0.027007
-0.035518
-0.005089
-0.074783
-0.076032
0.024365
0.104303
0.071439
-0.077720
-0.033936
-0.052373
-0.032067
-0.024799
0.014158
0.020666
0.004518
0.013449
0.134428
0.079278
0.004905
0.007002
-0.042751
-0.093695
0.041238
-0.085492
-0.021055
-0.005059
-0.010178
0.038012
-0.043596
-0.051503
-0.033566
-0.016233
-0.060551
0.038544
0.021304
-0.014171
0.072789
0.060808
0.007284
0.072632
0.063485
0.088709
0.078251
-0.010017
0.047502
-0.025376
-0.041526
0.007341
0.025548
-0.064269
-0.002824
-0.036730
-0.105701
-0.054495
0.063364
0.051189
0.048039
0.108230
0.030495
0.020163
0.049668
0.043225
-0.058926
-0.014483
0.042451
-0.018254
0.046529
-0.006324
0.016133
-0.006610
-0.072657
0.054858
-0.019554
-0.005563
-0.085197
-0.100853
0.014029
-0.048972
-0.058107
0.005283
-0.077938
0.011444
-0.066081
-0.032198
-0.036214
-0.047874
0.068478
0.011262
0.050650
-0.055968
-0.007907
0.101753
0.032442
0.021562
0.061404
0.019734
0.009701
0.024216
0.000894
0.056320
0.067879
0.025233
0.009678
-0.023107
-0.070082
0.088053
-0.011410
-0.019804
-0.036004
-0.040929
-0.038275
-0.037544
0.019544
0.050505
-0.023550
0.103755
0.060248
0.040633
0.045273
-0.032224
0.008933
0.018842
-0.030508
0.051209
0.081179
-0.029018
0.021960
0.080842
0.068250
-0.014900
0.062962
0.055909
-0.078481
-0.016387
-0.010536
0.015600
0.063677
0.025687
0.011876
0.091866
0.056236
0.083421
0.046960
-0.051304
0.107516
0.051751
-0.004398
-0.006206
-0.000424
0.001571
-0.087112
0.023232
0.007696
-0.048294
0.051166
0.014047
0.017491
0.018306
0.021521
0.045027
-0.010264
0.019341
0.095665
-0.011001
0.038364
0.140291
0.072895
0.094484
0.091222
0.034741
0.108601
0.106754
-0.090831
0.074982
0.060528
0.004235
-0.040375
0.002470
0.010648
0.037708
-0.033610
0.019441
0.004918
-0.099274
-0.095147
-0.113574
-0.084859
-0.148561
-0.040826
-0.012683
-0.035310
0.020935
-0.001249
0.006234
-0.007145
-0.032687
0.009640
0.161939
0.116151
-0.015065
-0.036264
0.002990
-0.090178
-0.041072
-0.033151
-0.112427
-0.063472
0.002850
0.004589
0.064695
-0.002364
-0.065750
-0.014791
-0.101852
0.081554
-0.016689
0.079561
0.043979
-0.014831
0.004456
-0.024411
0.054870
-0.007514
0.066098
0.093343
0.067881
0.042099
0.015702
0.034971
-0.024905
0.049648
0.030097
-0.025976
0.027382
-0.011307
0.015724
0.050317
-0.034488
-0.029638
-0.087203
-0.032959
0.019742
-0.007678
0.029646
0.042494
-0.009940
0.031107
-0.028828
-0.080946
0.056023
0.024908
0.012812
0.015973
0.058000
0.028587
0.049998
0.023883
0.042587
-0.048085
-0.060583
-0.069002
-0.020459
-0.033138
-0.012351
0.014145
0.024667
0.002327
-0.101832
0.015948
0.105867
-0.042087
0.005207
-0.035533
-0.067718
0.035023
-0.056038
0.023531
-0.024115
-0.051495
0.040409
-0.016487
-0.145569
-0.074623
-0.085381
-0.079997
-0.011767
-0.036085
-0.106888
0.010366
0.023231
0.050706
0.002844
0.030235
-0.003746
0.062465
-0.030335
-0.051941
0.047860
-0.075277
-0.000946
-0.022304
-0.025570
0.025611
-0.053574
0.020670
-0.012041
-0.005202
-0.004043
0.051692
0.032167
0.087338
0.074085
-0.008058
0.003892
0.025360
0.088024
0.047064
-0.036344
-0.070306
-0.005045
0.016269
0.040598
0.006903
0.076613
0.075648
0.065805
-0.009734
0.012835
-0.018865
-0.059094
0.016988
0.030902
0.034099
-0.075563
0.082239
0.030380
0.029013
0.081436
-0.035055
0.042738
-0.038744
-0.059138
0.035355
-0.096942
-0.040116
-0.001025
-0.017016
0.064824
-0.010709
0.041631
-0.011912
0.053940
0.030462
0.000030
0.039332
-0.009358
0.030121
-0.041748
-0.011829
0.011117
-0.035523
-0.011713
-0.069822
0.033957
0.007157
0.061694
0.007006
0.071436
0.053808
-0.129845
-0.085626
-0.080928
0.038634
-0.010199
-0.017113
0.105926
0.032697
0.067778
0.018827
-0.026654
0.080344
-0.064041
0.024566
-0.024873
0.028047
0.013507
-0.017770
0.026560
-0.017697
-0.015383
0.121141
0.079637
0.046953
0.040651
0.015433
-0.044394
-0.059660
-0.042284
-0.043979
-0.021121
-0.050230
-0.038960
-0.058672
-0.058565
-0.105264
-0.100169
-0.075567
-0.039279
-0.020170
-0.027540
-0.027471
-0.014948
0.044795
-0.073895
-0.072433
-0.025835
-0.058387
-0.064720
-0.035606
-0.019457
-0.033260
-0.089908
-0.006131
0.091925
0.058734
0.046321
-0.006139
-0.063385
-0.048712
-0.011262
-0.042667
0.050133
-0.018304
-0.082321
0.021716
0.054287
-0.003089
0.097920
-0.045531
-0.009482
0.071016
0.059305
0.033214
0.001472
-0.025360
-0.019078
0.034587
-0.003981
-0.016146
0.011418
-0.036304
-0.020917
0.036490
-0.028988
-0.013570
0.007960
0.014794
-0.033285
0.002761
0.049847
0.077662
0.059265
0.105261
0.093126
0.026520
0.005745
-0.079308
0.011073
-0.089081
-0.026306
-0.015839
0.062912
0.071727
0.040438
-0.008405
-0.011293
-0.037691
0.004782
0.100653
-0.001210
0.030789
-0.029804
-0.000296
0.040017
0.076924
0.090028
0.076159
0.057300
0.044498
0.164219
0.147145
0.109466
0.216165
0.101797
0.035469
0.005565
0.008017
0.026543
-0.013704
0.061537
0.123826
-0.040889
-0.072600
-0.027908
-0.018649
-0.080892
-0.028627
-0.007492
-0.043859
0.000217
-0.075959
-0.025100
0.101153
0.120897
-0.044187
0.001116
0.035360
-0.004220
0.004184
-0.076814
0.050984
0.034958
-0.048355
-0.091627
-0.020809
0.008196
-0.046014
0.006612
0.032850
0.015875
-0.029146
0.024423
0.014309
-0.105530
0.001062
0.017170
-0.013293
0.044106
-0.009641
0.014216
0.010203
-0.055572
0.063089
0.079759
-0.031207
-0.070344
0.030379
0.062393
0.144070
0.119140
-0.057293
-0.041137
0.063716
-0.038032
0.010159
0.055647
-0.031148
-0.041770
0.015867
-0.025288
-0.015467
0.003561
-0.077928
-0.021766
0.032754
-0.022528
-0.041747
0.023661
0.058068
-0.029192
0.118322
0.114156
-0.027303
0.021570
-0.011694
0.048006
-0.075290
0.028469
0.013418
-0.016638
-0.008381
-0.047746
-0.021987
0.002924
-0.024719
-0.082930
0.036635
0.008785
0.009359
0.133481
0.035892
-0.019894
-0.053311
0.004883
0.075996
-0.028241
0.032474
0.004925
-0.005133
0.001437
-0.100194
-0.045717
0.004160
0.084109
-0.067424
-0.028246
0.023174
0.102217
0.061957
-0.012683
0.043686
-0.051614
0.069502
0.038392
-0.042976
0.036675
-0.066952
-0.059087
0.042201
-0.040612
-0.022516
-0.021375
0.004192
0.119401
-0.029509
-0.004236
-0.032979
0.000096
-0.029302
-0.016192
0.013774
0.038970
-0.064106
-0.057393
0.032448
-0.041045
-0.000706
0.022910
0.040147
-0.001750
-0.039773
-0.036326
-0.054063
-0.031692
-0.018823
0.080490
0.058251
-0.008900
0.027675
-0.048907
-0.013847
-0.009413
-0.016446
-0.045965
0.005683
-0.003756
0.087829
-0.002132
-0.044641
0.002938
0.066250
-0.026760
-0.009250
-0.042288
0.016072
-0.028765
-0.027794
-0.018700
-0.096813
-0.013411
-0.065458
0.005987
0.121330
0.035311
-0.003286
0.009438
-0.064552
0.090951
-0.041689
-0.075982
-0.050499
-0.077161
0.036696
-0.043237
0.050670
0.030524
-0.009436
0.058129
0.013672
0.030468
0.027362
0.020689
0.146375
0.075847
0.025080
0.014088
0.029166
0.062790
-0.045700
-0.059890
-0.055214
-0.111002
-0.039803
0.036056
0.103385
0.069714
0.015440
0.031720
0.040769
0.005025
-0.002385
0.094200
0.021615
0.008047
0.007734
0.075676
0.011324
-0.013136
0.072366
0.029986
-0.004156
0.088275
-0.084469
0.046294
0.048086
-0.053392
-0.061705
0.000775
-0.070618
-0.051690
-0.028829
-0.012047
0.035075
-0.038286
0.040020
0.059898
-0.040641
0.041789
0.022916
0.002739
0.071976
0.034036
-0.019373
-0.038627
0.011593
-0.010000
-0.014312
0.006750
0.053579
-0.000185
-0.001384
-0.089172
-0.013107
0.023757
-0.051144
0.031164
0.028066
0.067105
0.035294
0.011279
0.017556
0.045658
0.072384
-0.005945
0.026177
-0.004812
-0.021078
-0.028395
-0.049100
0.041003
0.055689
0.029361
0.002399
0.093337
-0.044543
-0.052203
0.088266
0.009033
-0.038862
-0.039066
0.026323
0.015730
-0.002014
0.022272
0.029731
-0.011513
0.009975
-0.008223
-0.031647
0.004707
-0.056155
0.027361
-0.065040
0.003040
0.008446
-0.013712
0.070961
-0.023911
-0.037468
-0.012470
-0.102799
-0.041097
0.036804
0.005322
0.033905
0.010173
0.047166
0.132712
0.103473
0.016520
0.045457
-0.067095
-0.016301
-0.011942
0.008261
0.084150
-0.069473
-0.032796
0.026770
-0.017026
0.046574
0.066048
0.024510
0.025685
0.069745
-0.044247
0.060599
0.085080
-0.030658
-0.027759
-0.112963
0.036541
-0.003138
-0.015418
0.000948
0.039995
0.022312
0.054423
0.026720
0.024878
0.058783
0.040563
0.115601
-0.020295
0.016841
-0.019392
0.009389
0.071462
0.061514
0.048355
-0.001881
-0.025525
-0.003873
0.046058
-0.073067
-0.082589
-0.075639
0.015808
0.034282
0.062731
-0.026676
0.028369
0.010032
0.011084
-0.063476
-0.028478
0.012516
0.023776
0.069174
-0.060780
-0.008207
-0.000399
-0.005716
-0.024018
-0.009847
0.054004
0.007222
-0.045076
-0.041306
-0.011858
-0.026671
-0.064119
-0.072003
0.011550
0.011633
-0.088844
-0.010144
0.034871
-0.044703
-0.024299
0.025299
-0.014223
-0.037865
-0.028105
-0.072532
0.002280
-0.056794
-0.026126
-0.128568
0.004732
0.037647
-0.023301
0.026952
-0.050331
0.061890
-0.031218
-0.042267
-0.007517
0.086052
0.000093
-0.025839
-0.048963
-0.069703
0.015963
-0.045632
-0.049803
0.098358
0.025758
0.017578
0.107028
0.083457
0.103747
0.016231
0.064635
0.040144
-0.019677
-0.038099
-0.038783
-0.019244
0.000346
0.008952
0.003812
-0.010108
0.035265
0.066008
0.105304
0.057383
0.006882
-0.002849
0.026118
0.047624
0.090595
0.020559
0.069417
0.074621
0.010388
0.026970
0.065214
0.018172
-0.059433
-0.016810
-0.028199
-0.024448
0.020472
-0.002611
0.061702
0.038776
0.008079
0.039735
0.077251
0.112637
0.079147
0.121986
0.066636
0.002267
-0.041423
0.018209
0.075719
0.050341
0.035445
-0.063655
-0.016000
-0.003816
-0.011714
0.066392
0.099670
0.063718
0.051922
0.004705
0.029070
0.032834
-0.018996
0.003277
-0.029919
0.084808
0.012823
0.072437
0.083104
-0.032329
-0.022737
0.041848
0.069438
-0.073600
-0.087216
-0.018762
-0.083807
-0.042414
-0.033768
-0.010610
0.028374
-0.057182
-0.001712
-0.002916
0.025826
0.067710
-0.055143
-0.047039
0.024596
0.039483
-0.019159
-0.025172
-0.013069
0.024527
0.010124
0.001846
-0.037040
-0.081064
-0.134060
-0.091980
-0.042123
-0.023158
-0.013038
0.021865
-0.054045
-0.032021
0.023151
-0.072276
-0.088445
-0.061745
-0.010142
-0.037738
0.018734
-0.017543
-0.047845
0.004184
0.022608
-0.014782
0.009450
0.032891
-0.040626
-0.022652
0.000879
-0.000702
-0.098248
0.018601
-0.000862
-0.019335
0.049134
0.062015
0.013751
-0.005094
0.062630
0.019029
0.001957
0.008736
0.010859
-0.063600
0.000587
-0.032747
0.090816
0.031216
0.035220
0.062757
-0.011814
-0.036149
-0.013972
0.025590
0.051477
0.055240
0.027491
0.023618
0.057500
0.109012
0.080626
0.044340
-0.022610
0.033698
-0.025294
-0.022806
0.004365
0.009979
-0.096157
-0.022320
0.037035
0.041387
0.040592
-0.003047
-0.041183
0.020283
0.005207
0.070203
0.023442
0.055189
0.110441
0.125058
-0.026995
0.094651
0.126392
0.059472
0.040232
0.033777
-0.004923
-0.033366
-0.063988
0.086739
0.011704
-0.014984
0.066992
0.053391
0.068610
0.078298
0.042206
-0.106531
0.001676
-0.000039
0.056906
0.003213
-0.084080
-0.070692
-0.109280
0.020584
0.083980
0.044011
-0.046234
-0.034666
-0.002882
-0.002737
0.058213
-0.006853
0.045388
-0.030531
-0.049820
-0.093163
-0.018891
-0.023527
-0.053573
-0.065319
-0.017951
-0.041140
-0.033032
-0.035176
-0.082650
-0.028055
-0.035374
0.004825
0.012340
0.010139
0.020376
0.020269
0.059754
0.039204
0.009364
0.015787
0.007201
0.008649
0.075602
0.080889
0.014061
0.088672
0.110969
0.126408
-0.012033
-0.036730
-0.011477
-0.045476
0.023365
0.029218
0.041354
0.003578
0.067756
0.072334
0.017787
0.084659
-0.065265
-0.019169
-0.043953
-0.008456
0.022080
0.033585
0.089731
-0.021190
-0.078887
0.016572
0.031634
-0.057290
-0.020138
-0.081456
-0.077368
-0.074769
-0.000131
-0.022692
-0.072174
0.055304
-0.078139
-0.056156
-0.040560
-0.049103
-0.105236
-0.069502
0.046001
0.019175
-0.078895
-0.070417
-0.037767
0.057894
-0.024852
-0.111275
-0.118124
-0.037416
0.030777
0.034310
0.068187
0.047881
0.000442
0.001926
-0.028509
-0.116331
-0.021668
0.121360
0.016221
0.039445
0.081553
0.036658
0.019286
-0.031785
0.008941
-0.019265
-0.009447
0.032311
0.056811
0.009537
0.072542
0.052393
0.012354
0.000408
0.011523
-0.028132
-0.029854
0.007135
-0.047771
-0.029864
-0.066478
0.037812
0.070914
0.056251
0.053322
-0.018642
0.072391
0.076687
0.002096
0.029948
-0.061241
-0.020049
0.035533
-0.065458
0.080337
0.010453
-0.016818
0.065216
0.062630
0.049105
0.055485
0.130798
0.065702
0.062627
0.042007
0.029358
-0.007948
-0.018597
0.012779
-0.056880
-0.002321
0.055124
0.022458
-0.022177
0.076155
0.043700
0.025940
0.049957
-0.062815
0.027785
0.012202
-0.050925
-0.029576
0.012375
-0.003897
-0.034421
-0.019918
0.030005
0.028710
0.085831
0.157941
0.047374
0.057519
0.079894
0.016446
0.038887
0.086444
0.057708
-0.017345
-0.038184
0.099516
0.028508
0.034035
0.045085
-0.014922
0.024082
0.072514
0.008339
-0.009017
0.059620
0.054975
-0.088927
-0.009793
-0.018633
0.030990
-0.082249
-0.038438
0.010445
-0.077759
-0.061615
-0.035126
-0.033170
0.090956
-0.016000
-0.062589
0.025951
0.045072
0.070610
-0.005015
0.035416
-0.051583
-0.035284
-0.086839
0.074576
0.090706
-0.051720
-0.031528
0.096775
0.012115
0.049023
-0.000133
0.047307
0.018678
0.097907
0.035195
-0.016274
0.017712
0.015485
-0.014672
0.003924
0.035610
0.045391
0.078189
0.020420
-0.038898
-0.024277
-0.020779
-0.052000
-0.019846
-0.077620
-0.040612
-0.034925
-0.133075
-0.049860
-0.115556
-0.038823
-0.085292
-0.001231
-0.027928
0.015888
0.024046
-0.025852
0.048349
0.022359
0.011300
-0.024212
0.057180
-0.026156
-0.038561
0.102876
0.045199
0.052600
0.036218
0.108308
0.037524
-0.029138
0.071196
0.103975
0.086213
0.061751
0.019130
0.007679
0.006697
0.046259
-0.056443
0.005741
0.033320
-0.029222
0.028980
-0.011729
0.041079
0.005949
-0.039630
0.046418
-0.081639
-0.007704
0.050841
-0.039043
0.033042
0.031519
-0.041230
-0.038492
-0.032011
-0.067530
0.023238
0.074307
0.027554
0.040971
0.031839
0.033462
-0.053591
-0.075664
-0.042202
0.016242
0.012789
0.038385
-0.032729
0.067529
0.081894
0.099380
-0.077814
-0.026699
0.023919
0.015648
0.084350
0.010760
0.036928
0.008280
-0.214583
-0.095900
0.043281
0.032334
-0.033075
-0.049436
-0.029569
-0.015579
-0.117242
-0.034423
-0.041181
0.018922
-0.075443
-0.026601
0.024195
0.014887
0.069545
-0.035761
0.032954
0.001557
-0.027108
0.044931
0.004392
-0.034053
-0.123863
-0.043461
-0.002574
-0.042042
-0.027261
-0.001357
0.055446
0.017423
-0.067092
-0.040774
0.011664
-0.004497
0.020107
0.035015
-0.069282
-0.059420
0.038005
-0.010789
-0.017962
-0.014080
-0.010205
0.052212
-0.048175
-0.020941
-0.043884
-0.048084
-0.051023
-0.069807
-0.005120
0.081128
-0.006409
-0.027336
-0.013882
-0.031119
-0.038728
-0.002028
0.018714
-0.043498
0.035005
0.028667
0.074440
0.098592
0.115548
0.071986
0.057153
-0.067742
-0.067719
-0.115521
-0.146079
0.013957
0.071267
-0.037678
-0.118017
0.078916
0.092207
-0.010371
0.111038
-0.029101
0.010621
-0.046538
-0.011246
-0.064158
-0.079926
0.004411
-0.072622
-0.016067
0.094881
0.122194
0.092435
0.182031
0.144736
0.016835
0.124564
0.094285
0.048931
0.035644
0.002541
-0.011218
0.014313
0.056132
-0.054641
-0.026011
0.029135
0.000249
-0.018414
0.000968
0.041894
-0.013783
0.044485
-0.034708
-0.060289
-0.071648
-0.019464
-0.002283
0.064469
0.037979
0.000405
0.108225
0.075312
0.009032
0.015583
0.021697
-0.024756
0.061479
0.038812
0.055078
-0.016059
-0.010094
0.040173
-0.042929
0.021358
-0.050157
-0.124277
-0.071834
-0.011238
0.055803
0.022225
-0.056711
0.050939
-0.036705
-0.010709
0.063141
-0.033269
-0.071325
-0.077304
0.027210
0.073089
0.101595
-0.001134
-0.002926
0.004856
0.021641
-0.004844
0.045774
0.008720
0.039623
-0.038376
-0.016277
0.031173
-0.028958
-0.036759
0.005325
0.028202
-0.008291
-0.005236
-0.026231
0.006877
0.031359
0.004746
-0.020866
-0.060803
0.000713
-0.029580
-0.052774
-0.040598
-0.011333
-0.063447
-0.075806
-0.022891
-0.012368
0.021869
0.013004
0.082832
0.021859
0.054422
0.073578
0.118769
0.024889
0.048885
-0.007505
0.000848
0.049976
-0.039738
0.049157
0.071252
-0.005397
0.035242
-0.053122
0.064038
0.044784
-0.049212
0.019494
0.024595
-0.000305
0.049310
0.020133
0.050016
0.096663
0.039489
0.101087
0.063562
0.065850
0.051363
0.085041
0.067262
0.151826
0.086993
0.037964
-0.012503
0.018413
-0.005106
0.051852
-0.013529
0.033549
0.011580
-0.014414
-0.009734
0.017785
0.015005
-0.002875
0.112701
0.014027
-0.004362
0.097728
-0.049357
0.018703
0.053722
-0.047080
-0.018385
-0.064303
0.047214
0.008643
0.083859
0.034980
-0.016265
-0.037335
-0.077447
-0.031982
0.023706
-0.060731
-0.032907
0.049035
0.088880
-0.031630
0.050628
0.007534
-0.060740
-0.025735
0.006465
-0.079415
0.003405
0.016398
-0.025885
0.034857
-0.040923
-0.062699
-0.046080
-0.073918
0.036170
0.015510
0.027333
0.027453
-0.031319
-0.035255
-0.058516
-0.023800
0.002712
-0.080638
0.091469
0.110935
-0.075512
0.013457
0.077240
-0.080687
-0.072340
0.092291
0.041649
0.076139
0.042715
-0.027305
0.025903
-0.001275
0.012044
0.007675
0.115582
-0.046979
-0.020952
0.030500
0.035063
0.032342
0.049737
-0.016386
-0.042102
-0.054821
0.037781
0.080683
-0.017415
0.095457
-0.032561
0.026846
0.069670
-0.059471
0.000217
0.053312
-0.076393
-0.038654
0.036292
-0.022974
-0.022093
0.011411
-0.048676
0.027128
0.003948
-0.008704
0.074970
-0.071505
-0.002035
0.009218
-0.004028
-0.017600
-0.024262
0.028512
-0.058760
-0.058355
0.077675
-0.034739
-0.104943
-0.030133
0.107395
0.050742
0.002519
-0.005621
-0.018886
0.022042
0.042920
-0.000036
-0.025853
0.083053
0.100921
0.036135
-0.077086
-0.049790
0.005083
-0.014467
-0.025182
0.050439
0.005699
0.064156
0.072733
-0.035173
0.037875
0.035298
0.032703
-0.006748
-0.098120
0.004863
-0.002834
-0.014312
0.004372
0.066102
-0.006955
-0.003863
-0.018673
0.030701
0.007008
-0.055109
0.026177
0.130226
0.034080
-0.095320
0.012919
0.012810
0.038484
-0.015711
0.030927
-0.092475
0.048157
0.046993
-0.016235
0.045078
0.086300
0.078850
0.017142
-0.039008
0.019777
0.000192
-0.038589
-0.013551
-0.051367
-0.034670
0.010807
-0.070809
0.041880
-0.021236
-0.070130
0.031410
0.020574
-0.017293
-0.001858
0.062015
-0.034783
-0.006306
0.016110
-0.033560
0.038978
-0.016770
0.115891
0.034264
0.063029
0.048854
0.056178
0.048872
0.072596
0.164608
0.047817
0.021601
0.093201
-0.034579
-0.013338
0.003449
-0.051825
0.012676
0.007121
-0.034439
0.041852
-0.010349
0.020962
0.024919
-0.000738
-0.037452
-0.071592
-0.030985
0.035300
-0.036382
-0.007494
0.020467
-0.057351
-0.028024
0.039675
-0.052062
-0.019009
-0.009784
-0.073047
-0.042989
0.032809
0.015332
-0.046015
0.067570
0.034018
0.001442
0.030867
-0.029967
-0.064915
-0.042064
0.030046
0.001335
-0.014199
-0.037829
-0.009910
0.077939
-0.006223
-0.027693
0.014779
-0.051530
-0.027181
-0.009666
-0.016603
0.058859
-0.011798
-0.006747
0.079040
-0.050622
-0.075749
0.039170
-0.034397
-0.042004
0.058562
-0.020423
-0.052530
0.111322
-0.061887
0.078490
-0.000588
-0.066330
0.037958
0.058412
0.049355
0.085297
0.063480
0.073684
0.014951
-0.015055
-0.014266
0.046871
-0.023755
-0.077205
0.059397
0.011799
-0.109566
0.038338
-0.021715
-0.068600
-0.012312
-0.080457
-0.087614
-0.042339
-0.019016
0.077788
0.040214
-0.052847
0.010645
0.070902
0.017228
-0.038981
-0.057157
-0.042540
0.055392
-0.075222
-0.034554
-0.016113
0.089595
0.025751
0.015195
0.015440
0.010539
0.034746
-0.047888
-0.110346
-0.071008
-0.037766
-0.036229
0.006242
0.009850
0.019205
0.070253
0.026344
-0.001031
0.001863
0.058041
-0.062590
-0.007121
0.008993
0.044432
0.109768
0.022128
0.007682
0.002224
0.015052
0.065029
-0.021172
0.008823
0.053964
-0.054702
-0.034919
0.036185
-0.033262
-0.047229
-0.019024
-0.007284
-0.048311
-0.011358
0.045151
0.101600
-0.009227
0.075819
0.015569
-0.030431
0.031162
-0.011175
-0.003572
0.000231
0.011577
-0.000708
0.041959
0.017369
0.067310
0.045305
0.005864
-0.080033
0.008121
0.015166
0.016231
-0.004010
0.034246
0.010610
0.007231
-0.113281
-0.133961
0.039640
0.013697
0.011095
-0.000605
0.096464
0.006041
-0.026888
0.012431
0.013199
0.071853
-0.066883
-0.062464
-0.014128
-0.027621
-0.061343
-0.074018
-0.034264
0.000364
0.012679
0.106389
0.035073
-0.045505
-0.008087
-0.067222
0.046462
0.013716
0.015318
0.009959
-0.086569
-0.007297
0.014042
-0.008000
0.039201
0.071188
0.039422
-0.011304
0.037710
-0.037776
-0.107978
0.088538
-0.010642
-0.029480
-0.031993
-0.105810
0.054493
0.023310
0.005911
0.003064
-0.028170
-0.004748
-0.025294
0.070865
0.110174
-0.015693
0.002564
-0.042249
-0.060832
-0.057003
-0.054847
0.083553
0.038698
0.045254
0.080256
0.032501
-0.054054
0.059484
0.045620
0.018613
-0.009220
-0.106515
-0.024661
-0.035478
-0.033231
0.014347
-0.035953
-0.020741
0.014599
-0.123513
-0.011373
-0.030215
-0.041735
0.059114
0.080298
0.007279
0.069580
0.051853
0.021328
0.012351
0.030995
0.046500
-0.083071
-0.040858
0.008755
-0.028442
0.087802
-0.013111
-0.076249
-0.060022
-0.088147
0.007351
-0.006707
0.036604
0.012682
-0.014325
0.014886
0.076488
-0.112194
0.043342
0.046675
-0.050226
0.074006
0.013349
0.029874
0.021872
0.012978
-0.038385
0.025905
-0.041417
0.018721
-0.043710
-0.035351
-0.070553
-0.102865
-0.094129
-0.050892
-0.035724
-0.007679
-0.057657
-0.052933
-0.058687
0.055038
-0.000421
0.036590
-0.033841
-0.039287
0.075644
-0.038430
-0.056005
-0.017163
0.031083
0.097896
-0.009335
0.062630
-0.014586
-0.009572
0.007946
-0.007514
0.060872
0.048533
0.030499
-0.062476
0.058251
-0.052744
-0.100724
-0.022332
-0.017026
-0.024309
-0.042332
-0.025965
0.010997
0.097103
-0.016608
-0.042769
-0.025066
0.050090
-0.022044
0.050890
0.057247
-0.000426
-0.007404
-0.039814
0.028666
-0.008333
-0.006285
-0.038465
0.008215
0.060472
-0.084048
0.032961
0.098819
0.042073
0.051466
-0.016768
-0.090827
0.011938
0.063632
0.023807
-0.010097
-0.046573
-0.038567
0.008945
-0.031775
-0.077754
-0.046240
-0.035059
-0.091736
-0.036928
0.039681
-0.008669
-0.088299
-0.030252
0.008720
0.007705
0.016472
0.001249
-0.027336
-0.010245
0.059827
0.090392
0.094548
0.015793
0.090366
-0.024380
0.001798
0.053275
0.044253
-0.012758
-0.066824
0.022313
-0.078442
0.009530
0.022785
0.002875
-0.013477
-0.022845
0.007979
0.061173
-0.013939
0.001830
-0.081223
-0.009553
0.009324
-0.118908
0.082348
0.094322
-0.040329
0.016606
0.019700
0.045144
-0.051928
-0.058718
0.001648
-0.037166
-0.080207
-0.007082
-0.016153
-0.015979
-0.031837
0.006763
-0.064693
-0.073845
-0.027106
-0.023242
-0.010486
0.035130
-0.015240
0.045368
0.041210
0.042789
0.020009
0.049098
0.050533
0.020146
0.059657
0.055272
0.046392
-0.029502
0.028947
0.096474
-0.012096
-0.024421
0.050006
-0.055652
-0.060614
0.070401
0.031230
0.020915
0.084000
-0.053496
-0.003804
-0.067478
-0.015444
0.072212
0.027758
0.031306
-0.019723
0.028595
-0.006655
-0.076484
-0.119855
-0.028498
-0.010472
-0.029764
0.069974
-0.025189
-0.008006
-0.010656
-0.082328
-0.056066
-0.050629
-0.011643
-0.081332
-0.103495
-0.011850
0.128056
0.037296
0.044457
0.060863
0.020469
-0.023002
-0.085942
-0.029243
-0.002269
-0.064836
-0.090746
0.014351
0.066873
0.051991
0.013212
-0.027697
0.071562
0.030628
0.026473
0.053315
0.158457
0.135747
0.035022
0.052224
0.030484
0.110931
-0.003158
-0.012872
0.017363
-0.012483
-0.037030
-0.042314
-0.051943
0.026368
0.043188
0.053787
0.022586
0.113423
-0.025903
0.004946
0.077442
-0.005617
-0.070470
0.028490
0.005779
-0.101914
0.149805
0.103998
-0.069015
-0.060408
-0.059424
0.022627
0.031876
0.019424
0.084886
-0.012822
0.065024
0.070117
-0.038828
-0.036272
-0.003622
-0.020997
0.003551
0.028623
0.024325
-0.019994
-0.036824
0.010840
-0.033225
0.024972
0.068053
0.096309
0.080409
0.086249
0.005563
-0.038471
0.035410
0.006815
-0.081746
0.064618
0.118182
-0.035718
0.048328
0.026080
0.042013
-0.048019
-0.015743
0.121348
-0.038020
-0.030481
0.018437
0.047387
0.059128
0.042081
0.086888
0.101654
0.063126
-0.002891
-0.031812
-0.022993
0.015116
0.057342
-0.007354
0.004494
0.038192
0.003788
-0.052133
-0.033056
-0.021222
-0.022525
-0.040222
-0.026958
0.009763
0.047544
-0.101420
-0.014929
-0.022887
-0.020272
-0.025899
0.049540
-0.016293
-0.061072
0.009734
-0.075177
-0.104956
-0.020483
0.050913
0.101512
0.053456
-0.017098
-0.000432
0.007911
0.032751
0.051916
0.108257
0.096225
0.078334
-0.012339
0.033820
0.026466
-0.000661
0.040045
-0.119024
-0.079134
0.007161
0.036466
-0.035550
-0.023467
0.016358
0.003182
-0.061530
-0.017296
0.001214
0.025368
-0.003724
0.057268
0.009335
0.059487
-0.017587
-0.020525
0.066177
0.027765
0.026700
0.042613
-0.062118
-0.066423
-0.012029
-0.018944
-0.005319
0.045797
-0.093430
-0.038647
-0.030709
0.008122
-0.019282
0.008655
0.040602
0.031392
-0.061925
0.030136
0.001927
-0.094703
0.001793
0.018914
-0.076222
-0.038163
0.062436
-0.007687
-0.000100
0.025389
0.013859
-0.009273
0.096000
0.073190
0.081202
0.138837
-0.035527
-0.053307
-0.103649
-0.120723
-0.050947
0.005861
0.021416
0.009359
0.073363
0.026074
0.033017
0.000862
-0.071173
0.001054
0.016602
0.065810
0.032116
0.118386
0.010458
0.081056
-0.001868
-0.012668
0.119940
0.021303
-0.029402
-0.030884
-0.003279
0.045675
0.070956
-0.025837
-0.024716
-0.103581
-0.006594
-0.014749
-0.029045
-0.042667
-0.083149
0.042904
0.107686
-0.037373
0.040532
0.094976
0.008536
0.108755
0.059075
-0.037306
-0.045223
0.053113
-0.052500
-0.121313
-0.041245
0.033964
-0.027038
0.073248
0.066784
0.093683
0.024737
-0.071224
-0.047042
0.011977
-0.023948
-0.053198
-0.054064
0.017113
0.005860
0.009340
0.069376
0.106756
0.053726
0.036340
0.073253
0.064508
0.048831
0.003885
0.047526
0.032959
-0.019428
-0.046912
0.048685
-0.020024
-0.059528
-0.046272
0.050376
0.073925
0.017956
0.038337
0.043868
0.035110
-0.028684
0.065642
0.104649
0.067687
0.068596
0.037772
0.007568
0.021646
-0.002856
0.062808
0.050867
-0.068004
-0.012461
0.011888
-0.063200
-0.049247
-0.062419
0.032340
0.057242
0.017662
0.003247
0.038893
-0.082290
-0.042322
0.047979
0.031565
-0.012934
0.092210
0.025027
-0.033932
0.063510
0.094490
0.013380
0.068272
0.059041
0.081747
-0.042143
-0.036481
0.052149
-0.052759
0.006078
-0.057763
-0.001220
0.069128
0.002232
-0.054239
-0.016857
0.073536
0.046131
-0.018500
-0.005261
0.022567
-0.005313
0.013526
0.009080
0.008598
0.047185
0.048884
-0.063326
-0.034121
-0.016263
-0.091202
0.029429
0.095058
0.024738
-0.006472
0.025068
0.071893
-0.045721
-0.038699
0.022450
-0.028977
-0.038418
0.000874
0.066585
0.014605
0.042393
0.033653
-0.091368
0.020173
0.003996
-0.029929
0.019302
-0.063526
0.003246
0.004675
0.030132
-0.002227
0.047054
-0.100000
0.018321
0.062708
-0.099089
0.011924
-0.025832
0.032323
0.020855
-0.058282
-0.009280
-0.032199
-0.007519
0.068513
0.089762
0.023801
0.057356
0.045764
0.044708
0.038891
0.058839
0.075261
-0.048727
-0.023310
-0.058528
-0.051447
-0.042395
-0.021426
-0.073319
0.015154
0.082854
-0.036059
0.008056
-0.001242
-0.127233
-0.102603
-0.115774
-0.035336
-0.082237
-0.071084
0.027555
-0.098422
-0.087145
-0.047321
0.023576
0.046638
0.064164
0.019785
-0.015493
-0.067073
0.086939
0.072813
0.013026
-0.039923
0.004955
-0.092530
-0.050803
-0.044094
-0.020019
-0.099397
-0.136147
-0.051086
0.008296
-0.025813
-0.093959
-0.045676
-0.067496
-0.010129
0.023339
-0.015295
-0.080046
-0.031285
0.012981
0.094552
0.047760
0.002438
0.071642
-0.071397
0.009120
0.108414
0.046212
0.081941
0.032339
-0.051996
-0.079524
0.070321
-0.018736
-0.067969
0.084642
-0.032638
-0.023548
0.120429
-0.011714
0.007188
-0.017882
0.004209
-0.025095
0.028987
-0.064873
0.012611
-0.016657
0.040176
0.074163
0.009675
-0.031317
-0.028089
0.019016
-0.040131
0.044253
-0.010563
-0.062646
-0.072675
-0.040520
-0.129816
-0.121648
-0.035659
-0.091486
-0.088530
-0.096489
-0.114573
-0.071845
-0.075202
-0.016530
-0.031212
-0.017447
-0.013784
-0.031170
0.016109
0.051461
0.064941
0.017566
0.048742
-0.010789
-0.042324
0.034637
0.034185
0.039396
-0.086626
-0.070654
-0.089490
-0.092460
0.001731
-0.034530
-0.060873
-0.021747
-0.029588
0.056309
-0.034710
-0.027592
-0.004143
-0.037340
-0.002013
-0.040859
-0.117463
-0.102285
-0.023431
-0.003110
-0.015711
-0.063241
-0.094535
-0.028600
-0.030192
0.051272
0.048329
-0.042088
0.081340
0.122423
0.014091
-0.004753
0.033956
0.064161
0.047051
0.075939
0.031685
-0.009139
0.042477
-0.008558
-0.003631
0.029577
0.016310
0.048041
0.010427
0.045975
-0.007134
0.102529
0.068181
0.015153
0.020879
-0.028155
-0.020334
-0.009660
-0.021120
-0.106317
-0.088609
0.004514
0.007053
-0.011662
-0.004394
-0.058770
0.068325
0.078225
-0.060803
-0.068821
0.059248
0.053111
-0.045371
0.029216
0.071960
-0.053725
-0.097384
0.055099
0.085891
-0.020253
0.028683
-0.064654
-0.058118
-0.067468
-0.079495
-0.050449
-0.102846
-0.058894
0.015215
-0.002778
0.025059
-0.022033
-0.013221
-0.020004
0.016441
0.056084
0.015871
0.102568
0.050617
0.081041
0.014069
0.046774
0.044509
-0.065861
0.042851
-0.026539
-0.005012
0.130350
-0.002839
0.089231
0.007601
-0.025064
-0.044290
-0.067616
0.022587
-0.071285
-0.028280
0.010512
-0.000419
0.087189
-0.004589
-0.044403
0.009098
-0.018186
0.057619
0.023924
-0.043679
-0.038576
-0.030946
-0.052677
-0.049211
-0.002461
-0.073045
0.013963
0.002941
0.007139
0.119967
0.005391
0.001661
0.092920
0.052582
0.022314
0.109831
0.074355
0.051838
-0.003768
-0.028176
-0.008663
0.012786
0.010249
-0.069086
-0.024329
0.018506
0.090326
0.027401
-0.093198
-0.122070
-0.058378
-0.025784
-0.041377
0.036509
-0.026123
-0.011647
0.019988
-0.006731
0.051775
-0.004945
0.090089
0.074285
0.064119
0.077126
0.041654
-0.003094
0.026077
-0.067867
0.027126
0.061658
0.036390
-0.004158
0.039835
-0.014524
0.021777
0.015941
-0.060663
0.021365
0.025674
-0.065581
-0.044984
-0.004109
-0.052517
0.028381
0.108539
-0.013590
0.041932
0.058319
-0.011936
0.029533
0.036568
0.019577
0.039481
0.062375
0.048985
-0.020180
0.028473
-0.032751
-0.012783
0.018773
-0.045362
0.051656
-0.027821
-0.002345
-0.037708
-0.018897
0.077379
-0.037469
0.019249
-0.058807
-0.045412
-0.022091
-0.043442
0.007703
-0.008622
0.095481
0.015813
-0.047076
-0.034144
-0.083939
0.027709
0.001824
0.062921
0.022254
-0.015243
0.051954
0.086640
0.030751
0.006543
0.040024
-0.027059
-0.003404
0.002660
0.067696
-0.014173
0.032364
0.047431
-0.000865
0.041786
-0.049578
0.046051
0.031393
0.074862
0.064574
-0.012774
0.080098
0.024228
-0.034054
0.035771
-0.040328
-0.089557
0.053847
-0.078176
-0.112035
-0.024924
-0.070575
0.088307
-0.051064
-0.005516
-0.012089
0.018476
0.010851
0.003286
0.021950
-0.055485
-0.023860
-0.066411
-0.063999
0.092628
0.020478
0.013249
0.121839
0.024471
-0.033448
-0.007781
0.016706
0.098878
0.007554
0.093397
0.069477
0.037154
-0.066245
-0.067756
-0.008702
-0.061031
-0.000081
-0.027697
0.026742
-0.029160
-0.078922
-0.054565
-0.140810
0.030831
0.120451
-0.030751
0.079934
0.043858
-0.000102
0.039906
0.081857
0.037527
-0.031599
0.025255
-0.029761
-0.001826
0.032527
0.020576
0.059779
0.090429
0.020090
0.058087
0.017138
-0.052530
-0.111577
-0.035414
0.057151
0.013243
-0.023977
-0.092507
-0.076041
0.008464
0.045079
-0.003285
0.054598
0.030574
-0.001147
0.064987
0.075477
0.004715
0.026630
0.088652
0.029733
0.018482
0.035631
0.015252
-0.073093
-0.038206
0.040350
0.021502
0.136919
0.065586
-0.035908
-0.064319
-0.020215
0.005750
-0.075388
0.018116
-0.078491
0.037158
0.005529
-0.035262
-0.009425
0.031265
-0.048780
-0.061140
-0.059370
-0.048550
-0.018679
0.003786
-0.069860
0.036560
0.018959
-0.072510
-0.011109
-0.027167
-0.027195
0.097921
0.057218
0.099779
-0.037469
-0.064256
0.019682
0.088943
-0.028472
0.097019
0.070836
0.030808
-0.033238
-0.015088
0.028179
0.008504
0.062761
0.111830
-0.024603
-0.060289
-0.021531
0.014113
0.012862
-0.076942
-0.047909
0.031574
0.158613
0.050800
-0.007633
0.074476
0.078531
-0.022860
0.025707
0.043275
0.076184
0.034114
-0.053608
0.029469
0.017493
-0.022709
-0.059979
0.006019
0.022556
-0.040770
-0.046880
-0.051121
-0.058873
0.048320
0.099386
0.026452
0.076885
0.026632
0.076065
0.059955
0.045352
0.099520
0.127502
0.030062
0.049200
0.015322
-0.018545
0.020754
0.074755
-0.004507
-0.057251
0.040677
0.067061
0.043858
0.000405
0.020598
-0.022561
-0.000561
-0.104769
-0.056988
0.060273
0.044170
-0.063588
0.015581
0.114635
0.003073
0.033067
-0.007318
0.069703
-0.005188
0.021651
0.067850
0.103472
0.107848
0.106343
0.060202
0.022425
0.046541
-0.052402
0.006628
0.006078
-0.010325
0.053913
0.131106
0.087070
0.095365
0.092660
0.006024
-0.080773
-0.024118
0.069224
-0.018451
-0.022632
-0.020690
-0.042120
-0.063655
-0.042883
-0.072098
-0.006301
0.114334
-0.029090
0.028915
-0.013174
-0.016039
0.024899
0.033048
0.049202
-0.007158
-0.116057
-0.045644
-0.041959
-0.020883
-0.086988
0.013922
-0.027129
-0.038849
0.019316
-0.019559
-0.001154
-0.052655
-0.122029
0.004479
-0.010192
-0.023408
0.093192
0.083845
0.064302
-0.003194
0.002598
-0.018813
-0.047346
-0.039432
-0.095836
-0.104201
-0.087332
-0.115875
-0.072205
-0.023984
-0.027174
-0.013756
-0.057733
-0.101061
0.037923
-0.007390
0.038156
-0.019414
-0.040950
0.020626
0.005647
-0.080503
-0.067497
0.004658
-0.058109
-0.064511
0.084915
0.001564
0.073740
0.067200
0.052735
0.143036
0.036353
-0.017701
0.051726
0.002574
0.002872
0.004474
0.029989
0.049408
0.028474
-0.014887
0.020454
0.023031
0.014170
-0.008208
0.016436
0.000745
0.062179
0.089889
0.047398
0.026099
-0.000351
0.060058
-0.043998
-0.039135
-0.027750
0.090922
0.041607
-0.005343
0.056498
0.012885
0.020072
0.092925
0.025636
0.007691
-0.064072
-0.008484
0.018516
0.001123
0.042471
0.043123
0.012848
-0.012689
-0.011718
-0.066157
0.034225
0.042209
-0.031780
-0.089903
0.075852
-0.002309
0.057358
0.093149
0.040427
0.041978
0.028988
0.046854
0.069216
-0.067569
-0.022434
0.027068
0.045035
0.027047
0.070224
0.016047
-0.192174
-0.100817
-0.107227
-0.075170
-0.009470
-0.036382
0.012697
0.020584
-0.068005
-0.050583
0.037929
0.010831
0.022781
0.040801
-0.011309
0.019338
-0.004406
0.001281
-0.002608
0.006805
0.018134
-0.080111
-0.111634
0.008667
-0.075885
-0.068323
-0.087837
0.116856
0.023324
-0.000505
0.016163
-0.010867
-0.001906
-0.041886
0.003186
-0.012130
0.028871
0.046142
-0.003573
0.024654
-0.046923
0.027873
-0.076545
-0.044309
0.015265
-0.061765
0.012996
-0.046003
-0.019183
-0.021267
-0.027539
0.052922
0.028020
0.058740
0.056559
-0.091006
-0.077468
0.018369
-0.070428
-0.044713
0.045925
0.005246
0.004062
-0.105730
0.027214
0.158127
0.111904
0.040987
0.069708
-0.068870
0.014427
0.051112
0.070453
0.091214
0.065801
0.080819
0.027772
0.035590
-0.009957
0.056752
-0.012487
0.025592
0.045193
0.051914
-0.015606
-0.001273
-0.026179
-0.035841
0.004837
0.010624
-0.015187
-0.013735
-0.015170
-0.031540
-0.021293
-0.092656
-0.066129
-0.012769
0.112458
0.040477
0.044723
0.048801
0.044288
0.062929
-0.091019
-0.036027
-0.052245
-0.071402
-0.066830
-0.011502
0.025981
-0.009447
0.059481
0.043917
0.044628
0.061419
0.048723
0.005661
-0.022154
-0.091525
0.084804
0.076595
0.027016
0.130294
0.031214
0.031725
0.057778
-0.022437
0.013386
0.066069
-0.044048
-0.114938
0.011678
0.016645
0.020825
0.056091
0.151755
0.060423
0.075905
0.005284
0.016150
0.055671
0.017275
-0.014660
-0.004735
-0.052744
-0.007149
-0.000843
0.024253
0.099583
0.004601
0.020428
0.017246
-0.033639
-0.018382
0.098883
0.023842
0.005248
0.040137
0.002674
-0.001058
-0.038660
0.039144
-0.060378
-0.023913
0.044632
-0.000312
-0.043290
0.123083
-0.012314
-0.042074
-0.023854
-0.050846
0.118399
0.064150
0.029005
-0.026001
-0.041727
-0.011404
-0.001896
-0.043615
0.037968
-0.033602
0.031539
0.019767
0.033837
0.045204
0.029306
-0.022997
-0.139536
0.013410
0.042553
0.069178
0.027897
0.009633
0.058850
-0.077395
-0.113015
0.009842
-0.036707
-0.087305
-0.036362
-0.006119
-0.061190
-0.019921
-0.084261
-0.080392
-0.081911
0.028037
-0.021040
0.052605
-0.020581
-0.105557
-0.005670
0.002095
-0.080313
-0.026948
0.019757
-0.014586
-0.097086
-0.022042
-0.041354
-0.001520
-0.012510
0.014521
-0.035941
0.014878
0.038823
0.053728
-0.007054
0.074299
0.025159
-0.050721
-0.000051
0.006508
-0.037418
0.015170
0.036380
-0.032806
-0.019840
0.020226
0.044468
0.018257
-0.052686
-0.012150
0.057931
-0.023153
0.057452
0.046035
0.002556
-0.097369
-0.103506
-0.189386
-0.089563
-0.054913
-0.090702
-0.058656
-0.040831
-0.047220
0.038500
0.057550
0.006435
-0.020446
-0.052067
-0.021833
-0.043866
-0.003529
-0.068612
-0.053952
-0.059659
-0.013550
-0.102693
-0.093386
-0.001289
-0.016696
-0.008485
-0.103629
-0.026247
-0.064616
0.059383
0.094052
-0.071779
-0.000055
0.044587
0.016252
0.004846
0.023008
-0.009309
-0.118989
0.000814
-0.025080
-0.041975
0.037040
-0.019318
0.004226
0.115711
0.057234
0.048773
0.016155
-0.021000
-0.049355
0.021787
0.042088
-0.022080
-0.033594
-0.035575
-0.062033
0.022858
0.073346
0.046981
0.052542
0.109694
0.126112
0.128144
0.076891
0.038337
0.037761
0.073922
0.034076
0.053550
-0.047622
-0.009590
-0.054775
-0.011308
0.019004
-0.067141
-0.020571
-0.044064
0.047415
0.005318
-0.011811
-0.066876
-0.015147
0.055089
-0.011062
-0.047522
0.070375
-0.023606
-0.017168
-0.018126
-0.024417
-0.134960
0.000217
0.017762
0.069201
0.014059
0.011675
-0.004233
-0.024665
-0.011883
0.074293
0.028691
0.008184
0.047767
-0.056868
-0.040382
0.028357
-0.018318
0.061517
0.016726
0.022073
0.071440
-0.044497
0.020626
-0.007015
-0.057204
0.071034
-0.027576
0.116226
0.013217
-0.022294
0.061192
0.017513
0.005302
-0.072208
0.051291
-0.051131
-0.084998
0.025708
0.046765
0.023466
0.065802
0.046255
-0.000260
0.102579
0.064148
0.084327
0.005958
-0.023712
0.035548
0.010754
-0.093105
-0.119091
-0.018825
-0.048107
0.037258
-0.002908
-0.050982
0.064499
0.057479
-0.059585
0.013349
0.027310
0.031272
-0.074183
0.015270
-0.023408
-0.008673
-0.042019
-0.069308
-0.018434
-0.051544
0.038062
-0.021446
-0.006238
-0.011017
-0.116497
-0.018805
-0.053894
-0.073330
0.083679
0.009388
-0.035538
-0.097328
-0.030429
0.031492
-0.005472
-0.005823
0.043458
0.072891
0.014955
0.107281
0.075851
0.059422
0.074710
0.008980
0.049245
-0.010206
0.009138
0.008227
0.012969
-0.017464
-0.074201
0.009631
-0.019621
-0.099328
-0.004945
-0.020957
0.010200
-0.043394
-0.087164
0.031626
0.001918
-0.007177
-0.038246
-0.070546
0.074927
0.024598
0.008392
-0.038104
0.066832
0.089115
0.077885
0.071910
-0.005514
0.033329
-0.015330
-0.049336
-0.017050
-0.026109
-0.012623
0.099125
0.000363
0.002024
0.131087
0.009846
0.035560
-0.021177
-0.053024
0.022404
-0.010018
0.016636
0.025839
0.065564
-0.066827
0.095041
0.048724
0.055769
0.096127
0.017124
0.055962
0.098046
-0.016449
0.089231
0.070838
0.046766
-0.003377
-0.073939
0.007684
0.021767
-0.082768
-0.020271
0.081058
0.030534
-0.022128
-0.023581
0.032344
0.062198
-0.012737
0.005368
0.028993
0.010820
-0.048465
-0.007684
0.030314
-0.026933
-0.076230
-0.116263
-0.008528
-0.046699
-0.043660
0.032635
0.010485
-0.045929
-0.025202
0.038108
-0.025520
-0.077067
-0.025124
-0.048825
0.007228
-0.028185
-0.005029
-0.017124
-0.027477
0.044085
0.000437
0.006074
-0.091781
-0.109056
-0.057822
-0.065343
-0.051660
-0.011525
0.108616
-0.018218
-0.020949
0.076520
0.027462
-0.004099
0.077511
0.024376
-0.035433
-0.145138
-0.057586
0.038244
0.034063
0.003253
-0.040109
-0.033062
0.030910
0.039006
-0.062505
-0.035786
-0.153444
-0.004617
0.001668
0.021891
-0.100426
-0.051072
-0.033897
-0.025520
-0.029364
-0.006350
0.037288
0.004236
-0.018376
-0.019164
0.029290
-0.086984
-0.019777
-0.056872
-0.037917
-0.039328
-0.106453
-0.040123
-0.091350
0.043981
0.013410
-0.030626
-0.005867
-0.022857
0.051330
-0.024679
-0.056878
0.016222
0.026322
0.105441
-0.008669
0.018270
0.036166
-0.034732
0.028585
0.021377
0.075586
-0.024004
-0.031626
-0.004278
-0.111394
-0.040649
0.022420
-0.001144
0.082035
0.044958
0.001516
0.023665
0.016679
0.034253
0.048658
0.014714
0.046828
-0.020226
-0.006300
-0.008056
0.048251
-0.008690
0.009706
0.005729
0.058533
0.008948
0.009175
0.001284
-0.088755
-0.055922
0.041005
-0.014714
0.083231
-0.043206
0.040219
-0.098949
-0.077493
0.013309
-0.075731
-0.042366
-0.035683
-0.029211
0.086294
0.077054
-0.009758
-0.045654
0.001317
-0.002475
-0.031881
0.013057
-0.027116
-0.037376
0.046859
-0.005139
0.025754
0.042491
0.010132
0.039921
0.042011
0.003669
0.060828
0.132190
0.006994
0.077138
-0.018119
-0.006260
0.038672
0.021111
0.066465
0.092619
-0.048924
0.002187
0.011256
0.021981
-0.034570
-0.015609
-0.034592
-0.056794
0.041328
-0.026258
-0.019989
0.041948
0.059119
0.049467
-0.005321
-0.061376
-0.101047
-0.032391
-0.042959
-0.055968
0.053033
-0.058120
-0.003561
-0.075660
-0.013090
-0.010924
0.043397
0.014391
-0.100723
0.063051
-0.070293
0.037005
-0.056903
-0.057303
-0.028576
-0.055205
-0.040721
-0.057600
0.025244
0.016685
-0.067974
0.066791
-0.024749
0.029901
0.055173
-0.098919
0.002126
0.024829
0.026981
0.009277
0.120840
-0.003634
0.036495
0.053544
0.049044
-0.009249
-0.079544
0.017325
-0.046645
0.039421
0.064837
-0.014933
-0.013931
-0.026906
-0.020966
-0.025152
0.031915
0.024975
0.062677
-0.013296
-0.044986
-0.001362
-0.088636
-0.036208
0.012830
-0.068318
-0.005717
0.014159
-0.045515
0.035274
0.035027
0.016064
0.037772
0.089314
0.046527
0.111979
0.037343
-0.019152
0.079180
-0.032690
-0.005030
0.005249
0.025339
0.031497
-0.018689
0.047756
-0.024535
0.015353
0.095506
0.060221
0.063481
0.041729
-0.009142
0.103270
0.037190
0.006237
-0.014000
0.030528
0.064845
-0.002301
-0.016695
0.053279
-0.010967
-0.078255
-0.067687
-0.018357
-0.032308
-0.078855
-0.109812
0.031473
0.068046
-0.035708
-0.072562
-0.050872
0.073197
0.075704
0.076372
0.032302
-0.036678
-0.079741
-0.018871
0.060781
0.013677
0.029628
0.046211
-0.068220
-0.101705
0.032535
-0.035008
-0.013941
-0.033347
0.013995
-0.018029
-0.078227
-0.107500
-0.067481
-0.070974
-0.080641
0.022949
0.005399
-0.061988
-0.021550
-0.004770
-0.074493
-0.008922
0.004971
-0.066912
-0.051279
-0.028163
-0.039787
0.062825
0.048906
0.036958
-0.011825
0.150446
-0.027090
0.000666
-0.018415
-0.038744
-0.084585
-0.049389
0.007712
0.003138
0.062025
-0.024449
-0.099821
0.066390
-0.018313
0.056763
0.075461
0.037973
-0.003299
0.008286
0.098639
0.021063
0.032688
-0.022913
0.002728
-0.055910
-0.000278
0.042737
0.021920
0.017483
0.042315
0.009505
-0.051472
0.049540
0.124081
0.048754
0.093147
0.057784
0.000342
0.041995
0.025964
0.034657
0.014795
0.021675
-0.029940
0.018272
0.019173
-0.030512
0.124879
0.162520
0.052352
0.132957
-0.022370
-0.068156
0.045089
0.056086
0.036372
0.018932
-0.019538
0.064651
0.045625
-0.021047
-0.033971
0.002484
-0.008527
0.055150
0.011190
-0.045491
-0.004548
0.013737
-0.037208
-0.061386
-0.033228
0.001700
-0.071112
0.006714
0.005239
-0.079736
0.024745
0.033242
-0.075181
0.075118
0.029941
0.109735
0.102820
0.012169
-0.001471
-0.073486
-0.009968
-0.020099
0.026838
0.042643
-0.064508
0.001023
0.016836
0.103946
0.116516
0.053617
0.075520
-0.009706
0.042039
0.005418
-0.003866
0.034209
0.076398
-0.008112
-0.104557
0.035171
-0.055928
-0.020391
-0.015290
-0.009498
0.034271
-0.014564
0.016322
-0.034328
0.037188
-0.023393
-0.024615
0.037677
-0.097147
0.011251
0.077050
-0.010617
0.045555
0.012699
0.064565
0.008689
-0.002965
-0.011932
0.026467
-0.001591
-0.004470
0.019283
0.064949
0.014477
0.016791
0.043891
-0.044223
-0.009089
0.043888
0.032175
0.055093
0.082014
-0.014990
0.095824
0.072914
-0.051690
0.096426
0.056947
0.032180
0.084575
-0.020058
0.037881
0.004539
-0.006144
0.079555
0.001387
0.101363
0.038984
-0.019455
0.112344
0.025531
0.017184
0.034720
0.031701
0.041875
0.082697
0.050823
0.078827
-0.028502
0.021822
-0.039164
-0.041262
-0.002803
-0.001830
-0.032720
0.044460
0.051010
-0.023466
0.078825
0.067114
-0.019225
0.017118
0.031928
0.067814
0.028478
0.045216
0.039006
0.092121
0.064884
0.138137
0.118419
0.054970
0.052683
-0.031085
-0.029595
0.015531
0.069466
0.043643
-0.041010
0.023613
0.003275
-0.061566
-0.016809
-0.032536
0.096334
0.099596
0.051713
-0.008569
0.033652
0.118077
-0.007625
-0.026249
0.058047
-0.034096
-0.047432
0.042652
0.026564
0.032366
0.112557
-0.026265
0.010937
0.060236
0.047706
0.033066
-0.062439
-0.071238
-0.043977
-0.133466
-0.075994
0.018183
-0.008049
0.005819
0.114090
0.098435
-0.039588
0.063409
-0.089287
-0.035698
0.034204
0.007476
0.003613
0.049553
0.005289
-0.048203
0.039767
-0.089857
-0.174029
-0.025280
-0.005811
0.025538
-0.040020
-0.013247
0.036789
-0.069162
-0.043289
0.017670
-0.013254
0.085275
0.037759
-0.021611
-0.042223
-0.030567
-0.026051
-0.033977
-0.021440
-0.012361
0.006182
0.083900
0.015882
0.031085
-0.025076
-0.058324
-0.101928
-0.086914
0.032910
-0.041075
0.043566
0.064383
-0.026182
-0.053533
-0.044523
-0.027417
0.034642
0.038538
-0.010266
-0.044328
-0.023028
-0.062584
-0.023485
-0.051370
-0.026807
-0.003563
-0.014836
-0.000797
-0.052877
0.015266
0.016478
-0.014044
0.034064
0.024899
0.029093
-0.064404
-0.025253
-0.004709
-0.028006
0.030870
0.011036
0.036443
-0.000157
0.045192
0.070761
0.038534
0.041700
0.012954
0.035090
0.017929
0.024533
0.003876
0.024563
0.037844
0.018067
0.022650
0.011760
-0.039384
-0.012223
0.002354
0.034767
-0.004016
-0.009698
0.034055
-0.005090
0.023714
0.048191
0.001138
0.018255
0.026414
0.064400
0.033413
0.032503
0.020756
-0.070359
0.083268
0.019310
-0.029399
0.072064
0.023027
-0.062377
-0.008607
0.042060
-0.000906
0.033650
0.063466
-0.013387
0.086118
-0.048747
-0.098779
-0.042497
-0.050314
0.026226
-0.023300
-0.047061
-0.007726
-0.071690
-0.084297
0.091620
0.074185
0.130976
-0.000030
0.004009
0.023808
-0.079653
0.011608
-0.006942
-0.042607
0.032233
0.015488
0.047296
0.047205
0.033000
0.101517
0.034141
0.091506
0.040056
0.053415
0.016334
0.049012
0.051920
0.010038
0.034187
-0.002116
-0.022433
0.012920
0.097883
0.022643
-0.058829
0.031558
0.070490
0.024303
0.037247
0.050990
0.046603
0.013336
-0.015824
-0.007287
0.000436
0.109189
0.047688
0.019905
-0.013848
0.062103
0.056399
0.101485
0.005397
0.036385
0.050813
0.030908
-0.048088
-0.008658
0.015656
-0.003721
0.003482
0.052466
0.023698
0.015108
0.056089
-0.048550
-0.012104
-0.011895
-0.034150
-0.005846
0.001735
-0.040771
0.011092
0.000663
-0.008056
0.016938
0.021897
-0.074315
0.003264
-0.014953
-0.029209
-0.062858
-0.159252
-0.038315
-0.072668
-0.068793
0.013851
-0.008526
0.040017
0.054491
0.048388
0.189604
0.020453
0.039622
-0.023519
0.015217
0.022049
0.002621
-0.029318
0.000855
0.071332
-0.029086
0.046867
-0.022532
0.012555
0.074918
0.004037
-0.033881
0.061282
-0.044229
0.013325
-0.011699
-0.049884
0.004229
0.055525
-0.001423
0.031673
0.018869
0.017289
-0.012871
-0.066118
0.044968
0.006203
0.008686
0.082338
0.106479
-0.029247
-0.036382
0.022523
-0.018463
-0.032669
0.008018
0.021479
0.017540
-0.010440
0.037902
0.030538
0.025210
0.063056
0.042891
0.023068
0.078583
0.004086
-0.009984
0.000040
0.007182
-0.028037
0.048078
-0.003389
-0.027737
0.126254
-0.029409
-0.047980
-0.069240
-0.056092
-0.036864
-0.016411
-0.026458
0.026865
-0.028574
-0.035844
-0.025324
-0.033826
-0.055580
-0.002469
-0.053120
0.026528
-0.019705
-0.057210
-0.001274
-0.069342
-0.071141
-0.018421
-0.092820
-0.094382
-0.025880
0.034605
0.034432
0.012508
0.061432
0.076268
0.000635
0.058193
0.007028
0.005682
0.070869
-0.006342
0.010871
0.030516
0.008278
-0.037824
-0.108827
0.014895
-0.029199
-0.070962
-0.035063
0.004201
-0.063801
-0.016445
0.075592
-0.048745
0.027372
0.023033
0.004455
0.004133
0.072054
0.076225
-0.093057
-0.058960
-0.071732
0.029163
0.007863
-0.023120
0.014390
0.039689
0.068221
0.055069
-0.079726
-0.038927
-0.000450
-0.080934
-0.038954
-0.035798
-0.065343
-0.112821
-0.054928
-0.041551
-0.011231
-0.084157
-0.054101
-0.108343
-0.052524
