0	40.183418
50	3.501385
100	1.305434
150	0.840832
200	0.638987
250	0.548744
300	0.420690
350	0.269809
400	0.689254
450	0.577257
500	0.650198
550	0.510362
600	0.535567
650	0.489818
700	0.300297
750	0.030898
800	0.215192
850	0.078902
900	0.176083
950	0.127235
1000	0.213333
1050	0.000051
1100	0.007409
1150	0.091561
1200	-0.132822
1250	0.222971
1300	0.102460
1350	0.251721
1400	0.204313
1450	-0.011762
1500	0.150872
1550	0.153285
1600	0.125518
1650	0.078831
1700	-0.010049
1750	0.150964
1800	0.172796
1850	0.177089
1900	0.153309
1950	0.101535
2000	0.289920
2050	0.270676
2100	0.073231
2150	0.057625
2200	0.081295
2250	0.227251
2300	0.170794
2350	-0.046040
2400	0.114118
2450	-0.007203
2500	0.146031
2550	0.052461
2600	0.058609
2650	-0.013826
2700	0.037350
2750	0.123009
2800	0.124815
2850	0.027099
2900	-0.064442
2950	0.074946
3000	0.235982
3050	0.045910
3100	-0.011253
3150	0.113406
3200	0.270612
3250	0.006960
3300	-0.011203
3350	0.065740
3400	-0.094507
3450	-0.124209
3500	0.112747
3550	-0.034648
3600	0.212563
3650	0.137025
3700	0.253542
3750	0.063081
3800	0.031953
3850	0.013338
3900	0.016956
3950	0.378767
4000	-0.000790
4050	-0.022212
4100	0.187445
4150	0.051494
4200	0.139469
4250	0.292478
4300	0.040397
4350	0.236195
4400	0.033589
4450	0.147114
4500	0.180807
4550	0.101996
4600	0.168062
4650	0.051935
4700	0.263533
4750	0.259161
4800	0.031341
4850	-0.109475
4900	0.010108
4950	-0.009406
5000	-0.055345
5050	-0.156969
5100	0.228224
5150	0.121662
5200	0.190435
5250	0.099824
5300	0.059373
5350	0.107157
5400	-0.020819
5450	-0.001296
5500	0.020757
5550	0.048109
5600	0.275714
5650	0.042671
5700	0.146460
5750	0.092936
5800	0.277683
5850	0.216938
5900	0.203317
5950	0.070918
6000	-0.054948
6050	-0.006975
6100	0.181722
6150	0.103790
6200	0.109776
6250	-0.081645
6300	0.034960
6350	0.199993
6400	-0.103969
6450	-0.171776
6500	0.060250
6550	-0.192492
6600	0.074377
6650	-0.156742
6700	0.101214
6750	-0.083589
6800	-0.017907
6850	-0.210200
6900	-0.145437
6950	-0.136798
7000	0.024644
7050	-0.054521
7100	0.126764
7150	0.277437
7200	0.056599
7250	-0.061179
7300	-0.238198
7350	0.161052
7400	0.225407
7450	0.044038
7500	0.086801
7550	-0.116171
7600	-0.020551
7650	0.050895
7700	0.202557
7750	-0.009669
7800	-0.032928
7850	-0.014515
7900	0.012220
7950	0.054925
8000	-0.087301
8050	0.128748
8100	-0.099696
8150	-0.031427
8200	0.055077
8250	0.155628
8300	-0.000796
8350	-0.282102
8400	-0.078032
8450	0.089155
8500	-0.142329
8550	0.020660
8600	-0.002464
8650	-0.001707
8700	-0.000806
8750	0.084434
8800	-0.113865
8850	0.166236
8900	0.242328
8950	0.143039
9000	0.206171
9050	0.154402
9100	-0.001010
9150	-0.080436
9200	0.088293
9250	-0.055575
9300	0.077932
9350	-0.066326
9400	0.217793
9450	0.124038
9500	0.103005
9550	0.092252
9600	0.023953
9650	0.060672
9700	-0.149622
9750	-0.062303
9800	-0.098038
9850	0.042049
9900	-0.014156
9950	0.070219
10000	-0.071045
10050	-0.095443
10100	0.120189
10150	0.095036
10200	0.193511
10250	0.207102
10300	-0.007076
10350	-0.020267
10400	0.170814
10450	-0.156547
10500	0.192652
10550	0.227187
10600	0.164461
10650	0.250961
10700	0.017539
10750	0.037264
10800	0.050509
10850	-0.095554
10900	-0.017390
10950	0.015901
11000	-0.161009
11050	-0.001187
11100	-0.073400
11150	0.245450
11200	0.086845
11250	0.039954
11300	-0.049161
11350	-0.261592
11400	-0.131806
11450	-0.159910
11500	-0.029178
11550	-0.067251
11600	0.257793
11650	-0.038485
11700	0.053019
11750	0.275879
11800	0.168146
11850	-0.096224
11900	-0.229411
11950	0.026917
12000	-0.018451
12050	0.097412
12100	0.012973
12150	0.011567
12200	0.025105
12250	-0.045016
12300	0.071308
12350	0.163795
12400	-0.109234
12450	0.038162
12500	-0.036042
12550	0.153672
12600	-0.081372
12650	0.097903
12700	0.068052
12750	0.204658
12800	-0.198902
12850	0.040979
12900	0.223613
12950	0.305430
13000	0.025322
13050	-0.037600
13100	0.000799
13150	-0.082436
13200	-0.180402
13250	-0.066071
13300	0.007467
13350	0.118528
13400	-0.056826
13450	0.010858
13500	-0.114809
13550	0.088647
13600	-0.035610
13650	-0.077244
13700	0.038975
13750	0.144412
13800	0.297466
13850	0.147085
13900	0.043945
13950	-0.109265
14000	-0.119094
14050	0.004780
14100	-0.038982
14150	-0.005705
14200	-0.110999
14250	-0.121092
14300	-0.161159
14350	-0.194590
14400	0.044029
14450	-0.086185
14500	-0.126087
14550	0.219205
14600	0.140892
14650	0.000884
14700	0.040152
14750	0.047308
14800	0.053212
14850	-0.143032
14900	0.031890
14950	0.061917
15000	-0.126849
15050	0.018675
15100	0.100776
15150	0.111292
15200	0.021431
15250	0.110205
15300	0.233133
15350	0.023090
15400	-0.128699
15450	-0.033478
15500	0.149095
15550	0.182611
15600	0.073564
15650	0.080929
15700	-0.058432
15750	0.257674
15800	-0.190554
15850	-0.184674
15900	-0.067911
15950	0.113325
16000	0.076938
16050	0.019569
16100	-0.189782
16150	0.068873
16200	-0.048301
16250	0.102918
16300	0.009162
16350	0.109768
16400	0.095025
16450	-0.117196
16500	-0.190618
16550	-0.003973
16600	0.033921
16650	-0.075954
16700	-0.008951
16750	-0.022254
16800	0.041800
16850	-0.021132
16900	0.018938
16950	-0.132663
17000	-0.083924
17050	0.159937
17100	-0.244202
17150	-0.161626
17200	-0.019994
17250	0.068691
17300	0.006408
17350	-0.229345
17400	-0.101006
17450	0.144014
17500	0.065852
17550	0.080421
17600	-0.059958
17650	-0.106636
17700	-0.023518
17750	-0.064317
17800	0.018983
17850	0.063923
17900	0.078725
17950	0.003376
18000	0.118921
18050	-0.023608
18100	-0.217942
18150	0.019078
18200	0.199010
18250	0.152743
18300	0.184714
18350	-0.015234
18400	-0.048455
18450	0.090689
18500	0.087364
18550	0.041988
18600	-0.050793
18650	-0.014228
18700	0.075007
18750	0.093768
18800	0.092211
18850	-0.002725
18900	-0.031282
18950	0.198342
19000	0.100610
19050	0.082263
19100	0.168159
19150	0.145141
19200	0.079486
19250	0.130869
19300	0.171657
19350	0.112735
19400	0.134539
19450	0.124094
19500	-0.147148
19550	0.198230
19600	-0.047814
19650	-0.027101
19700	-0.010335
19750	0.055837
19800	0.183274
19850	-0.015002
19900	0.069085
19950	0.181934
20000	-0.004870
20050	0.071384
20100	-0.091030
20150	-0.029065
20200	-0.127701
20250	-0.117890
20300	-0.065028
20350	-0.004577
20400	-0.002101
20450	-0.001779
20500	-0.111874
20550	0.144021
20600	0.032187
20650	0.031145
20700	-0.074240
20750	-0.031165
20800	-0.032150
20850	-0.162281
20900	0.053626
20950	0.034106
21000	-0.047209
21050	0.073255
21100	-0.110940
21150	-0.265015
21200	-0.053901
21250	0.086421
21300	0.103590
21350	-0.006783
21400	0.010531
21450	0.027188
21500	-0.069856
21550	0.033180
21600	0.002474
21650	-0.231283
21700	-0.168661
21750	0.171204
21800	-0.074265
21850	0.051243
21900	0.165806
21950	-0.069931
22000	-0.048121
22050	-0.000993
22100	-0.055892
22150	0.093399
22200	-0.002131
22250	-0.066814
22300	-0.035560
22350	-0.083957
22400	-0.017917
22450	0.037770
22500	-0.033122
22550	0.010163
22600	0.213120
22650	0.043795
22700	0.063021
22750	0.052152
22800	-0.124556
22850	0.060276
22900	-0.032847
22950	-0.024152
23000	-0.225345
23050	-0.081724
23100	-0.108646
23150	-0.102635
23200	-0.120218
23250	-0.054257
23300	-0.020773
23350	-0.108810
23400	-0.123622
23450	-0.211215
23500	0.136929
23550	0.046714
23600	-0.068905
23650	0.000790
23700	-0.121412
23750	0.103817
23800	0.268801
23850	-0.123122
23900	-0.139030
23950	0.118716
24000	-0.137292
24050	0.001073
24100	0.083786
24150	0.017663
24200	0.061809
24250	0.020540
24300	0.032937
24350	-0.044828
24400	-0.241677
24450	-0.188798
24500	-0.229123
24550	0.032412
24600	-0.314640
24650	-0.171846
24700	-0.139413
24750	-0.054004
24800	-0.244105
24850	-0.092038
24900	-0.216393
24950	0.115072
25000	-0.047308
25050	-0.079765
25100	0.072949
25150	0.161687
25200	-0.300015
25250	-0.001130
25300	0.070829
25350	-0.015303
25400	-0.039952
25450	0.017669
25500	-0.199750
25550	0.265259
25600	0.193717
25650	0.008744
25700	-0.016113
25750	0.016653
25800	-0.020060
25850	0.084746
25900	0.027090
25950	-0.085303
26000	-0.039096
26050	-0.050029
26100	-0.012860
26150	0.132917
26200	-0.006473
26250	-0.018834
26300	0.105877
26350	0.074503
26400	-0.036983
26450	0.070147
26500	0.024421
26550	0.096421
26600	-0.026984
26650	0.114004
26700	-0.014080
26750	0.042301
26800	0.084310
26850	0.002370
26900	-0.151714
26950	-0.120508
27000	-0.095814
27050	-0.057818
27100	0.016010
27150	0.039866
27200	0.133135
27250	-0.068627
27300	0.112503
27350	0.168153
27400	0.077824
27450	0.008058
27500	-0.189094
27550	-0.014082
27600	-0.083976
27650	-0.056576
27700	0.123651
27750	0.178292
27800	0.063017
27850	0.008336
27900	0.078426
27950	0.139806
28000	0.146315
28050	0.220608
28100	0.062520
28150	0.047611
28200	0.114351
28250	0.243581
28300	0.003298
28350	0.033346
28400	-0.070599
28450	0.090722
28500	-0.054437
28550	-0.120839
28600	-0.018848
28650	-0.013926
28700	-0.019198
28750	-0.026569
28800	0.152930
28850	-0.026494
28900	-0.106102
28950	-0.132647
29000	-0.042529
29050	-0.229762
29100	-0.102354
29150	-0.073070
29200	-0.162635
29250	-0.010322
29300	-0.154093
29350	0.041058
29400	-0.016749
29450	-0.196937
29500	0.384546
29550	-0.166920
29600	0.165976
29650	-0.113064
29700	0.150705
29750	0.216747
29800	0.053140
29850	0.157024
29900	-0.087159
29950	0.031376
30000	-0.080544
30050	0.078758
30100	-0.202341
30150	0.131069
30200	0.020170
30250	0.068038
30300	0.123890
30350	0.016832
30400	0.141534
30450	-0.054906
30500	0.148456
30550	0.010194
30600	0.007298
30650	0.025955
30700	0.014872
30750	0.112164
30800	-0.019210
30850	-0.033780
30900	-0.123259
30950	-0.041556
31000	0.065300
31050	-0.048146
31100	-0.110390
31150	-0.167232
31200	-0.143528
31250	-0.146649
31300	-0.042377
31350	-0.088484
31400	0.134011
31450	-0.038124
31500	0.248669
31550	0.030439
31600	0.009345
31650	0.139088
31700	0.021953
31750	0.282905
31800	0.057427
31850	-0.242340
31900	0.067480
31950	0.036410
32000	0.236261
32050	-0.032504
32100	0.210581
32150	0.062911
32200	-0.124581
32250	0.051360
32300	-0.009923
32350	0.016107
32400	0.015429
32450	0.113348
32500	0.061665
32550	0.081631
32600	-0.011831
32650	-0.031237
32700	0.084334
32750	0.163058
32800	-0.031502
32850	0.351739
32900	0.130856
32950	0.144770
33000	0.078458
33050	-0.196835
33100	0.008552
33150	-0.109959
33200	-0.009808
33250	0.075919
33300	-0.010315
33350	-0.051232
33400	0.199874
33450	0.005437
33500	-0.030602
33550	0.071050
33600	-0.052935
33650	0.288273
33700	-0.026127
33750	-0.034736
33800	0.205027
33850	0.126797
33900	-0.023419
33950	0.128138
34000	0.048931
34050	-0.052207
34100	0.142440
34150	-0.063897
34200	-0.113007
34250	0.047732
34300	-0.119895
34350	-0.140083
34400	0.092899
34450	-0.045788
34500	-0.102997
34550	0.179794
34600	0.127117
34650	0.052996
34700	-0.046062
34750	0.136083
34800	0.030334
34850	-0.121442
34900	0.109887
34950	-0.064606
35000	0.041615
35050	0.109057
35100	0.128893
35150	0.191899
35200	0.204156
35250	-0.012984
35300	-0.061445
35350	0.028458
35400	0.083473
35450	0.000553
35500	0.097975
35550	0.073468
35600	0.052225
35650	-0.246839
35700	-0.193762
35750	-0.065140
35800	0.032487
35850	0.029891
35900	0.027303
35950	-0.037599
36000	-0.083498
36050	0.114572
36100	0.052984
36150	-0.063667
36200	-0.196214
36250	0.072860
36300	-0.159640
36350	-0.020415
36400	-0.157412
36450	0.013512
36500	0.017431
36550	-0.141682
36600	-0.167307
36650	-0.000308
36700	-0.081631
36750	-0.000699
36800	-0.216805
36850	-0.040807
36900	0.063052
36950	0.061837
37000	0.159849
37050	0.012766
37100	0.026939
37150	-0.160269
37200	0.171776
37250	-0.132670
37300	0.104988
37350	0.108635
37400	0.287248
37450	-0.069211
37500	0.101549
37550	0.038320
37600	-0.153307
37650	-0.070745
37700	0.014145
37750	0.049067
37800	0.044024
37850	0.029795
37900	0.001096
37950	0.223731
38000	-0.016177
38050	0.024274
38100	0.107134
38150	-0.066454
38200	-0.022871
38250	0.040864
38300	0.009462
38350	0.080483
38400	0.176461
38450	-0.132847
38500	-0.009391
38550	-0.177745
38600	-0.232982
38650	-0.069153
38700	0.204679
38750	0.063374
38800	0.232828
38850	-0.113083
38900	0.200509
38950	-0.062980
39000	0.038588
39050	-0.116907
39100	0.281087
39150	-0.115893
39200	-0.078486
39250	-0.144916
39300	-0.126660
39350	-0.004788
39400	0.025206
39450	0.049994
39500	0.061424
39550	0.021004
39600	-0.008382
39650	0.152481
39700	0.090274
39750	-0.095334
39800	-0.048737
39850	-0.039224
39900	0.009045
39950	0.104782
40000	0.058669
40050	-0.208338
40100	-0.323247
40150	0.081104
40200	-0.077238
40250	0.064723
40300	-0.022062
40350	-0.052428
40400	-0.021690
40450	-0.128848
40500	0.012750
40550	0.043497
40600	0.195945
40650	0.129519
40700	0.037817
40750	-0.166052
40800	0.146934
40850	-0.004012
40900	0.054501
40950	0.020502
41000	0.249661
41050	0.196716
41100	0.031126
41150	0.071949
41200	-0.180766
41250	-0.013333
41300	0.073192
41350	-0.002942
41400	0.244690
41450	0.133555
41500	0.122350
41550	0.153067
41600	0.089255
41650	-0.163179
41700	0.274323
41750	0.053679
41800	0.008094
41850	0.055335
41900	-0.001852
41950	-0.037722
42000	0.078061
42050	-0.177240
42100	0.001797
42150	-0.075978
42200	-0.103409
42250	-0.120753
42300	-0.213082
42350	-0.087188
42400	0.034521
42450	0.296084
42500	-0.001992
42550	0.012161
42600	0.034421
42650	0.122751
42700	0.208813
42750	-0.063360
42800	0.033778
42850	0.098526
42900	-0.213219
42950	0.010614
43000	0.073138
43050	-0.023639
43100	-0.001652
43150	0.053476
43200	-0.293648
43250	0.019864
43300	-0.026066
43350	0.080580
43400	-0.037094
43450	-0.157527
43500	-0.032580
43550	-0.200060
43600	0.115658
43650	0.140999
43700	0.004048
43750	-0.096485
43800	-0.071167
43850	-0.011238
43900	0.056505
43950	-0.053317
44000	-0.015581
44050	-0.016086
44100	-0.092379
44150	0.163229
44200	-0.101270
44250	0.001671
44300	0.175838
44350	0.004494
44400	0.026160
44450	0.048159
44500	-0.069151
44550	-0.047163
44600	0.032654
44650	-0.035941
44700	0.203530
44750	0.158506
44800	0.015092
44850	-0.044946
44900	0.036447
44950	-0.081227
45000	0.154588
45050	0.205925
45100	0.120731
45150	0.089703
45200	-0.023191
45250	-0.077360
45300	0.077341
45350	0.124912
45400	0.155821
45450	0.016696
45500	0.098182
45550	0.131974
45600	-0.069319
45650	0.101346
45700	0.060107
45750	-0.071875
45800	-0.130148
45850	-0.138410
45900	0.039054
45950	-0.096864
46000	0.087201
46050	-0.056925
46100	-0.186950
46150	0.092809
46200	0.184417
46250	0.043534
46300	0.055235
46350	0.067242
46400	-0.023928
46450	0.104377
46500	0.290585
46550	0.043851
46600	-0.161125
46650	0.029716
46700	-0.017506
46750	-0.052082
46800	-0.032013
46850	-0.000807
46900	0.103016
46950	0.045311
47000	0.092087
47050	0.128579
47100	0.063004
47150	-0.168366
47200	-0.106506
47250	-0.085313
47300	0.056483
47350	0.091084
47400	-0.053770
47450	0.014509
47500	-0.040445
47550	0.127725
47600	0.053273
47650	0.117893
47700	-0.026221
47750	0.020943
47800	-0.014358
47850	0.022603
47900	-0.008701
47950	0.120081
48000	0.084662
48050	0.242710
48100	0.087161
48150	0.326195
48200	0.135428
48250	-0.093761
48300	0.137102
48350	0.139767
48400	-0.071009
48450	0.112198
48500	0.030356
48550	-0.015284
48600	-0.046411
48650	-0.020933
48700	0.070120
48750	-0.178080
48800	0.005483
48850	-0.149200
48900	-0.084830
48950	-0.099315
49000	-0.084284
49050	0.293999
49100	0.112497
49150	0.198398
49200	0.103593
49250	0.081547
49300	0.120421
49350	0.074891
49400	0.159585
49450	0.166846
49500	0.092976
49550	0.041551
49600	0.014986
49650	0.044480
49700	0.027840
49750	0.214296
49800	-0.026539
49850	0.186660
49900	-0.115316
49950	0.094495
50000	-0.085332
50050	0.080697
50100	0.023466
50150	0.031145
50200	0.022353
50250	-0.102979
50300	-0.132860
50350	0.041628
50400	0.101026
50450	0.077328
50500	0.176025
50550	0.029107
50600	-0.029219
50650	0.025841
50700	0.121654
50750	0.077234
50800	-0.135722
50850	-0.222586
50900	-0.047258
50950	-0.156876
51000	-0.135214
51050	0.042477
51100	0.001456
51150	0.113957
51200	0.011752
51250	-0.099199
51300	-0.042356
51350	0.092394
51400	0.071125
51450	0.031417
51500	0.091069
51550	0.066106
51600	0.159023
51650	-0.056439
51700	-0.117665
51750	0.251618
51800	-0.061240
51850	-0.105226
51900	-0.028221
51950	-0.204197
52000	-0.142222
52050	-0.087332
52100	0.012743
52150	-0.080639
52200	-0.080430
52250	-0.019199
52300	0.067686
52350	-0.057396
52400	-0.021707
52450	-0.006776
52500	0.046678
52550	0.142153
52600	0.183587
52650	-0.022779
52700	0.004829
52750	0.333183
52800	-0.016846
52850	-0.006212
52900	0.044632
52950	-0.336142
53000	-0.242146
53050	-0.042653
53100	-0.088570
53150	-0.053568
53200	0.089557
53250	0.182220
53300	-0.021173
53350	-0.002895
53400	-0.026664
53450	0.046720
53500	0.009841
53550	0.094280
53600	-0.000944
53650	0.182915
53700	0.111598
53750	0.014328
53800	-0.127662
53850	-0.263420
53900	-0.161529
53950	-0.007891
54000	0.131567
54050	-0.075191
54100	-0.142424
54150	-0.092037
54200	0.077459
54250	0.243719
54300	-0.077945
54350	-0.190895
54400	-0.034772
54450	0.061703
54500	-0.030867
54550	-0.014592
54600	0.011904
54650	0.163563
54700	-0.097453
54750	0.075697
54800	-0.056562
54850	-0.051835
54900	-0.017145
54950	0.107103
55000	-0.170622
55050	0.024755
55100	0.159346
55150	0.044125
55200	-0.020837
55250	0.016767
55300	0.182803
55350	0.221483
55400	0.191589
55450	0.118634
55500	-0.032791
55550	0.170162
55600	0.128690
55650	-0.016711
55700	0.062942
55750	0.166750
55800	-0.150780
55850	0.120969
55900	0.216997
55950	-0.103629
56000	0.258675
56050	0.072770
56100	0.062117
56150	-0.119014
56200	0.051948
56250	-0.023061
56300	0.039293
56350	-0.215822
56400	-0.008916
56450	0.151781
56500	-0.061325
56550	-0.194244
56600	-0.058421
56650	0.196196
56700	-0.179525
56750	-0.020549
56800	-0.273340
56850	-0.303035
56900	0.012733
56950	0.095073
57000	-0.037616
57050	0.032322
57100	-0.003861
57150	0.133714
57200	0.110579
57250	-0.031581
57300	-0.133795
57350	-0.077067
57400	-0.070462
57450	0.046793
57500	-0.075466
57550	0.025444
57600	0.060614
57650	-0.082743
57700	0.054306
57750	0.213155
57800	0.183091
57850	-0.091842
57900	-0.070943
57950	-0.192667
58000	0.159944
58050	-0.082031
58100	0.006902
58150	0.178885
58200	0.196167
58250	0.287376
58300	-0.094013
58350	0.031568
58400	0.113161
58450	0.022774
58500	-0.144313
58550	0.048870
58600	-0.131064
58650	-0.040610
58700	0.143110
58750	0.053376
58800	0.156364
58850	0.079717
58900	-0.031835
58950	0.061751
59000	-0.208390
59050	0.012223
59100	0.170240
59150	-0.028580
59200	0.042744
59250	0.072366
59300	0.077928
59350	-0.158797
59400	-0.027920
59450	0.207263
59500	0.133689
59550	0.030690
59600	0.008599
59650	-0.036024
59700	0.007731
59750	-0.064695
59800	-0.126732
59850	-0.065711
59900	0.265438
59950	0.276492
60000	0.185416
60050	0.057040
60100	0.055044
60150	-0.096212
60200	-0.100180
60250	-0.076728
60300	0.101292
60350	-0.062236
60400	-0.246502
60450	-0.132449
60500	0.185780
60550	-0.089499
60600	0.012215
60650	-0.074063
60700	-0.018188
60750	0.049370
60800	0.067451
60850	0.254178
60900	0.076062
60950	0.128362
61000	0.004572
61050	0.042644
61100	-0.019259
61150	0.225549
61200	0.037717
61250	-0.063315
61300	-0.039107
61350	-0.059988
61400	0.017290
61450	-0.029463
61500	0.051471
61550	0.015162
61600	-0.011061
61650	0.055722
61700	0.007881
61750	0.022660
61800	-0.097482
61850	-0.196037
61900	-0.115034
61950	-0.079993
62000	0.176538
62050	0.187707
62100	-0.051321
62150	0.040841
62200	-0.052882
62250	-0.149979
62300	0.107972
62350	-0.061989
62400	-0.017451
62450	0.139117
62500	0.208996
62550	-0.124551
62600	-0.182826
62650	0.022312
62700	-0.023088
62750	0.068074
62800	-0.096908
62850	-0.078681
62900	-0.085015
62950	-0.033809
63000	0.001246
63050	-0.040725
63100	0.060707
63150	0.145463
63200	0.102043
63250	-0.026085
63300	-0.076018
63350	0.043166
63400	-0.025028
63450	-0.013166
63500	-0.095792
63550	0.119742
63600	0.095994
63650	-0.064482
63700	-0.020341
63750	-0.057448
63800	-0.090320
63850	-0.133995
63900	0.025821
63950	-0.069910
64000	-0.081547
64050	-0.070778
64100	-0.140534
64150	0.112860
64200	-0.099759
64250	-0.205925
64300	-0.120794
64350	-0.059805
64400	-0.068177
64450	0.033096
64500	0.222528
64550	-0.032510
64600	-0.179510
64650	-0.027034
64700	-0.008132
64750	0.141301
64800	0.007753
64850	0.026479
64900	0.017619
64950	-0.162661
65000	-0.078545
65050	0.020476
65100	0.202294
65150	0.158063
65200	-0.089886
65250	-0.049057
65300	0.160384
65350	0.106963
65400	-0.028262
65450	-0.016659
65500	0.140865
65550	0.096904
65600	-0.007381
65650	0.092365
65700	-0.146530
65750	0.110684
65800	-0.139788
65850	-0.080897
65900	0.043670
65950	-0.020433
66000	0.184569
66050	0.041023
66100	0.072566
66150	0.177475
66200	0.084015
66250	-0.194246
66300	0.029251
66350	-0.048361
66400	-0.219961
66450	0.036540
66500	-0.009254
66550	0.143880
66600	0.073885
66650	-0.059974
66700	-0.130911
66750	-0.191520
66800	-0.037039
66850	-0.112442
66900	-0.093638
66950	-0.123633
67000	0.251725
67050	-0.056040
67100	-0.007351
67150	-0.132707
67200	-0.109228
67250	-0.077957
67300	0.101331
67350	-0.073799
67400	0.058816
67450	0.093573
67500	-0.111445
67550	-0.214909
67600	0.069892
67650	-0.086031
67700	-0.168399
67750	0.128233
67800	0.063347
67850	-0.120819
67900	-0.167898
67950	-0.197710
68000	-0.023734
68050	0.141573
68100	0.006801
68150	0.128260
68200	0.169113
68250	-0.092277
68300	-0.014496
68350	0.284508
68400	0.106794
68450	-0.001367
68500	-0.054110
68550	0.309232
68600	0.206629
68650	-0.057793
68700	0.197118
68750	-0.022552
68800	-0.230015
68850	0.067176
68900	-0.084638
68950	0.003993
69000	0.156023
69050	0.185104
69100	0.098586
69150	-0.105274
69200	-0.041224
69250	-0.218091
69300	-0.136622
69350	0.037649
69400	0.254309
69450	-0.030733
69500	0.008713
69550	0.105182
69600	0.146858
69650	-0.066129
69700	-0.003055
69750	0.072161
69800	-0.092918
69850	0.104989
69900	-0.206403
69950	0.012361
70000	-0.105749
70050	-0.054167
70100	-0.027560
70150	-0.002844
70200	0.149853
70250	0.002215
70300	0.112226
70350	-0.087574
70400	-0.051270
70450	0.177856
70500	0.234979
70550	-0.143209
70600	0.026849
70650	-0.012590
70700	0.123460
70750	-0.215554
70800	-0.254473
70850	0.038283
70900	-0.069419
70950	0.099399
71000	-0.005312
71050	0.102787
71100	0.149330
71150	-0.095343
71200	-0.283894
71250	-0.084314
71300	0.155238
71350	0.153217
71400	0.222423
71450	0.056146
71500	-0.192569
71550	0.025439
71600	0.002834
71650	0.036899
71700	-0.187761
71750	0.266483
71800	0.040297
71850	-0.079537
71900	-0.013658
71950	-0.109538
72000	0.093730
72050	0.120485
72100	0.003823
72150	-0.101866
72200	0.049546
72250	-0.019572
72300	0.067961
72350	-0.033213
72400	-0.039514
72450	-0.119888
72500	-0.057662
72550	0.001025
72600	0.006900
72650	0.029542
72700	0.054071
72750	-0.090233
72800	-0.011506
72850	-0.119787
72900	-0.106429
72950	0.072704
73000	-0.165666
73050	0.065892
73100	0.063911
73150	0.108572
73200	0.009483
73250	-0.119678
73300	0.076364
73350	0.070087
73400	-0.102451
73450	0.049912
73500	-0.072101
73550	-0.046805
73600	-0.092439
73650	-0.046652
73700	-0.092274
73750	-0.010558
73800	0.118575
73850	0.019123
73900	-0.139035
73950	0.058522
74000	-0.092768
74050	0.041065
74100	-0.103764
74150	-0.179659
74200	0.159591
74250	0.025925
74300	-0.232208
74350	0.188257
74400	0.226614
74450	0.210699
74500	-0.036698
74550	-0.152011
74600	0.140374
74650	0.044485
74700	-0.087653
74750	-0.159752
74800	0.070648
74850	0.041349
74900	0.006893
74950	0.188266
75000	0.219592
75050	0.143711
75100	-0.087218
75150	0.122576
75200	0.012675
75250	0.017715
75300	-0.120307
75350	-0.050346
75400	0.108885
75450	-0.031604
75500	-0.038946
75550	-0.100793
75600	-0.310447
75650	0.005298
75700	0.033516
75750	-0.090579
75800	-0.105000
75850	0.047737
75900	0.101914
75950	0.150805
76000	0.066137
76050	0.102115
76100	-0.085563
76150	-0.146655
76200	-0.010869
76250	0.332435
76300	0.099744
76350	-0.163915
76400	-0.054169
76450	-0.055260
76500	-0.194728
76550	-0.123260
76600	-0.023334
76650	-0.120277
76700	0.030268
76750	0.044059
76800	-0.073697
76850	0.100293
76900	0.072771
76950	-0.022245
77000	-0.053343
77050	0.021251
77100	-0.196477
77150	-0.004301
77200	0.103720
77250	-0.080327
77300	0.109287
77350	0.012248
77400	-0.060667
77450	-0.239362
77500	-0.155349
77550	-0.111939
77600	0.021892
77650	0.150398
77700	0.006647
77750	-0.077288
77800	0.253530
77850	0.236417
77900	0.080237
77950	-0.109745
78000	-0.063757
78050	-0.027098
78100	0.060722
78150	0.077299
78200	-0.013120
78250	0.134041
78300	0.038237
78350	-0.178670
78400	0.199909
78450	0.275700
78500	-0.236789
78550	-0.135584
78600	0.084902
78650	-0.156877
78700	-0.062353
78750	0.039021
78800	0.181667
78850	0.172004
78900	-0.018377
78950	0.242588
79000	0.006402
79050	0.190253
79100	0.178262
79150	0.061757
79200	-0.042457
79250	-0.055052
79300	-0.221134
79350	-0.202929
79400	-0.153456
79450	-0.285796
79500	0.076055
79550	0.204442
79600	0.113506
79650	0.173131
79700	0.083344
79750	-0.029071
79800	0.077522
79850	-0.080674
79900	0.170876
79950	0.086602
80000	-0.189356
80050	-0.083352
80100	-0.024837
80150	-0.016340
80200	0.064188
80250	0.068285
80300	-0.049246
80350	0.135069
80400	0.077353
80450	0.026769
80500	-0.028573
80550	-0.163748
80600	-0.079040
80650	-0.149040
80700	-0.114999
80750	0.040619
80800	0.132393
80850	-0.235120
80900	-0.138514
80950	-0.069895
81000	0.000903
81050	0.111863
81100	0.057858
81150	-0.031011
81200	-0.023297
81250	-0.145154
81300	-0.050641
81350	0.077291
81400	-0.186640
81450	-0.015257
81500	0.142144
81550	-0.166589
81600	0.012338
81650	-0.049731
81700	-0.133063
81750	0.080174
81800	-0.064341
81850	0.006846
81900	0.168771
81950	0.002764
82000	-0.045284
82050	0.045696
82100	-0.006223
82150	0.123505
82200	-0.021147
82250	-0.051367
82300	-0.076837
82350	-0.174615
82400	-0.045778
82450	-0.097252
82500	-0.134173
82550	-0.125678
82600	-0.063673
82650	0.005171
82700	0.017773
82750	-0.230028
82800	-0.048004
82850	-0.006138
82900	0.226742
82950	0.038628
83000	0.137172
83050	0.138649
83100	0.198331
83150	0.021495
83200	0.111076
83250	-0.018634
83300	0.097985
83350	0.017858
83400	0.174120
83450	-0.031367
83500	0.019534
83550	-0.109812
83600	-0.193204
83650	-0.065115
83700	0.175220
83750	-0.197585
83800	0.051437
83850	0.030478
83900	0.069244
83950	-0.105925
84000	-0.003542
84050	-0.109918
84100	-0.009089
84150	0.012286
84200	-0.078114
84250	-0.032205
84300	0.013713
84350	-0.123387
84400	0.053818
84450	0.060337
84500	-0.165238
84550	-0.023968
84600	-0.235037
84650	-0.108959
84700	0.118366
84750	-0.122406
84800	-0.074007
84850	-0.102024
84900	-0.079346
84950	-0.006715
85000	-0.020377
85050	0.083772
85100	0.071036
85150	0.093607
85200	0.115224
85250	0.071419
85300	-0.104624
85350	-0.200047
85400	-0.011370
85450	-0.121787
85500	-0.104258
85550	-0.007360
85600	-0.096629
85650	-0.151502
85700	0.011542
85750	-0.049554
85800	-0.062300
85850	-0.122247
85900	-0.113980
85950	-0.164954
86000	-0.020998
86050	0.002931
86100	-0.168937
86150	0.009520
86200	-0.156715
86250	0.125691
86300	-0.112469
86350	0.126235
86400	0.252589
86450	-0.225205
86500	-0.087185
86550	0.053150
86600	-0.084293
86650	-0.201617
86700	-0.126307
86750	-0.060816
86800	0.015364
86850	0.092021
86900	-0.313529
86950	-0.034920
87000	-0.065741
87050	-0.107310
87100	-0.100752
87150	-0.005794
87200	0.109294
87250	-0.064114
87300	0.086722
87350	-0.070854
87400	0.101117
87450	0.103621
87500	0.055852
87550	0.185650
87600	-0.087061
87650	-0.252393
87700	-0.115090
87750	-0.031231
87800	-0.147167
87850	0.052020
87900	-0.026856
87950	0.016863
88000	-0.030171
88050	0.098311
88100	0.041186
88150	-0.095986
88200	0.002450
88250	0.088435
88300	0.186296
88350	0.068466
88400	-0.183552
88450	0.019253
88500	0.176770
88550	-0.166568
88600	-0.014602
88650	0.083768
88700	-0.134211
88750	-0.078020
88800	0.100215
88850	0.085689
88900	0.157148
88950	-0.066800
89000	-0.004889
89050	-0.004617
89100	0.158122
89150	0.053940
89200	0.099313
89250	-0.221349
89300	-0.031475
89350	-0.030973
89400	0.009670
89450	0.087624
89500	0.165557
89550	0.007011
89600	-0.020715
89650	0.238790
89700	0.030086
89750	0.235297
89800	0.103476
89850	0.237846
89900	0.049164
89950	-0.182410
90000	-0.259760
90050	0.030956
90100	0.123050
90150	0.015305
90200	-0.068742
90250	0.052439
90300	0.168171
90350	0.174823
90400	0.130701
90450	-0.305353
90500	-0.108521
90550	-0.134708
90600	-0.054713
90650	0.010682
90700	0.190156
90750	0.120225
90800	0.143635
90850	-0.025849
90900	-0.208109
90950	-0.020800
91000	-0.026887
91050	-0.094411
91100	-0.087658
91150	-0.042489
91200	-0.018655
91250	-0.225219
91300	-0.091715
91350	-0.000518
91400	-0.083477
91450	-0.016261
91500	-0.117345
91550	0.034201
91600	0.003306
91650	-0.041947
91700	0.135176
91750	-0.024250
91800	-0.030560
91850	0.159603
91900	0.173647
91950	0.119676
92000	0.065669
92050	-0.228267
92100	0.098970
92150	0.080468
92200	-0.126943
92250	0.125824
92300	0.244065
92350	0.141363
92400	0.122379
92450	-0.003297
92500	-0.191003
92550	0.124477
92600	0.030551
92650	0.148613
92700	0.131817
92750	-0.117004
92800	-0.072834
92850	0.116931
92900	-0.263284
92950	0.019236
93000	-0.039621
93050	0.147837
93100	0.181990
93150	-0.100719
93200	-0.181791
93250	0.085833
93300	0.071266
93350	0.029925
93400	0.028514
93450	0.027400
93500	-0.047571
93550	0.096680
93600	-0.046339
93650	-0.029114
93700	-0.083315
93750	-0.218405
93800	-0.003839
93850	-0.110420
93900	-0.116539
93950	-0.008342
94000	0.065884
94050	-0.127616
94100	0.163273
94150	0.049168
94200	-0.139336
94250	0.125350
94300	0.063813
94350	0.001726
94400	0.064566
94450	0.156674
94500	-0.006248
94550	-0.137805
94600	-0.015239
94650	-0.117782
94700	0.016939
94750	-0.111313
94800	0.138144
94850	-0.081336
94900	-0.196013
94950	-0.152798
95000	0.066173
95050	-0.143130
95100	-0.116916
95150	-0.060300
95200	0.084084
95250	-0.110139
95300	0.154234
95350	-0.177055
95400	-0.103461
95450	0.099835
95500	0.046012
95550	0.066122
95600	-0.134569
95650	0.070999
95700	0.107164
95750	0.029497
95800	0.054277
95850	0.173356
95900	0.013186
95950	-0.081069
96000	-0.291672
96050	0.300670
96100	0.038676
96150	-0.122827
96200	0.025451
96250	-0.019701
96300	-0.096349
96350	-0.053694
96400	-0.024598
96450	-0.133415
96500	0.314246
96550	-0.037326
96600	-0.025656
96650	-0.007733
96700	-0.139498
96750	-0.026476
96800	0.032613
96850	-0.139066
96900	0.006564
96950	0.134667
97000	-0.043406
97050	0.050702
97100	0.212116
97150	0.026916
97200	-0.001346
97250	-0.121794
97300	0.058752
97350	0.122746
97400	-0.114202
97450	-0.025428
97500	-0.055010
97550	-0.134830
97600	-0.044959
97650	-0.217574
97700	0.009834
97750	-0.095575
97800	-0.194474
97850	-0.114811
97900	-0.228269
97950	-0.195533
98000	-0.022796
98050	0.044963
98100	-0.177177
98150	0.098448
98200	0.032359
98250	0.025732
98300	0.064507
98350	-0.044686
98400	-0.101227
98450	-0.003832
98500	-0.171875
98550	-0.079390
98600	-0.123925
98650	0.082506
98700	-0.055629
98750	-0.012038
98800	0.135598
98850	0.047838
98900	0.191222
98950	0.112257
99000	0.088940
99050	-0.016091
99100	0.110124
99150	0.021136
99200	-0.025881
99250	-0.063960
99300	-0.116601
99350	0.092250
99400	-0.006903
99450	0.110144
99500	0.127810
99550	0.039983
99600	-0.000091
99650	0.107521
99700	0.022813
99750	-0.204130
99800	0.073837
99850	-0.137189
99900	-0.105452
99950	0.009749
100000	-0.028689
100050	0.127841
100100	0.026054
100150	0.219572
100200	-0.041054
100250	0.124948
100300	0.093862
100350	0.081862
100400	0.030593
100450	0.198087
100500	0.075126
100550	-0.054058
100600	0.193681
100650	0.034147
100700	0.095501
100750	0.127154
100800	0.026039
100850	-0.053463
100900	0.030267
100950	-0.015320
101000	-0.050407
101050	0.030804
101100	-0.163266
101150	0.080305
101200	-0.019160
101250	0.097831
101300	-0.111764
101350	-0.021397
101400	-0.106375
101450	-0.044096
101500	-0.236824
101550	0.063395
101600	-0.257474
101650	-0.138169
101700	-0.036366
101750	-0.032136
101800	0.125941
101850	-0.043167
101900	-0.058572
101950	-0.183147
102000	-0.050229
102050	-0.024484
102100	0.103978
102150	-0.131686
102200	-0.131500
102250	-0.177974
102300	0.212207
102350	0.132629
102400	0.234902
102450	0.101267
102500	-0.107669
102550	0.059605
102600	-0.053826
102650	0.159535
102700	0.032410
102750	-0.177821
102800	0.142176
102850	0.045550
102900	-0.088695
102950	0.043452
103000	0.130210
103050	0.233491
103100	0.025967
103150	0.060454
103200	0.061903
103250	0.223652
103300	-0.079661
103350	-0.259791
103400	0.027227
103450	0.065788
103500	-0.177959
103550	-0.133901
103600	0.169519
103650	0.247318
103700	-0.173771
103750	0.064654
103800	-0.055673
103850	-0.006539
103900	0.206151
103950	0.111626
104000	-0.047781
104050	-0.091491
104100	0.104626
104150	-0.001192
104200	0.227587
104250	-0.006023
104300	-0.130603
104350	-0.020644
104400	0.119222
104450	0.002131
104500	0.052606
104550	-0.095157
104600	-0.203565
104650	-0.016344
104700	0.218081
104750	0.022348
104800	-0.024837
104850	0.038953
104900	0.126011
104950	-0.075383
105000	-0.014376
105050	0.067792
105100	-0.055903
105150	-0.085594
105200	-0.171494
105250	-0.118885
105300	-0.021248
105350	-0.076674
105400	0.016653
105450	-0.165268
105500	-0.028661
105550	-0.198209
105600	0.048262
105650	0.004830
105700	0.139630
105750	-0.099932
105800	0.081714
105850	0.131680
105900	0.140968
105950	-0.228356
106000	-0.050094
106050	-0.024008
106100	-0.055215
106150	0.034605
106200	0.050643
106250	-0.008419
106300	0.244045
106350	0.007249
106400	0.048818
106450	0.048350
106500	0.205837
106550	-0.116903
106600	-0.097083
106650	-0.016684
106700	-0.009229
106750	0.045365
106800	0.062227
106850	-0.056161
106900	0.160137
106950	0.015687
107000	0.014987
107050	-0.300526
107100	-0.069051
107150	0.075528
107200	0.077576
107250	0.115616
107300	0.172791
107350	0.023437
107400	0.040005
107450	0.104361
107500	0.006995
107550	-0.013804
107600	-0.032175
107650	0.087409
107700	0.093931
107750	0.074164
107800	-0.126086
107850	0.098067
107900	0.365070
107950	0.160072
108000	-0.005379
108050	0.156294
108100	-0.067902
108150	0.080123
108200	-0.022306
108250	0.046546
108300	-0.150885
108350	0.022659
108400	-0.069642
108450	-0.067161
108500	-0.072426
108550	-0.047474
108600	-0.013278
108650	0.241443
108700	0.182723
108750	0.200911
108800	0.076168
108850	-0.082253
108900	-0.018517
108950	-0.025158
109000	-0.028568
109050	0.075314
109100	-0.148610
109150	-0.123081
109200	-0.106177
109250	0.031689
109300	-0.025522
109350	0.067989
109400	-0.048883
109450	-0.017828
109500	-0.146594
109550	-0.192670
109600	-0.256059
109650	-0.297782
109700	-0.085716
109750	-0.244662
109800	0.229439
109850	0.096464
109900	0.002325
109950	0.121648
110000	0.261622
110050	0.091941
110100	-0.110328
110150	-0.006771
110200	-0.067515
110250	-0.064377
110300	0.077941
110350	0.220850
110400	-0.111991
110450	-0.073243
110500	-0.076672
110550	0.117583
110600	0.036311
110650	-0.121784
110700	-0.096264
110750	0.055193
110800	0.072575
110850	0.286563
110900	-0.103127
110950	-0.026887
111000	0.205218
111050	0.027078
111100	0.015834
111150	-0.089786
111200	0.164487
111250	0.246557
111300	0.218853
111350	0.199598
111400	0.017399
111450	-0.033880
111500	-0.043519
111550	-0.003700
111600	-0.059509
111650	-0.130450
111700	-0.047379
111750	0.036843
111800	0.011163
111850	0.008117
111900	0.043172
111950	0.013901
112000	-0.167653
112050	-0.146073
112100	-0.087076
112150	0.129343
112200	-0.054003
112250	-0.004144
112300	-0.079916
112350	0.107668
112400	-0.036647
112450	-0.080852
112500	-0.115245
112550	0.063262
112600	0.103040
112650	0.181545
112700	-0.062312
112750	0.126301
112800	0.136497
112850	-0.057889
112900	0.103032
112950	0.073208
113000	0.105583
113050	0.150754
113100	-0.175023
113150	-0.046087
113200	0.024163
113250	0.108138
113300	0.095068
113350	0.006694
113400	0.010318
113450	-0.168410
113500	-0.083236
113550	0.065666
113600	0.144721
113650	0.161070
113700	-0.083579
113750	-0.170823
113800	0.120780
113850	-0.022621
113900	-0.109681
113950	-0.014353
114000	0.124267
114050	0.118869
114100	-0.200431
114150	0.035927
114200	-0.108661
114250	0.015192
114300	-0.222023
114350	-0.045629
114400	-0.076911
114450	-0.128444
114500	-0.072215
114550	-0.162319
114600	-0.050226
114650	0.123916
114700	0.248836
114750	0.174677
114800	0.128085
114850	0.170726
114900	0.206397
114950	-0.047292
115000	-0.152656
115050	-0.232106
115100	-0.170807
115150	-0.070377
115200	-0.023070
115250	-0.147794
115300	-0.046351
115350	-0.130020
115400	-0.159118
115450	-0.101168
115500	-0.147168
115550	-0.036107
115600	0.149604
115650	-0.159811
115700	-0.059276
115750	0.054869
115800	0.059435
115850	0.057974
115900	-0.039500
115950	0.032981
116000	-0.177131
116050	0.032396
116100	0.039766
116150	0.286196
116200	0.370815
116250	0.019009
116300	-0.234354
116350	-0.223666
116400	-0.093847
116450	0.105311
116500	0.052257
116550	-0.006349
116600	-0.066644
116650	0.041668
116700	-0.117474
116750	-0.011624
116800	-0.001288
116850	0.186412
116900	0.071563
116950	0.225187
117000	0.173249
117050	-0.047602
117100	0.156473
117150	0.057502
117200	-0.131020
117250	-0.065465
117300	0.041349
117350	-0.046754
117400	-0.053220
117450	-0.042085
117500	0.037922
117550	-0.028570
117600	-0.093349
117650	0.133203
117700	-0.064333
117750	-0.072331
117800	-0.019245
117850	0.080497
117900	0.192683
117950	0.178341
118000	0.087754
118050	0.011198
118100	0.022961
118150	-0.071510
118200	-0.130094
118250	0.033015
118300	0.045769
118350	0.252316
118400	0.056380
118450	-0.064913
118500	0.118008
118550	0.118941
118600	0.005783
118650	-0.065007
118700	-0.056881
118750	-0.014252
118800	0.015966
118850	0.030533
118900	0.149759
118950	-0.099157
119000	-0.171681
119050	0.093479
119100	0.025352
119150	0.052890
119200	0.146941
119250	0.130386
119300	0.047816
119350	-0.041032
119400	-0.192728
119450	0.038140
119500	0.007211
119550	-0.109757
119600	-0.152966
119650	0.049891
119700	-0.013629
119750	0.010421
119800	-0.071799
119850	-0.050808
119900	-0.242113
119950	0.028322
120000	-0.028715
120050	-0.042139
120100	-0.198743
120150	-0.259666
120200	-0.185895
120250	0.141266
120300	0.115701
120350	0.007423
120400	0.155429
120450	0.034570
120500	0.088018
120550	0.060416
120600	0.166319
120650	0.065803
120700	0.064144
120750	0.095563
120800	0.171248
120850	0.146631
120900	0.186845
120950	0.142105
121000	0.036415
121050	0.250134
121100	0.156090
121150	0.179053
121200	0.185260
121250	-0.046404
121300	0.088472
121350	-0.102154
121400	0.073320
121450	-0.113011
121500	-0.151129
121550	-0.149882
121600	-0.073455
121650	0.060252
121700	-0.142565
121750	-0.115964
121800	0.066433
121850	-0.012714
121900	-0.016139
121950	0.111451
122000	-0.048065
122050	-0.004780
122100	0.174565
122150	0.155747
122200	0.120862
122250	-0.035632
122300	0.099331
122350	-0.034579
122400	0.187540
122450	-0.074202
122500	0.221932
122550	0.280463
122600	0.157725
122650	-0.065901
122700	-0.143895
122750	0.185339
122800	0.084644
122850	-0.046257
122900	0.160535
122950	0.069878
123000	0.107815
123050	0.292130
123100	-0.082040
123150	0.047555
123200	0.199210
123250	0.023619
123300	-0.113190
123350	-0.055939
123400	-0.162825
123450	-0.034111
123500	0.075518
123550	0.137821
123600	0.059713
123650	0.181417
123700	0.133281
123750	0.050196
123800	0.187031
123850	0.049760
123900	0.169058
123950	0.096613
124000	-0.053084
124050	0.174422
124100	0.196608
124150	0.151561
124200	0.175234
124250	0.145528
124300	0.091285
124350	-0.130819
124400	0.043431
124450	0.164100
124500	-0.057049
124550	0.094366
124600	-0.010488
124650	0.009376
124700	0.052199
124750	0.055361
124800	-0.118929
124850	-0.078502
124900	-0.295349
124950	-0.021771
125000	0.043148
125050	-0.055593
125100	-0.206918
125150	0.142370
125200	-0.084943
125250	0.034187
125300	-0.115187
125350	-0.130314
125400	0.170762
125450	0.002098
125500	-0.045011
125550	-0.005212
125600	-0.167875
125650	-0.036081
125700	-0.062970
125750	-0.205780
125800	0.029630
125850	-0.111759
125900	-0.101640
125950	-0.172408
126000	0.057680
126050	0.026122
126100	0.012839
126150	-0.154680
126200	0.052872
126250	0.015067
126300	-0.001232
126350	0.144308
126400	0.046946
126450	-0.241379
126500	0.078187
126550	-0.086568
126600	0.146874
126650	-0.021325
126700	0.134116
126750	0.010686
126800	0.122366
126850	-0.061280
126900	0.091300
126950	0.108794
127000	0.136920
127050	0.000548
127100	0.079578
127150	0.142589
127200	0.069375
127250	0.175881
127300	0.055392
127350	0.075675
127400	-0.086328
127450	0.100063
127500	0.179914
127550	0.074161
127600	-0.062417
127650	0.114949
127700	0.065596
127750	0.124854
127800	0.245083
127850	-0.089708
127900	-0.031696
127950	-0.114904
128000	-0.058467
128050	-0.242057
128100	0.035310
128150	0.036377
128200	0.103243
128250	-0.044285
128300	0.041435
128350	0.084476
128400	-0.181280
128450	-0.057853
128500	-0.150248
128550	0.142446
128600	-0.153827
128650	-0.086882
128700	-0.051274
128750	0.018780
128800	-0.273345
128850	-0.094933
128900	-0.179983
128950	-0.079481
129000	0.255570
129050	0.066057
129100	-0.023840
129150	0.057048
129200	-0.046523
129250	-0.039199
129300	0.091351
129350	-0.007333
129400	-0.117024
129450	0.019478
129500	-0.044122
129550	-0.095638
129600	-0.040403
129650	-0.192563
129700	0.059575
129750	0.097025
129800	0.137929
129850	0.013827
129900	-0.055845
129950	-0.029324
130000	-0.067375
130050	-0.098952
130100	-0.268206
130150	0.014044
130200	-0.075406
130250	-0.060355
130300	0.018000
130350	-0.172963
130400	-0.117786
130450	0.175750
130500	0.137685
130550	-0.068736
130600	-0.057267
130650	-0.192280
130700	-0.241927
130750	-0.170416
130800	-0.021885
130850	-0.150915
130900	0.028632
130950	-0.157185
131000	-0.017940
131050	-0.233509
131100	-0.052288
131150	-0.081150
131200	0.328712
131250	0.008300
131300	-0.002724
131350	-0.051739
131400	0.221403
131450	-0.032639
131500	0.195423
131550	0.081633
131600	-0.024137
131650	-0.266917
131700	0.020837
131750	0.146720
131800	0.081875
131850	0.115454
131900	-0.078476
131950	-0.015267
132000	-0.105297
132050	-0.067479
132100	0.210637
132150	-0.053158
132200	-0.097368
132250	-0.249887
132300	-0.023034
132350	0.219191
132400	0.125783
132450	-0.117727
132500	0.086714
132550	0.291027
132600	0.068853
132650	-0.024660
132700	0.100941
132750	-0.080997
132800	-0.084305
132850	0.011631
132900	-0.121556
132950	-0.011700
133000	0.191637
133050	0.105036
133100	-0.074808
133150	-0.010095
133200	0.110793
133250	-0.120536
133300	-0.290931
133350	-0.049669
133400	-0.127249
133450	0.247791
133500	0.004796
133550	0.260068
133600	0.117376
133650	0.279670
133700	-0.020055
133750	-0.111563
133800	0.002765
133850	-0.072003
133900	0.149092
133950	-0.039949
134000	-0.127640
134050	-0.085582
134100	0.112235
134150	0.034153
134200	-0.075303
134250	-0.051521
134300	-0.092233
134350	0.127290
134400	-0.034309
134450	-0.182485
134500	-0.002896
134550	0.149514
134600	0.026894
134650	0.078136
134700	0.119722
134750	-0.084803
134800	0.240168
134850	0.145175
134900	-0.153348
134950	-0.101965
135000	-0.193942
135050	-0.290823
135100	-0.414864
135150	-0.044792
135200	0.133178
135250	-0.101353
135300	0.052497
135350	0.066833
135400	0.168421
135450	-0.095216
135500	-0.004613
135550	0.020496
135600	-0.007149
135650	-0.183891
135700	-0.111786
135750	0.113017
135800	0.119471
135850	0.067872
135900	0.184587
135950	-0.163953
136000	0.052307
136050	0.126504
136100	0.165990
136150	-0.036878
136200	-0.075496
136250	-0.248363
136300	-0.090679
136350	0.014369
136400	0.010898
136450	-0.065792
136500	0.144120
136550	-0.145939
136600	-0.045861
136650	-0.093494
136700	0.053530
136750	0.137079
136800	-0.055836
136850	-0.050972
136900	0.070418
136950	-0.039545
137000	-0.071290
137050	-0.099648
137100	0.248236
137150	-0.035067
137200	-0.188383
137250	-0.064999
137300	0.187097
137350	0.154319
137400	0.022536
137450	-0.035012
137500	0.018891
137550	0.032323
137600	0.143599
137650	0.112855
137700	0.233182
137750	0.281806
137800	0.220784
137850	0.079826
137900	-0.004502
137950	0.142362
138000	0.063082
138050	0.224991
138100	0.044560
138150	0.021903
138200	-0.074047
138250	-0.158282
138300	-0.058147
138350	0.072730
138400	0.003716
138450	-0.039912
138500	-0.109316
138550	-0.122586
138600	-0.004273
138650	-0.077705
138700	0.009946
138750	0.188935
138800	-0.002270
138850	0.222497
138900	0.088253
138950	0.131755
139000	-0.122420
139050	0.087527
139100	-0.056572
139150	0.038394
139200	-0.181397
139250	0.107433
139300	-0.006543
139350	0.315420
139400	0.091095
139450	-0.157855
139500	0.204780
139550	-0.024497
139600	-0.028817
139650	0.007789
139700	-0.258374
139750	0.239886
139800	0.152130
139850	-0.210213
139900	-0.069225
139950	-0.027892
140000	0.118668
140050	-0.062258
140100	0.179860
140150	0.046945
140200	0.011239
140250	0.006355
140300	-0.071551
140350	0.246554
140400	0.065517
140450	0.213046
140500	0.137155
140550	0.051824
140600	0.058989
140650	-0.017930
140700	0.042851
140750	-0.001926
140800	0.267627
140850	-0.225698
140900	0.009600
140950	0.240952
141000	-0.140827
141050	-0.128924
141100	-0.127740
141150	0.109445
141200	0.048694
141250	0.000614
141300	-0.071425
141350	-0.008303
141400	0.173351
141450	-0.041384
141500	0.189392
141550	0.014766
141600	0.090337
141650	-0.037292
141700	-0.035190
141750	-0.030358
141800	0.196169
141850	0.033139
141900	-0.047290
141950	-0.120423
142000	-0.012700
142050	0.096489
142100	0.147887
142150	0.075528
142200	0.105990
142250	0.112221
142300	-0.045511
142350	-0.087479
142400	0.044193
142450	-0.198120
142500	0.011221
142550	0.058107
142600	0.088923
142650	-0.250638
142700	-0.352346
142750	-0.134896
142800	0.096282
142850	-0.148701
142900	0.158371
142950	0.060311
143000	-0.088405
143050	-0.111643
143100	-0.205878
143150	-0.122329
143200	-0.086483
143250	-0.006134
143300	-0.150170
143350	-0.108936
143400	-0.111259
143450	-0.130563
143500	-0.040228
143550	-0.051427
143600	-0.051420
143650	-0.005404
143700	-0.125130
143750	0.020231
143800	-0.101596
143850	0.264512
143900	0.038317
143950	-0.089491
144000	-0.153484
144050	0.197185
144100	-0.191002
144150	0.105605
144200	0.062518
144250	-0.001395
144300	0.205978
144350	0.050513
144400	0.080189
144450	0.046602
144500	-0.021572
144550	-0.134734
144600	0.004054
144650	-0.172266
144700	0.005358
144750	-0.077423
144800	0.004886
144850	-0.091156
144900	-0.056860
144950	0.132752
145000	-0.132295
145050	-0.053668
145100	0.148199
145150	0.186368
145200	0.089232
145250	-0.010288
145300	0.135928
145350	-0.122202
145400	0.161635
145450	-0.035636
145500	0.162339
145550	-0.000340
145600	0.191144
145650	-0.076928
145700	0.037318
145750	0.116609
145800	0.070058
145850	0.212038
145900	-0.244413
145950	0.137642
146000	0.038775
146050	0.123297
146100	0.076543
146150	-0.127408
146200	-0.041499
146250	-0.012792
146300	-0.018440
146350	0.076767
146400	0.184785
146450	0.027190
146500	0.208040
146550	-0.090495
146600	0.028783
146650	-0.225987
146700	0.017516
146750	0.010521
146800	-0.047953
146850	0.062034
146900	-0.125482
146950	-0.009932
147000	-0.035366
147050	-0.030859
147100	-0.012362
147150	0.020781
147200	0.111335
147250	0.260553
147300	0.205729
147350	-0.139731
147400	-0.072852
147450	0.035819
147500	-0.033250
147550	-0.135180
147600	0.110860
147650	-0.105932
147700	0.135482
147750	0.253842
147800	-0.147329
147850	-0.158012
147900	0.029442
147950	-0.098600
148000	-0.084069
148050	-0.049888
148100	-0.030064
148150	0.115063
148200	-0.276042
148250	0.059801
148300	-0.164957
148350	-0.104285
148400	-0.001757
148450	-0.083944
148500	0.126341
148550	0.073864
148600	-0.155601
148650	0.040446
148700	-0.021571
148750	-0.003955
148800	0.027345
148850	-0.073733
148900	0.152893
148950	0.168946
149000	-0.087680
149050	0.022448
149100	0.088264
149150	-0.261573
149200	0.050848
149250	-0.124606
149300	-0.155154
149350	-0.005616
149400	0.146163
149450	-0.002643
149500	-0.087055
149550	-0.077918
149600	0.016692
149650	-0.262350
149700	0.076131
149750	0.028721
149800	-0.058719
149850	0.254757
149900	0.246521
149950	0.130873
150000	-0.111600
150050	0.054574
150100	-0.003323
150150	-0.137145
150200	0.176459
150250	0.087680
150300	0.179748
150350	0.030388
150400	0.088170
150450	-0.073402
150500	-0.154588
150550	0.079229
150600	0.266788
150650	0.118770
150700	0.182187
150750	0.069005
150800	-0.131140
150850	0.075139
150900	0.042051
150950	0.072314
151000	0.265102
151050	0.109195
151100	-0.178105
151150	-0.019968
151200	0.162784
151250	-0.009260
151300	0.230196
151350	0.120261
151400	0.152202
151450	-0.057045
151500	0.093357
151550	0.203265
151600	0.137614
151650	0.158004
151700	-0.049722
151750	0.152926
151800	0.167884
151850	0.182028
151900	0.148604
151950	0.035891
152000	0.128263
152050	0.031433
152100	-0.017438
152150	-0.052748
152200	-0.005628
152250	-0.054660
152300	-0.133389
152350	0.140373
152400	-0.014099
152450	0.206758
152500	0.137131
152550	0.302187
152600	0.026849
152650	0.247100
152700	-0.048652
152750	0.289480
152800	0.200018
152850	0.120240
152900	0.042693
152950	0.017134
153000	-0.134254
153050	-0.087955
153100	0.106078
153150	0.095859
153200	0.014988
153250	0.090319
153300	0.088447
153350	-0.078068
153400	-0.130610
153450	0.090883
153500	-0.138337
153550	-0.027987
153600	-0.016182
153650	-0.138189
153700	-0.138328
153750	-0.128682
153800	-0.101818
153850	-0.269289
153900	-0.118730
153950	-0.041121
154000	0.146682
154050	0.103754
154100	-0.079277
154150	0.086073
154200	0.050863
154250	0.172451
154300	0.030721
154350	-0.068361
154400	0.056046
154450	-0.185187
154500	-0.364365
154550	-0.102096
154600	0.138684
154650	-0.134478
154700	-0.072868
154750	0.169502
154800	-0.004200
154850	0.011351
154900	0.001737
154950	0.128001
155000	-0.025304
155050	0.190112
155100	-0.073692
155150	0.153810
155200	0.059685
155250	-0.096739
155300	0.064451
155350	0.223983
155400	0.229060
155450	0.213763
155500	0.117611
155550	0.035066
155600	0.070499
155650	-0.035127
155700	0.092323
155750	-0.030247
155800	-0.022575
155850	0.145479
155900	-0.049840
155950	-0.059001
156000	0.153916
156050	0.196374
156100	0.039172
156150	-0.042685
156200	-0.108678
156250	0.154995
156300	0.122664
156350	-0.126551
156400	-0.078209
156450	0.056006
156500	-0.068056
156550	0.114705
156600	-0.287635
156650	-0.191651
156700	-0.068375
156750	-0.135984
156800	-0.117083
156850	-0.043938
156900	0.144645
156950	-0.066528
157000	-0.150390
157050	-0.110400
157100	-0.013098
157150	-0.068113
157200	-0.181974
157250	0.061808
157300	0.022164
157350	0.149371
157400	-0.170489
157450	0.023288
157500	0.235739
157550	0.151953
157600	0.216221
157650	0.091781
157700	0.272148
157750	-0.081718
157800	-0.222324
157850	0.012315
157900	0.251813
157950	0.209690
158000	0.009416
158050	0.019991
158100	0.031926
158150	0.086607
158200	0.075002
158250	0.074290
158300	-0.043490
158350	0.015281
158400	0.167863
158450	-0.005051
158500	0.093240
158550	-0.053042
158600	-0.214545
158650	0.053098
158700	-0.020546
158750	-0.239503
158800	-0.046312
158850	-0.103247
158900	-0.029142
158950	-0.040624
159000	-0.003237
159050	-0.091208
159100	-0.019122
159150	-0.069856
159200	-0.205558
159250	-0.186651
159300	-0.019365
159350	0.029726
159400	0.047035
159450	-0.091239
159500	0.060832
159550	0.032575
159600	-0.121362
159650	-0.015231
159700	0.172488
159750	0.091102
159800	0.095797
159850	0.052836
159900	0.045414
159950	-0.023804
160000	-0.076193
160050	-0.175699
160100	-0.035895
160150	0.151566
160200	0.017889
160250	0.057133
160300	0.084341
160350	-0.246075
160400	-0.150531
160450	-0.208213
160500	-0.072164
160550	-0.049244
160600	0.001627
160650	0.118861
160700	-0.112328
160750	0.096656
160800	0.008081
160850	-0.078569
160900	0.137421
160950	0.075496
161000	-0.034390
161050	-0.227061
161100	0.053602
161150	0.178735
161200	0.206661
161250	0.100891
161300	-0.151633
161350	0.070091
161400	0.085187
161450	0.004153
161500	-0.015215
161550	-0.088341
161600	0.149111
161650	-0.092316
161700	-0.159997
161750	0.213164
161800	-0.041602
161850	0.138430
161900	0.273886
161950	0.210032
162000	0.169686
162050	0.258430
162100	0.051890
162150	0.061258
162200	-0.043231
162250	-0.158826
162300	-0.110456
162350	0.020342
162400	0.108940
162450	0.133271
162500	-0.085982
162550	-0.090932
162600	-0.004321
162650	-0.068313
162700	0.004345
162750	-0.033771
162800	-0.047884
162850	0.122000
162900	-0.031210
162950	-0.060351
163000	-0.072375
163050	-0.005070
163100	0.113949
163150	-0.114795
163200	0.014371
163250	0.083596
163300	0.151736
163350	0.086463
163400	0.060889
163450	0.025428
163500	0.063357
163550	0.020932
163600	0.077078
163650	-0.101502
163700	-0.166078
163750	-0.046023
163800	-0.060134
163850	-0.022093
163900	0.095674
163950	-0.027443
164000	0.136704
164050	0.141069
164100	0.219996
164150	0.148996
164200	0.112739
164250	0.176861
164300	0.034611
164350	-0.124252
164400	-0.025183
164450	0.076618
164500	0.024945
164550	-0.105055
164600	-0.106318
164650	-0.058829
164700	0.111172
164750	-0.059754
164800	0.146250
164850	-0.179413
164900	0.008420
164950	0.131688
165000	-0.179579
165050	-0.084300
165100	0.071990
165150	0.053203
165200	0.042379
165250	-0.133675
165300	-0.042756
165350	0.086595
165400	0.102653
165450	0.132397
165500	-0.021206
165550	0.084918
165600	0.085034
165650	-0.162460
165700	-0.080313
165750	0.117022
165800	0.201050
165850	0.090605
165900	0.242431
165950	0.050499
166000	-0.119981
166050	0.012435
166100	-0.017536
166150	0.037719
166200	-0.064545
166250	0.080677
166300	0.305732
166350	0.027869
166400	-0.098110
166450	0.015679
166500	0.202687
166550	0.106125
166600	0.094882
166650	-0.125968
166700	0.003429
166750	0.068577
166800	0.169438
166850	-0.101997
166900	-0.046674
166950	0.098364
167000	0.123652
167050	-0.063703
167100	0.091421
167150	0.034308
167200	0.328656
167250	-0.107482
167300	0.049100
167350	-0.065172
167400	-0.054236
167450	-0.061819
167500	0.018684
167550	0.083846
167600	-0.082913
167650	0.068594
167700	0.114494
167750	-0.132257
167800	-0.016479
167850	-0.243381
167900	0.013817
167950	0.088334
168000	0.133089
168050	-0.004182
168100	0.160817
168150	0.087559
168200	-0.094760
168250	-0.088496
168300	-0.167506
168350	0.018647
168400	0.015738
168450	0.066048
168500	-0.128767
168550	-0.080375
168600	0.116948
168650	-0.001556
168700	-0.027708
168750	-0.076843
168800	0.026096
168850	0.037018
168900	0.057259
168950	0.095891
169000	-0.051519
169050	-0.176297
169100	-0.102685
169150	0.049803
169200	-0.224312
169250	0.164886
169300	0.222569
169350	0.174871
169400	0.246049
169450	0.220048
169500	-0.119356
169550	-0.047420
169600	-0.103994
169650	-0.085774
169700	-0.075556
169750	-0.146389
169800	0.017949
169850	0.109544
169900	-0.016373
169950	-0.144151
170000	-0.030858
170050	-0.075252
170100	-0.186046
170150	0.007965
170200	0.112366
170250	0.039646
170300	0.094760
170350	-0.031170
170400	0.279461
170450	0.095319
170500	-0.273084
170550	0.089605
170600	-0.149775
170650	-0.062521
170700	-0.055863
170750	0.007984
170800	0.116846
170850	-0.028852
170900	0.161984
170950	0.059962
171000	-0.201423
171050	-0.167569
171100	0.043993
171150	0.104892
171200	0.170084
171250	-0.026331
171300	-0.097627
171350	-0.037620
171400	-0.017494
171450	-0.049126
171500	0.042805
171550	-0.152729
171600	0.060973
171650	0.013358
171700	-0.003291
171750	0.057591
171800	-0.074306
171850	0.121411
171900	0.153129
171950	-0.044056
172000	-0.038241
172050	0.049469
172100	0.009898
172150	-0.142178
172200	-0.047387
172250	0.034746
172300	0.083389
172350	0.033609
172400	-0.176457
172450	-0.127735
172500	0.145473
172550	-0.234582
172600	0.032470
172650	-0.053936
172700	-0.003497
172750	0.023504
172800	0.099173
172850	0.179694
172900	0.265315
172950	0.035116
173000	0.114854
173050	0.178192
173100	-0.007347
173150	0.214453
173200	0.076188
173250	-0.249552
173300	0.331455
173350	0.099260
173400	0.063756
173450	0.009849
173500	-0.067626
173550	0.007081
173600	0.313208
173650	0.005564
173700	-0.051183
173750	-0.167837
173800	-0.215691
173850	0.332340
173900	0.024246
173950	-0.172552
174000	0.014511
174050	0.039113
174100	-0.073417
174150	0.102180
174200	-0.007254
174250	-0.152850
174300	0.169631
174350	0.105469
174400	0.067419
174450	0.123623
174500	-0.008341
174550	0.025193
174600	-0.010795
174650	-0.019203
174700	-0.032753
174750	0.119975
174800	0.109212
174850	-0.140410
174900	-0.056035
174950	-0.244544
175000	-0.165143
175050	0.127489
175100	0.004477
175150	-0.070290
175200	0.038075
175250	-0.084824
175300	-0.073277
175350	-0.000053
175400	-0.029602
175450	-0.139949
175500	0.194014
175550	-0.096727
175600	-0.039253
175650	-0.032333
175700	0.127356
175750	-0.171352
175800	-0.055950
175850	0.244733
175900	-0.120168
175950	-0.099667
176000	-0.049018
176050	0.130805
176100	-0.109741
176150	-0.142389
176200	-0.001747
176250	-0.097781
176300	-0.058667
176350	-0.003341
176400	0.038600
176450	-0.032458
176500	0.060389
176550	0.005365
176600	-0.030807
176650	-0.136044
176700	-0.062579
176750	0.081650
176800	-0.102922
176850	-0.253761
176900	-0.275252
176950	-0.107708
177000	0.065572
177050	0.116433
177100	-0.128813
177150	0.093373
177200	0.073087
177250	-0.087676
177300	-0.175432
177350	0.119489
177400	0.038181
177450	0.021060
177500	0.063078
177550	0.117324
177600	0.066549
177650	-0.043626
177700	0.038462
177750	0.005863
177800	0.147276
177850	0.123940
177900	-0.104539
177950	0.002611
178000	-0.021890
178050	-0.264542
178100	0.238726
178150	-0.059752
178200	-0.178335
178250	-0.104078
178300	0.205638
178350	-0.108096
178400	0.032904
178450	0.066364
178500	-0.164559
178550	0.006485
178600	0.228648
178650	0.255792
178700	0.022105
178750	0.087491
178800	-0.036568
178850	0.158986
178900	0.158993
178950	0.060932
179000	-0.111207
179050	-0.025847
179100	-0.244731
179150	-0.333970
179200	0.146153
179250	-0.038529
179300	0.074292
179350	-0.099081
179400	-0.143120
179450	0.163101
179500	0.054758
179550	0.065962
179600	-0.022957
179650	-0.193808
179700	0.013485
179750	-0.236479
179800	-0.106027
179850	0.110010
179900	0.068682
179950	-0.171920
180000	-0.171248
180050	-0.014386
180100	0.028354
180150	-0.142339
180200	-0.005966
180250	0.010654
180300	0.139586
180350	-0.035093
180400	-0.385516
180450	-0.119512
180500	-0.228570
180550	0.085756
180600	0.034918
180650	0.037729
180700	0.109065
180750	-0.015357
180800	-0.042466
180850	0.110799
180900	0.100171
180950	0.034826
181000	-0.022782
181050	-0.020710
181100	-0.088990
181150	0.008295
181200	-0.211823
181250	-0.044147
181300	0.008324
181350	-0.145880
181400	-0.011763
181450	-0.091073
181500	-0.011003
181550	0.057354
181600	-0.098294
181650	-0.192297
181700	-0.096643
181750	0.006774
181800	0.051348
181850	0.007572
181900	0.012828
181950	0.245565
182000	0.088353
182050	0.016695
182100	-0.260732
182150	-0.005733
182200	0.181356
182250	0.125821
182300	0.215654
182350	0.189066
182400	-0.075280
182450	-0.133991
182500	-0.177523
182550	-0.112461
182600	-0.008689
182650	0.111632
182700	0.110951
182750	-0.039073
182800	-0.036912
182850	-0.174924
182900	-0.093223
182950	0.021331
183000	0.145735
183050	0.085489
183100	0.198713
183150	0.018297
183200	0.000418
183250	-0.065594
183300	0.184591
183350	0.097919
183400	-0.010552
183450	0.181408
183500	0.060918
183550	0.032220
183600	-0.150961
183650	0.018907
183700	0.019480
183750	0.095670
183800	-0.217032
183850	-0.053131
183900	-0.177647
183950	0.090114
184000	0.075960
184050	-0.070339
184100	0.091900
184150	-0.035808
184200	-0.017042
184250	0.247654
184300	0.033054
184350	-0.133719
184400	0.169827
184450	0.282088
184500	0.098206
184550	0.043774
184600	0.089036
184650	0.207250
184700	-0.185597
184750	-0.124707
184800	-0.012398
184850	0.028035
184900	-0.292241
184950	-0.106522
185000	0.111747
185050	-0.022538
185100	0.114720
185150	-0.028009
185200	-0.091116
185250	0.000174
185300	0.083602
185350	0.301621
185400	-0.021673
185450	0.192489
185500	0.088506
185550	0.083579
185600	-0.021999
185650	0.131090
185700	-0.002624
185750	0.253127
185800	0.180631
185850	-0.085848
185900	-0.031096
185950	0.025339
186000	-0.121266
186050	0.070216
186100	-0.225662
186150	-0.135534
186200	-0.006836
186250	-0.007936
186300	0.044149
186350	-0.051896
186400	0.202838
186450	0.064216
186500	0.194793
186550	0.003898
186600	-0.158453
186650	-0.034301
186700	0.011206
186750	-0.139524
186800	-0.009983
186850	-0.031602
186900	0.066903
186950	0.365439
187000	0.064824
187050	0.029905
187100	0.313218
187150	-0.067235
187200	-0.102539
187250	-0.071248
187300	-0.072374
187350	-0.425831
187400	-0.095168
187450	-0.215472
187500	-0.097116
187550	0.026231
187600	-0.000999
187650	0.162746
187700	-0.162969
187750	0.024771
187800	0.057289
187850	0.086679
187900	-0.050095
187950	-0.054915
188000	0.036731
188050	0.103218
188100	0.074399
188150	-0.027383
188200	0.061863
188250	-0.027220
188300	-0.045698
188350	-0.102212
188400	-0.037142
188450	-0.244792
188500	-0.017074
188550	-0.083086
188600	-0.009775
188650	0.121697
188700	0.139770
188750	0.053344
188800	-0.019001
188850	-0.015732
188900	0.015833
188950	-0.062752
189000	0.095937
189050	0.177091
189100	0.277524
189150	-0.108263
189200	0.310480
189250	0.110935
189300	0.155998
189350	0.222548
189400	0.056552
189450	0.021242
189500	0.008106
189550	-0.070362
189600	-0.110060
189650	0.245176
189700	0.232593
189750	-0.015156
189800	0.025068
189850	0.021254
189900	-0.060747
189950	-0.174518
190000	0.157848
190050	-0.085146
190100	0.012802
190150	0.035662
190200	-0.158031
190250	-0.299561
190300	-0.033249
190350	0.051271
190400	-0.023897
190450	0.022776
190500	0.086439
190550	0.294784
190600	-0.052285
190650	0.007768
190700	-0.133238
190750	-0.293380
190800	0.063555
190850	0.073341
190900	-0.050226
190950	-0.033948
191000	-0.070767
191050	-0.191812
191100	0.198320
191150	-0.054481
191200	-0.119222
191250	0.020004
191300	0.029665
191350	0.183158
191400	-0.090408
191450	-0.114172
191500	0.120474
191550	-0.006288
191600	-0.131232
191650	0.142836
191700	-0.198218
191750	-0.013291
191800	-0.058118
191850	-0.106588
191900	0.165355
191950	0.005871
192000	0.017502
192050	0.257786
192100	-0.089383
192150	0.136528
192200	-0.212349
192250	0.054182
192300	0.166278
192350	0.146441
192400	0.020206
192450	-0.001392
192500	0.009237
192550	0.071951
192600	-0.095259
192650	0.176100
192700	0.028545
192750	0.009644
192800	-0.057840
192850	-0.124812
192900	0.094477
192950	0.045695
193000	0.158694
193050	-0.023121
193100	0.134141
193150	0.237041
193200	-0.065505
193250	0.060017
193300	0.067151
193350	0.169376
193400	0.160627
193450	0.197244
193500	0.185619
193550	0.020944
193600	0.067993
193650	-0.126271
193700	0.006415
193750	0.053393
193800	-0.026737
193850	0.134108
193900	-0.194318
193950	0.175583
194000	0.000002
194050	-0.110435
194100	-0.098068
194150	-0.061887
194200	-0.226546
194250	0.050042
194300	-0.019410
194350	-0.016104
194400	0.070826
194450	-0.057801
194500	0.112443
194550	-0.061764
194600	0.143695
194650	0.059452
194700	0.085733
194750	0.005759
194800	-0.074254
194850	0.042512
194900	-0.126263
194950	-0.026601
195000	0.099793
195050	0.247891
195100	0.215544
195150	0.202250
195200	0.222106
195250	0.209461
195300	0.179950
195350	0.109682
195400	0.100052
195450	-0.086527
195500	0.161779
195550	-0.092157
195600	-0.000646
195650	-0.107836
195700	-0.142414
195750	0.049635
195800	-0.110947
195850	0.107494
195900	0.249498
195950	0.272877
196000	0.024729
196050	-0.021290
196100	-0.039400
196150	0.098459
196200	0.098259
196250	-0.057947
196300	0.052375
196350	0.039260
196400	-0.282314
196450	0.122768
196500	-0.013031
196550	-0.022633
196600	0.086648
196650	-0.061729
196700	0.030898
196750	-0.091203
196800	0.045619
196850	0.073170
196900	-0.038562
196950	0.166842
197000	-0.088829
197050	-0.319063
197100	0.024976
197150	-0.110674
197200	-0.093478
197250	0.098017
197300	-0.024446
197350	-0.244517
197400	-0.317765
197450	0.028866
197500	0.139244
197550	0.168756
197600	-0.038162
197650	-0.022067
197700	0.084489
197750	-0.135529
197800	-0.229414
197850	-0.004497
197900	-0.077384
197950	-0.159481
198000	-0.101155
198050	-0.079676
198100	-0.114971
198150	-0.057310
198200	-0.185193
198250	-0.174096
198300	-0.007541
198350	0.033100
198400	-0.152193
198450	-0.167634
198500	-0.121972
198550	-0.139052
198600	0.035824
198650	-0.102795
198700	0.060801
198750	0.164247
198800	-0.066483
198850	-0.008311
198900	-0.197052
198950	-0.136884
199000	-0.025466
199050	0.042870
199100	0.186091
199150	0.110509
199200	-0.042423
199250	0.061591
199300	0.203178
199350	0.001607
199400	0.143046
199450	0.227601
199500	0.047508
199550	-0.161937
199600	-0.071701
199650	0.094595
199700	-0.100178
199750	0.170308
199800	-0.005715
199850	0.133752
199900	0.097740
199950	0.058815
