0	41.150685
50	3.984389
100	1.853635
150	1.346505
200	1.154534
250	0.936139
300	0.875476
350	0.656426
400	0.476673
450	0.620757
500	0.287180
550	0.367916
600	0.287553
650	0.448759
700	0.425957
750	0.290559
800	0.343704
850	0.189853
900	0.073390
950	0.057975
1000	0.069844
1050	0.163919
1100	0.162553
1150	0.044571
1200	0.202944
1250	0.154325
1300	0.247977
1350	0.080654
1400	0.088124
1450	0.195821
1500	0.246452
1550	0.078898
1600	0.161660
1650	0.292211
1700	0.081519
1750	0.249363
1800	0.257082
1850	0.280289
1900	0.174933
1950	0.066862
2000	-0.023502
2050	0.192835
2100	0.241064
2150	-0.084186
2200	0.070772
2250	0.243557
2300	0.204292
2350	0.012899
2400	0.177048
2450	0.358420
2500	0.250138
2550	0.095832
2600	0.436663
2650	0.075509
2700	0.218415
2750	0.057265
2800	0.161077
2850	0.232679
2900	0.038014
2950	0.149435
3000	0.130676
3050	0.291133
3100	0.176221
3150	0.087271
3200	0.147020
3250	0.166467
3300	-0.115567
3350	-0.160649
3400	0.082887
3450	0.114010
3500	0.065532
3550	-0.025908
3600	0.127278
3650	0.034260
3700	0.170139
3750	0.193989
3800	0.100262
3850	0.043053
3900	0.027496
3950	-0.014455
4000	-0.020688
4050	0.191809
4100	-0.012638
4150	0.151602
4200	0.252887
4250	0.266408
4300	0.213744
4350	0.189596
4400	0.166368
4450	0.327466
4500	0.243099
4550	-0.030319
4600	0.268247
4650	0.181059
4700	0.251833
4750	0.049227
4800	0.125886
4850	0.063969
4900	0.039454
4950	0.027066
5000	-0.188990
5050	0.255843
5100	0.107512
5150	0.142634
5200	0.081831
5250	-0.159451
5300	0.068454
5350	0.275468
5400	-0.063067
5450	0.086921
5500	0.051757
5550	0.036405
5600	-0.017068
5650	0.055207
5700	0.035269
5750	-0.039229
5800	0.115200
5850	-0.254106
5900	0.028677
5950	0.102067
6000	0.175968
6050	0.254263
6100	-0.025366
6150	0.135024
6200	0.063116
6250	0.051075
6300	0.298432
6350	0.297916
6400	0.141856
6450	0.029902
6500	0.066220
6550	-0.130640
6600	0.071176
6650	0.144728
6700	-0.106285
6750	0.027485
6800	0.019840
6850	0.194443
6900	0.182902
6950	-0.090917
7000	-0.090015
7050	0.018228
7100	0.309438
7150	0.213193
7200	0.102833
7250	0.128279
7300	0.271378
7350	0.468215
7400	0.389121
7450	0.154302
7500	0.157454
7550	0.100154
7600	0.162899
7650	0.041476
7700	0.181046
7750	0.326630
7800	0.243913
7850	0.223495
7900	0.218026
7950	0.193639
8000	0.067209
8050	0.138759
8100	0.120330
8150	-0.016010
8200	-0.010520
8250	0.126027
8300	0.162655
8350	0.202326
8400	0.187763
8450	0.135399
8500	0.106498
8550	0.099819
8600	0.129527
8650	0.163539
8700	0.067988
8750	0.079250
8800	0.037208
8850	-0.060063
8900	0.066158
8950	-0.014540
9000	-0.095259
9050	-0.146981
9100	0.093004
9150	-0.031688
9200	-0.042909
9250	0.031950
9300	0.032219
9350	-0.037411
9400	0.055349
9450	-0.123249
9500	0.055175
9550	-0.055644
9600	0.032021
9650	-0.025575
9700	-0.159692
9750	0.036505
9800	-0.003301
9850	0.149509
9900	0.076092
9950	-0.061890
10000	-0.171806
10050	-0.052352
10100	0.105807
10150	0.064633
10200	-0.204699
10250	0.025944
10300	-0.029072
10350	0.068301
10400	0.175720
10450	0.056419
10500	0.007608
10550	-0.009488
10600	0.171297
10650	0.180307
10700	0.101467
10750	-0.034504
10800	-0.025351
10850	0.197381
10900	0.068367
10950	0.089928
11000	0.193182
11050	0.103475
11100	0.176236
11150	0.133040
11200	0.075866
11250	0.058276
11300	0.035098
11350	0.141292
11400	-0.151832
11450	0.166373
11500	0.069772
11550	0.134132
11600	0.277061
11650	-0.051707
11700	0.064492
11750	-0.020177
11800	-0.189548
11850	0.052798
11900	-0.005600
11950	-0.193362
12000	-0.002890
12050	0.123516
12100	0.015703
12150	0.027496
12200	0.181695
12250	0.185695
12300	-0.012204
12350	-0.211634
12400	-0.177997
12450	0.101228
12500	0.042227
12550	0.004225
12600	0.013408
12650	-0.107122
12700	0.041880
12750	0.023342
12800	0.046618
12850	0.068247
12900	0.117170
12950	0.118489
13000	0.033454
13050	0.053826
13100	-0.051818
13150	0.097978
13200	0.009336
13250	0.045002
13300	-0.129440
13350	0.027964
13400	0.040717
13450	0.084080
13500	-0.029727
13550	-0.030182
13600	0.115982
13650	-0.011206
13700	-0.062288
13750	0.058576
13800	-0.043644
13850	-0.020413
13900	-0.083960
13950	0.196662
14000	0.023651
14050	0.016464
14100	0.107174
14150	0.090216
14200	-0.030970
14250	0.134095
14300	-0.101278
14350	0.150581
14400	0.108205
14450	0.161035
14500	0.082849
14550	0.008587
14600	-0.063468
14650	0.072080
14700	-0.002043
14750	-0.025148
14800	-0.008431
14850	-0.147197
14900	0.010670
14950	0.041485
15000	0.051704
15050	0.148078
15100	0.016304
15150	-0.056143
15200	0.153054
15250	0.091426
15300	-0.029671
15350	-0.130542
15400	-0.031198
15450	-0.138760
15500	0.019197
15550	0.028903
15600	0.033283
15650	-0.116674
15700	0.191428
15750	0.242319
15800	0.161956
15850	-0.136415
15900	-0.009291
15950	-0.073222
16000	-0.000766
16050	0.126083
16100	0.138417
16150	0.105200
16200	0.311733
16250	0.117699
16300	-0.074096
16350	0.276046
16400	-0.022081
16450	0.191695
16500	-0.014589
16550	0.233740
16600	-0.048884
16650	-0.084070
16700	-0.217507
16750	-0.141996
16800	0.039049
16850	-0.036128
16900	0.193526
16950	0.023044
17000	0.100553
17050	-0.225405
17100	-0.179145
17150	0.122279
17200	0.086407
17250	0.041464
17300	-0.020155
17350	0.034557
17400	0.005260
17450	-0.075918
17500	0.058070
17550	-0.162157
17600	-0.112168
17650	-0.149990
17700	-0.016689
17750	-0.038883
17800	0.217951
17850	0.195121
17900	0.112432
17950	-0.050871
18000	-0.076116
18050	0.116620
18100	-0.043817
18150	-0.154982
18200	-0.140485
18250	0.048322
18300	0.154091
18350	0.229725
18400	0.116832
18450	0.010096
18500	-0.113410
18550	0.054532
18600	0.277911
18650	0.198183
18700	-0.012480
18750	-0.067727
18800	-0.089948
18850	0.002884
18900	0.007217
18950	-0.179382
19000	0.116700
19050	-0.057265
19100	0.134272
19150	0.283681
19200	-0.022630
19250	0.031506
19300	0.053467
19350	0.089003
19400	-0.002415
19450	0.192719
19500	-0.065864
19550	0.092959
19600	0.101234
19650	0.246711
19700	-0.108928
19750	-0.062056
19800	-0.008788
19850	-0.043741
19900	-0.006175
19950	0.195044
20000	-0.003989
20050	0.139432
20100	0.075519
20150	0.044171
20200	-0.039414
20250	-0.170972
20300	0.231878
20350	0.234396
20400	0.109699
20450	-0.142289
20500	0.048146
20550	0.159882
20600	0.135232
20650	0.003828
20700	0.095534
20750	0.087344
20800	-0.016972
20850	-0.091192
20900	0.015682
20950	-0.053263
21000	-0.103345
21050	-0.052252
21100	0.065414
21150	-0.036504
21200	-0.034255
21250	-0.025107
21300	0.087536
21350	-0.068117
21400	0.075347
21450	-0.037525
21500	0.097049
21550	0.039171
21600	-0.048649
21650	0.079319
21700	0.002368
21750	0.128490
21800	0.183534
21850	-0.028327
21900	0.112162
21950	0.095507
22000	-0.001659
22050	-0.096046
22100	0.064036
22150	0.195178
22200	-0.023044
22250	-0.206196
22300	-0.009583
22350	-0.020773
22400	-0.071985
22450	0.016695
22500	-0.284606
22550	0.141238
22600	-0.049659
22650	-0.002424
22700	-0.044073
22750	-0.087984
22800	0.054791
22850	0.211961
22900	-0.065472
22950	0.059351
23000	0.012858
23050	-0.044612
23100	-0.036802
23150	-0.051102
23200	0.174794
23250	0.160269
23300	0.114872
23350	-0.137900
23400	-0.041462
23450	0.049812
23500	-0.016727
23550	0.145519
23600	0.135144
23650	0.219938
23700	-0.026639
23750	-0.052449
23800	0.070235
23850	0.079737
23900	0.051569
23950	0.067838
24000	0.174076
24050	0.075250
24100	-0.093583
24150	0.098202
24200	-0.000619
24250	-0.088394
24300	0.143389
24350	0.025086
24400	0.167069
24450	-0.003214
24500	0.246703
24550	0.172891
24600	-0.275463
24650	0.210247
24700	-0.063323
24750	-0.093802
24800	0.116385
24850	0.040061
24900	-0.093306
24950	0.072421
25000	-0.049803
25050	-0.020193
25100	0.037473
25150	0.170514
25200	0.193861
25250	0.178265
25300	0.042533
25350	-0.026152
25400	-0.130845
25450	0.039471
25500	-0.012911
25550	-0.223160
25600	-0.150351
25650	0.145563
25700	0.081032
25750	-0.019604
25800	0.230907
25850	-0.023694
25900	-0.164983
25950	-0.040890
26000	-0.004256
26050	0.091130
26100	0.073242
26150	0.058842
26200	-0.030122
26250	0.029959
26300	-0.050282
26350	0.093885
26400	0.022013
26450	0.099918
26500	-0.059426
26550	0.036826
26600	0.111923
26650	-0.009207
26700	-0.013210
26750	-0.080317
26800	0.090295
26850	0.209136
26900	0.135739
26950	0.007881
27000	-0.040034
27050	-0.018356
27100	0.056656
27150	0.034364
27200	-0.139467
27250	-0.041058
27300	-0.018522
27350	0.060998
27400	-0.151442
27450	-0.010383
27500	0.023280
27550	-0.066553
27600	0.204434
27650	0.067578
27700	0.104477
27750	0.200196
27800	-0.045581
27850	-0.082864
27900	-0.020350
27950	0.203516
28000	-0.132459
28050	-0.148422
28100	-0.090579
28150	-0.006287
28200	-0.119373
28250	-0.102861
28300	-0.118619
28350	-0.093327
28400	-0.003676
28450	-0.234488
28500	0.247767
28550	0.031094
28600	0.148967
28650	-0.034353
28700	0.075833
28750	-0.088208
28800	-0.028179
28850	0.020704
28900	-0.132313
28950	0.089314
29000	0.253972
29050	0.154255
29100	0.043370
29150	-0.143464
29200	-0.022179
29250	0.107300
29300	0.163911
29350	0.141493
29400	0.274689
29450	-0.194280
29500	-0.090842
29550	-0.055066
29600	-0.019180
29650	-0.043363
29700	-0.013121
29750	-0.077942
29800	-0.108053
29850	0.071271
29900	0.134055
29950	0.090427
30000	0.150530
30050	0.155314
30100	0.047539
30150	-0.045949
30200	-0.009757
30250	-0.216380
30300	0.042583
30350	0.131382
30400	0.126621
30450	0.183552
30500	0.091722
30550	0.297213
30600	0.186377
30650	0.355201
30700	0.045661
30750	0.124511
30800	0.151159
30850	0.220600
30900	0.058861
30950	-0.080210
31000	-0.213423
31050	0.019130
31100	0.155519
31150	0.175609
31200	0.033050
31250	0.158195
31300	0.083584
31350	-0.058893
31400	0.216690
31450	0.182519
31500	0.086872
31550	0.005833
31600	-0.112421
31650	0.031227
31700	0.156787
31750	0.162625
31800	0.105753
31850	0.104080
31900	-0.005885
31950	-0.041249
32000	0.224831
32050	0.144472
32100	0.028404
32150	0.124474
32200	0.105406
32250	0.188403
32300	-0.040731
32350	0.096328
32400	0.071305
32450	0.021143
32500	0.008680
32550	-0.041515
32600	-0.129618
32650	-0.104527
32700	-0.006762
32750	-0.178557
32800	-0.009433
32850	-0.057273
32900	-0.056528
32950	0.119378
33000	0.016956
33050	0.075135
33100	0.064923
33150	-0.009035
33200	0.038586
33250	0.065857
33300	-0.194111
33350	-0.125180
33400	-0.189649
33450	0.015132
33500	-0.020180
33550	-0.039259
33600	-0.091198
33650	0.121008
33700	0.116003
33750	0.188599
33800	0.106777
33850	-0.023378
33900	0.065005
33950	0.028669
34000	0.241614
34050	0.069140
34100	0.082340
34150	0.096240
34200	-0.113846
34250	0.196092
34300	0.219040
34350	0.009134
34400	0.206038
34450	0.168742
34500	0.012148
34550	0.060229
34600	-0.079234
34650	0.123767
34700	0.094740
34750	-0.250632
34800	0.220149
34850	0.114000
34900	-0.104174
34950	0.140280
35000	-0.148747
35050	0.044335
35100	0.088792
35150	0.232404
35200	0.029020
35250	-0.002103
35300	0.127547
35350	-0.002657
35400	-0.032959
35450	-0.089757
35500	-0.004285
35550	0.010866
35600	0.207504
35650	-0.194075
35700	0.094774
35750	0.073576
35800	0.013681
35850	-0.147560
35900	0.117777
35950	-0.107276
36000	0.033246
36050	-0.072719
36100	-0.093898
36150	0.170506
36200	0.126546
36250	-0.168097
36300	0.084389
36350	0.096510
36400	0.160807
36450	0.061861
36500	0.055372
36550	-0.010731
36600	-0.038295
36650	-0.047625
36700	0.272044
36750	0.054672
36800	-0.084275
36850	0.069141
36900	-0.022045
36950	0.084193
37000	-0.032126
37050	-0.082732
37100	0.020255
37150	0.046804
37200	0.041679
37250	0.080068
37300	-0.105206
37350	0.239819
37400	0.021587
37450	-0.187760
37500	0.063103
37550	-0.047226
37600	-0.145249
37650	-0.041454
37700	0.003866
37750	-0.021401
37800	-0.030778
37850	-0.022405
37900	-0.030624
37950	-0.017630
38000	-0.065793
38050	0.148540
38100	-0.338295
38150	-0.032330
38200	-0.100877
38250	-0.101240
38300	-0.116267
38350	0.173906
38400	-0.047961
38450	0.178722
38500	-0.103944
38550	0.151907
38600	0.019112
38650	0.113725
38700	-0.143501
38750	-0.135965
38800	-0.089032
38850	-0.158859
38900	-0.013729
38950	-0.023134
39000	-0.092454
39050	0.006989
39100	-0.171080
39150	-0.108983
39200	0.110763
39250	-0.004409
39300	0.030997
39350	0.174827
39400	-0.113059
39450	-0.120660
39500	0.116889
39550	0.070800
39600	-0.033333
39650	0.105077
39700	-0.093762
39750	0.204913
39800	0.057980
39850	0.201511
39900	-0.062049
39950	0.221481
40000	0.013890
40050	0.093770
40100	-0.000746
40150	-0.015678
40200	0.053648
40250	-0.095663
40300	-0.057837
40350	0.010547
40400	0.010564
40450	0.207356
40500	-0.000686
40550	0.210073
40600	0.024009
40650	0.113436
40700	-0.003877
40750	-0.087739
40800	-0.100385
40850	-0.079566
40900	0.010252
40950	-0.070874
41000	0.344004
41050	0.229706
41100	-0.079222
41150	-0.100996
41200	-0.056734
41250	0.037341
41300	-0.012535
41350	0.283409
41400	0.131611
41450	0.014081
41500	0.174917
41550	0.200728
41600	-0.085148
41650	-0.069319
41700	-0.023459
41750	-0.074277
41800	-0.014538
41850	-0.000397
41900	0.003212
41950	-0.216375
42000	-0.114429
42050	0.025560
42100	-0.081522
42150	-0.098110
42200	-0.097038
42250	-0.149610
42300	-0.088537
42350	0.135320
42400	0.244701
42450	0.009833
42500	-0.122006
42550	-0.027693
42600	-0.049153
42650	0.152976
42700	-0.049054
42750	-0.048861
42800	-0.082935
42850	0.039385
42900	-0.058505
42950	-0.073096
43000	0.010232
43050	-0.002850
43100	0.233874
43150	0.068955
43200	0.052095
43250	-0.255652
43300	-0.025938
43350	0.044829
43400	0.101481
43450	0.095646
43500	-0.080293
43550	-0.173692
43600	-0.176863
43650	-0.333032
43700	-0.018201
43750	0.055985
43800	-0.008646
43850	0.071767
43900	-0.107951
43950	0.117109
44000	0.080699
44050	-0.085241
44100	0.040479
44150	-0.070669
44200	-0.080837
44250	0.197684
44300	0.226376
44350	0.252578
44400	0.220922
44450	-0.047066
44500	0.058518
44550	0.009701
44600	-0.108652
44650	0.166993
44700	0.103908
44750	-0.007634
44800	0.017160
44850	-0.148003
44900	-0.066525
44950	-0.010106
45000	0.013765
45050	0.027450
45100	0.103255
45150	0.228508
45200	0.049220
45250	-0.028686
45300	0.101598
45350	-0.027705
45400	-0.100994
45450	0.091677
45500	0.220669
45550	0.055792
45600	0.162781
45650	0.113582
45700	-0.073019
45750	0.157424
45800	0.046065
45850	-0.169814
45900	-0.122539
45950	0.325961
46000	0.033208
46050	0.108860
46100	-0.054516
46150	0.005118
46200	0.042015
46250	-0.017657
46300	0.041985
46350	-0.357658
46400	-0.010725
46450	0.095841
46500	0.088402
46550	-0.093815
46600	-0.011474
46650	0.065793
46700	-0.119961
46750	0.082301
46800	0.090782
46850	0.165735
46900	0.003373
46950	0.112822
47000	-0.146811
47050	-0.039482
47100	0.102517
47150	-0.034422
47200	-0.022577
47250	-0.074177
47300	-0.047154
47350	0.032878
47400	0.039017
47450	0.097074
47500	-0.190327
47550	-0.085102
47600	0.053450
47650	0.134798
47700	0.145454
47750	0.124430
47800	-0.069322
47850	0.091479
47900	0.105236
47950	-0.002625
48000	0.093858
48050	-0.034589
48100	-0.017996
48150	-0.134868
48200	-0.167855
48250	0.273141
48300	0.045794
48350	-0.013947
48400	0.143478
48450	0.086272
48500	0.174328
48550	0.095462
48600	0.122670
48650	-0.084512
48700	-0.067948
48750	-0.056982
48800	-0.064072
48850	0.030297
48900	0.101780
48950	0.027059
49000	-0.061854
49050	0.046825
49100	-0.002005
49150	-0.001321
49200	0.297340
49250	0.025102
49300	-0.222589
49350	-0.050733
49400	-0.003420
49450	0.078715
49500	-0.103062
49550	0.022079
49600	0.050224
49650	-0.236220
49700	0.229395
49750	-0.081294
49800	0.067894
49850	-0.039335
49900	-0.074217
49950	-0.028977
50000	-0.062581
50050	-0.134180
50100	-0.125838
50150	0.082422
50200	0.160270
50250	-0.131295
50300	-0.185872
50350	-0.155921
50400	0.060390
50450	-0.186068
50500	0.045946
50550	-0.040857
50600	-0.193361
50650	0.198713
50700	-0.041535
50750	-0.009122
50800	-0.055895
50850	0.164930
50900	0.132020
50950	0.216787
51000	0.141680
51050	-0.185662
51100	-0.010304
51150	-0.035327
51200	0.027444
51250	0.102688
51300	0.042534
51350	0.203185
51400	0.255553
51450	0.038630
51500	-0.085198
51550	0.007628
51600	-0.034968
51650	-0.119261
51700	-0.153735
51750	-0.056338
51800	-0.088841
51850	-0.082964
51900	-0.052035
51950	-0.034981
52000	0.072845
52050	0.124500
52100	-0.071173
52150	0.020679
52200	0.119263
52250	0.015641
52300	-0.045269
52350	0.100559
52400	-0.158273
52450	-0.066011
52500	-0.009705
52550	0.048991
52600	0.080971
52650	-0.020745
52700	0.080337
52750	0.269712
52800	0.164067
52850	0.150451
52900	0.069452
52950	0.035549
53000	-0.014820
53050	-0.049521
53100	-0.072880
53150	0.073940
53200	0.017399
53250	0.011468
53300	-0.105108
53350	-0.094787
53400	0.035620
53450	0.068794
53500	0.080261
53550	-0.048510
53600	0.144417
53650	0.131329
53700	0.037978
53750	-0.070135
53800	-0.314218
53850	-0.190648
53900	-0.134912
53950	0.005253
54000	-0.074534
54050	-0.000565
54100	-0.043209
54150	-0.084894
54200	0.059510
54250	0.044068
54300	0.041405
54350	0.125134
54400	0.114260
54450	-0.057209
54500	-0.062918
54550	0.062804
54600	-0.001683
54650	-0.137297
54700	0.222594
54750	0.074362
54800	-0.052086
54850	0.142873
54900	0.069313
54950	0.082939
55000	-0.102475
55050	-0.058200
55100	-0.039148
55150	-0.123763
55200	-0.031531
55250	0.053824
55300	-0.138002
55350	-0.055088
55400	0.046653
55450	0.058314
55500	-0.115945
55550	-0.172650
55600	-0.136050
55650	0.035991
55700	-0.013355
55750	-0.074674
55800	0.226558
55850	0.093876
55900	0.057732
55950	0.027695
56000	0.159177
56050	0.393668
56100	0.279760
56150	-0.127744
56200	0.235859
56250	0.104077
56300	0.009447
56350	0.189822
56400	-0.009392
56450	0.004388
56500	0.053139
56550	-0.084847
56600	-0.142960
56650	-0.066276
56700	0.032440
56750	0.082426
56800	-0.057403
56850	0.032747
56900	-0.004577
56950	0.074392
57000	0.208260
57050	-0.214863
57100	-0.075789
57150	0.124051
57200	0.031809
57250	0.067938
57300	-0.175127
57350	0.068962
57400	-0.073455
57450	-0.024335
57500	0.068321
57550	0.240987
57600	0.208621
57650	0.019803
57700	-0.146521
57750	0.080455
57800	0.133213
57850	-0.043714
57900	-0.036298
57950	0.093454
58000	0.062068
58050	-0.017253
58100	0.039282
58150	0.414683
58200	0.086386
58250	0.050652
58300	-0.103823
58350	-0.088351
58400	0.000815
58450	-0.114922
58500	0.268186
58550	0.002403
58600	-0.005552
58650	-0.035141
58700	-0.023812
58750	-0.096080
58800	-0.084666
58850	-0.003717
58900	-0.040498
58950	0.100942
59000	0.043404
59050	0.236137
59100	0.036130
59150	0.157364
59200	0.138803
59250	-0.078257
59300	0.116088
59350	-0.216215
59400	-0.220829
59450	0.066342
59500	-0.089517
59550	0.019904
59600	0.189909
59650	0.308140
59700	0.139104
59750	-0.196775
59800	0.076368
59850	-0.011317
59900	-0.083917
59950	0.063561
60000	0.170246
60050	0.065023
60100	0.106783
60150	0.034124
60200	-0.130622
60250	0.118094
60300	0.104713
60350	-0.082825
60400	-0.025951
60450	0.036538
60500	0.015523
60550	-0.192177
60600	0.025925
60650	0.122330
60700	-0.035246
60750	-0.132456
60800	0.119260
60850	0.008525
60900	0.279613
60950	0.176656
61000	0.150464
61050	-0.080581
61100	-0.013232
61150	-0.048349
61200	-0.095090
61250	-0.011677
61300	-0.106312
61350	-0.168850
61400	-0.112665
61450	-0.099231
61500	-0.055314
61550	-0.110606
61600	0.056964
61650	0.016560
61700	-0.199360
61750	0.058990
61800	-0.058064
61850	-0.081773
61900	-0.053385
61950	0.046583
62000	0.222437
62050	0.000597
62100	-0.221264
62150	-0.042423
62200	-0.047680
62250	-0.125226
62300	0.227143
62350	0.185673
62400	-0.148360
62450	0.145003
62500	-0.040565
62550	-0.014785
62600	0.049852
62650	0.189251
62700	-0.008603
62750	-0.207875
62800	-0.069467
62850	-0.067355
62900	0.138225
62950	-0.004068
63000	-0.020476
63050	-0.055683
63100	-0.076678
63150	0.050058
63200	0.199793
63250	-0.218372
63300	0.024763
63350	0.115455
63400	-0.022260
63450	-0.086399
63500	-0.167756
63550	-0.038607
63600	-0.008135
63650	0.073167
63700	-0.069845
63750	-0.021981
63800	0.115859
63850	-0.066628
63900	0.064726
63950	-0.094492
64000	-0.069880
64050	-0.021800
64100	0.107169
64150	-0.068366
64200	0.188667
64250	-0.177872
64300	0.251161
64350	-0.104798
64400	-0.200962
64450	-0.049466
64500	0.193156
64550	0.015813
64600	0.224710
64650	-0.060433
64700	0.073563
64750	-0.134770
64800	0.148818
64850	0.116752
64900	0.039024
64950	0.063445
65000	0.095509
65050	0.040516
65100	-0.002060
65150	0.137100
65200	0.115455
65250	-0.049238
65300	-0.006029
65350	-0.184756
65400	0.144627
65450	0.052998
65500	-0.054706
65550	0.028007
65600	0.101102
65650	0.147055
65700	0.125108
65750	-0.056982
65800	0.003123
65850	-0.268999
65900	-0.031445
65950	0.026727
66000	-0.093066
66050	0.113424
66100	-0.207747
66150	-0.168719
66200	-0.046820
66250	-0.201914
66300	-0.024497
66350	-0.034797
66400	0.056581
66450	0.006025
66500	-0.011526
66550	-0.125786
66600	0.187264
66650	-0.248548
66700	0.178119
66750	-0.116777
66800	-0.107329
66850	-0.191365
66900	-0.122435
66950	0.188361
67000	-0.027663
67050	0.024245
67100	-0.149023
67150	-0.163687
67200	-0.020917
67250	0.095085
67300	-0.027286
67350	0.212340
67400	0.102678
67450	-0.060594
67500	-0.036433
67550	-0.015962
67600	-0.013694
67650	-0.203806
67700	-0.075179
67750	-0.230539
67800	-0.021978
67850	0.011398
67900	0.009386
67950	-0.181728
68000	0.023701
68050	0.122602
68100	-0.031936
68150	-0.027699
68200	0.124814
68250	0.048296
68300	0.002592
68350	-0.021458
68400	0.005649
68450	0.009205
68500	-0.156897
68550	0.030340
68600	0.011446
68650	-0.062767
68700	-0.198897
68750	-0.192772
68800	0.251524
68850	0.140602
68900	0.140625
68950	-0.030887
69000	-0.128928
69050	-0.182955
69100	-0.104911
69150	0.094040
69200	-0.112588
69250	0.079617
69300	0.064022
69350	-0.139045
69400	-0.066423
69450	0.001068
69500	0.119500
69550	0.179408
69600	-0.057808
69650	-0.080265
69700	-0.195639
69750	0.017705
69800	-0.017810
69850	-0.124109
69900	-0.007457
69950	-0.126292
70000	0.149591
70050	0.096931
70100	-0.003004
70150	-0.013329
70200	-0.147618
70250	-0.110579
70300	-0.159278
70350	-0.004703
70400	0.124365
70450	0.077550
70500	-0.017036
70550	0.043056
70600	0.126797
70650	0.047412
70700	0.196268
70750	0.135961
70800	0.152738
70850	0.094769
70900	0.216865
70950	-0.019284
71000	-0.063038
71050	-0.161775
71100	-0.131342
71150	-0.208178
71200	0.288459
71250	-0.006447
71300	0.063486
71350	-0.018059
71400	0.114789
71450	0.210422
71500	-0.062819
71550	0.100310
71600	0.172824
71650	0.164461
71700	0.032173
71750	-0.122051
71800	-0.023677
71850	-0.033544
71900	0.109707
71950	0.074439
72000	0.055980
72050	0.037621
72100	-0.183933
72150	0.047122
72200	-0.040995
72250	0.130811
72300	-0.019220
72350	-0.080437
72400	0.129759
72450	-0.015112
72500	0.016550
72550	-0.012861
72600	-0.122430
72650	0.136630
72700	0.088101
72750	-0.022766
72800	-0.000287
72850	0.015185
72900	-0.242279
72950	-0.374237
73000	-0.251170
73050	-0.052683
73100	0.005391
73150	0.021471
73200	0.059879
73250	0.039780
73300	-0.104087
73350	0.148756
73400	0.128137
73450	-0.153235
73500	-0.049064
73550	-0.008138
73600	-0.099949
73650	0.081873
73700	-0.130230
73750	0.099414
73800	0.090888
73850	0.088783
73900	0.033250
73950	0.108330
74000	0.053164
74050	0.037871
74100	0.044689
74150	-0.022708
74200	0.036387
74250	-0.175291
74300	-0.113447
74350	-0.032361
74400	-0.279003
74450	0.100675
74500	-0.077714
74550	-0.067185
74600	0.067436
74650	0.041703
74700	0.077907
74750	0.068326
74800	0.063024
74850	0.091055
74900	0.044789
74950	0.103790
75000	0.067808
75050	-0.168828
75100	0.081051
75150	0.213174
75200	-0.004808
75250	0.004811
75300	0.044496
75350	0.104637
75400	0.015346
75450	0.100444
75500	0.004085
75550	0.213295
75600	0.009787
75650	0.177678
75700	0.030655
75750	0.009330
75800	0.086378
75850	0.142511
75900	-0.001811
75950	0.026282
76000	0.214173
76050	-0.000435
76100	-0.066996
76150	0.253684
76200	0.290197
76250	-0.065778
76300	0.389712
76350	0.237904
76400	0.102232
76450	0.025335
76500	-0.127270
76550	0.045947
76600	0.094258
76650	0.124908
76700	-0.139492
76750	-0.060731
76800	-0.012835
76850	0.093460
76900	0.099908
76950	-0.010352
77000	-0.003530
77050	-0.037659
77100	0.023905
77150	-0.262459
77200	0.015272
77250	-0.008535
77300	0.086883
77350	-0.018045
77400	-0.039758
77450	-0.004941
77500	0.012448
77550	-0.101299
77600	-0.080714
77650	-0.136203
77700	-0.089968
77750	0.006919
77800	-0.045651
77850	0.073349
77900	0.202992
77950	-0.019061
78000	0.069638
78050	0.212934
78100	-0.234718
78150	-0.142515
78200	-0.061061
78250	0.068848
78300	0.168266
78350	-0.127573
78400	0.173762
78450	-0.040056
78500	0.043283
78550	0.229739
78600	-0.170392
78650	0.016088
78700	0.116054
78750	0.011084
78800	0.078509
78850	0.262065
78900	0.079166
78950	0.032887
79000	0.147466
79050	-0.007330
79100	0.059499
79150	0.015830
79200	-0.083011
79250	-0.074247
79300	-0.240105
79350	-0.098835
79400	-0.117855
79450	-0.344935
79500	-0.033300
79550	-0.015921
79600	-0.217143
79650	-0.051032
79700	0.108210
79750	-0.159062
79800	-0.141282
79850	0.044511
79900	0.118213
79950	-0.052390
80000	-0.037735
80050	-0.148821
80100	-0.128894
80150	-0.227564
80200	-0.131999
80250	-0.058132
80300	0.058039
80350	-0.001985
80400	-0.106252
80450	0.226875
80500	0.006004
80550	0.101483
80600	0.183384
80650	-0.009847
80700	0.003589
80750	0.168230
80800	0.088940
80850	0.062483
80900	-0.030594
80950	0.028623
81000	0.076972
81050	0.218579
81100	-0.040278
81150	0.034286
81200	-0.020009
81250	-0.170780
81300	-0.010202
81350	0.111303
81400	0.053084
81450	-0.054610
81500	0.183883
81550	0.074338
81600	0.026943
81650	-0.288734
81700	0.117345
81750	0.081315
81800	-0.191692
81850	-0.150518
81900	-0.165464
81950	0.024395
82000	0.130532
82050	0.072508
82100	0.110977
82150	0.122960
82200	0.000458
82250	-0.031385
82300	0.076103
82350	0.152504
82400	0.112294
82450	0.029563
82500	-0.040221
82550	0.093549
82600	0.091860
82650	0.032194
82700	0.012681
82750	-0.285333
82800	0.097602
82850	0.189894
82900	-0.153629
82950	0.273516
83000	0.140885
83050	0.102970
83100	-0.147433
83150	-0.160153
83200	-0.106283
83250	0.021481
83300	0.081833
83350	0.183291
83400	0.061333
83450	0.043485
83500	-0.033066
83550	0.125944
83600	-0.262280
83650	0.106553
83700	-0.144812
83750	-0.012113
83800	0.026143
83850	0.206352
83900	0.245735
83950	0.188925
84000	0.093998
84050	0.017898
84100	-0.246145
84150	0.143270
84200	0.035456
84250	0.093456
84300	0.191123
84350	0.018328
84400	0.040377
84450	0.230629
84500	-0.098157
84550	-0.210920
84600	0.017750
84650	-0.014671
84700	-0.057199
84750	0.197479
84800	0.171874
84850	0.149951
84900	0.042809
84950	0.120208
85000	0.037105
85050	-0.091526
85100	-0.162922
85150	0.082164
85200	0.097817
85250	0.145507
85300	0.100021
85350	0.064000
85400	0.098108
85450	0.171410
85500	0.046892
85550	0.041818
85600	-0.070344
85650	0.007935
85700	-0.104788
85750	-0.145177
85800	0.009621
85850	-0.084723
85900	-0.142566
85950	-0.035436
86000	-0.062998
86050	0.039881
86100	0.147177
86150	-0.168917
86200	-0.053560
86250	-0.000455
86300	-0.140429
86350	-0.089285
86400	-0.094900
86450	-0.077083
86500	-0.109585
86550	0.069920
86600	0.157800
86650	0.147671
86700	0.087700
86750	-0.109001
86800	-0.002393
86850	0.115912
86900	0.049034
86950	0.172439
87000	0.439531
87050	0.220005
87100	0.171583
87150	0.135001
87200	-0.093046
87250	0.371524
87300	-0.017190
87350	0.105013
87400	-0.080452
87450	0.051216
87500	0.034673
87550	0.091004
87600	0.099563
87650	0.112610
87700	0.034828
87750	0.222426
87800	0.176699
87850	0.081451
87900	0.150116
87950	-0.020073
88000	0.181045
88050	0.050889
88100	-0.161219
88150	0.074494
88200	-0.085339
88250	0.073008
88300	0.034843
88350	0.121517
88400	-0.002071
88450	0.198742
88500	0.014470
88550	0.030479
88600	-0.010176
88650	0.014089
88700	-0.199584
88750	-0.117323
88800	0.113671
88850	0.135614
88900	0.004702
88950	-0.016342
89000	-0.122697
89050	0.060002
89100	-0.075007
89150	0.132114
89200	0.118044
89250	0.258025
89300	0.081405
89350	-0.033940
89400	-0.049078
89450	0.007086
89500	0.205266
89550	0.240613
89600	-0.030606
89650	0.079492
89700	0.036675
89750	0.030151
89800	0.182010
89850	-0.088699
89900	-0.147499
89950	0.287068
90000	0.248711
90050	0.004025
90100	0.130024
90150	0.100463
90200	-0.083629
90250	0.212717
90300	0.024482
90350	-0.119991
90400	0.146696
90450	-0.069759
90500	0.105649
90550	0.021262
90600	-0.160069
90650	0.168275
90700	-0.107173
90750	-0.159997
90800	0.059352
90850	0.191009
90900	-0.101510
90950	0.044473
91000	-0.029353
91050	-0.041776
91100	0.066078
91150	-0.208089
91200	0.020255
91250	0.078464
91300	0.106462
91350	0.084530
91400	0.056186
91450	0.205479
91500	0.196586
91550	0.058948
91600	-0.126435
91650	-0.126162
91700	-0.059325
91750	-0.097103
91800	0.016247
91850	-0.053680
91900	-0.064228
91950	-0.021914
92000	-0.069225
92050	0.051513
92100	0.202118
92150	-0.026098
92200	0.222002
92250	-0.016242
92300	0.139025
92350	0.171618
92400	0.018015
92450	-0.049385
92500	0.030120
92550	0.074852
92600	0.217149
92650	0.059769
92700	-0.122294
92750	-0.021204
92800	0.269238
92850	-0.232048
92900	0.123622
92950	0.124026
93000	0.088963
93050	0.091617
93100	0.018926
93150	0.070697
93200	-0.096160
93250	-0.066106
93300	-0.097199
93350	0.022032
93400	0.091353
93450	-0.125158
93500	0.000573
93550	-0.017370
93600	0.132243
93650	0.083029
93700	0.042582
93750	-0.002308
93800	0.048163
93850	-0.036032
93900	-0.042548
93950	0.145653
94000	-0.078559
94050	-0.130036
94100	0.108812
94150	0.002452
94200	-0.094079
94250	-0.048380
94300	-0.098514
94350	-0.147640
94400	0.017338
94450	-0.059399
94500	0.227724
94550	0.042729
94600	0.120465
94650	-0.104492
94700	0.110474
94750	-0.060181
94800	0.144721
94850	0.138774
94900	0.093734
94950	0.101533
95000	-0.109743
95050	0.121022
95100	0.122224
95150	-0.036667
95200	0.059114
95250	0.091011
95300	0.173936
95350	-0.162804
95400	-0.226002
95450	0.051913
95500	-0.186628
95550	-0.050671
95600	0.093650
95650	0.126201
95700	0.098017
95750	0.044620
95800	-0.055891
95850	-0.164512
95900	-0.111895
95950	-0.077990
96000	0.128324
96050	-0.082465
96100	0.051771
96150	0.120531
96200	0.041066
96250	0.096366
96300	-0.079735
96350	0.036240
96400	0.009405
96450	0.182893
96500	-0.012923
96550	0.037577
96600	0.170064
96650	-0.189656
96700	-0.035150
96750	0.153564
96800	0.151304
96850	0.020343
96900	0.240080
96950	-0.112645
97000	-0.094910
97050	-0.202522
97100	0.049198
97150	-0.070795
97200	-0.012713
97250	-0.085174
97300	0.100606
97350	0.232469
97400	-0.052107
97450	0.063729
97500	0.249638
97550	0.069311
97600	-0.050159
97650	0.230501
97700	-0.020978
97750	-0.213197
97800	-0.099941
97850	-0.136937
97900	-0.196625
97950	-0.076626
98000	-0.023807
98050	-0.247809
98100	0.084514
98150	-0.279133
98200	0.239789
98250	0.187727
98300	0.302039
98350	-0.020756
98400	-0.066632
98450	0.019937
98500	-0.140572
98550	0.057878
98600	-0.167476
98650	-0.062018
98700	-0.031049
98750	-0.183372
98800	-0.220940
98850	-0.087142
98900	-0.009729
98950	-0.047426
99000	0.068544
99050	0.058381
99100	0.085291
99150	0.134183
99200	0.128746
99250	0.179609
99300	0.136071
99350	-0.157013
99400	0.198879
99450	0.131024
99500	0.077835
99550	0.085248
99600	-0.073361
99650	-0.088770
99700	-0.129349
99750	-0.035560
99800	0.059379
99850	-0.025426
99900	0.103129
99950	0.087926
100000	0.112993
100050	0.076865
100100	0.078066
100150	-0.112670
100200	0.020877
100250	0.027328
100300	-0.005871
100350	-0.038111
100400	-0.055452
100450	0.082814
100500	-0.046184
100550	0.027399
100600	0.036079
100650	0.203363
100700	-0.019999
100750	-0.074022
100800	0.018983
100850	-0.076002
100900	-0.049775
100950	-0.050722
101000	0.199270
101050	0.170798
101100	0.095031
101150	0.099510
101200	0.164605
101250	0.067418
101300	-0.000639
101350	0.254729
101400	0.276712
101450	-0.102215
101500	0.001071
101550	0.109641
101600	-0.164702
101650	-0.072888
101700	-0.092539
101750	-0.082128
101800	-0.024810
101850	0.027071
101900	-0.000555
101950	-0.177275
102000	-0.224703
102050	-0.007143
102100	0.134621
102150	-0.114683
102200	0.051424
102250	0.003605
102300	-0.009545
102350	0.005775
102400	0.050317
102450	-0.043358
102500	0.032409
102550	0.307498
102600	0.035466
102650	0.068176
102700	0.148889
102750	0.097772
102800	0.099528
102850	-0.036141
102900	-0.139675
102950	-0.068124
103000	-0.174840
103050	0.033123
103100	-0.054776
103150	-0.080518
103200	-0.020168
103250	-0.067731
103300	0.022440
103350	0.151381
103400	0.084430
103450	0.062448
103500	0.092317
103550	0.005497
103600	-0.059688
103650	0.120502
103700	0.113178
103750	0.095737
103800	-0.001505
103850	-0.039485
103900	0.197919
103950	0.227900
104000	0.158298
104050	0.056126
104100	-0.156844
104150	0.043564
104200	0.010291
104250	0.129314
104300	-0.007198
104350	0.155884
104400	0.173730
104450	0.215096
104500	-0.069788
104550	0.085910
104600	0.089715
104650	0.007673
104700	-0.095139
104750	-0.036519
104800	-0.066869
104850	-0.018198
104900	0.013814
104950	-0.144868
105000	0.077216
105050	-0.396892
105100	-0.244600
105150	-0.075429
105200	0.102541
105250	-0.261203
105300	-0.001635
105350	0.005372
105400	-0.118239
105450	-0.029997
105500	-0.203782
105550	0.027891
105600	0.138295
105650	0.062372
105700	-0.112492
105750	0.074364
105800	0.073630
105850	-0.101760
105900	0.018209
105950	0.107851
106000	0.160082
106050	0.049428
106100	-0.053072
106150	0.191071
106200	0.341736
106250	0.175238
106300	-0.003084
106350	0.066722
106400	0.081119
106450	0.139226
106500	0.061426
106550	-0.014980
106600	0.193239
106650	0.145266
106700	-0.066773
106750	-0.008084
106800	0.082181
106850	-0.174701
106900	-0.200898
106950	-0.142908
107000	-0.087616
107050	0.060973
107100	-0.062513
107150	-0.065198
107200	-0.216342
107250	-0.102598
107300	-0.087266
107350	-0.053400
107400	0.197306
107450	-0.015947
107500	-0.038968
107550	0.066691
107600	0.010247
107650	0.024908
107700	-0.062031
107750	0.054456
107800	0.214031
107850	0.093157
107900	-0.137230
107950	-0.012478
108000	-0.047567
108050	0.179592
108100	0.139050
108150	-0.060549
108200	-0.103146
108250	-0.041929
108300	-0.006062
108350	0.241470
108400	0.278454
108450	-0.100868
108500	0.013219
108550	-0.212895
108600	-0.058573
108650	-0.162716
108700	-0.126181
108750	0.035934
108800	-0.062514
108850	0.158335
108900	-0.021403
108950	0.031009
109000	0.151601
109050	-0.068551
109100	0.187156
109150	0.269633
109200	0.226390
109250	0.307387
109300	-0.148140
109350	-0.114738
109400	-0.019003
109450	-0.180151
109500	0.136989
109550	-0.059740
109600	0.065113
109650	-0.024026
109700	0.144229
109750	-0.132197
109800	-0.015981
109850	0.039735
109900	0.099735
109950	0.129823
110000	-0.022234
110050	-0.104593
110100	0.053560
110150	0.093010
110200	-0.057864
110250	-0.011508
110300	0.102038
110350	-0.093918
110400	-0.030489
110450	-0.031124
110500	-0.066108
110550	-0.163983
110600	0.017429
110650	0.068728
110700	0.086527
110750	-0.041514
110800	0.133394
110850	0.275055
110900	0.019208
110950	-0.039928
111000	-0.052974
111050	0.056123
111100	0.077803
111150	0.058731
111200	-0.085061
111250	-0.010938
111300	-0.206100
111350	-0.074158
111400	-0.137105
111450	-0.178997
111500	-0.184116
111550	-0.180137
111600	-0.109046
111650	-0.128477
111700	-0.015857
111750	-0.088852
111800	-0.090923
111850	0.082354
111900	-0.041703
111950	-0.010919
112000	0.106365
112050	0.048810
112100	-0.070606
112150	-0.249678
112200	-0.023760
112250	-0.009267
112300	-0.114146
112350	-0.097766
112400	0.177262
112450	-0.016272
112500	0.143183
112550	0.243018
112600	-0.053613
112650	-0.001862
112700	-0.070973
112750	-0.051054
112800	-0.260090
112850	-0.145751
112900	0.001414
112950	0.006206
113000	0.158415
113050	0.218452
113100	-0.002825
113150	-0.156946
113200	-0.092018
113250	0.015336
113300	0.070288
113350	0.173782
113400	0.025367
113450	0.002741
113500	-0.159903
113550	-0.114284
113600	-0.094179
113650	-0.157941
113700	0.071526
113750	-0.155253
113800	-0.081577
113850	-0.032575
113900	-0.034196
113950	0.030626
114000	-0.031581
114050	0.096451
114100	0.035373
114150	-0.096530
114200	-0.100688
114250	-0.006681
114300	0.091698
114350	-0.129067
114400	-0.125571
114450	-0.169594
114500	-0.131738
114550	-0.045060
114600	-0.186913
114650	0.001239
114700	0.076067
114750	0.050551
114800	0.040838
114850	0.218378
114900	0.249292
114950	0.224970
115000	0.055092
115050	0.020710
115100	-0.091752
115150	0.018933
115200	0.330961
115250	0.139075
115300	0.274160
115350	-0.008149
115400	0.231606
115450	0.186909
115500	0.005712
115550	-0.075031
115600	0.072580
115650	0.024651
115700	0.062540
115750	-0.034070
115800	0.037077
115850	-0.062104
115900	0.048127
115950	-0.059520
116000	-0.129623
116050	0.090923
116100	-0.143318
116150	0.016787
116200	0.028855
116250	-0.150796
116300	-0.038684
116350	-0.000692
116400	0.164654
116450	0.007024
116500	0.215668
116550	0.219136
116600	-0.019864
116650	-0.063036
116700	-0.212566
116750	-0.184243
116800	-0.068512
116850	0.270392
116900	-0.099121
116950	0.018470
117000	0.088379
117050	0.029389
117100	0.070753
117150	0.283050
117200	0.178797
117250	0.100406
117300	0.108431
117350	0.260253
117400	0.158288
117450	0.099240
117500	0.015831
117550	0.096410
117600	0.072989
117650	-0.028971
117700	-0.106476
117750	0.365091
117800	-0.040792
117850	0.039650
117900	0.026716
117950	0.019164
118000	-0.245745
118050	-0.116591
118100	0.030001
118150	-0.061947
118200	0.063707
118250	-0.064108
118300	0.051420
118350	-0.022868
118400	0.007839
118450	0.027279
118500	-0.035806
118550	0.110221
118600	-0.077368
118650	0.002720
118700	0.122134
118750	-0.080941
118800	0.030382
118850	0.150847
118900	-0.123718
118950	0.009129
119000	-0.135287
119050	-0.243542
119100	0.233389
119150	0.018230
119200	0.251407
119250	0.101886
119300	-0.077597
119350	-0.221620
119400	-0.055808
119450	0.107826
119500	-0.121409
119550	0.056216
119600	-0.045196
119650	0.005231
119700	-0.068979
119750	-0.026811
119800	0.274988
119850	0.050745
119900	-0.117936
119950	0.257852
120000	0.118007
120050	0.165484
120100	0.189455
120150	0.119705
120200	-0.265733
120250	0.037247
120300	-0.088733
120350	0.192023
120400	-0.096019
120450	-0.202980
120500	-0.177071
120550	0.035026
120600	0.070938
120650	-0.205760
120700	0.008966
120750	-0.173546
120800	0.096738
120850	-0.066391
120900	0.102655
120950	0.072740
121000	0.168815
121050	0.180833
121100	-0.047184
121150	-0.065281
121200	-0.029769
121250	0.020581
121300	0.076189
121350	-0.124814
121400	0.088523
121450	0.134429
121500	0.033922
121550	0.019406
121600	0.022667
121650	0.098614
121700	0.121396
121750	0.038925
121800	0.044627
121850	0.064946
121900	0.037732
121950	0.021130
122000	0.006108
122050	-0.164468
122100	0.069694
122150	0.188205
122200	-0.072994
122250	0.023262
122300	-0.008756
122350	-0.118513
122400	0.142786
122450	0.073661
122500	-0.048084
122550	0.120722
122600	0.134171
122650	-0.201260
122700	-0.076542
122750	0.045668
122800	-0.012480
122850	0.025561
122900	-0.056842
122950	-0.107518
123000	-0.065371
123050	-0.173840
123100	-0.126838
123150	0.084580
123200	0.296122
123250	0.259426
123300	0.023061
123350	0.263863
123400	0.131467
123450	0.241739
123500	0.017594
123550	0.162857
123600	0.093019
123650	0.317139
123700	0.150433
123750	-0.107341
123800	-0.021295
123850	-0.026952
123900	-0.069935
123950	0.168062
124000	0.071497
124050	0.114320
124100	0.011858
124150	0.055865
124200	-0.137538
124250	-0.182943
124300	-0.052467
124350	0.050546
124400	-0.024762
124450	-0.130383
124500	-0.012080
124550	-0.096267
124600	-0.045797
124650	0.019041
124700	-0.244749
124750	-0.131532
124800	-0.417836
124850	0.007034
124900	0.209064
124950	-0.164642
125000	-0.002702
125050	-0.169279
125100	-0.067525
125150	-0.058550
125200	0.140964
125250	0.005560
125300	-0.023359
125350	-0.098678
125400	0.041480
125450	-0.048419
125500	-0.068403
125550	-0.027560
125600	0.230449
125650	-0.026431
125700	0.032623
125750	-0.142879
125800	0.094157
125850	0.156282
125900	0.274189
125950	0.083856
126000	-0.069916
126050	-0.252587
126100	0.099352
126150	0.154238
126200	-0.008002
126250	0.079469
126300	0.042232
126350	0.031397
126400	-0.115600
126450	-0.138629
126500	-0.071225
126550	0.034330
126600	-0.124196
126650	0.072921
126700	-0.137210
126750	-0.085388
126800	-0.038326
126850	0.123571
126900	-0.068852
126950	0.337871
127000	0.157142
127050	0.217097
127100	0.155766
127150	0.011995
127200	-0.028947
127250	0.020790
127300	-0.088535
127350	0.106808
127400	0.075106
127450	0.293494
127500	0.190213
127550	-0.287549
127600	-0.064583
127650	0.138433
127700	0.118904
127750	0.015225
127800	0.129415
127850	0.138206
127900	-0.013679
127950	-0.286260
128000	-0.054364
128050	-0.183592
128100	-0.189588
128150	-0.178016
128200	-0.140989
128250	-0.068862
128300	0.018761
128350	-0.092639
128400	0.113982
128450	-0.129593
128500	-0.019396
128550	-0.137750
128600	0.027901
128650	0.014669
128700	-0.107843
128750	-0.025682
128800	0.152790
128850	-0.176555
128900	-0.073588
128950	0.013423
129000	-0.268661
129050	-0.014777
129100	0.154016
129150	0.014827
129200	0.081395
129250	0.140553
129300	0.006797
129350	0.089272
129400	-0.097872
129450	-0.182293
129500	0.019527
129550	0.026331
129600	0.063323
129650	-0.197421
129700	0.095924
129750	-0.300274
129800	0.182667
129850	0.292287
129900	0.108866
129950	0.092353
130000	0.157247
130050	0.031954
130100	0.027430
130150	0.156382
130200	0.072468
130250	0.064266
130300	0.030883
130350	-0.196011
130400	-0.196834
130450	-0.052488
130500	-0.075580
130550	-0.166074
130600	-0.220942
130650	-0.019891
130700	0.032991
130750	0.148151
130800	0.006035
130850	-0.061807
130900	-0.041903
130950	-0.063266
131000	0.076018
131050	-0.214392
131100	0.029489
131150	0.126992
131200	0.055930
131250	0.193062
131300	-0.036046
131350	-0.052225
131400	0.104282
131450	-0.095213
131500	-0.071909
131550	0.066038
131600	-0.052820
131650	0.144028
131700	-0.146204
131750	-0.142449
131800	-0.184462
131850	-0.281237
131900	0.012823
131950	-0.134427
132000	0.043235
132050	-0.064461
132100	0.062410
132150	0.005129
132200	-0.173681
132250	-0.104818
132300	-0.205933
132350	0.037601
132400	0.052928
132450	-0.100543
132500	-0.184504
132550	-0.257423
132600	-0.158377
132650	0.027962
132700	-0.205411
132750	-0.232834
132800	-0.162884
132850	-0.090870
132900	0.192044
132950	0.103913
133000	-0.033093
133050	-0.073447
133100	0.035382
133150	-0.081639
133200	-0.025354
133250	0.106455
133300	0.062712
133350	-0.009818
133400	-0.121647
133450	0.051841
133500	-0.241250
133550	-0.206611
133600	-0.153103
133650	0.097127
133700	-0.110358
133750	-0.010665
133800	-0.195640
133850	-0.085508
133900	-0.115728
133950	0.000195
134000	-0.021681
134050	-0.273376
134100	0.111651
134150	-0.064203
134200	-0.110760
134250	0.011453
134300	-0.188534
134350	-0.082971
134400	0.067955
134450	-0.228802
134500	0.051166
134550	0.067029
134600	-0.061115
134650	-0.006217
134700	-0.233512
134750	0.046278
134800	0.078520
134850	0.008699
134900	0.085205
134950	0.038415
135000	0.104655
135050	0.079757
135100	-0.191882
135150	0.001953
135200	0.125641
135250	0.094232
135300	0.047164
135350	-0.129201
135400	-0.182481
135450	-0.064953
135500	0.030539
135550	0.025206
135600	0.196877
135650	0.058376
135700	0.159760
135750	-0.034359
135800	0.003850
135850	-0.015430
135900	0.259737
135950	0.141808
136000	0.025797
136050	0.159303
136100	0.163721
136150	-0.077324
136200	-0.120999
136250	-0.179766
136300	0.052526
136350	0.171097
136400	0.019013
136450	0.223973
136500	0.065619
136550	0.143362
136600	-0.008144
136650	-0.079212
136700	0.029513
136750	0.145981
136800	-0.034182
136850	-0.122273
136900	-0.003441
136950	0.046116
137000	-0.298722
137050	-0.083726
137100	-0.194468
137150	0.246116
137200	0.031388
137250	-0.110095
137300	-0.119685
137350	-0.137420
137400	-0.081420
137450	0.296993
137500	0.082719
137550	0.093851
137600	0.173855
137650	-0.146308
137700	0.105830
137750	0.076205
137800	0.064700
137850	0.006870
137900	0.077706
137950	-0.056717
138000	-0.179877
138050	-0.081621
138100	-0.153921
138150	-0.068596
138200	-0.071418
138250	0.015136
138300	-0.125311
138350	0.123420
138400	0.087959
138450	0.084995
138500	-0.275767
138550	0.076613
138600	0.086709
138650	-0.000830
138700	-0.072751
138750	0.043066
138800	-0.028562
138850	-0.286952
138900	-0.011589
138950	0.080702
139000	0.071109
139050	0.110015
139100	-0.078631
139150	-0.049106
139200	0.010933
139250	-0.115878
139300	-0.188080
139350	0.011121
139400	-0.131464
139450	0.097210
139500	-0.222025
139550	-0.040357
139600	0.135424
139650	-0.141391
139700	-0.056217
139750	-0.119759
139800	-0.159091
139850	-0.127643
139900	0.029883
139950	-0.122105
140000	-0.090654
140050	-0.106950
140100	0.137145
140150	0.071428
140200	0.138877
140250	-0.018916
140300	0.040090
140350	0.150367
140400	0.001961
140450	0.052116
140500	-0.049027
140550	0.232908
140600	0.192967
140650	-0.077698
140700	-0.076477
140750	-0.137846
140800	-0.051669
140850	0.108605
140900	-0.033578
140950	0.043417
141000	0.040960
141050	-0.044789
141100	0.103191
141150	-0.022643
141200	0.060283
141250	-0.052746
141300	-0.060340
141350	-0.087281
141400	0.054558
141450	-0.127872
141500	0.095252
141550	0.144144
141600	0.184616
141650	0.038662
141700	0.070135
141750	0.020334
141800	0.204093
141850	-0.025090
141900	0.117431
141950	0.300798
142000	-0.094310
142050	0.177651
142100	-0.229079
142150	-0.261294
142200	-0.063791
142250	-0.064905
142300	-0.096301
142350	-0.151349
142400	-0.032382
142450	-0.206368
142500	-0.054270
142550	-0.074701
142600	-0.442490
142650	-0.040316
142700	-0.116862
142750	0.074246
142800	0.083870
142850	-0.028690
142900	0.130812
142950	-0.056833
143000	-0.128795
143050	0.096846
143100	0.201894
143150	0.093867
143200	-0.054666
143250	-0.012166
143300	-0.079523
143350	0.096788
143400	-0.057222
143450	-0.088759
143500	0.027993
143550	0.066549
143600	-0.062370
143650	-0.076835
143700	0.016693
143750	0.192122
143800	0.158111
143850	-0.135830
143900	-0.099439
143950	-0.045149
144000	0.247128
144050	0.013418
144100	0.001436
144150	-0.100462
144200	-0.066993
144250	-0.029010
144300	-0.118921
144350	0.042931
144400	0.003068
144450	0.053723
144500	-0.188806
144550	-0.093658
144600	-0.228602
144650	-0.089262
144700	-0.073267
144750	0.169356
144800	-0.024836
144850	0.147120
144900	-0.098677
144950	-0.091928
145000	0.065523
145050	0.070030
145100	-0.019077
145150	0.036587
145200	-0.018557
145250	-0.008820
145300	0.068052
145350	-0.013544
145400	0.028427
145450	-0.051218
145500	-0.109563
145550	0.047578
145600	-0.076885
145650	0.118023
145700	0.032922
145750	-0.046186
145800	-0.099974
145850	0.048447
145900	0.188662
145950	-0.059915
146000	-0.167380
146050	0.351838
146100	0.280641
146150	-0.016206
146200	0.065096
146250	0.140274
146300	0.160352
146350	0.121460
146400	0.014037
146450	0.054736
146500	0.195624
146550	0.086139
146600	0.110016
146650	0.057122
146700	-0.137672
146750	0.005199
146800	0.123383
146850	0.192681
146900	0.140543
146950	0.149869
147000	-0.129407
147050	0.132955
147100	0.181769
147150	0.236350
147200	0.112800
147250	-0.077870
147300	0.081057
147350	0.163245
147400	-0.037806
147450	0.057969
147500	0.057747
147550	0.173282
147600	0.063633
147650	-0.061876
147700	0.040588
147750	-0.032186
147800	-0.184951
147850	-0.016044
147900	-0.043517
147950	0.136654
148000	-0.021659
148050	-0.160178
148100	-0.149124
148150	0.085638
148200	0.010104
148250	-0.111840
148300	0.046206
148350	0.063733
148400	-0.063653
148450	-0.117805
148500	0.000862
148550	0.049444
148600	-0.024789
148650	-0.006566
148700	0.150994
148750	0.038096
148800	0.239905
148850	0.145727
148900	-0.025121
148950	-0.139304
149000	-0.164051
149050	-0.133039
149100	-0.169838
149150	-0.069151
149200	0.146316
149250	0.294747
149300	0.039972
149350	0.157516
149400	0.028474
149450	-0.074027
149500	-0.128798
149550	-0.133100
149600	-0.131310
149650	0.054769
149700	0.193528
149750	0.118466
149800	0.079381
149850	0.069273
149900	0.026733
149950	-0.192426
150000	0.036000
150050	-0.026514
150100	-0.096564
150150	0.092760
150200	0.108103
150250	-0.137125
150300	-0.143459
150350	-0.102895
150400	0.021951
150450	0.021750
150500	-0.106486
150550	-0.025351
150600	-0.096671
150650	-0.174883
150700	-0.339111
150750	-0.175109
150800	-0.034701
150850	0.050283
150900	-0.126418
150950	-0.041577
151000	-0.230049
151050	-0.174660
151100	0.075592
151150	0.188493
151200	-0.221681
151250	-0.036771
151300	0.118350
151350	-0.099874
151400	0.193837
151450	0.012867
151500	0.016550
151550	-0.177216
151600	0.129965
151650	0.093158
151700	-0.175994
151750	0.064055
151800	0.228888
151850	-0.028338
151900	0.106917
151950	0.009925
152000	-0.065045
152050	-0.033158
152100	0.081874
152150	-0.030257
152200	0.104804
152250	0.047124
152300	0.071776
152350	0.087226
152400	0.062795
152450	0.200647
152500	0.061346
152550	0.218615
152600	0.232870
152650	0.249757
152700	-0.008031
152750	0.003402
152800	-0.014871
152850	-0.018863
152900	-0.091046
152950	-0.021822
153000	0.198257
153050	0.167450
153100	0.052553
153150	0.135192
153200	0.001773
153250	0.275245
153300	0.240510
153350	-0.103773
153400	0.135621
153450	-0.062294
153500	-0.126606
153550	0.040630
153600	0.036404
153650	0.066106
153700	0.026903
153750	0.156871
153800	0.140485
153850	0.075284
153900	-0.022733
153950	0.143582
154000	0.018298
154050	-0.029744
154100	-0.071470
154150	-0.097606
154200	-0.013334
154250	0.056388
154300	-0.047828
154350	-0.143227
154400	-0.046940
154450	0.010938
154500	0.035403
154550	0.062375
154600	0.138342
154650	-0.058762
154700	0.111371
154750	0.040024
154800	0.125412
154850	0.321575
154900	-0.005886
154950	-0.025718
155000	0.110486
155050	-0.165226
155100	0.007289
155150	0.047857
155200	0.100902
155250	-0.036561
155300	-0.056811
155350	0.135565
155400	0.057373
155450	0.020501
155500	0.167896
155550	0.323686
155600	0.028188
155650	0.073350
155700	-0.210402
155750	0.022343
155800	0.151914
155850	0.027284
155900	-0.022783
155950	-0.362196
156000	-0.158682
156050	0.166378
156100	0.015744
156150	0.219016
156200	0.120878
156250	-0.097643
156300	0.090300
156350	-0.224093
156400	0.051028
156450	0.257765
156500	-0.032448
156550	0.095263
156600	-0.089813
156650	0.066871
156700	0.137822
156750	-0.101874
156800	-0.043684
156850	-0.014011
156900	-0.063207
156950	-0.188905
157000	-0.124322
157050	-0.108521
157100	-0.009059
157150	-0.070679
157200	0.034577
157250	0.073113
157300	0.032179
157350	-0.195081
157400	0.108383
157450	0.049320
157500	-0.268779
157550	-0.008892
157600	-0.031383
157650	0.264182
157700	0.052289
157750	-0.001352
157800	0.102153
157850	-0.029939
157900	0.034663
157950	-0.095756
158000	-0.005127
158050	0.019199
158100	0.025603
158150	0.059854
158200	0.091027
158250	0.010446
158300	-0.061191
158350	-0.044363
158400	0.082153
158450	0.032969
158500	-0.164199
158550	-0.134437
158600	-0.282968
158650	-0.240872
158700	0.012306
158750	0.012822
158800	-0.052152
158850	-0.058226
158900	0.123090
158950	-0.021212
159000	-0.255239
159050	-0.216934
159100	-0.159656
159150	-0.126627
159200	-0.050619
159250	0.121625
159300	0.122118
159350	-0.249924
159400	-0.025591
159450	-0.148757
159500	0.218010
159550	-0.179404
159600	-0.023911
159650	-0.033833
159700	0.178148
159750	0.124337
159800	-0.142488
159850	0.035953
159900	0.128984
159950	-0.188899
160000	0.097408
160050	0.105371
160100	0.131849
160150	0.145830
160200	-0.044809
160250	0.026273
160300	-0.012512
160350	0.024131
160400	0.038562
160450	0.090232
160500	-0.160392
160550	-0.040639
160600	-0.037936
160650	-0.049467
160700	0.035834
160750	0.016199
160800	0.039655
160850	0.257001
160900	0.058137
160950	-0.157972
161000	0.117509
161050	-0.043357
161100	-0.024832
161150	-0.226713
161200	0.080656
161250	-0.068010
161300	0.122717
161350	0.101251
161400	-0.026105
161450	-0.038456
161500	0.084067
161550	0.063632
161600	-0.008865
161650	-0.077469
161700	-0.278115
161750	-0.047003
161800	-0.026789
161850	-0.239406
161900	-0.029150
161950	0.041178
162000	0.138531
162050	-0.085016
162100	0.114078
162150	0.055594
162200	-0.000825
162250	-0.046777
162300	-0.120799
162350	0.020205
162400	-0.124095
162450	0.073928
162500	0.093645
162550	-0.125925
162600	-0.088425
162650	0.023902
162700	0.104039
162750	-0.049553
162800	-0.070995
162850	-0.150109
162900	0.032721
162950	-0.022743
163000	-0.027738
163050	-0.065322
163100	-0.175192
163150	-0.159735
163200	-0.041179
163250	-0.192674
163300	-0.049936
163350	0.013077
163400	0.118546
163450	0.173673
163500	0.159567
163550	-0.082002
163600	-0.030751
163650	0.153530
163700	0.010281
163750	-0.060328
163800	0.075249
163850	-0.101279
163900	-0.098178
163950	-0.101068
164000	0.007688
164050	-0.119228
164100	-0.113585
164150	-0.107640
164200	-0.116851
164250	-0.005794
164300	0.090024
164350	-0.119363
164400	0.229363
164450	0.019454
164500	0.018310
164550	-0.038040
164600	0.077696
164650	0.019625
164700	0.029250
164750	-0.060422
164800	-0.292318
164850	-0.106431
164900	0.043930
164950	0.163211
165000	-0.248572
165050	-0.096494
165100	-0.033459
165150	-0.081592
165200	-0.012709
165250	0.131307
165300	0.046891
165350	-0.071781
165400	0.060507
165450	-0.032774
165500	-0.012852
165550	-0.067876
165600	0.017528
165650	-0.098701
165700	0.163968
165750	-0.019653
165800	0.103331
165850	0.062424
165900	0.038242
165950	0.090973
166000	0.074381
166050	0.042189
166100	0.194905
166150	0.111731
166200	0.001489
166250	0.032128
166300	0.086608
166350	-0.080339
166400	-0.060011
166450	0.042154
166500	0.135481
166550	0.079941
166600	-0.028415
166650	0.064584
166700	0.017553
166750	0.089553
166800	0.070498
166850	-0.046848
166900	-0.186959
166950	-0.045225
167000	0.172441
167050	0.039292
167100	0.014897
167150	0.017134
167200	-0.144756
167250	0.101748
167300	0.067967
167350	0.185504
167400	-0.218140
167450	-0.017039
167500	-0.045983
167550	0.116592
167600	0.265411
167650	0.063113
167700	0.112672
167750	0.124379
167800	0.067904
167850	0.213165
167900	-0.009012
167950	0.219059
168000	-0.022899
168050	0.174675
168100	-0.089004
168150	-0.054201
168200	-0.099840
168250	0.137929
168300	-0.090657
168350	0.223050
168400	0.008797
168450	-0.062253
168500	-0.165819
168550	-0.139772
168600	0.040369
168650	-0.078841
168700	-0.135494
168750	0.001469
168800	0.108484
168850	0.060660
168900	0.189920
168950	-0.075214
169000	0.080732
169050	0.011729
169100	0.058434
169150	0.077204
169200	0.053494
169250	-0.093361
169300	0.145182
169350	0.012123
169400	0.093766
169450	-0.173601
169500	-0.040479
169550	-0.048101
169600	0.186848
169650	0.001949
169700	-0.000191
169750	-0.071926
169800	0.097094
169850	-0.071448
169900	-0.131048
169950	0.006761
170000	-0.058230
170050	0.124088
170100	0.195405
170150	0.004263
170200	-0.142111
170250	0.008965
170300	-0.099195
170350	0.101546
170400	-0.009900
170450	0.307082
170500	0.268988
170550	0.294855
170600	0.301445
170650	0.007457
170700	0.064812
170750	0.055992
170800	0.011895
170850	0.044247
170900	-0.029437
170950	-0.258947
171000	-0.006376
171050	0.106089
171100	-0.042318
171150	0.127170
171200	0.016463
171250	0.171627
171300	-0.027353
171350	0.101838
171400	0.031887
171450	-0.120992
171500	-0.180744
171550	0.014501
171600	0.157278
171650	0.137506
171700	0.219319
171750	-0.121053
171800	-0.088367
171850	-0.053571
171900	-0.043098
171950	-0.015007
172000	0.096335
172050	-0.299262
172100	-0.052332
172150	0.038228
172200	-0.081094
172250	0.202893
172300	0.058450
172350	0.174692
172400	-0.140262
172450	-0.086611
172500	-0.027520
172550	0.055727
172600	0.024188
172650	0.182059
172700	-0.200157
172750	-0.009347
172800	0.213499
172850	-0.423688
172900	-0.098628
172950	0.034185
173000	0.312769
173050	0.270622
173100	0.189998
173150	-0.118803
173200	-0.064130
173250	-0.030382
173300	0.014166
173350	0.036447
173400	0.037894
173450	0.010386
173500	0.046974
173550	-0.010971
173600	0.046057
173650	-0.005924
173700	0.069515
173750	0.171416
173800	-0.066127
173850	-0.159115
173900	-0.210174
173950	0.000568
174000	0.231196
174050	-0.120714
174100	0.174886
174150	-0.109020
174200	0.088269
174250	0.067953
174300	-0.046133
174350	0.064276
174400	0.119805
174450	0.037446
174500	0.084922
174550	0.158920
174600	0.092569
174650	0.179113
174700	0.133974
174750	-0.217543
174800	0.004556
174850	0.052040
174900	-0.056596
174950	-0.088453
175000	0.136662
175050	0.259771
175100	0.242610
175150	0.134389
175200	0.160437
175250	0.096706
175300	0.136889
175350	0.102352
175400	0.223565
175450	-0.085581
175500	0.161458
175550	-0.140519
175600	-0.041525
175650	-0.090438
175700	-0.162736
175750	-0.094177
175800	0.075526
175850	0.135565
175900	-0.030735
175950	0.006211
176000	-0.065305
176050	-0.017680
176100	0.029411
176150	0.066310
176200	0.090558
176250	0.151931
176300	0.123939
176350	-0.076412
176400	-0.275510
176450	-0.164251
176500	0.028944
176550	-0.225479
176600	-0.086476
176650	-0.113167
176700	0.091399
176750	-0.167892
176800	-0.008661
176850	-0.073875
176900	-0.079663
176950	0.139884
177000	0.095021
177050	0.160285
177100	0.031245
177150	-0.218130
177200	0.202390
177250	-0.038872
177300	0.073441
177350	-0.060546
177400	-0.131691
177450	0.083443
177500	-0.077961
177550	-0.039356
177600	-0.226731
177650	-0.073858
177700	0.028914
177750	0.009842
177800	-0.025075
177850	0.044183
177900	0.070130
177950	0.193121
178000	-0.019159
178050	-0.061798
178100	0.192713
178150	0.032393
178200	-0.026482
178250	-0.160616
178300	0.071425
178350	0.001237
178400	0.038022
178450	0.001014
178500	-0.017849
178550	-0.061273
178600	0.006554
178650	-0.059618
178700	-0.321018
178750	0.199258
178800	0.322297
178850	-0.074028
178900	-0.085268
178950	0.039949
179000	0.080857
179050	-0.121861
179100	-0.043203
179150	-0.065392
179200	0.179418
179250	0.144639
179300	0.040121
179350	0.111030
179400	-0.083703
179450	-0.007081
179500	-0.147497
179550	-0.053809
179600	0.089071
179650	-0.101704
179700	-0.029701
179750	0.036632
179800	-0.122037
179850	0.120683
179900	0.074387
179950	0.150458
180000	-0.009049
180050	-0.033358
180100	0.042048
180150	0.046311
180200	0.018586
180250	-0.082009
180300	-0.203017
180350	-0.151728
180400	-0.030457
180450	-0.132571
180500	-0.115960
180550	0.038055
180600	0.056595
180650	0.169431
180700	-0.018226
180750	0.047755
180800	0.056041
180850	0.037672
180900	0.144521
180950	0.056471
181000	0.011608
181050	-0.161264
181100	-0.308863
181150	-0.098715
181200	-0.154230
181250	-0.192469
181300	-0.070743
181350	0.022698
181400	0.028495
181450	0.116536
181500	0.174102
181550	0.033367
181600	0.169683
181650	0.017240
181700	0.068692
181750	-0.055815
181800	-0.058042
181850	-0.067875
181900	0.095677
181950	-0.061519
182000	-0.043104
182050	-0.187093
182100	-0.151929
182150	-0.006628
182200	-0.077375
182250	-0.025804
182300	0.122673
182350	0.105992
182400	0.118925
182450	-0.052482
182500	-0.000177
182550	-0.040350
182600	-0.064261
182650	0.044345
182700	0.054340
182750	-0.027966
182800	0.137578
182850	-0.058185
182900	-0.010459
182950	-0.108466
183000	-0.010530
183050	0.066686
183100	-0.074108
183150	0.163732
183200	-0.121076
183250	0.029100
183300	0.039734
183350	-0.024300
183400	0.120896
183450	0.231083
183500	0.198225
183550	0.057894
183600	0.137448
183650	-0.012514
183700	-0.041051
183750	0.007913
183800	-0.152034
183850	0.112586
183900	-0.203414
183950	0.055905
184000	-0.055736
184050	0.213827
184100	-0.070707
184150	0.166695
184200	-0.086414
184250	-0.037249
184300	0.104111
184350	-0.043667
184400	-0.007537
184450	0.027153
184500	-0.044502
184550	0.098047
184600	0.132674
184650	-0.020304
184700	0.024515
184750	-0.080284
184800	0.082707
184850	0.051622
184900	0.087309
184950	0.032896
185000	0.048492
185050	-0.122059
185100	-0.020740
185150	0.055972
185200	0.158817
185250	0.371569
185300	-0.092555
185350	0.138264
185400	0.073997
185450	-0.142000
185500	-0.080377
185550	0.008150
185600	0.097915
185650	0.110646
185700	0.007533
185750	0.011628
185800	0.135528
185850	-0.077314
185900	0.038093
185950	0.130833
186000	0.051880
186050	0.058901
186100	0.057329
186150	-0.138920
186200	-0.013055
186250	0.056455
186300	0.030517
186350	0.132412
186400	0.230246
186450	0.021229
186500	0.050689
186550	0.174770
186600	0.211041
186650	0.107403
186700	0.199824
186750	0.102276
186800	0.137089
186850	0.073759
186900	0.120498
186950	0.082893
187000	0.077192
187050	0.247500
187100	0.105888
187150	0.256004
187200	0.099323
187250	0.200168
187300	0.026784
187350	-0.083895
187400	-0.013614
187450	0.033034
187500	-0.013364
187550	-0.133286
187600	0.068777
187650	0.139423
187700	0.094619
187750	0.068971
187800	-0.117820
187850	0.399379
187900	-0.060071
187950	0.083830
188000	0.047724
188050	0.017373
188100	-0.168991
188150	-0.300126
188200	-0.217463
188250	-0.018494
188300	-0.285799
188350	-0.145651
188400	-0.000491
188450	-0.264470
188500	-0.156436
188550	-0.125022
188600	-0.013827
188650	-0.070737
188700	-0.171932
188750	-0.030978
188800	0.020670
188850	0.339987
188900	0.148376
188950	0.162173
189000	0.047060
189050	-0.208770
189100	-0.065541
189150	0.050774
189200	0.292919
189250	0.064938
189300	-0.054287
189350	-0.057448
189400	-0.062238
189450	-0.130743
189500	0.017395
189550	-0.041972
189600	-0.199191
189650	0.026018
189700	-0.139908
189750	0.030385
189800	0.218638
189850	0.034696
189900	-0.092829
189950	0.214588
190000	0.030085
190050	-0.056100
190100	-0.238770
190150	-0.012368
190200	-0.003009
190250	-0.010227
190300	0.013795
190350	-0.199132
190400	0.059584
190450	0.057431
190500	0.093023
190550	0.001639
190600	0.213720
190650	0.035783
190700	-0.093166
190750	0.083179
190800	0.040292
190850	-0.010794
190900	0.038363
190950	0.145404
191000	-0.087783
191050	0.087287
191100	0.242704
191150	-0.066977
191200	0.061484
191250	-0.016678
191300	0.146323
191350	0.136448
191400	0.059875
191450	0.105486
191500	-0.083398
191550	0.155872
191600	0.140288
191650	0.236834
191700	-0.084528
191750	0.053101
191800	0.075759
191850	0.045776
191900	-0.017919
191950	0.075112
192000	-0.036423
192050	-0.059519
192100	0.159331
192150	-0.081108
192200	0.029574
192250	0.135945
192300	0.139643
192350	-0.133755
192400	0.071376
192450	0.022390
192500	-0.289273
192550	0.008161
192600	-0.060857
192650	0.136905
192700	-0.029368
192750	-0.059633
192800	0.040586
192850	0.071904
192900	0.181276
192950	-0.227003
193000	-0.180374
193050	-0.032098
193100	-0.137386
193150	0.091831
193200	0.060790
193250	0.052661
193300	0.071778
193350	0.139407
193400	-0.220315
193450	0.011439
193500	0.060606
193550	0.009061
193600	0.000803
193650	-0.176654
193700	-0.016673
193750	-0.112747
193800	-0.070451
193850	-0.022957
193900	0.084205
193950	-0.145959
194000	-0.065147
194050	-0.167838
194100	-0.229291
194150	-0.114175
194200	-0.176265
194250	-0.074967
194300	-0.133710
194350	0.031637
194400	0.076572
194450	0.121493
194500	0.029470
194550	-0.098632
194600	-0.152021
194650	-0.110840
194700	0.122560
194750	0.063490
194800	0.077637
194850	-0.049733
194900	0.145484
194950	-0.110159
195000	-0.012118
195050	-0.143927
195100	-0.086928
195150	0.130500
195200	0.064719
195250	-0.115194
195300	-0.162729
195350	-0.272908
195400	-0.136452
195450	-0.017538
195500	-0.137622
195550	-0.127927
195600	-0.111284
195650	0.017750
195700	0.156660
195750	0.261899
195800	0.171787
195850	-0.060436
195900	-0.165631
195950	0.120889
196000	-0.176807
196050	-0.169147
196100	0.042645
196150	-0.249716
196200	-0.050045
196250	-0.161607
196300	-0.028573
196350	0.154705
196400	0.076984
196450	0.038761
196500	-0.127222
196550	0.041275
196600	0.005369
196650	-0.117751
196700	-0.317412
196750	-0.155733
196800	-0.214882
196850	0.076625
196900	-0.012403
196950	-0.371229
197000	-0.202537
197050	-0.176899
197100	-0.095374
197150	0.155300
197200	-0.041149
197250	0.029384
197300	0.083041
197350	-0.097761
197400	-0.011826
197450	0.005150
197500	-0.089204
197550	0.127531
197600	0.029075
197650	-0.203532
197700	-0.179316
197750	-0.028292
197800	-0.163141
197850	0.178690
197900	-0.063215
197950	-0.009324
198000	0.114146
198050	0.169084
198100	-0.213139
198150	-0.024439
198200	-0.142903
198250	-0.107917
198300	0.202149
198350	0.204755
198400	0.073873
198450	0.199345
198500	0.166004
198550	-0.214937
198600	-0.008088
198650	-0.242462
198700	0.186136
198750	-0.147635
198800	-0.018437
198850	0.146034
198900	0.020108
198950	0.064404
199000	-0.157787
199050	-0.075237
199100	0.009434
199150	0.000434
199200	0.004910
199250	0.028372
199300	-0.010721
199350	-0.090583
199400	-0.058034
199450	-0.169579
199500	-0.008734
199550	-0.086781
199600	-0.143877
199650	0.027159
199700	0.122085
199750	0.012784
199800	0.050035
199850	-0.055190
199900	0.146144
199950	0.049004
