0	37.675689
50	2.850201
100	0.995211
150	0.607748
200	0.382666
250	0.481970
300	0.136073
350	0.153440
400	0.184502
450	0.062626
500	0.186881
550	0.087817
600	0.089753
650	0.024303
700	0.220310
750	0.246974
800	0.153520
850	0.155159
900	0.116563
950	0.055203
1000	0.145689
1050	-0.002938
1100	-0.009123
1150	0.248838
1200	0.186603
1250	0.136884
1300	0.040730
1350	0.060716
1400	0.157363
1450	-0.042047
1500	-0.190038
1550	-0.074633
1600	-0.135860
1650	-0.106499
1700	0.138945
1750	0.174334
1800	0.046831
1850	-0.000039
1900	-0.141474
1950	-0.031134
2000	0.035966
2050	0.135900
2100	0.163541
2150	0.223127
2200	0.170124
2250	0.114743
2300	0.151675
2350	0.011182
2400	0.100611
2450	0.251927
2500	0.126294
2550	0.011455
2600	0.070063
2650	0.244600
2700	0.232597
2750	-0.001719
2800	0.013128
2850	0.088777
2900	0.063186
2950	-0.082876
3000	-0.017845
3050	-0.039699
3100	0.148427
3150	0.064660
3200	0.139634
3250	0.012811
3300	0.032594
3350	0.040784
3400	-0.000789
3450	0.125911
3500	0.198357
3550	0.041331
3600	0.008807
3650	0.048702
3700	-0.125975
3750	0.046443
3800	-0.240420
3850	-0.048307
3900	-0.020740
3950	0.073494
4000	0.006680
4050	-0.198046
4100	0.193164
4150	-0.138788
4200	-0.082079
4250	0.235826
4300	0.024880
4350	0.039068
4400	-0.020843
4450	0.289060
4500	0.089276
4550	-0.196167
4600	0.018125
4650	0.142941
4700	-0.003200
4750	0.174058
4800	-0.035858
4850	-0.026725
4900	0.069405
4950	-0.100611
5000	-0.024327
5050	0.059428
5100	0.156237
5150	0.213236
5200	-0.079981
5250	0.150373
5300	0.130526
5350	-0.164098
5400	-0.091762
5450	0.038404
5500	0.089932
5550	0.037853
5600	0.124949
5650	-0.066725
5700	-0.016214
5750	0.035080
5800	0.108319
5850	0.106501
5900	0.090041
5950	0.032703
6000	-0.098499
6050	0.020335
6100	-0.137263
6150	0.047836
6200	0.046230
6250	0.121813
6300	0.101824
6350	0.126462
6400	-0.007347
6450	0.046696
6500	-0.108578
6550	-0.023509
6600	-0.039209
6650	0.091209
6700	-0.001233
6750	0.035920
6800	0.164235
6850	0.015783
6900	0.188054
6950	0.057342
7000	-0.090838
7050	-0.180292
7100	-0.039541
7150	0.107920
7200	0.063121
7250	-0.174662
7300	0.053849
7350	0.049130
7400	-0.148732
7450	-0.099824
7500	0.189449
7550	-0.083868
7600	-0.050234
7650	-0.079059
7700	-0.044471
7750	-0.014632
7800	-0.023562
7850	-0.114657
7900	0.103319
7950	0.057530
8000	-0.127638
8050	-0.164293
8100	0.043049
8150	-0.146198
8200	-0.023885
8250	0.050756
8300	0.018405
8350	0.022902
8400	0.096039
8450	0.123462
8500	0.236257
8550	-0.015875
8600	0.141133
8650	0.086564
8700	0.119657
8750	0.057157
8800	-0.154912
8850	0.198678
8900	0.030795
8950	-0.065058
9000	0.086060
9050	-0.096406
9100	0.271663
9150	-0.056606
9200	-0.032957
9250	-0.255830
9300	0.052459
9350	0.071155
9400	0.257710
9450	-0.028340
9500	-0.243338
9550	0.067567
9600	0.041817
9650	0.085360
9700	0.148349
9750	-0.059469
9800	-0.008119
9850	-0.189696
9900	0.034244
9950	-0.079076
10000	0.103044
10050	-0.073297
10100	0.081477
10150	0.045618
10200	-0.000267
10250	-0.031340
10300	0.217466
10350	0.035605
10400	0.044208
10450	0.127582
10500	0.015975
10550	0.095518
10600	0.075333
10650	0.064998
10700	-0.121763
10750	-0.000461
10800	0.159922
10850	0.016610
10900	0.268339
10950	0.220796
11000	0.146571
11050	0.112227
11100	-0.007851
11150	-0.175129
11200	-0.156513
11250	0.045209
11300	0.050267
11350	0.106384
11400	0.167221
11450	-0.090111
11500	-0.054608
11550	-0.045032
11600	0.038120
11650	0.166192
11700	-0.072064
11750	0.148413
11800	0.145554
11850	0.228563
11900	0.028463
11950	0.170827
12000	0.067331
12050	-0.055352
12100	0.149812
12150	0.249598
12200	0.062332
12250	0.172286
12300	-0.029376
12350	-0.097661
12400	0.109655
12450	-0.074940
12500	-0.098505
12550	-0.193555
12600	-0.301869
12650	0.016664
12700	-0.027838
12750	-0.065837
12800	-0.006630
12850	0.257569
12900	0.192528
12950	0.079250
13000	0.203944
13050	0.011533
13100	0.177194
13150	0.123865
13200	-0.077288
13250	-0.005670
13300	0.129537
13350	-0.047808
13400	0.212421
13450	-0.090370
13500	0.036570
13550	-0.298669
13600	-0.026310
13650	0.028981
13700	-0.142971
13750	-0.202369
13800	-0.203356
13850	0.045430
13900	-0.056160
13950	-0.258222
14000	0.049720
14050	0.021073
14100	-0.027210
14150	-0.016830
14200	-0.013081
14250	0.115304
14300	-0.077341
14350	-0.109014
14400	-0.103294
14450	0.154808
14500	-0.059625
14550	-0.033944
14600	0.168034
14650	-0.134457
14700	0.096358
14750	-0.117108
14800	0.019375
14850	0.207016
14900	0.050632
14950	-0.040286
15000	0.046911
15050	-0.023672
15100	0.310547
15150	0.082091
15200	-0.042234
15250	0.004031
15300	-0.140389
15350	0.100104
15400	0.057159
15450	0.001131
15500	0.088891
15550	-0.036976
15600	0.031985
15650	0.034798
15700	-0.209542
15750	-0.236569
15800	-0.208527
15850	-0.248478
15900	-0.102594
15950	-0.064117
16000	0.053983
16050	-0.025619
16100	0.188781
16150	0.117588
16200	-0.033285
16250	-0.356950
16300	-0.065179
16350	0.024948
16400	-0.018453
16450	0.031001
16500	-0.096934
16550	0.112335
16600	0.126013
16650	0.045521
16700	0.036907
16750	0.025879
16800	-0.117289
16850	0.072463
16900	0.099999
16950	0.151714
17000	0.081921
17050	0.057000
17100	-0.019861
17150	0.198616
17200	0.046865
17250	0.126810
17300	0.062596
17350	-0.098185
17400	-0.022718
17450	-0.222241
17500	-0.133693
17550	0.052063
17600	0.215245
17650	0.086429
17700	-0.073747
17750	0.078020
17800	-0.006575
17850	-0.135458
17900	-0.105953
17950	-0.050283
18000	-0.003630
18050	-0.025220
18100	0.086392
18150	-0.079987
18200	-0.116919
18250	-0.094724
18300	-0.023331
18350	-0.058903
18400	-0.044854
18450	-0.166247
18500	-0.014236
18550	0.047977
18600	0.049820
18650	0.022146
18700	0.158859
18750	0.241708
18800	0.011476
18850	0.138222
18900	-0.037703
18950	0.002636
19000	-0.051544
19050	-0.090502
19100	0.097707
19150	-0.090802
19200	-0.055188
19250	-0.034206
19300	0.094657
19350	-0.133261
19400	0.068670
19450	-0.137789
19500	-0.044035
19550	-0.076163
19600	-0.201990
19650	-0.007317
19700	-0.061287
19750	-0.017634
19800	0.139235
19850	0.130798
19900	0.071885
19950	0.087087
20000	-0.007204
20050	-0.264957
20100	-0.021918
20150	0.085675
20200	-0.059393
20250	0.110078
20300	0.081599
20350	0.074637
20400	0.085263
20450	-0.029384
20500	-0.049961
20550	0.042689
20600	-0.185000
20650	0.053475
20700	0.195476
20750	-0.015985
20800	0.039800
20850	-0.165742
20900	0.014264
20950	-0.181942
21000	-0.080957
21050	-0.058227
21100	-0.010467
21150	-0.034494
21200	-0.076937
21250	0.192447
21300	0.074500
21350	0.118315
21400	0.031993
21450	-0.041145
21500	-0.182328
21550	-0.075503
21600	0.064295
21650	0.100574
21700	-0.048283
21750	0.032003
21800	-0.030465
21850	-0.185844
21900	-0.088665
21950	0.068233
22000	-0.195435
22050	-0.047493
22100	0.081352
22150	0.092179
22200	-0.023718
22250	-0.042663
22300	-0.254966
22350	0.002216
22400	0.044983
22450	0.358522
22500	0.134120
22550	0.049109
22600	0.149687
22650	0.058943
22700	0.039908
22750	0.118121
22800	0.012095
22850	-0.049197
22900	-0.064221
22950	0.017893
23000	-0.116708
23050	-0.058662
23100	0.103680
23150	0.006129
23200	-0.078779
23250	0.001862
23300	-0.067305
23350	-0.059857
23400	-0.031829
23450	0.015666
23500	-0.046680
23550	0.002576
23600	-0.011842
23650	-0.004241
23700	0.008118
23750	0.160750
23800	-0.087165
23850	0.072819
23900	0.122203
23950	-0.093442
24000	-0.185990
24050	-0.021027
24100	-0.070458
24150	-0.137280
24200	-0.074540
24250	-0.018480
24300	-0.085169
24350	-0.083369
24400	0.107686
24450	0.040935
24500	0.006337
24550	-0.112706
24600	-0.042152
24650	-0.230923
24700	-0.017505
24750	0.127731
24800	-0.044455
24850	-0.090756
24900	0.080900
24950	0.041564
25000	0.216291
25050	-0.021251
25100	0.096199
25150	-0.116181
25200	0.133563
25250	-0.088117
25300	0.051993
25350	-0.094557
25400	0.063856
25450	0.131516
25500	-0.083539
25550	0.132594
25600	0.031435
25650	0.183293
25700	0.002188
25750	-0.123547
25800	-0.082152
25850	-0.029486
25900	-0.113703
25950	-0.056187
26000	0.097555
26050	-0.059215
26100	-0.057196
26150	0.045616
26200	-0.104502
26250	-0.069792
26300	0.033159
26350	0.139667
26400	0.128903
26450	0.179399
26500	0.113144
26550	-0.117732
26600	0.064109
26650	0.078306
26700	0.106916
26750	0.115477
26800	0.084685
26850	-0.058634
26900	0.110233
26950	-0.025468
27000	0.047049
27050	0.119842
27100	0.150617
27150	-0.181484
27200	0.027052
27250	-0.037102
27300	0.086411
27350	0.119576
27400	0.057061
27450	0.036823
27500	0.040715
27550	0.003808
27600	0.092657
27650	0.013230
27700	-0.041048
27750	0.006988
27800	0.118235
27850	0.093086
27900	-0.052385
27950	-0.190069
28000	-0.316632
28050	0.136164
28100	0.001058
28150	0.022295
28200	0.050982
28250	0.185464
28300	0.027096
28350	-0.041643
28400	0.002169
28450	0.032554
28500	0.015455
28550	-0.159111
28600	-0.101513
28650	-0.028250
28700	-0.056551
28750	-0.052045
28800	0.089517
28850	0.010516
28900	-0.071427
28950	0.220781
29000	0.289858
29050	0.081485
29100	0.142794
29150	-0.005025
29200	0.237198
29250	-0.152424
29300	0.048857
29350	0.140259
29400	0.043260
29450	0.005170
29500	-0.058907
29550	0.348271
29600	-0.050967
29650	-0.155836
29700	-0.251132
29750	0.031876
29800	0.168224
29850	0.021521
29900	0.116796
29950	0.131470
30000	-0.026680
30050	0.099486
30100	-0.134940
30150	0.072439
30200	0.063456
30250	-0.128003
30300	-0.021661
30350	-0.211560
30400	-0.042393
30450	-0.058992
30500	0.074868
30550	0.156785
30600	-0.098277
30650	-0.195590
30700	0.073704
30750	0.017380
30800	0.039631
30850	-0.020496
30900	0.037771
30950	0.152582
31000	-0.074240
31050	0.173086
31100	0.002302
31150	0.028478
31200	0.159662
31250	0.145737
31300	0.109903
31350	-0.023726
31400	0.037273
31450	0.049887
31500	0.017604
31550	0.124577
31600	0.046893
31650	-0.002371
31700	0.323283
31750	0.139703
31800	-0.166564
31850	0.027374
31900	-0.020748
31950	-0.014193
32000	-0.150134
32050	0.146544
32100	0.084162
32150	0.077150
32200	0.071038
32250	-0.094149
32300	0.009572
32350	0.187298
32400	0.031431
32450	-0.116988
32500	0.136022
32550	0.002040
32600	-0.136997
32650	-0.081743
32700	0.092534
32750	-0.035833
32800	-0.049190
32850	-0.032805
32900	-0.252443
32950	-0.112414
33000	-0.033897
33050	-0.159515
33100	-0.141668
33150	0.009665
33200	-0.271636
33250	-0.057954
33300	0.028478
33350	0.104392
33400	0.215141
33450	0.047534
33500	0.314844
33550	0.187989
33600	-0.012355
33650	0.123984
33700	-0.032847
33750	0.203190
33800	0.038248
33850	-0.007857
33900	0.212432
33950	0.024778
34000	0.082714
34050	0.125375
34100	0.094310
34150	0.044681
34200	0.152135
34250	0.154190
34300	0.007015
34350	0.018636
34400	0.115565
34450	-0.046914
34500	0.071494
34550	0.095617
34600	0.153025
34650	0.048303
34700	0.082210
34750	-0.028713
34800	-0.082195
34850	0.100717
34900	0.075989
34950	-0.042401
35000	-0.096708
35050	0.254719
35100	0.021531
35150	0.042298
35200	-0.072094
35250	-0.027865
35300	-0.153169
35350	-0.058600
35400	-0.066172
35450	0.009465
35500	0.019135
35550	0.096835
35600	-0.157804
35650	0.037099
35700	0.026443
35750	-0.214519
35800	0.105821
35850	0.128917
35900	-0.049553
35950	0.180200
36000	0.080333
36050	0.148736
36100	0.228839
36150	0.070496
36200	0.002479
36250	0.216464
36300	0.031914
36350	0.123664
36400	0.113634
36450	-0.134050
36500	-0.020334
36550	-0.000416
36600	0.093382
36650	-0.236792
36700	0.162324
36750	0.232856
36800	0.175757
36850	-0.026388
36900	0.237860
36950	0.190389
37000	-0.062150
37050	0.072639
37100	-0.031219
37150	0.096367
37200	0.138034
37250	0.297766
37300	0.196103
37350	0.198073
37400	0.097189
37450	0.004019
37500	0.230811
37550	0.077403
37600	0.044099
37650	0.134239
37700	-0.107620
37750	-0.128074
37800	0.042583
37850	0.180074
37900	-0.106237
37950	-0.086366
38000	0.027982
38050	-0.044902
38100	-0.171698
38150	-0.079097
38200	-0.023405
38250	-0.008276
38300	0.134406
38350	-0.222701
38400	-0.146034
38450	0.053382
38500	0.121394
38550	0.155356
38600	-0.025892
38650	-0.042520
38700	-0.078053
38750	0.054808
38800	0.037442
38850	0.016776
38900	-0.082623
38950	0.052746
39000	-0.060876
39050	-0.057832
39100	-0.047964
39150	0.036463
39200	0.154973
39250	-0.110469
39300	0.022828
39350	0.057989
39400	0.055990
39450	-0.054575
39500	0.079891
39550	-0.051509
39600	-0.147469
39650	0.030061
39700	-0.125695
39750	-0.115215
39800	0.200297
39850	0.045131
39900	0.209014
39950	-0.027180
40000	-0.035133
40050	0.208356
40100	0.040228
40150	-0.067556
40200	-0.120729
40250	0.032969
40300	0.024147
40350	-0.035238
40400	-0.042428
40450	0.054363
40500	0.140628
40550	-0.182272
40600	0.166970
40650	0.193186
40700	0.046200
40750	-0.173431
40800	-0.044593
40850	0.019998
40900	0.004119
40950	-0.063193
41000	-0.076358
41050	0.022544
41100	-0.104181
41150	-0.131903
41200	-0.057939
41250	-0.124295
41300	-0.266097
41350	-0.288047
41400	-0.160517
41450	0.115713
41500	0.114179
41550	0.007273
41600	-0.182137
41650	-0.144189
41700	-0.164466
41750	-0.049378
41800	0.158109
41850	0.052673
41900	0.091573
41950	0.128996
42000	0.089158
42050	0.129314
42100	-0.035929
42150	0.019338
42200	0.044486
42250	-0.160784
42300	-0.246811
42350	-0.002215
42400	-0.174878
42450	0.137846
42500	0.018747
42550	0.100985
42600	0.223679
42650	0.050188
42700	0.133580
42750	0.205188
42800	0.159337
42850	0.118987
42900	-0.091848
42950	0.084323
43000	-0.019150
43050	0.136886
43100	-0.013983
43150	-0.004356
43200	0.038861
43250	0.042517
43300	0.110488
43350	0.057595
43400	-0.009490
43450	-0.201009
43500	0.063173
43550	-0.049245
43600	0.027785
43650	0.055441
43700	0.018629
43750	0.031560
43800	0.034524
43850	0.169547
43900	-0.077171
43950	-0.122079
44000	0.147793
44050	-0.023749
44100	0.167220
44150	-0.022983
44200	0.100887
44250	0.056230
44300	0.120843
44350	0.050541
44400	-0.111365
44450	-0.166585
44500	-0.028888
44550	0.157488
44600	0.040847
44650	-0.156529
44700	-0.034505
44750	0.055533
44800	0.030021
44850	-0.041413
44900	-0.084068
44950	0.080520
45000	-0.006118
45050	-0.056257
45100	0.149211
45150	-0.004084
45200	-0.055167
45250	-0.187532
45300	-0.141993
45350	0.029975
45400	-0.010267
45450	-0.048882
45500	-0.134319
45550	0.025963
45600	-0.079524
45650	0.125439
45700	-0.065236
45750	0.119173
45800	0.149623
45850	-0.001447
45900	-0.015921
45950	0.146538
46000	-0.018878
46050	0.064107
46100	-0.097770
46150	0.038794
46200	0.059272
46250	0.089130
46300	-0.103398
46350	0.013184
46400	0.001082
46450	-0.085030
46500	-0.159491
46550	-0.115902
46600	0.024728
46650	-0.124862
46700	0.091186
46750	-0.027896
46800	0.023637
46850	0.184676
46900	-0.024773
46950	-0.063135
47000	-0.132273
47050	0.010124
47100	-0.093280
47150	-0.186817
47200	-0.123919
47250	-0.147571
47300	-0.176542
47350	-0.101600
47400	0.085807
47450	-0.011433
47500	0.272975
47550	0.057046
47600	0.042123
47650	0.133165
47700	0.101662
47750	-0.079407
47800	0.040667
47850	-0.030385
47900	0.150553
47950	0.131490
48000	-0.037154
48050	0.013631
48100	-0.092668
48150	-0.111121
48200	-0.061207
48250	0.027546
48300	0.048456
48350	0.019864
48400	0.073177
48450	0.158319
48500	0.054928
48550	0.014694
48600	0.128695
48650	0.134846
48700	-0.074873
48750	0.016793
48800	-0.072021
48850	0.054280
48900	0.102096
48950	0.012877
49000	0.101438
49050	0.025552
49100	0.025683
49150	-0.011169
49200	0.101095
49250	0.162976
49300	0.116767
49350	0.075080
49400	0.013459
49450	0.084033
49500	-0.008060
49550	0.114673
49600	-0.197691
49650	-0.040386
49700	-0.007436
49750	0.058695
49800	-0.114209
49850	-0.019830
49900	-0.078485
49950	-0.026766
50000	0.117865
50050	0.020886
50100	-0.184275
50150	-0.048620
50200	-0.105577
50250	-0.032786
50300	-0.094175
50350	0.032285
50400	0.030339
50450	0.165767
50500	0.193785
50550	0.107194
50600	0.018443
50650	-0.004904
50700	0.223780
50750	-0.024494
50800	0.005885
50850	0.141076
50900	-0.113607
50950	-0.164778
51000	0.016225
51050	0.137085
51100	-0.159548
51150	-0.029126
51200	0.178004
51250	0.096817
51300	0.098431
51350	0.164953
51400	0.113658
51450	-0.199676
51500	-0.005560
51550	0.081581
51600	-0.138045
51650	-0.105123
51700	-0.135705
51750	0.093712
51800	-0.047643
51850	0.012335
51900	0.052344
51950	-0.186453
52000	-0.165032
52050	-0.007653
52100	-0.043531
52150	0.113570
52200	0.019543
52250	0.097534
52300	-0.048822
52350	-0.032746
52400	-0.323129
52450	-0.152361
52500	0.048497
52550	0.012341
52600	-0.009428
52650	-0.223088
52700	0.011643
52750	-0.026997
52800	-0.018804
52850	0.080115
52900	0.039969
52950	0.019093
53000	-0.076174
53050	0.082245
53100	-0.106363
53150	0.008213
53200	-0.058480
53250	-0.000433
53300	-0.025198
53350	-0.136218
53400	-0.083833
53450	-0.020074
53500	-0.152373
53550	-0.146649
53600	-0.150896
53650	-0.070904
53700	-0.042757
53750	-0.108296
53800	0.092116
53850	0.061364
53900	0.026819
53950	0.036262
54000	0.195792
54050	-0.003897
54100	0.024491
54150	0.086813
54200	-0.038332
54250	-0.158479
54300	0.086580
54350	-0.061398
54400	0.094225
54450	-0.211759
54500	-0.208895
54550	-0.267147
54600	-0.125553
54650	-0.011138
54700	-0.112816
54750	0.034745
54800	-0.003461
54850	0.172001
54900	0.034177
54950	-0.012967
55000	0.123073
55050	-0.007564
55100	-0.035456
55150	0.107086
55200	0.005299
55250	-0.110214
55300	0.037230
55350	-0.074610
55400	0.135073
55450	-0.014729
55500	-0.046389
55550	-0.234707
55600	-0.114579
55650	0.006993
55700	-0.321061
55750	-0.087558
55800	-0.174907
55850	-0.161978
55900	-0.149612
55950	-0.149962
56000	-0.096735
56050	-0.196648
56100	0.113451
56150	-0.019751
56200	0.013221
56250	0.194216
56300	0.006162
56350	0.080967
56400	-0.358895
56450	0.076562
56500	0.083216
56550	-0.003948
56600	0.127026
56650	-0.121429
56700	-0.025701
56750	-0.183227
56800	-0.102378
56850	0.007736
56900	0.165614
56950	0.035778
57000	-0.034483
57050	0.051572
57100	0.056741
57150	-0.040641
57200	0.017917
57250	-0.106984
57300	0.133870
57350	0.078351
57400	0.146429
57450	-0.013938
57500	0.020959
57550	-0.017352
57600	0.171779
57650	0.058291
57700	0.124836
57750	-0.135533
57800	-0.175814
57850	-0.022611
57900	0.012379
57950	0.102294
58000	0.112211
58050	-0.063909
58100	-0.017363
58150	-0.013923
58200	0.030540
58250	-0.080021
58300	0.039034
58350	-0.041292
58400	0.205295
58450	-0.054157
58500	0.086418
58550	-0.051772
58600	-0.140221
58650	-0.052739
58700	-0.027242
58750	0.166203
58800	0.110647
58850	0.166112
58900	0.063394
58950	0.037837
59000	0.060734
59050	-0.177086
59100	-0.232331
59150	0.059640
59200	-0.002735
59250	0.119220
59300	0.062399
59350	0.013706
59400	-0.060394
59450	-0.173319
59500	-0.076374
59550	0.039872
59600	-0.195537
59650	-0.028351
59700	0.068444
59750	-0.166773
59800	-0.142931
59850	-0.047184
59900	-0.187569
59950	-0.194131
60000	-0.066095
60050	0.080344
60100	-0.113887
60150	-0.203822
60200	-0.074702
60250	-0.226395
60300	-0.165076
60350	-0.016872
60400	-0.163911
60450	-0.094473
60500	0.008426
60550	0.114519
60600	-0.083217
60650	-0.005480
60700	-0.049623
60750	-0.107209
60800	0.067437
60850	0.056767
60900	0.066443
60950	0.246848
61000	0.178289
61050	-0.192527
61100	0.009606
61150	-0.009448
61200	-0.177635
61250	-0.030653
61300	0.267112
61350	0.311609
61400	0.048754
61450	-0.003498
61500	-0.047797
61550	-0.021644
61600	-0.173851
61650	0.011086
61700	-0.072390
61750	-0.050161
61800	-0.013456
61850	-0.312786
61900	0.211538
61950	0.066983
62000	-0.125657
62050	-0.078429
62100	-0.001843
62150	-0.087155
62200	0.000759
62250	0.129060
62300	0.143450
62350	0.126654
62400	0.044798
62450	0.067388
62500	0.113839
62550	0.002646
62600	-0.086153
62650	0.126781
62700	0.035454
62750	-0.012735
62800	-0.068259
62850	-0.068770
62900	0.026233
62950	0.001112
63000	-0.010713
63050	0.072702
63100	-0.130999
63150	0.155914
63200	-0.059043
63250	-0.182251
63300	0.011908
63350	0.043714
63400	0.103672
63450	0.080138
63500	0.128268
63550	-0.133908
63600	-0.099039
63650	0.040033
63700	-0.041008
63750	0.125368
63800	0.177841
63850	0.040765
63900	0.087810
63950	-0.051162
64000	0.021133
64050	0.030899
64100	0.013296
64150	-0.003320
64200	-0.096141
64250	-0.089051
64300	-0.119144
64350	0.015798
64400	0.080704
64450	0.060880
64500	0.060178
64550	-0.033786
64600	0.055266
64650	-0.073945
64700	-0.029049
64750	-0.273241
64800	0.036675
64850	0.110519
64900	-0.024245
64950	0.079237
65000	-0.049004
65050	-0.058800
65100	0.017345
65150	0.224177
65200	-0.124921
65250	-0.092509
65300	-0.026744
65350	0.022516
65400	-0.051106
65450	-0.103640
65500	-0.097948
65550	-0.077496
65600	0.162656
65650	-0.082510
65700	-0.055845
65750	0.092946
65800	0.031697
65850	-0.051764
65900	0.307041
65950	0.103442
66000	-0.025107
66050	-0.025454
66100	-0.030390
66150	0.059271
66200	-0.039717
66250	-0.073537
66300	-0.115300
66350	0.131860
66400	0.011203
66450	-0.054359
66500	0.088586
66550	-0.157627
66600	-0.017986
66650	-0.161799
66700	0.047715
66750	-0.007593
66800	0.102820
66850	-0.007236
66900	0.111591
66950	0.058453
67000	0.077864
67050	-0.012608
67100	-0.236575
67150	0.084593
67200	0.005944
67250	-0.076454
67300	0.074906
67350	0.097911
67400	0.195704
67450	-0.114015
67500	-0.000813
67550	-0.028502
67600	0.192652
67650	-0.017128
67700	-0.146468
67750	-0.114504
67800	0.068790
67850	0.075383
67900	0.037245
67950	-0.060152
68000	0.092979
68050	-0.046926
68100	0.115650
68150	0.186360
68200	0.103462
68250	-0.119181
68300	0.020351
68350	-0.010095
68400	-0.003156
68450	-0.006531
68500	-0.008024
68550	0.021931
68600	0.012116
68650	-0.028445
68700	0.096531
68750	-0.097315
68800	-0.013907
68850	0.190473
68900	-0.471712
68950	-0.128422
69000	0.138770
69050	-0.024930
69100	-0.223687
69150	-0.054434
69200	-0.143863
69250	-0.086554
69300	-0.101931
69350	-0.001774
69400	-0.021472
69450	-0.099223
69500	-0.221677
69550	0.120518
69600	0.150957
69650	0.212553
69700	-0.153812
69750	0.076318
69800	-0.151054
69850	0.009685
69900	0.058033
69950	-0.115923
70000	0.072918
70050	-0.005878
70100	0.076750
70150	0.121400
70200	0.083987
70250	0.117120
70300	-0.026737
70350	0.266371
70400	0.001096
70450	0.019945
70500	0.115192
70550	0.136124
70600	-0.010493
70650	0.025479
70700	0.189506
70750	0.024404
70800	0.069435
70850	-0.009214
70900	-0.046328
70950	-0.036799
71000	-0.038434
71050	-0.040918
71100	0.089932
71150	0.091440
71200	0.045564
71250	0.114335
71300	-0.139084
71350	0.125860
71400	-0.094455
71450	-0.046133
71500	-0.027971
71550	0.211918
71600	-0.011718
71650	-0.135689
71700	-0.059787
71750	-0.135142
71800	0.066920
71850	0.123164
71900	-0.008201
71950	-0.238518
72000	0.070957
72050	0.295966
72100	0.206410
72150	-0.075557
72200	-0.260243
72250	-0.115373
72300	0.033403
72350	-0.019214
72400	0.000954
72450	-0.039519
72500	0.037768
72550	0.017168
72600	0.102175
72650	0.027114
72700	0.047204
72750	0.036539
72800	-0.017689
72850	0.059791
72900	0.014604
72950	-0.015138
73000	-0.009528
73050	-0.007517
73100	0.174600
73150	-0.088517
73200	-0.039701
73250	-0.043109
73300	0.124152
73350	-0.024078
73400	-0.045133
73450	-0.090294
73500	-0.042404
73550	0.013461
73600	-0.020546
73650	0.007515
73700	-0.085030
73750	0.068109
73800	0.039265
73850	0.042958
73900	-0.212852
73950	0.139475
74000	-0.145637
74050	-0.157899
74100	-0.245838
74150	-0.015080
74200	0.114124
74250	0.144624
74300	-0.055964
74350	-0.061099
74400	-0.079158
74450	-0.025716
74500	-0.023415
74550	-0.167799
74600	-0.160714
74650	-0.115757
74700	-0.041571
74750	-0.097538
74800	-0.160473
74850	0.087899
74900	-0.101989
74950	-0.064930
75000	-0.142883
75050	-0.463815
75100	-0.141471
75150	-0.040494
75200	0.031553
75250	-0.047666
75300	0.108848
75350	0.019962
75400	0.014251
75450	0.088171
75500	0.007594
75550	0.008038
75600	-0.046445
75650	-0.239147
75700	0.044159
75750	0.035842
75800	-0.003954
75850	0.227786
75900	-0.083100
75950	-0.008391
76000	-0.012880
76050	0.089033
76100	-0.006232
76150	-0.124737
76200	-0.058869
76250	-0.075949
76300	-0.052409
76350	-0.019966
76400	0.008163
76450	-0.042287
76500	0.043797
76550	0.121194
76600	0.052975
76650	0.119951
76700	0.295478
76750	0.014125
76800	-0.036605
76850	-0.183012
76900	-0.038455
76950	0.016801
77000	0.074811
77050	0.132741
77100	0.152243
77150	0.016019
77200	-0.016369
77250	-0.139698
77300	0.054137
77350	0.016652
77400	0.048130
77450	0.003687
77500	-0.253815
77550	-0.097238
77600	-0.260331
77650	-0.078553
77700	0.094421
77750	-0.171325
77800	-0.098330
77850	0.204017
77900	0.314254
77950	0.125836
78000	-0.151638
78050	-0.001868
78100	0.015073
78150	-0.010403
78200	0.143267
78250	0.302961
78300	-0.159400
78350	0.089723
78400	0.017164
78450	0.078346
78500	0.049814
78550	0.038871
78600	-0.104150
78650	0.112956
78700	0.195236
78750	0.346594
78800	0.061716
78850	0.003653
78900	-0.041430
78950	-0.050584
79000	-0.055814
79050	-0.064593
79100	-0.041359
79150	-0.056109
79200	0.086823
79250	-0.040393
79300	-0.020376
79350	-0.095339
79400	-0.137227
79450	-0.175878
79500	-0.182443
79550	-0.065635
79600	0.063603
79650	-0.126572
79700	0.109331
79750	0.057009
79800	-0.239124
79850	-0.014122
79900	0.070074
79950	0.035306
80000	0.102482
80050	0.194088
80100	0.109767
80150	-0.077822
80200	0.087494
80250	0.174775
80300	0.130528
80350	0.042373
80400	-0.052420
80450	0.059088
80500	0.178242
80550	0.032258
80600	-0.013437
80650	0.047926
80700	-0.080456
80750	0.027799
80800	0.106479
80850	-0.159395
80900	-0.004817
80950	-0.012181
81000	0.002800
81050	0.094433
81100	0.184131
81150	-0.137989
81200	0.046250
81250	0.020294
81300	-0.050842
81350	-0.106749
81400	0.107852
81450	0.044896
81500	0.019680
81550	0.131760
81600	-0.145987
81650	-0.073215
81700	0.186811
81750	-0.032664
81800	0.141137
81850	0.180694
81900	-0.048306
81950	-0.007007
82000	0.117422
82050	-0.054882
82100	0.021969
82150	0.055894
82200	0.010264
82250	-0.016996
82300	0.036204
82350	0.006017
82400	-0.024960
82450	0.083394
82500	-0.102428
82550	0.037050
82600	0.066110
82650	0.041445
82700	0.039144
82750	0.066685
82800	0.045652
82850	-0.033026
82900	0.046998
82950	0.039517
83000	-0.007129
83050	0.150580
83100	-0.048429
83150	-0.029824
83200	-0.038867
83250	-0.063028
83300	0.126942
83350	0.014295
83400	0.087338
83450	0.088962
83500	0.048955
83550	0.224123
83600	-0.116195
83650	0.063382
83700	-0.046233
83750	-0.068641
83800	-0.124864
83850	0.013140
83900	-0.102309
83950	0.069425
84000	-0.107617
84050	0.173157
84100	-0.222305
84150	0.013996
84200	-0.036779
84250	-0.039905
84300	-0.002983
84350	-0.054625
84400	0.002338
84450	0.031949
84500	0.121913
84550	-0.037129
84600	0.071460
84650	0.032154
84700	0.050303
84750	-0.038389
84800	-0.153136
84850	0.002010
84900	-0.138506
84950	-0.177995
85000	-0.079971
85050	0.018890
85100	-0.336882
85150	-0.192817
85200	-0.049287
85250	0.080979
85300	-0.016346
85350	-0.022964
85400	0.030903
85450	-0.074156
85500	-0.300956
85550	-0.037021
85600	-0.108420
85650	0.059684
85700	-0.173803
85750	-0.124756
85800	0.029603
85850	0.203268
85900	0.027415
85950	0.168039
86000	0.045899
86050	-0.052321
86100	-0.045543
86150	-0.100646
86200	-0.145793
86250	-0.034372
86300	0.113480
86350	-0.019032
86400	0.058665
86450	-0.088009
86500	-0.028380
86550	0.171863
86600	0.229941
86650	0.040129
86700	0.151994
86750	0.114059
86800	0.085420
86850	0.049889
86900	-0.056813
86950	-0.112050
87000	-0.009246
87050	-0.033230
87100	0.084526
87150	-0.050503
87200	0.041072
87250	-0.075524
87300	-0.098464
87350	-0.059411
87400	-0.193601
87450	0.185785
87500	0.069401
87550	0.061533
87600	-0.007445
87650	0.044915
87700	0.046574
87750	0.245286
87800	0.063579
87850	0.080754
87900	-0.071767
87950	0.011365
88000	-0.019638
88050	0.063765
88100	0.155132
88150	-0.035591
88200	0.043362
88250	-0.193008
88300	0.005148
88350	0.034848
88400	0.088616
88450	-0.120355
88500	-0.076948
88550	0.012206
88600	-0.076125
88650	-0.014442
88700	0.054034
88750	0.087740
88800	0.083888
88850	-0.040533
88900	0.163898
88950	0.183546
89000	-0.043741
89050	0.059175
89100	-0.099714
89150	-0.011610
89200	0.138349
89250	-0.047401
89300	-0.037630
89350	-0.231804
89400	-0.091712
89450	-0.123599
89500	-0.008264
89550	-0.253005
89600	0.003379
89650	0.149796
89700	-0.089771
89750	0.048729
89800	0.144057
89850	-0.020251
89900	-0.015628
89950	0.192813
90000	0.002372
90050	0.118858
90100	0.073340
90150	-0.045008
90200	-0.108339
90250	-0.158786
90300	-0.013629
90350	0.140528
90400	0.118965
90450	0.171604
90500	-0.026019
90550	-0.164681
90600	-0.075208
90650	-0.072777
90700	0.026930
90750	0.136301
90800	0.050314
90850	0.059052
90900	0.085353
90950	0.079695
91000	0.034881
91050	-0.054435
91100	-0.056802
91150	-0.006030
91200	0.116505
91250	-0.176689
91300	-0.115463
91350	-0.138454
91400	-0.089822
91450	-0.188914
91500	-0.116356
91550	-0.152449
91600	-0.184346
91650	-0.234235
91700	0.063009
91750	0.045183
91800	-0.134446
91850	-0.128231
91900	-0.089213
91950	-0.142733
92000	-0.005450
92050	0.047440
92100	0.086868
92150	0.162116
92200	-0.138645
92250	-0.026427
92300	-0.141622
92350	-0.044438
92400	0.127646
92450	-0.000765
92500	0.038008
92550	0.115232
92600	-0.027178
92650	-0.131349
92700	0.282392
92750	0.328502
92800	0.156458
92850	0.228907
92900	0.061023
92950	0.216192
93000	0.043127
93050	0.011403
93100	0.138865
93150	0.091861
93200	-0.112632
93250	0.038929
93300	0.147397
93350	-0.052384
93400	0.149158
93450	0.107335
93500	-0.023454
93550	0.087800
93600	0.081006
93650	0.236295
93700	-0.138826
93750	-0.166077
93800	-0.008149
93850	-0.148019
93900	-0.064919
93950	0.029940
94000	-0.079725
94050	0.103512
94100	-0.155623
94150	-0.079082
94200	0.061315
94250	0.053363
94300	0.150439
94350	-0.063699
94400	-0.100020
94450	-0.167319
94500	0.015338
94550	0.083699
94600	-0.064981
94650	-0.103176
94700	-0.145679
94750	-0.111759
94800	0.003616
94850	0.008182
94900	-0.104306
94950	-0.008629
95000	0.024675
95050	-0.095963
95100	0.271732
95150	0.128896
95200	0.126519
95250	-0.176962
95300	0.068971
95350	0.006579
95400	0.121501
95450	0.190532
95500	0.062871
95550	-0.031101
95600	0.109113
95650	0.073774
95700	0.054946
95750	0.112744
95800	-0.065299
95850	0.072142
95900	0.094566
95950	-0.099926
96000	0.072999
96050	-0.058469
96100	-0.279524
96150	-0.077116
96200	0.081264
96250	0.041067
96300	0.013028
96350	-0.123484
96400	-0.029480
96450	-0.088356
96500	-0.154041
96550	-0.216645
96600	0.070861
96650	0.059338
96700	0.043112
96750	-0.086414
96800	0.045731
96850	0.230749
96900	0.016791
96950	0.045433
97000	-0.050341
97050	0.119795
97100	-0.075694
97150	-0.175239
97200	0.043091
97250	-0.005956
97300	-0.140018
97350	-0.024614
97400	-0.005328
97450	0.075814
97500	-0.016150
97550	-0.072826
97600	0.055986
97650	0.230468
97700	0.299259
97750	-0.134135
97800	-0.072313
97850	-0.113336
97900	0.257870
97950	0.052653
98000	0.065796
98050	0.155441
98100	-0.072153
98150	0.060611
98200	-0.098559
98250	-0.085756
98300	0.093449
98350	0.040255
98400	-0.024416
98450	0.041751
98500	-0.183733
98550	-0.070475
98600	0.046343
98650	0.075196
98700	-0.092009
98750	0.152947
98800	0.002766
98850	-0.257157
98900	-0.016940
98950	0.163470
99000	-0.023012
99050	0.102360
99100	0.032755
99150	0.232115
99200	0.015015
99250	0.001202
99300	0.104296
99350	0.254205
99400	0.007934
99450	0.087591
99500	0.171861
99550	0.104386
99600	-0.069587
99650	0.031480
99700	-0.075089
99750	0.005364
99800	-0.078918
99850	0.134131
99900	0.123048
99950	0.048173
100000	-0.165430
100050	-0.140661
100100	-0.028901
100150	0.002892
100200	0.051159
100250	-0.046192
100300	-0.038326
100350	-0.033498
100400	-0.097959
100450	-0.192535
100500	-0.081275
100550	0.118115
100600	0.160784
100650	-0.016631
100700	0.015163
100750	0.092104
100800	0.064308
100850	-0.266799
100900	0.001099
100950	-0.131897
101000	0.145231
101050	0.120354
101100	0.018072
101150	0.051819
101200	-0.168333
101250	-0.048474
101300	-0.004056
101350	-0.164854
101400	0.066643
101450	0.077959
101500	-0.030855
101550	-0.022425
101600	-0.012619
101650	-0.063582
101700	0.073275
101750	-0.028556
101800	0.118198
101850	0.027635
101900	-0.047134
101950	-0.043158
102000	-0.244907
102050	0.146891
102100	-0.072234
102150	-0.084124
102200	0.008851
102250	0.056419
102300	0.004181
102350	0.031659
102400	0.068225
102450	0.092518
102500	-0.177546
102550	-0.013815
102600	0.101381
102650	0.070358
102700	-0.035871
102750	-0.027104
102800	0.014008
102850	-0.066527
102900	-0.055943
102950	0.126213
103000	-0.048450
103050	-0.112384
103100	0.068017
103150	0.068793
103200	-0.064365
103250	-0.124941
103300	0.089338
103350	-0.086346
103400	0.160687
103450	0.079767
103500	-0.114834
103550	-0.056085
103600	0.013024
103650	0.139276
103700	0.072864
103750	-0.222695
103800	-0.062729
103850	-0.134556
103900	-0.021296
103950	-0.101258
104000	-0.155865
104050	0.051780
104100	0.119058
104150	-0.083280
104200	-0.087925
104250	-0.019963
104300	0.099575
104350	0.205804
104400	0.158447
104450	-0.099462
104500	0.066561
104550	-0.131100
104600	-0.124062
104650	-0.227698
104700	-0.045987
104750	0.024042
104800	-0.044325
104850	-0.105162
104900	0.107081
104950	0.082602
105000	0.012313
105050	-0.050785
105100	-0.168695
105150	-0.010908
105200	0.057203
105250	0.153488
105300	-0.004504
105350	-0.020738
105400	0.164936
105450	0.002642
105500	-0.017846
105550	0.150301
105600	-0.104857
105650	0.071004
105700	-0.034785
105750	0.032945
105800	0.099873
105850	-0.292850
105900	-0.069898
105950	0.172618
106000	-0.046358
106050	-0.030563
106100	0.041242
106150	0.065766
106200	0.121564
106250	-0.178264
106300	-0.051109
106350	-0.046113
106400	0.101330
106450	0.014599
106500	-0.010721
106550	0.068912
106600	0.003985
106650	-0.082099
106700	0.030337
106750	0.055939
106800	-0.008568
106850	-0.022927
106900	0.043023
106950	0.128136
107000	0.058999
107050	-0.041399
107100	-0.142082
107150	0.139619
107200	-0.111888
107250	0.080025
107300	0.120014
107350	-0.120530
107400	-0.121831
107450	-0.155970
107500	-0.088620
107550	0.039939
107600	0.046223
107650	-0.176436
107700	0.110723
107750	0.086354
107800	0.281763
107850	0.174964
107900	0.030554
107950	0.170179
108000	0.028955
108050	0.079021
108100	-0.066779
108150	-0.043149
108200	-0.183506
108250	-0.032662
108300	-0.195565
108350	-0.109066
108400	0.061560
108450	-0.082985
108500	0.007552
108550	-0.150527
108600	-0.055378
108650	0.110822
108700	-0.002441
108750	-0.040334
108800	-0.027411
108850	-0.132757
108900	0.177107
108950	-0.049646
109000	0.164090
109050	-0.000031
109100	0.060005
109150	0.056595
109200	-0.080405
109250	-0.084812
109300	-0.134423
109350	-0.146731
109400	0.026191
109450	-0.102710
109500	-0.037938
109550	0.055081
109600	0.026628
109650	-0.071543
109700	0.090640
109750	-0.226246
109800	0.011799
109850	0.001581
109900	0.077130
109950	-0.033425
110000	0.121044
110050	0.048908
110100	0.001143
110150	-0.016572
110200	0.228016
110250	-0.024011
110300	0.130895
110350	-0.037115
110400	-0.022950
110450	0.119192
110500	0.162443
110550	-0.158472
110600	-0.016829
110650	-0.086209
110700	0.049133
110750	0.074094
110800	0.060154
110850	0.151096
110900	0.000681
110950	-0.081306
111000	-0.014910
111050	0.116132
111100	0.072881
111150	-0.063393
111200	0.187507
111250	-0.019318
111300	-0.210045
111350	0.183664
111400	0.181766
111450	0.311949
111500	0.076972
111550	0.093395
111600	-0.053840
111650	-0.061277
111700	-0.069090
111750	-0.036106
111800	-0.032139
111850	-0.271597
111900	0.006021
111950	-0.038826
112000	-0.023282
112050	-0.039065
112100	-0.139296
112150	0.052431
112200	0.067471
112250	0.020678
112300	-0.118340
112350	0.115003
112400	0.121032
112450	0.113120
112500	0.017477
112550	-0.135303
112600	-0.082439
112650	-0.089331
112700	-0.303717
112750	-0.054063
112800	-0.211662
112850	-0.129579
112900	0.033652
112950	0.073896
113000	0.138229
113050	0.044213
113100	-0.022798
113150	0.219187
113200	0.014461
113250	-0.014918
113300	0.139672
113350	-0.179657
113400	0.024505
113450	0.050574
113500	0.166231
113550	-0.064470
113600	-0.122365
113650	0.066311
113700	0.017737
113750	-0.049831
113800	0.015770
113850	-0.253294
113900	-0.136068
113950	0.220503
114000	-0.081326
114050	-0.157280
114100	0.068036
114150	-0.185923
114200	0.023741
114250	0.151503
114300	0.096585
114350	0.063106
114400	-0.033442
114450	-0.095390
114500	-0.012930
114550	-0.001713
114600	-0.095953
114650	-0.204738
114700	-0.219760
114750	-0.252545
114800	0.060818
114850	0.042036
114900	0.063336
114950	-0.014717
115000	-0.111298
115050	-0.205840
115100	-0.025180
115150	-0.094014
115200	-0.147041
115250	0.034850
115300	0.071942
115350	-0.205068
115400	-0.035615
115450	-0.046443
115500	-0.125880
115550	-0.194576
115600	0.181436
115650	0.165896
115700	0.155371
115750	-0.007883
115800	0.157925
115850	-0.154647
115900	0.170112
115950	-0.052830
116000	-0.164065
116050	-0.090851
116100	-0.150481
116150	-0.249925
116200	-0.177202
116250	0.067824
116300	0.134996
116350	0.172974
116400	0.079434
116450	-0.055053
116500	0.028224
116550	-0.033571
116600	0.066826
116650	0.002869
116700	0.125848
116750	-0.048592
116800	-0.152863
116850	-0.049217
116900	-0.033294
116950	0.040254
117000	0.012356
117050	-0.031511
117100	-0.180106
117150	-0.073929
117200	0.216941
117250	-0.055998
117300	-0.061999
117350	0.089614
117400	-0.080394
117450	-0.001230
117500	-0.023484
117550	0.131126
117600	0.075826
117650	-0.046285
117700	-0.013446
117750	-0.051121
117800	-0.084201
117850	0.050853
117900	0.047521
117950	-0.055429
118000	0.005794
118050	0.095666
118100	0.022371
118150	0.082615
118200	0.030191
118250	0.097133
118300	0.102969
118350	0.286665
118400	0.002901
118450	0.151750
118500	0.287664
118550	0.135013
118600	0.341665
118650	0.014567
118700	0.003331
118750	-0.133801
118800	0.039523
118850	-0.117373
118900	-0.027748
118950	-0.179062
119000	-0.062776
119050	0.134583
119100	0.124211
119150	-0.050343
119200	0.127318
119250	0.091061
119300	0.053302
119350	-0.032631
119400	0.038163
119450	-0.071441
119500	-0.146631
119550	-0.176886
119600	0.132015
119650	-0.161180
119700	0.167529
119750	-0.162565
119800	0.110345
119850	-0.195739
119900	0.041864
119950	-0.184519
120000	-0.115553
120050	-0.082868
120100	-0.006760
120150	-0.027986
120200	0.162023
120250	0.164014
120300	-0.068673
120350	0.060390
120400	0.355637
120450	0.055504
120500	0.035984
120550	-0.036900
120600	0.179548
120650	0.042497
120700	-0.046506
120750	-0.081332
120800	-0.141801
120850	-0.186577
120900	0.035125
120950	-0.022144
121000	-0.134186
121050	-0.082843
121100	-0.064432
121150	-0.151019
121200	0.020363
121250	-0.176261
121300	-0.135694
121350	-0.052083
121400	0.073466
121450	0.081623
121500	0.001491
121550	-0.150685
121600	0.054688
121650	-0.098219
121700	-0.081906
121750	-0.156559
121800	-0.059960
121850	-0.116371
121900	-0.130674
121950	-0.009553
122000	0.096607
122050	-0.060889
122100	0.069498
122150	0.079973
122200	-0.054953
122250	-0.053945
122300	-0.028009
122350	0.001221
122400	0.069902
122450	-0.211407
122500	-0.168531
122550	-0.368113
122600	0.044439
122650	-0.066593
122700	-0.094975
122750	-0.164207
122800	0.129388
122850	0.011591
122900	-0.248463
122950	-0.143005
123000	-0.073952
123050	0.153700
123100	-0.041328
123150	-0.078808
123200	-0.165344
123250	0.026392
123300	0.026487
123350	0.070936
123400	0.013085
123450	0.147523
123500	0.174502
123550	0.040115
123600	-0.077613
123650	-0.060377
123700	-0.126947
123750	0.121752
123800	0.030567
123850	0.116093
123900	0.192551
123950	-0.119396
124000	-0.061290
124050	0.167198
124100	0.029669
124150	0.221434
124200	-0.060507
124250	-0.147553
124300	0.092081
124350	0.119573
124400	-0.133581
124450	0.011628
124500	0.087513
124550	-0.065539
124600	0.003457
124650	-0.002063
124700	0.160424
124750	0.023851
124800	0.010736
124850	-0.019724
124900	-0.089056
124950	-0.109289
125000	-0.176494
125050	-0.049639
125100	0.002288
125150	0.058050
125200	-0.108637
125250	-0.096721
125300	0.066120
125350	-0.020193
125400	0.045797
125450	0.111660
125500	0.290961
125550	-0.005105
125600	-0.060570
125650	0.051193
125700	0.034890
125750	0.024435
125800	-0.054215
125850	-0.090240
125900	-0.085770
125950	0.075856
126000	0.151190
126050	0.057996
126100	-0.240698
126150	-0.121866
126200	-0.089478
126250	-0.079821
126300	-0.190481
126350	0.049694
126400	-0.136917
126450	-0.028874
126500	0.009490
126550	-0.053257
126600	-0.139084
126650	-0.081536
126700	0.094484
126750	0.020475
126800	0.244501
126850	-0.005815
126900	0.083699
126950	-0.127827
127000	-0.010632
127050	0.068318
127100	-0.106254
127150	0.011883
127200	0.041371
127250	0.107028
127300	-0.062412
127350	-0.070683
127400	0.150951
127450	0.256259
127500	0.190542
127550	0.075259
127600	-0.002864
127650	0.137894
127700	0.195862
127750	-0.104421
127800	-0.041123
127850	0.011689
127900	-0.135120
127950	-0.047613
128000	0.062620
128050	-0.146027
128100	-0.061974
128150	0.050503
128200	-0.003204
128250	0.043567
128300	-0.022383
128350	-0.053764
128400	-0.049275
128450	-0.230514
128500	0.003388
128550	-0.048216
128600	-0.006606
128650	-0.121328
128700	-0.133609
128750	-0.038807
128800	0.043629
128850	0.026402
128900	0.098214
128950	-0.002180
129000	-0.225863
129050	-0.153122
129100	0.105463
129150	0.001206
129200	0.005923
129250	0.020749
129300	0.136055
129350	-0.122195
129400	-0.080326
129450	-0.057964
129500	-0.052076
129550	-0.113574
129600	-0.044069
129650	-0.026463
129700	0.005767
129750	-0.208804
129800	0.023535
129850	-0.085037
129900	-0.010078
129950	-0.200355
130000	0.131323
130050	-0.155758
130100	-0.043856
130150	-0.110153
130200	-0.000125
130250	0.005367
130300	-0.002967
130350	0.098869
130400	-0.043356
130450	0.072005
130500	0.175810
130550	0.003401
130600	0.206412
130650	0.174300
130700	-0.072043
130750	-0.082387
130800	-0.127528
130850	0.139539
130900	0.033792
130950	0.084971
131000	-0.231147
131050	0.103414
131100	-0.117357
131150	-0.154751
131200	-0.026231
131250	0.007240
131300	-0.187104
131350	0.029373
131400	-0.045640
131450	-0.118347
131500	-0.095673
131550	-0.235298
131600	-0.055397
131650	0.099660
131700	0.208068
131750	-0.033038
131800	-0.102273
131850	0.033475
131900	-0.006879
131950	0.070384
132000	0.161959
132050	0.075909
132100	0.026503
132150	0.038456
132200	0.203238
132250	-0.053864
132300	-0.152946
132350	-0.101330
132400	-0.142943
132450	0.006318
132500	0.061952
132550	0.152139
132600	0.316774
132650	0.034897
132700	0.042318
132750	0.077407
132800	0.064194
132850	-0.050572
132900	-0.036076
132950	-0.148059
133000	-0.023120
133050	-0.180770
133100	0.004777
133150	0.064298
133200	0.110454
133250	-0.068989
133300	-0.010371
133350	0.140920
133400	0.004848
133450	-0.058635
133500	-0.027737
133550	-0.088967
133600	-0.020796
133650	0.079617
133700	0.172497
133750	-0.036136
133800	-0.052640
133850	-0.009541
133900	-0.130712
133950	0.060995
134000	-0.044835
134050	-0.041701
134100	-0.061108
134150	-0.045242
134200	-0.143387
134250	0.057219
134300	0.014800
134350	0.009217
134400	0.021917
134450	0.201777
134500	0.132197
134550	-0.054135
134600	-0.039444
134650	-0.047744
134700	0.191499
134750	-0.017539
134800	0.016015
134850	0.004593
134900	0.102845
134950	-0.107167
135000	0.117061
135050	0.129966
135100	-0.177717
135150	0.273600
135200	0.100630
135250	0.159531
135300	0.206384
135350	0.103702
135400	0.189884
135450	-0.032158
135500	0.130778
135550	0.074603
135600	0.008552
135650	0.029079
135700	0.174624
135750	0.176011
135800	0.074434
135850	-0.098331
135900	0.011434
135950	-0.098420
136000	0.050241
136050	0.101014
136100	0.085005
136150	-0.066769
136200	-0.093929
136250	0.135635
136300	0.079459
136350	0.036297
136400	-0.005987
136450	0.047325
136500	-0.050250
136550	0.041704
136600	-0.049387
136650	0.167673
136700	0.086806
136750	0.064569
136800	-0.015199
136850	-0.162953
136900	-0.078520
136950	-0.213543
137000	-0.110801
137050	0.148887
137100	0.004137
137150	-0.060754
137200	0.031084
137250	-0.132447
137300	-0.003009
137350	-0.034086
137400	-0.005920
137450	-0.088420
137500	0.012552
137550	-0.212356
137600	-0.153738
137650	0.067260
137700	0.085606
137750	-0.085495
137800	-0.164893
137850	-0.240227
137900	-0.222130
137950	-0.066886
138000	-0.036523
138050	-0.041969
138100	0.017803
138150	-0.172122
138200	-0.088571
138250	0.068948
138300	-0.052439
138350	-0.217907
138400	-0.147142
138450	-0.114183
138500	-0.042618
138550	0.064882
138600	-0.085730
138650	-0.010151
138700	-0.052419
138750	-0.134763
138800	0.049243
138850	-0.050791
138900	-0.079293
138950	-0.017138
139000	0.175511
139050	0.096847
139100	-0.091667
139150	0.087116
139200	-0.050707
139250	0.021120
139300	-0.035355
139350	-0.027114
139400	-0.090756
139450	-0.072021
139500	-0.001799
139550	-0.005023
139600	0.038756
139650	0.143765
139700	0.000833
139750	0.114784
139800	0.097904
139850	-0.158829
139900	-0.144080
139950	-0.036083
140000	0.020022
140050	-0.087142
140100	-0.073060
140150	-0.132017
140200	-0.130577
140250	0.005684
140300	-0.247723
140350	-0.111268
140400	-0.027014
140450	0.129916
140500	-0.077289
140550	-0.014510
140600	-0.040653
140650	-0.064889
140700	0.104822
140750	-0.177659
140800	-0.016612
140850	-0.160660
140900	0.046008
140950	0.033989
141000	-0.105513
141050	-0.070770
141100	0.100952
141150	-0.072127
141200	0.074169
141250	0.137816
141300	0.084077
141350	-0.100629
141400	0.110571
141450	-0.025045
141500	0.052908
141550	-0.096349
141600	-0.025818
141650	-0.083293
141700	-0.184442
141750	0.064823
141800	-0.150541
141850	0.028518
141900	0.010091
141950	0.068878
142000	-0.041911
142050	-0.055974
142100	-0.124730
142150	0.120456
142200	-0.063049
142250	0.089817
142300	0.025273
142350	-0.073490
142400	-0.049010
142450	-0.078056
142500	-0.086132
142550	0.115618
142600	-0.058420
142650	0.051890
142700	0.063425
142750	-0.013447
142800	0.128643
142850	-0.018744
142900	0.014844
142950	-0.028797
143000	-0.205807
143050	0.020345
143100	0.140506
143150	-0.132568
143200	-0.042008
143250	0.166578
143300	0.027021
143350	-0.117517
143400	0.158138
143450	0.095851
143500	0.058504
143550	0.325626
143600	-0.013286
143650	-0.146979
143700	-0.013312
143750	-0.077087
143800	-0.168510
143850	0.112637
143900	0.247438
143950	0.072860
144000	0.103605
144050	0.169330
144100	0.057810
144150	-0.075906
144200	0.123983
144250	0.068292
144300	0.025758
144350	0.070873
144400	0.084780
144450	-0.172822
144500	-0.127123
144550	0.018668
144600	-0.095740
144650	-0.013653
144700	0.241525
144750	0.072956
144800	-0.020441
144850	-0.015811
144900	0.160278
144950	0.093222
145000	0.025097
145050	-0.163797
145100	-0.020341
145150	0.164707
145200	-0.050270
145250	-0.009528
145300	-0.076652
145350	-0.014576
145400	-0.010956
145450	0.006847
145500	0.164056
145550	0.042690
145600	-0.135668
145650	-0.132666
145700	-0.163036
145750	-0.133044
145800	0.015445
145850	-0.130497
145900	-0.112349
145950	-0.100677
146000	-0.133004
146050	-0.157834
146100	-0.119003
146150	-0.059471
146200	-0.016930
146250	-0.220058
146300	0.107784
146350	-0.093822
146400	-0.181227
146450	-0.023541
146500	0.230283
146550	-0.010314
146600	0.139087
146650	0.075609
146700	0.172245
146750	-0.169994
146800	-0.177539
146850	-0.095037
146900	-0.087512
146950	-0.092385
147000	-0.103792
147050	-0.149797
147100	0.005148
147150	0.005057
147200	0.149881
147250	0.172875
147300	0.205096
147350	0.127012
147400	0.065460
147450	0.125821
147500	-0.043211
147550	0.190951
147600	-0.039693
147650	-0.036967
147700	-0.149473
147750	-0.150534
147800	0.059775
147850	-0.103284
147900	-0.099086
147950	-0.277958
148000	-0.050125
148050	-0.072776
148100	-0.111109
148150	-0.024504
148200	0.006233
148250	-0.117665
148300	-0.202156
148350	-0.146928
148400	-0.165666
148450	0.145727
148500	0.095317
148550	0.081790
148600	0.063822
148650	-0.104726
148700	-0.120940
148750	-0.061258
148800	-0.241010
148850	0.043826
148900	-0.006412
148950	-0.011473
149000	-0.179419
149050	0.039785
149100	0.160814
149150	-0.063848
149200	-0.013867
149250	-0.159970
149300	-0.107306
149350	-0.120015
149400	-0.005606
149450	0.141374
149500	0.202275
149550	-0.038330
149600	0.015917
149650	0.168600
149700	-0.134868
149750	0.193917
149800	0.097516
149850	0.026116
149900	0.039867
149950	0.052269
150000	0.044397
150050	0.175255
150100	-0.127089
150150	0.065592
150200	-0.054679
150250	0.043203
150300	0.135499
150350	-0.033950
150400	0.118197
150450	-0.018811
150500	0.015919
150550	-0.117916
150600	0.107983
150650	0.215075
150700	-0.013063
150750	0.056417
150800	0.100338
150850	-0.039656
150900	-0.048066
150950	0.062253
151000	-0.002089
151050	-0.096354
151100	-0.107099
151150	-0.146833
151200	-0.082552
151250	0.057148
151300	-0.030617
151350	-0.031398
151400	-0.137855
151450	-0.038995
151500	-0.190339
151550	0.069861
151600	0.018518
151650	-0.202669
151700	-0.292003
151750	-0.034102
151800	-0.067583
151850	0.139404
151900	0.227612
151950	-0.016645
152000	-0.280497
152050	0.111204
152100	-0.162289
152150	-0.034865
152200	0.059625
152250	-0.053393
152300	-0.134732
152350	-0.126957
152400	-0.275942
152450	0.024018
152500	-0.202609
152550	-0.224380
152600	0.095504
152650	-0.036467
152700	-0.001297
152750	-0.026762
152800	0.073730
152850	-0.136502
152900	0.013523
152950	0.083019
153000	0.027101
153050	0.044788
153100	0.235077
153150	0.044125
153200	-0.162426
153250	-0.057008
153300	-0.063898
153350	0.045027
153400	-0.185847
153450	0.092300
153500	0.028016
153550	-0.088365
153600	-0.026682
153650	-0.163360
153700	-0.185015
153750	-0.018641
153800	-0.111918
153850	0.030548
153900	0.131052
153950	-0.147943
154000	0.235125
154050	0.062786
154100	-0.085673
154150	0.235892
154200	0.171629
154250	-0.061316
154300	0.084573
154350	0.010244
154400	-0.051921
154450	-0.008305
154500	0.094066
154550	-0.044187
154600	0.042293
154650	0.177456
154700	0.193231
154750	0.021395
154800	0.169876
154850	-0.142474
154900	0.162867
154950	-0.111953
155000	-0.201118
155050	0.080011
155100	-0.023539
155150	-0.040634
155200	-0.004987
155250	-0.049347
155300	0.043064
155350	0.165258
155400	0.065358
155450	0.047596
155500	-0.063051
155550	0.263775
155600	0.061103
155650	0.006439
155700	-0.013718
155750	-0.209710
155800	0.014959
155850	-0.066687
155900	-0.037326
155950	0.044763
156000	0.095099
156050	0.166005
156100	0.007524
156150	-0.088720
156200	-0.114863
156250	-0.089709
156300	0.042811
156350	0.017514
156400	0.018450
156450	-0.072434
156500	0.091763
156550	-0.019851
156600	-0.031395
156650	-0.108720
156700	-0.143863
156750	-0.114148
156800	-0.029530
156850	-0.169879
156900	0.124271
156950	0.087177
157000	-0.057060
157050	0.235566
157100	0.156525
157150	-0.045680
157200	0.139773
157250	-0.014572
157300	0.070416
157350	0.132360
157400	0.230358
157450	0.114304
157500	-0.041420
157550	0.094436
157600	0.109157
157650	0.020343
157700	0.093894
157750	0.108589
157800	-0.032176
157850	-0.011546
157900	-0.037189
157950	-0.026807
158000	-0.116685
158050	-0.096214
158100	0.129940
158150	0.008036
158200	0.075748
158250	0.043150
158300	0.175680
158350	0.067920
158400	-0.153027
158450	0.187987
158500	0.023356
158550	-0.062954
158600	-0.107645
158650	-0.002534
158700	-0.152603
158750	0.090534
158800	0.078084
158850	0.053236
158900	-0.075166
158950	-0.073702
159000	0.151126
159050	0.152696
159100	-0.043949
159150	0.056344
159200	0.027534
159250	0.071615
159300	0.017717
159350	-0.043191
159400	-0.205999
159450	-0.030798
159500	-0.100006
159550	-0.054199
159600	-0.108928
159650	-0.057740
159700	0.045664
159750	0.091857
159800	-0.095708
159850	-0.158567
159900	-0.112931
159950	-0.019738
160000	0.055052
160050	-0.042112
160100	-0.005361
160150	0.035604
160200	-0.087147
160250	0.103495
160300	0.051750
160350	-0.035635
160400	0.013147
160450	0.009765
160500	0.025036
160550	0.228118
160600	0.036752
160650	0.009383
160700	0.121084
160750	-0.016350
160800	0.001831
160850	-0.094542
160900	0.038884
160950	0.094145
161000	0.089365
161050	0.023456
161100	0.132837
161150	0.022234
161200	0.199855
161250	0.100806
161300	-0.121698
161350	0.081453
161400	0.159949
161450	0.252283
161500	0.203752
161550	0.111897
161600	0.037597
161650	-0.017757
161700	-0.063605
161750	0.128076
161800	0.274913
161850	0.158625
161900	0.123261
161950	0.096996
162000	-0.084804
162050	-0.104156
162100	-0.108732
162150	0.009695
162200	-0.132816
162250	-0.040276
162300	0.056839
162350	-0.030008
162400	0.027394
162450	0.015259
162500	-0.007452
162550	0.039014
162600	0.221162
162650	0.110074
162700	0.263955
162750	0.016841
162800	0.011027
162850	0.032751
162900	0.032619
162950	0.079213
163000	0.074735
163050	0.299349
163100	0.076517
163150	0.018403
163200	-0.072932
163250	-0.119479
163300	-0.073599
163350	-0.114548
163400	-0.049541
163450	-0.113446
163500	0.141425
163550	-0.050649
163600	-0.025320
163650	-0.098431
163700	-0.208253
163750	0.015873
163800	0.137149
163850	-0.122591
163900	0.029901
163950	0.117654
164000	0.108003
164050	0.047178
164100	-0.054044
164150	0.175480
164200	0.315611
164250	0.149207
164300	0.022806
164350	-0.083123
164400	0.058161
164450	-0.052453
164500	0.005034
164550	-0.033295
164600	-0.094967
164650	0.134142
164700	-0.128481
164750	0.060371
164800	-0.074317
164850	-0.021306
164900	-0.083343
164950	0.154056
165000	-0.023657
165050	0.227154
165100	0.087561
165150	-0.239682
165200	0.103805
165250	-0.172510
165300	-0.328684
165350	-0.010121
165400	-0.193553
165450	-0.001232
165500	-0.154428
165550	0.127117
165600	-0.017270
165650	0.001201
165700	0.007401
165750	-0.158416
165800	-0.133213
165850	-0.115707
165900	-0.291886
165950	-0.115449
166000	-0.054370
166050	-0.161391
166100	0.318309
166150	0.230779
166200	-0.007908
166250	-0.110148
166300	-0.173180
166350	0.040567
166400	-0.024272
166450	0.059244
166500	-0.028353
166550	-0.103884
166600	-0.130155
166650	-0.121192
166700	0.110552
166750	0.050670
166800	0.030158
166850	0.088885
166900	0.216580
166950	0.188418
167000	-0.003672
167050	0.064487
167100	0.094280
167150	0.069821
167200	0.009885
167250	-0.027549
167300	0.227799
167350	0.033536
167400	0.000383
167450	-0.178222
167500	0.048651
167550	0.230545
167600	-0.012291
167650	0.031498
167700	-0.158695
167750	-0.019846
167800	0.133768
167850	-0.091468
167900	0.061896
167950	0.017300
168000	0.110088
168050	0.069384
168100	-0.008955
168150	-0.027295
168200	-0.093504
168250	0.257939
168300	0.048669
168350	-0.111816
168400	-0.005941
168450	0.091824
168500	0.095968
168550	0.034293
168600	-0.269560
168650	0.007324
168700	0.027566
168750	0.161702
168800	0.013792
168850	0.070385
168900	0.034806
168950	0.024879
169000	-0.145251
169050	-0.082904
169100	0.117547
169150	-0.107553
169200	-0.196667
169250	0.087122
169300	0.031845
169350	-0.174999
169400	-0.024366
169450	0.014434
169500	-0.023412
169550	0.133682
169600	0.106339
169650	0.132225
169700	0.066555
169750	-0.048123
169800	0.199689
169850	0.121460
169900	-0.043986
169950	-0.072567
170000	-0.022449
170050	0.068219
170100	-0.101514
170150	0.111020
170200	-0.005745
170250	0.035301
170300	-0.227676
170350	-0.017746
170400	0.108606
170450	0.023443
170500	0.040440
170550	0.070976
170600	0.004227
170650	0.216977
170700	-0.082396
170750	-0.002260
170800	0.116670
170850	0.017769
170900	0.125024
170950	0.096940
171000	0.206045
171050	0.196399
171100	-0.028005
171150	0.084225
171200	0.112050
171250	-0.276961
171300	-0.090303
171350	0.067506
171400	0.059175
171450	-0.193089
171500	0.008590
171550	0.216973
171600	-0.044126
171650	-0.054017
171700	0.022983
171750	0.010789
171800	-0.031597
171850	-0.112219
171900	-0.144643
171950	-0.039269
172000	0.113762
172050	-0.075746
172100	-0.027655
172150	0.155508
172200	0.154865
172250	0.055760
172300	0.177988
172350	-0.087412
172400	0.080475
172450	-0.093078
172500	0.147949
172550	0.221793
172600	-0.065706
172650	-0.003604
172700	0.034379
172750	-0.060286
172800	-0.108384
172850	0.081631
172900	-0.015183
172950	-0.111977
173000	-0.126268
173050	0.058667
173100	0.065550
173150	-0.105516
173200	0.063836
173250	-0.012965
173300	0.114585
173350	0.123023
173400	0.222851
173450	-0.035013
173500	0.062175
173550	-0.034093
173600	-0.043581
173650	0.029630
173700	-0.156650
173750	-0.101288
173800	0.005775
173850	-0.226231
173900	0.012288
173950	0.100951
174000	0.114103
174050	0.161405
174100	-0.111256
174150	-0.022862
174200	0.040540
174250	-0.146148
174300	0.011651
174350	-0.043939
174400	-0.013504
174450	-0.133762
174500	0.118822
174550	0.161771
174600	0.094274
174650	-0.004933
174700	-0.177959
174750	-0.055447
174800	-0.203712
174850	0.052973
174900	-0.145197
174950	-0.086410
175000	-0.103793
175050	-0.117485
175100	-0.061951
175150	-0.060305
175200	-0.113472
175250	-0.176613
175300	0.086112
175350	-0.092102
175400	-0.116816
175450	0.138537
175500	-0.012765
175550	0.035908
175600	-0.000717
175650	0.158930
175700	0.023341
175750	0.186503
175800	0.032089
175850	0.079481
175900	-0.083562
175950	-0.059659
176000	-0.124769
176050	0.098379
176100	-0.223748
176150	-0.130250
176200	-0.067864
176250	-0.016805
176300	0.091964
176350	0.046609
176400	-0.010960
176450	0.070345
176500	-0.068206
176550	-0.105416
176600	0.118096
176650	-0.022253
176700	-0.123969
176750	0.054083
176800	0.174337
176850	0.168263
176900	-0.079252
176950	0.109750
177000	0.028937
177050	-0.162398
177100	-0.228452
177150	-0.080566
177200	0.139722
177250	-0.026028
177300	0.026811
177350	-0.238814
177400	-0.139396
177450	-0.180824
177500	0.102974
177550	-0.153134
177600	-0.150803
177650	0.018309
177700	-0.018597
177750	0.159460
177800	-0.100241
177850	-0.064379
177900	-0.119156
177950	0.032454
178000	-0.019561
178050	-0.033631
178100	0.259902
178150	0.221641
178200	0.051124
178250	0.029584
178300	-0.066089
178350	-0.226144
178400	-0.012247
178450	-0.009914
178500	-0.017060
178550	0.118081
178600	0.082746
178650	-0.022921
178700	-0.121373
178750	0.053299
178800	-0.132026
178850	0.045866
178900	-0.104864
178950	0.062050
179000	0.289432
179050	-0.045335
179100	0.025922
179150	-0.032789
179200	-0.051780
179250	-0.074402
179300	0.104072
179350	0.053079
179400	0.131251
179450	0.224124
179500	-0.012956
179550	0.082025
179600	0.002517
179650	0.146683
179700	-0.091765
179750	-0.117414
179800	0.174836
179850	0.004449
179900	0.006181
179950	-0.057391
180000	-0.068360
180050	0.014656
180100	-0.196696
180150	-0.137102
180200	0.085775
180250	0.182200
180300	0.048969
180350	0.183315
180400	-0.023396
180450	0.086763
180500	-0.005156
180550	-0.150191
180600	-0.101821
180650	-0.054699
180700	0.099281
180750	0.025222
180800	0.163428
180850	-0.239793
180900	0.046095
180950	0.010451
181000	-0.195833
181050	-0.014350
181100	0.012179
181150	-0.131241
181200	0.026617
181250	-0.105584
181300	-0.166572
181350	0.261033
181400	0.133965
181450	0.006138
181500	-0.050915
181550	0.006812
181600	0.057369
181650	0.171029
181700	-0.071540
181750	0.198276
181800	0.192040
181850	-0.055884
181900	0.094418
181950	-0.165833
182000	0.172302
182050	-0.113395
182100	-0.127960
182150	-0.160242
182200	-0.068060
182250	-0.226611
182300	-0.203025
182350	0.010539
182400	0.033067
182450	-0.034238
182500	0.016717
182550	0.132829
182600	0.321645
182650	-0.166345
182700	0.016386
182750	-0.020506
182800	0.048083
182850	0.114996
182900	-0.037798
182950	0.054974
183000	0.137176
183050	0.065624
183100	0.008109
183150	0.018270
183200	0.012209
183250	0.081521
183300	0.137393
183350	0.134642
183400	0.069235
183450	0.002233
183500	0.145955
183550	0.010540
183600	0.074484
183650	-0.092881
183700	0.002032
183750	-0.062336
183800	-0.027348
183850	-0.079916
183900	0.107945
183950	-0.080610
184000	0.016673
184050	0.212022
184100	0.030524
184150	-0.061513
184200	-0.120480
184250	-0.036637
184300	0.033651
184350	-0.002536
184400	-0.054297
184450	0.010738
184500	0.102786
184550	-0.107046
184600	0.027751
184650	-0.190735
184700	-0.080299
184750	-0.128709
184800	-0.014796
184850	0.046689
184900	0.023555
184950	-0.089298
185000	0.161412
185050	0.134463
185100	-0.064626
185150	0.017904
185200	0.191823
185250	0.109894
185300	-0.061196
185350	-0.030607
185400	0.063628
185450	0.077303
185500	-0.169424
185550	-0.067166
185600	-0.215329
185650	0.126566
185700	-0.158825
185750	-0.057079
185800	0.077254
185850	-0.068457
185900	0.100361
185950	0.015401
186000	0.252804
186050	0.069083
186100	-0.004347
186150	0.044586
186200	0.100515
186250	-0.105833
186300	0.065004
186350	0.047107
186400	0.091925
186450	-0.058759
186500	-0.070302
186550	0.072518
186600	0.144344
186650	0.089739
186700	0.019504
186750	-0.072878
186800	0.131669
186850	-0.023514
186900	0.014305
186950	0.010794
187000	0.054037
187050	0.107501
187100	-0.044003
187150	0.083082
187200	-0.015674
187250	-0.127331
187300	0.059910
187350	0.177896
187400	0.127035
187450	-0.012240
187500	-0.057633
187550	-0.037428
187600	-0.002978
187650	-0.023364
187700	-0.029431
187750	0.124634
187800	-0.053126
187850	0.033355
187900	0.060931
187950	0.085856
188000	0.077738
188050	-0.109271
188100	0.140762
188150	0.296285
188200	0.122029
188250	-0.015816
188300	-0.027891
188350	0.002358
188400	0.083393
188450	0.104397
188500	-0.122488
188550	-0.102030
188600	-0.111360
188650	-0.096931
188700	-0.144918
188750	0.053221
188800	-0.016874
188850	0.007279
188900	-0.022409
188950	0.087551
189000	0.107320
189050	-0.215979
189100	-0.081286
189150	-0.026618
189200	-0.251565
189250	0.101924
189300	-0.005186
189350	-0.137297
189400	-0.068890
189450	0.010932
189500	0.018704
189550	0.014332
189600	-0.073606
189650	-0.021308
189700	0.033673
189750	0.057678
189800	-0.124450
189850	0.027961
189900	0.211948
189950	-0.042393
190000	0.026792
190050	-0.120984
190100	-0.130905
190150	-0.060612
190200	0.137983
190250	0.065934
190300	0.003397
190350	0.051993
190400	0.227507
190450	0.124154
190500	0.022344
190550	-0.172894
190600	-0.113260
190650	0.216610
190700	-0.117617
190750	-0.033238
190800	0.074728
190850	0.015702
190900	0.075617
190950	0.030805
191000	-0.010584
191050	-0.002674
191100	0.071093
191150	0.105664
191200	0.197417
191250	-0.173527
191300	-0.047523
191350	0.048992
191400	-0.084533
191450	-0.098199
191500	-0.016862
191550	-0.136774
191600	-0.171788
191650	-0.040873
191700	0.033462
191750	-0.164568
191800	-0.022133
191850	0.122904
191900	-0.201039
191950	0.013544
192000	0.111590
192050	-0.065801
192100	-0.028208
192150	0.032610
192200	0.092499
192250	-0.043196
192300	-0.215468
192350	0.167380
192400	0.011162
192450	0.015038
192500	0.024560
192550	-0.105341
192600	-0.053574
192650	-0.116020
192700	0.017052
192750	0.086180
192800	-0.100807
192850	0.034628
192900	-0.072000
192950	-0.139939
193000	-0.056393
193050	-0.098801
193100	0.083409
193150	0.140481
193200	0.022240
193250	0.156510
193300	0.097599
193350	-0.107678
193400	0.048943
193450	-0.042185
193500	-0.031395
193550	-0.036309
193600	-0.084019
193650	0.077891
193700	-0.093917
193750	-0.146641
193800	-0.160418
193850	0.170861
193900	0.024640
193950	0.148547
194000	-0.121750
194050	-0.100511
194100	0.032191
194150	-0.054095
194200	-0.104260
194250	-0.124462
194300	0.063962
194350	-0.134987
194400	0.003830
194450	-0.176417
194500	0.034451
194550	0.036503
194600	-0.124977
194650	-0.230472
194700	-0.038490
194750	0.182414
194800	-0.137796
194850	-0.031339
194900	-0.035838
194950	0.023476
195000	0.188241
195050	0.144178
195100	0.124561
195150	-0.075221
195200	-0.013341
195250	-0.127600
195300	0.161175
195350	-0.089705
195400	0.019087
195450	0.007413
195500	0.009784
195550	-0.077228
195600	0.097485
195650	-0.115735
195700	-0.287782
195750	-0.066337
195800	-0.191063
195850	-0.086267
195900	0.016152
195950	-0.050610
196000	0.045152
196050	-0.154922
196100	0.021897
196150	0.044917
196200	-0.087766
196250	0.123419
196300	-0.078381
196350	0.065390
196400	0.030751
196450	0.106525
196500	0.083104
196550	-0.037038
196600	0.078245
196650	0.107717
196700	-0.069284
196750	0.069809
196800	0.112540
196850	-0.000576
196900	-0.141234
196950	0.092316
197000	0.029614
197050	0.151115
197100	0.275703
197150	0.089616
197200	0.069711
197250	-0.059107
197300	0.025601
197350	-0.128850
197400	-0.033957
197450	0.056695
197500	0.001475
197550	-0.076327
197600	-0.048239
197650	0.009435
197700	0.090792
197750	0.074695
197800	-0.052771
197850	-0.015947
197900	0.047155
197950	-0.012243
198000	-0.182426
198050	-0.048389
198100	-0.025908
198150	0.240707
198200	-0.151711
198250	-0.070984
198300	-0.029743
198350	-0.006627
198400	-0.163448
198450	-0.154881
198500	-0.045511
198550	-0.000312
198600	-0.108591
198650	-0.118650
198700	-0.039300
198750	-0.115272
198800	-0.036971
198850	0.087876
198900	0.028690
198950	-0.006291
199000	0.237303
199050	0.043368
199100	0.320980
199150	-0.088448
199200	0.030119
199250	-0.147563
199300	-0.193032
199350	0.010966
199400	-0.059022
199450	0.034814
199500	-0.114315
199550	0.148576
199600	-0.193171
199650	-0.153646
199700	0.018149
199750	0.094038
199800	0.011171
199850	0.153833
199900	-0.121378
199950	-0.042580
