0	41.013115
50	3.572614
100	1.643161
150	1.136676
200	1.016250
250	0.713261
300	0.638466
350	0.748902
400	0.477777
450	0.296325
500	0.388893
550	0.447383
600	0.316799
650	0.227247
700	0.357450
750	0.391488
800	0.348905
850	0.269044
900	0.213406
950	0.074561
1000	0.132798
1050	0.184639
1100	0.151065
1150	0.300575
1200	0.173874
1250	0.259498
1300	0.373904
1350	0.121640
1400	0.232643
1450	0.148882
1500	0.154051
1550	0.097566
1600	0.374264
1650	0.412830
1700	0.173961
1750	-0.012028
1800	-0.045305
1850	0.367789
1900	0.256917
1950	0.352352
2000	0.143094
2050	0.213009
2100	0.374645
2150	0.215301
2200	0.192308
2250	0.180964
2300	0.139722
2350	0.136837
2400	-0.031825
2450	0.054441
2500	0.074262
2550	-0.028677
2600	0.073065
2650	0.139068
2700	0.048524
2750	0.026089
2800	0.149380
2850	0.325919
2900	0.272505
2950	0.201120
3000	0.213173
3050	-0.123077
3100	0.084572
3150	-0.034699
3200	0.239244
3250	0.106376
3300	0.113306
3350	0.229900
3400	0.122503
3450	0.136368
3500	0.126829
3550	0.140762
3600	0.043563
3650	0.025959
3700	0.020749
3750	0.142885
3800	0.225706
3850	0.178414
3900	-0.059100
3950	0.143901
4000	0.293931
4050	0.041511
4100	-0.105769
4150	0.123311
4200	0.134561
4250	-0.025874
4300	-0.102063
4350	0.085380
4400	0.134513
4450	-0.042046
4500	0.342065
4550	0.266861
4600	0.183617
4650	0.056269
4700	0.066716
4750	0.160809
4800	0.013559
4850	-0.009106
4900	-0.010586
4950	0.104802
5000	-0.138481
5050	0.157287
5100	0.157388
5150	-0.039840
5200	0.206495
5250	0.030679
5300	0.098600
5350	-0.047413
5400	0.033994
5450	0.074387
5500	0.098821
5550	-0.188569
5600	-0.107124
5650	0.063582
5700	0.065914
5750	0.029837
5800	-0.062010
5850	0.049400
5900	-0.031763
5950	-0.052269
6000	0.082734
6050	0.081411
6100	0.053218
6150	0.113309
6200	0.054008
6250	-0.210901
6300	-0.247787
6350	-0.026815
6400	0.057018
6450	-0.081547
6500	0.081604
6550	-0.193076
6600	-0.104516
6650	-0.290897
6700	0.069707
6750	0.226701
6800	-0.100845
6850	0.123281
6900	0.154398
6950	0.148591
7000	0.145303
7050	-0.130640
7100	0.237387
7150	0.056233
7200	0.170146
7250	0.110926
7300	0.089813
7350	0.234924
7400	0.101230
7450	-0.093070
7500	0.161074
7550	0.107990
7600	0.154649
7650	0.207258
7700	-0.171897
7750	0.300519
7800	-0.130607
7850	0.148157
7900	0.081277
7950	0.112601
8000	0.149301
8050	0.015346
8100	0.128332
8150	0.178023
8200	0.034222
8250	0.132595
8300	0.162020
8350	0.163681
8400	-0.121769
8450	0.032250
8500	-0.204629
8550	-0.006692
8600	-0.210693
8650	-0.039026
8700	-0.097046
8750	-0.243410
8800	-0.009866
8850	0.103875
8900	0.100408
8950	0.028995
9000	0.220891
9050	0.020959
9100	-0.048976
9150	0.064278
9200	0.214716
9250	0.082253
9300	0.009899
9350	-0.096814
9400	0.095167
9450	0.034305
9500	-0.052844
9550	-0.102450
9600	-0.141552
9650	-0.235660
9700	0.149209
9750	0.052124
9800	0.122728
9850	-0.138421
9900	0.031648
9950	-0.011753
10000	0.003561
10050	-0.060733
10100	-0.042817
10150	-0.049847
10200	-0.124868
10250	-0.172260
10300	0.034874
10350	0.077815
10400	0.069272
10450	-0.103314
10500	0.327154
10550	0.047761
10600	-0.120000
10650	-0.144713
10700	-0.004035
10750	0.021762
10800	0.059823
10850	0.015143
10900	0.069990
10950	0.000696
11000	-0.048036
11050	0.172484
11100	0.172061
11150	-0.062292
11200	0.108466
11250	0.098455
11300	0.015643
11350	-0.079151
11400	0.027014
11450	-0.239725
11500	0.029527
11550	0.044703
11600	-0.106509
11650	0.060324
11700	-0.196767
11750	-0.002654
11800	0.080904
11850	-0.119034
11900	0.043050
11950	-0.104755
12000	-0.071931
12050	0.009189
12100	0.102386
12150	-0.142081
12200	0.142310
12250	-0.066579
12300	-0.199780
12350	0.001425
12400	0.014976
12450	0.110068
12500	0.075851
12550	0.204446
12600	0.043001
12650	-0.091900
12700	0.055982
12750	0.032808
12800	0.126291
12850	0.069855
12900	-0.034808
12950	-0.112099
13000	-0.046462
13050	-0.012160
13100	-0.054683
13150	0.079853
13200	0.256725
13250	0.075963
13300	-0.022676
13350	-0.000589
13400	0.033431
13450	0.076090
13500	0.221826
13550	0.074961
13600	0.087540
13650	0.034869
13700	0.064347
13750	0.189765
13800	-0.105945
13850	-0.015948
13900	-0.027039
13950	0.116832
14000	-0.157099
14050	-0.093709
14100	0.060241
14150	-0.058757
14200	-0.085580
14250	-0.062155
14300	-0.164669
14350	0.161004
14400	0.026702
14450	0.217393
14500	0.200522
14550	0.133127
14600	0.043560
14650	0.031154
14700	-0.182305
14750	-0.082215
14800	0.249350
14850	0.054797
14900	-0.154228
14950	0.122874
15000	-0.055980
15050	0.018124
15100	-0.195521
15150	0.171087
15200	-0.105593
15250	-0.097208
15300	0.130193
15350	0.048209
15400	-0.087272
15450	0.228397
15500	-0.107388
15550	-0.059834
15600	0.075681
15650	0.155522
15700	0.012629
15750	0.006966
15800	-0.114740
15850	-0.122113
15900	0.025814
15950	0.037487
16000	-0.026830
16050	-0.005675
16100	-0.219206
16150	-0.161631
16200	-0.051579
16250	-0.226416
16300	-0.037706
16350	-0.035919
16400	-0.041118
16450	0.017937
16500	0.117931
16550	0.005757
16600	-0.031465
16650	0.035376
16700	-0.023571
16750	0.109088
16800	0.060961
16850	-0.096021
16900	-0.015687
16950	0.118518
17000	0.125856
17050	0.116389
17100	-0.275911
17150	-0.075326
17200	0.123216
17250	0.335593
17300	0.130638
17350	-0.012995
17400	0.039113
17450	0.016299
17500	-0.189322
17550	-0.188245
17600	-0.001055
17650	-0.166659
17700	-0.056678
17750	-0.029112
17800	0.056826
17850	0.260157
17900	-0.105605
17950	0.036501
18000	-0.224451
18050	-0.169979
18100	-0.056919
18150	-0.105404
18200	-0.023519
18250	0.001525
18300	0.097617
18350	0.183517
18400	0.087402
18450	-0.014158
18500	-0.026019
18550	-0.044659
18600	0.147633
18650	0.044114
18700	0.203104
18750	0.182981
18800	0.020469
18850	0.207093
18900	-0.097212
18950	0.121187
19000	0.007960
19050	0.251885
19100	0.084476
19150	0.070629
19200	0.105575
19250	0.034375
19300	0.334038
19350	0.184508
19400	0.166039
19450	0.140985
19500	-0.057440
19550	0.230742
19600	-0.105551
19650	-0.029232
19700	-0.083516
19750	0.007642
19800	-0.022516
19850	0.130680
19900	0.114039
19950	0.230457
20000	-0.044801
20050	-0.136585
20100	0.028785
20150	0.086130
20200	0.345711
20250	0.093928
20300	-0.194952
20350	0.116983
20400	0.099533
20450	0.128261
20500	-0.103431
20550	-0.000392
20600	-0.042552
20650	-0.046072
20700	0.001252
20750	0.097835
20800	0.002468
20850	-0.021675
20900	0.050603
20950	-0.051933
21000	0.163075
21050	-0.002649
21100	0.057944
21150	0.032634
21200	0.273537
21250	-0.052938
21300	0.203584
21350	0.022626
21400	-0.117309
21450	-0.147141
21500	-0.156177
21550	-0.174975
21600	0.059257
21650	-0.050548
21700	-0.042172
21750	-0.074564
21800	0.030290
21850	0.040945
21900	0.004936
21950	0.109139
22000	-0.106038
22050	0.008362
22100	0.192255
22150	-0.060617
22200	0.089528
22250	-0.046784
22300	-0.003516
22350	0.201708
22400	-0.029543
22450	-0.151392
22500	-0.061715
22550	0.231417
22600	-0.074969
22650	0.161787
22700	0.217016
22750	0.100517
22800	0.030618
22850	-0.047012
22900	0.116735
22950	-0.070755
23000	-0.073520
23050	-0.201182
23100	0.033821
23150	0.072308
23200	-0.012972
23250	-0.095374
23300	-0.158671
23350	-0.020930
23400	-0.062622
23450	0.046344
23500	0.082956
23550	0.076714
23600	-0.095183
23650	-0.063387
23700	0.025692
23750	-0.087399
23800	-0.044294
23850	-0.161876
23900	0.004942
23950	-0.004809
24000	0.235968
24050	0.064626
24100	-0.189173
24150	0.089586
24200	-0.013583
24250	0.052106
24300	0.046254
24350	-0.003523
24400	-0.096316
24450	0.222331
24500	-0.012103
24550	0.004896
24600	-0.188051
24650	-0.127751
24700	0.034586
24750	-0.010717
24800	0.065616
24850	-0.036686
24900	-0.004440
24950	0.115307
25000	-0.022526
25050	-0.117083
25100	0.063838
25150	0.076687
25200	0.266943
25250	0.060774
25300	-0.055775
25350	-0.151790
25400	0.121602
25450	-0.125888
25500	-0.038288
25550	-0.047725
25600	-0.088100
25650	-0.222574
25700	-0.200879
25750	0.025124
25800	-0.011215
25850	-0.104109
25900	-0.081091
25950	-0.036267
26000	0.098418
26050	-0.156652
26100	0.006738
26150	-0.163946
26200	-0.241617
26250	-0.109337
26300	-0.094334
26350	-0.043995
26400	0.021991
26450	-0.018572
26500	-0.028513
26550	-0.125603
26600	-0.027298
26650	0.040614
26700	0.044469
26750	0.103601
26800	0.019898
26850	0.066977
26900	0.089128
26950	-0.024113
27000	-0.006888
27050	0.007188
27100	0.073993
27150	0.114320
27200	-0.026437
27250	0.212972
27300	0.035831
27350	-0.114257
27400	-0.007572
27450	0.058625
27500	-0.129635
27550	0.178972
27600	0.106015
27650	0.074764
27700	0.070492
27750	0.102396
27800	0.110576
27850	-0.229773
27900	-0.076034
27950	0.155556
28000	0.330950
28050	0.108671
28100	0.124438
28150	0.025294
28200	-0.048612
28250	-0.180139
28300	-0.076179
28350	0.000534
28400	-0.108867
28450	-0.094174
28500	-0.183466
28550	-0.161046
28600	-0.135827
28650	-0.065284
28700	0.168132
28750	0.002689
28800	0.008502
28850	0.126708
28900	-0.099815
28950	-0.195502
29000	-0.221662
29050	0.028302
29100	0.017354
29150	0.025014
29200	0.052110
29250	0.002060
29300	-0.128655
29350	-0.009595
29400	-0.258121
29450	-0.014748
29500	0.101308
29550	-0.124081
29600	-0.128510
29650	-0.019855
29700	-0.034779
29750	0.198572
29800	-0.053552
29850	0.040167
29900	0.179055
29950	-0.036206
30000	-0.216336
30050	-0.004029
30100	-0.172464
30150	-0.200257
30200	-0.229814
30250	-0.110609
30300	-0.036777
30350	-0.066163
30400	0.173434
30450	0.086716
30500	0.160673
30550	-0.157700
30600	0.004977
30650	-0.068321
30700	-0.130884
30750	-0.259224
30800	-0.204098
30850	-0.067867
30900	0.131700
30950	0.065197
31000	-0.018312
31050	-0.189758
31100	0.014734
31150	0.036218
31200	-0.023843
31250	0.059782
31300	-0.166211
31350	0.170402
31400	0.226711
31450	0.213759
31500	0.045069
31550	-0.024735
31600	-0.116688
31650	-0.013409
31700	-0.041268
31750	0.177601
31800	-0.092866
31850	-0.232351
31900	-0.232818
31950	0.056078
32000	0.030645
32050	-0.117952
32100	-0.109529
32150	-0.022705
32200	-0.169682
32250	-0.018482
32300	-0.133300
32350	0.100394
32400	0.129356
32450	-0.169505
32500	-0.010877
32550	-0.082836
32600	-0.132985
32650	-0.051816
32700	0.005867
32750	-0.122280
32800	0.001177
32850	0.136748
32900	-0.114332
32950	0.134480
33000	-0.062835
33050	0.083177
33100	-0.143815
33150	-0.127719
33200	-0.212107
33250	-0.130458
33300	-0.044465
33350	-0.145147
33400	-0.073100
33450	0.077273
33500	-0.001525
33550	-0.081551
33600	-0.020765
33650	0.050077
33700	0.083598
33750	-0.081577
33800	0.179405
33850	0.127256
33900	0.033236
33950	0.038415
34000	-0.030096
34050	-0.141236
34100	0.071039
34150	0.054961
34200	-0.009501
34250	0.272931
34300	0.049673
34350	0.125986
34400	-0.061915
34450	-0.212137
34500	-0.056345
34550	-0.024796
34600	-0.044305
34650	0.067875
34700	0.106637
34750	0.142579
34800	-0.147559
34850	-0.090223
34900	0.101006
34950	0.065603
35000	0.026025
35050	-0.240045
35100	-0.110702
35150	-0.082342
35200	0.034449
35250	0.077205
35300	-0.064001
35350	0.085320
35400	-0.083214
35450	0.022526
35500	0.021552
35550	-0.212089
35600	0.026491
35650	-0.032502
35700	0.130143
35750	0.332065
35800	-0.047075
35850	-0.053057
35900	0.098762
35950	0.053873
36000	-0.057933
36050	0.011754
36100	0.079257
36150	0.031316
36200	-0.005142
36250	-0.073634
36300	-0.227187
36350	0.086161
36400	-0.272160
36450	0.250443
36500	0.104273
36550	0.001231
36600	-0.055494
36650	-0.041393
36700	-0.068431
36750	0.144769
36800	-0.157913
36850	0.180410
36900	-0.038533
36950	-0.147309
37000	0.137298
37050	0.002819
37100	-0.170990
37150	0.058968
37200	0.042341
37250	-0.024954
37300	0.045628
37350	0.054011
37400	0.014161
37450	0.116017
37500	0.058600
37550	0.144028
37600	0.099040
37650	0.155188
37700	-0.030813
37750	0.061388
37800	0.123645
37850	-0.002882
37900	-0.207668
37950	-0.058983
38000	0.130894
38050	0.307937
38100	0.273907
38150	0.086407
38200	0.334695
38250	0.077289
38300	-0.067251
38350	0.183607
38400	-0.006872
38450	0.237720
38500	0.355131
38550	0.209173
38600	0.132722
38650	0.044833
38700	0.097310
38750	0.010030
38800	-0.108625
38850	0.100957
38900	0.151756
38950	0.100153
39000	0.064191
39050	0.016922
39100	-0.051563
39150	-0.034964
39200	0.011606
39250	-0.138554
39300	-0.152091
39350	0.015332
39400	-0.178676
39450	0.000740
39500	0.117699
39550	-0.028286
39600	-0.081904
39650	0.102978
39700	-0.135112
39750	-0.015327
39800	-0.113053
39850	0.122149
39900	-0.144371
39950	-0.023341
40000	0.007552
40050	0.024392
40100	0.016726
40150	0.167735
40200	0.021609
40250	-0.025518
40300	-0.113736
40350	-0.076100
40400	0.187078
40450	0.103993
40500	0.050711
40550	0.009413
40600	-0.069232
40650	-0.053481
40700	0.039280
40750	0.234177
40800	0.000159
40850	0.108334
40900	0.060826
40950	-0.223678
41000	-0.033849
41050	-0.132765
41100	-0.162097
41150	0.064951
41200	0.005130
41250	0.083684
41300	-0.259821
41350	-0.207254
41400	0.048216
41450	-0.031952
41500	-0.045581
41550	-0.061010
41600	0.032992
41650	0.027298
41700	0.041168
41750	-0.067944
41800	0.025534
41850	-0.113840
41900	-0.060721
41950	0.230639
42000	-0.010468
42050	0.005644
42100	-0.072967
42150	0.065424
42200	0.003878
42250	0.150692
42300	-0.005903
42350	0.001996
42400	-0.092347
42450	-0.116088
42500	0.244325
42550	0.317317
42600	0.198378
42650	0.223083
42700	0.113866
42750	0.114021
42800	0.132742
42850	0.018579
42900	0.046287
42950	0.109357
43000	-0.043342
43050	-0.163237
43100	-0.214492
43150	-0.248936
43200	-0.094185
43250	-0.051611
43300	-0.210952
43350	-0.016119
43400	-0.026544
43450	0.001279
43500	-0.323454
43550	-0.051334
43600	0.013284
43650	0.169126
43700	0.010619
43750	-0.128925
43800	0.089903
43850	-0.009830
43900	-0.020225
43950	-0.034608
44000	-0.129310
44050	-0.201499
44100	-0.240196
44150	0.068012
44200	-0.139942
44250	0.000092
44300	0.082776
44350	0.199110
44400	-0.101635
44450	-0.144252
44500	-0.030133
44550	-0.120372
44600	0.030493
44650	0.051293
44700	-0.049912
44750	-0.024580
44800	0.095589
44850	-0.105988
44900	0.100970
44950	0.006701
45000	0.077969
45050	-0.035612
45100	0.071173
45150	0.071807
45200	0.010440
45250	-0.007661
45300	0.025947
45350	-0.084783
45400	-0.005173
45450	0.084037
45500	0.028516
45550	0.160130
45600	0.137193
45650	0.147407
45700	-0.045473
45750	0.101877
45800	-0.214084
45850	-0.054243
45900	0.033142
45950	0.004969
46000	0.023466
46050	0.008252
46100	0.080832
46150	-0.286400
46200	0.205595
46250	-0.032009
46300	0.076817
46350	-0.012107
46400	0.041254
46450	0.026305
46500	0.005471
46550	0.092860
46600	0.062641
46650	-0.079228
46700	0.009830
46750	-0.091123
46800	-0.048220
46850	-0.046354
46900	-0.107305
46950	0.092052
47000	0.233280
47050	0.140823
47100	0.210389
47150	0.308762
47200	0.215146
47250	0.132718
47300	0.016441
47350	0.118065
47400	0.014634
47450	-0.113946
47500	-0.167364
47550	-0.029094
47600	-0.007994
47650	0.051729
47700	0.050590
47750	-0.141761
47800	-0.119675
47850	-0.180611
47900	-0.213862
47950	0.037697
48000	-0.210931
48050	0.045408
48100	-0.058111
48150	-0.081527
48200	0.021204
48250	-0.029005
48300	-0.161258
48350	-0.030052
48400	-0.084117
48450	-0.049497
48500	-0.114571
48550	0.190550
48600	0.061236
48650	0.179451
48700	0.114536
48750	-0.034176
48800	0.034564
48850	0.171184
48900	0.197117
48950	-0.117681
49000	0.038172
49050	-0.084962
49100	-0.138795
49150	-0.143759
49200	-0.105582
49250	0.040948
49300	0.108648
49350	0.102636
49400	0.050155
49450	-0.027678
49500	-0.027294
49550	0.148918
49600	-0.081238
49650	0.112864
49700	0.226662
49750	0.001817
49800	0.033072
49850	0.090222
49900	0.100391
49950	-0.084023
50000	-0.012212
50050	0.039618
50100	0.455754
50150	-0.022001
50200	-0.041809
50250	0.177975
50300	-0.026806
50350	0.029168
50400	0.024523
50450	-0.027488
50500	0.082808
50550	-0.143221
50600	0.057426
50650	0.038467
50700	0.112900
50750	0.089217
50800	0.012377
50850	-0.029428
50900	-0.153008
50950	0.039491
51000	0.083770
51050	0.037293
51100	0.127966
51150	0.049013
51200	-0.019618
51250	0.051847
51300	0.127551
51350	0.048155
51400	0.023251
51450	0.081112
51500	-0.060610
51550	0.210854
51600	0.058280
51650	0.014934
51700	0.006267
51750	0.070619
51800	0.334218
51850	-0.109445
51900	0.166845
51950	0.158698
52000	0.083624
52050	0.005241
52100	-0.009811
52150	0.188618
52200	0.185090
52250	0.239803
52300	0.083879
52350	0.136022
52400	0.185371
52450	0.228456
52500	0.070363
52550	0.022151
52600	-0.037990
52650	0.343327
52700	-0.053286
52750	0.050046
52800	0.072351
52850	0.016413
52900	-0.100419
52950	0.287005
53000	0.052455
53050	0.310097
53100	0.191073
53150	-0.031923
53200	0.122863
53250	-0.018450
53300	0.144229
53350	0.037093
53400	0.045423
53450	0.187318
53500	0.145984
53550	-0.024633
53600	-0.115435
53650	-0.103850
53700	0.034049
53750	0.024866
53800	0.114129
53850	0.157477
53900	-0.176629
53950	-0.043299
54000	-0.039455
54050	0.108543
54100	-0.029320
54150	-0.152192
54200	0.000346
54250	0.090970
54300	0.093528
54350	0.123514
54400	-0.174178
54450	0.051210
54500	0.067034
54550	-0.084249
54600	0.148803
54650	0.075456
54700	-0.063196
54750	-0.282937
54800	0.002450
54850	0.029880
54900	-0.004955
54950	-0.001579
55000	0.076423
55050	0.003268
55100	0.095647
55150	0.114069
55200	-0.134739
55250	-0.059054
55300	-0.071968
55350	-0.021102
55400	0.113289
55450	0.266410
55500	-0.028453
55550	0.121494
55600	-0.178705
55650	0.000781
55700	0.004542
55750	0.016602
55800	0.225127
55850	0.050390
55900	0.137693
55950	-0.121774
56000	-0.025541
56050	-0.184631
56100	-0.175100
56150	-0.009905
56200	-0.072438
56250	0.030580
56300	0.152285
56350	0.088369
56400	-0.082124
56450	-0.048195
56500	-0.040234
56550	-0.000224
56600	0.068219
56650	0.086291
56700	-0.145505
56750	-0.078093
56800	0.030748
56850	0.028843
56900	0.052545
56950	0.122808
57000	0.132920
57050	-0.216641
57100	0.110644
57150	0.139010
57200	-0.061806
57250	0.056126
57300	-0.133301
57350	0.082511
57400	-0.117929
57450	0.014961
57500	0.007862
57550	0.284096
57600	0.032966
57650	-0.023242
57700	0.088668
57750	-0.105143
57800	0.030285
57850	-0.122456
57900	-0.031207
57950	0.107081
58000	0.095008
58050	0.088654
58100	0.061899
58150	-0.062343
58200	0.032239
58250	0.091826
58300	0.012030
58350	-0.105522
58400	0.030135
58450	-0.001721
58500	-0.282614
58550	-0.154972
58600	-0.198307
58650	-0.087638
58700	-0.011316
58750	-0.116184
58800	-0.084086
58850	0.073807
58900	0.040378
58950	-0.004007
59000	-0.024756
59050	-0.030139
59100	-0.109683
59150	0.089306
59200	-0.129581
59250	-0.021134
59300	0.036874
59350	-0.010826
59400	0.128314
59450	0.156884
59500	-0.000938
59550	0.079820
59600	-0.118535
59650	0.062414
59700	0.260849
59750	0.131870
59800	-0.045633
59850	0.136159
59900	0.225974
59950	0.225914
60000	0.141724
60050	0.241890
60100	0.019143
60150	0.208498
60200	0.272245
60250	0.024183
60300	-0.054331
60350	0.012585
60400	0.018857
60450	-0.013847
60500	0.029911
60550	0.098844
60600	-0.002229
60650	-0.120524
60700	-0.162268
60750	-0.185737
60800	-0.183017
60850	0.046481
60900	-0.160568
60950	-0.140514
61000	-0.020390
61050	0.083526
61100	-0.196783
61150	0.135727
61200	-0.056793
61250	0.004967
61300	0.241301
61350	-0.046322
61400	0.192063
61450	0.184578
61500	0.147685
61550	-0.009042
61600	-0.027856
61650	-0.000826
61700	-0.203485
61750	0.064503
61800	0.037579
61850	0.007495
61900	-0.085076
61950	-0.040969
62000	0.164267
62050	0.146705
62100	0.067757
62150	0.239209
62200	-0.150245
62250	0.015264
62300	0.234956
62350	0.119841
62400	-0.014055
62450	-0.064039
62500	-0.031760
62550	-0.031910
62600	-0.218349
62650	-0.019740
62700	-0.168902
62750	0.069553
62800	-0.077605
62850	0.058687
62900	-0.052249
62950	-0.126934
63000	0.166526
63050	0.173674
63100	0.191768
63150	-0.005759
63200	-0.138980
63250	0.079719
63300	-0.155147
63350	-0.001792
63400	-0.003102
63450	-0.101950
63500	0.109501
63550	-0.133083
63600	0.066638
63650	0.027910
63700	-0.074063
63750	0.112751
63800	0.083030
63850	0.134007
63900	0.056724
63950	0.306035
64000	0.091573
64050	-0.124444
64100	-0.018777
64150	0.055461
64200	0.127051
64250	-0.195212
64300	0.116196
64350	0.012784
64400	-0.091394
64450	0.133990
64500	0.059914
64550	0.013942
64600	0.179837
64650	0.209412
64700	0.129617
64750	-0.059293
64800	0.071332
64850	-0.111249
64900	0.033573
64950	0.106142
65000	0.072478
65050	-0.092516
65100	-0.016168
65150	0.086967
65200	-0.104094
65250	-0.072074
65300	-0.035071
65350	-0.058595
65400	-0.048230
65450	0.005854
65500	-0.156187
65550	-0.003640
65600	0.056727
65650	0.040834
65700	0.049274
65750	-0.032435
65800	-0.060186
65850	0.168005
65900	0.201736
65950	0.202524
66000	0.463364
66050	0.039115
66100	-0.187557
66150	-0.249549
66200	0.009977
66250	0.154268
66300	0.028248
66350	-0.053770
66400	0.107438
66450	-0.037786
66500	-0.040599
66550	-0.043453
66600	-0.014769
66650	0.056222
66700	-0.207425
66750	0.124299
66800	0.082885
66850	-0.051853
66900	0.060724
66950	-0.239419
67000	-0.015373
67050	0.003874
67100	0.066262
67150	-0.113181
67200	-0.203668
67250	-0.052968
67300	0.115010
67350	0.092471
67400	0.115359
67450	-0.021395
67500	-0.194267
67550	0.158020
67600	-0.057041
67650	-0.105566
67700	-0.026180
67750	-0.043481
67800	-0.047241
67850	0.170825
67900	0.165433
67950	0.097197
68000	-0.083536
68050	-0.081763
68100	0.065006
68150	0.126634
68200	0.029081
68250	-0.245237
68300	-0.267765
68350	-0.243442
68400	-0.139804
68450	-0.059536
68500	-0.123768
68550	-0.087595
68600	0.056912
68650	-0.304465
68700	-0.003603
68750	-0.187423
68800	-0.029152
68850	-0.108802
68900	-0.045272
68950	0.117869
69000	0.007084
69050	0.117037
69100	-0.255427
69150	0.065150
69200	0.361275
69250	0.201700
69300	0.020824
69350	0.161590
69400	-0.111893
69450	-0.070277
69500	-0.026465
69550	0.067344
69600	-0.230257
69650	-0.137795
69700	-0.026532
69750	0.077464
69800	0.025542
69850	0.088182
69900	-0.016784
69950	-0.132148
70000	0.163776
70050	-0.066057
70100	0.170734
70150	-0.060449
70200	0.011948
70250	0.247869
70300	-0.015082
70350	-0.234385
70400	0.112026
70450	0.004173
70500	0.064967
70550	0.013345
70600	-0.114368
70650	0.309405
70700	-0.102929
70750	0.105641
70800	0.106805
70850	0.268788
70900	-0.094125
70950	0.153722
71000	-0.124140
71050	0.040411
71100	-0.066980
71150	-0.052392
71200	-0.249387
71250	-0.175906
71300	0.025683
71350	0.127234
71400	0.057146
71450	-0.066454
71500	-0.068248
71550	-0.018124
71600	0.031871
71650	-0.130866
71700	0.081774
71750	-0.101887
71800	-0.238327
71850	0.113868
71900	-0.044912
71950	-0.036269
72000	-0.045259
72050	-0.019030
72100	0.084338
72150	-0.035486
72200	0.058447
72250	0.004116
72300	0.139333
72350	0.114372
72400	-0.047585
72450	0.014792
72500	-0.022573
72550	-0.003898
72600	0.083666
72650	-0.001198
72700	0.042186
72750	0.005578
72800	0.004552
72850	-0.286387
72900	0.026915
72950	0.164020
73000	0.057840
73050	-0.018825
73100	-0.302740
73150	-0.089210
73200	0.069612
73250	0.155940
73300	0.029977
73350	0.021005
73400	0.125214
73450	-0.016938
73500	0.096331
73550	0.146239
73600	-0.020477
73650	0.091000
73700	0.252919
73750	0.010552
73800	-0.224340
73850	-0.100006
73900	0.097886
73950	-0.052567
74000	0.005255
74050	-0.042110
74100	-0.088207
74150	-0.147585
74200	0.055046
74250	-0.118003
74300	0.031199
74350	-0.075347
74400	-0.065676
74450	-0.182921
74500	-0.083786
74550	0.010790
74600	0.059137
74650	0.004839
74700	0.139286
74750	0.052851
74800	-0.139468
74850	0.192992
74900	0.029413
74950	0.089490
75000	0.069755
75050	0.133899
75100	0.156494
75150	-0.008996
75200	-0.077817
75250	-0.128207
75300	0.114433
75350	-0.130300
75400	0.025418
75450	-0.045484
75500	0.193852
75550	-0.115359
75600	0.099193
75650	0.091807
75700	0.010531
75750	0.016093
75800	0.116337
75850	-0.040029
75900	0.047866
75950	0.136216
76000	0.077196
76050	-0.162801
76100	0.030873
76150	-0.082568
76200	0.023437
76250	-0.159997
76300	-0.064363
76350	-0.085208
76400	-0.118804
76450	-0.004400
76500	-0.021965
76550	-0.140786
76600	-0.183540
76650	0.159028
76700	-0.083493
76750	-0.246242
76800	-0.144102
76850	-0.115973
76900	0.060441
76950	-0.163572
77000	0.014475
77050	-0.183600
77100	-0.075133
77150	-0.148247
77200	-0.025155
77250	-0.056007
77300	-0.127507
77350	0.163932
77400	0.125462
77450	-0.099276
77500	0.048454
77550	0.053043
77600	-0.013818
77650	0.015252
77700	-0.045391
77750	0.076020
77800	-0.122632
77850	0.149260
77900	0.133673
77950	0.016408
78000	-0.159451
78050	0.098723
78100	0.017695
78150	-0.031114
78200	-0.023651
78250	0.123357
78300	-0.282690
78350	-0.163003
78400	-0.040611
78450	-0.174985
78500	0.058303
78550	0.069613
78600	-0.137375
78650	0.016911
78700	-0.025276
78750	-0.036199
78800	-0.015438
78850	-0.019024
78900	-0.061408
78950	0.087014
79000	-0.020343
79050	0.141821
79100	0.109627
79150	-0.034698
79200	-0.052148
79250	-0.153956
79300	-0.004473
79350	0.020390
79400	-0.120171
79450	-0.063388
79500	-0.129242
79550	0.055586
79600	0.016327
79650	-0.125740
79700	-0.016747
79750	-0.037184
79800	-0.123824
79850	-0.028373
79900	-0.128967
79950	-0.157759
80000	0.134153
80050	0.095924
80100	0.252484
80150	0.147521
80200	-0.043640
80250	-0.052612
80300	-0.008793
80350	0.196740
80400	0.230599
80450	-0.144292
80500	0.248070
80550	0.008320
80600	0.018340
80650	0.011691
80700	0.048035
80750	0.123566
80800	0.182171
80850	0.047830
80900	0.069570
80950	0.093043
81000	0.072525
81050	-0.058725
81100	-0.027059
81150	0.019327
81200	0.114284
81250	0.005725
81300	-0.170208
81350	0.050576
81400	0.125997
81450	0.039043
81500	-0.068272
81550	0.007781
81600	0.149538
81650	0.124571
81700	-0.188385
81750	-0.149235
81800	0.090123
81850	-0.088042
81900	-0.053844
81950	-0.068895
82000	-0.037484
82050	0.022335
82100	-0.067147
82150	0.055716
82200	0.264282
82250	-0.235677
82300	0.057294
82350	0.080666
82400	-0.019627
82450	-0.004078
82500	-0.166574
82550	-0.091677
82600	0.236330
82650	-0.000808
82700	0.012246
82750	0.052871
82800	-0.134876
82850	0.028191
82900	0.100159
82950	-0.066019
83000	-0.072999
83050	0.003795
83100	-0.108486
83150	0.143302
83200	0.223179
83250	-0.132515
83300	-0.199712
83350	-0.131697
83400	-0.018012
83450	-0.175883
83500	-0.066217
83550	0.009648
83600	0.074998
83650	-0.066877
83700	-0.101139
83750	0.160701
83800	0.054899
83850	0.049120
83900	-0.039882
83950	0.001415
84000	-0.033884
84050	0.095471
84100	0.037842
84150	0.052942
84200	-0.094502
84250	-0.095776
84300	0.078638
84350	0.040490
84400	-0.141541
84450	-0.179253
84500	0.014336
84550	-0.039407
84600	0.167253
84650	0.009112
84700	-0.142639
84750	-0.080547
84800	0.127954
84850	-0.130513
84900	0.224542
84950	0.108394
85000	0.047663
85050	-0.136875
85100	0.027701
85150	0.136691
85200	0.012228
85250	0.069889
85300	0.111221
85350	-0.067485
85400	0.007485
85450	0.052026
85500	0.178208
85550	0.243915
85600	0.100567
85650	-0.013432
85700	0.069494
85750	-0.107899
85800	0.028203
85850	0.050720
85900	-0.166320
85950	-0.166490
86000	0.001101
86050	0.026675
86100	0.020568
86150	0.001842
86200	-0.102995
86250	-0.065915
86300	-0.180668
86350	-0.069668
86400	0.191097
86450	0.005913
86500	-0.098011
86550	-0.050188
86600	0.034643
86650	-0.011032
86700	-0.104204
86750	0.024355
86800	0.073854
86850	-0.055454
86900	0.166740
86950	0.003090
87000	0.206076
87050	0.134723
87100	0.000005
87150	0.275278
87200	0.190626
87250	0.067789
87300	-0.016533
87350	-0.031669
87400	0.142038
87450	0.070923
87500	0.098787
87550	0.050252
87600	-0.008777
87650	-0.120744
87700	-0.024301
87750	-0.100855
87800	-0.156332
87850	0.033353
87900	-0.085696
87950	0.060658
88000	0.032910
88050	0.275307
88100	0.016145
88150	0.103748
88200	0.011653
88250	0.062691
88300	0.035626
88350	-0.090082
88400	0.107468
88450	-0.067116
88500	0.064504
88550	0.022073
88600	-0.159803
88650	-0.119874
88700	-0.131434
88750	0.050695
88800	-0.062522
88850	0.168253
88900	0.086908
88950	-0.005525
89000	-0.116161
89050	0.011384
89100	0.105499
89150	0.170855
89200	-0.148100
89250	0.080091
89300	-0.037815
89350	0.070216
89400	-0.146647
89450	0.062211
89500	0.118255
89550	0.006484
89600	-0.227966
89650	-0.090296
89700	-0.123721
89750	-0.008879
89800	0.150792
89850	0.010830
89900	0.159963
89950	0.072174
90000	0.100338
90050	-0.029595
90100	-0.009984
90150	-0.038826
90200	0.026419
90250	-0.138421
90300	-0.134747
90350	-0.257242
90400	-0.078671
90450	0.016591
90500	0.069777
90550	0.023849
90600	-0.080817
90650	0.037553
90700	-0.058183
90750	0.102354
90800	0.228646
90850	-0.262921
90900	0.106173
90950	-0.034970
91000	-0.092671
91050	0.074023
91100	-0.121968
91150	-0.058387
91200	0.043193
91250	-0.166484
91300	0.059503
91350	-0.002016
91400	-0.138487
91450	-0.352580
91500	-0.175842
91550	-0.136157
91600	-0.033637
91650	0.124107
91700	-0.144816
91750	-0.081405
91800	-0.089312
91850	0.077254
91900	0.057275
91950	-0.037871
92000	-0.089607
92050	0.165350
92100	-0.099000
92150	-0.169390
92200	-0.065664
92250	-0.267295
92300	0.111372
92350	0.106309
92400	-0.020140
92450	-0.011628
92500	-0.139520
92550	0.129497
92600	0.046553
92650	0.110278
92700	-0.042075
92750	0.072196
92800	0.078380
92850	0.012543
92900	-0.029498
92950	-0.191305
93000	-0.086227
93050	-0.242987
93100	0.070516
93150	-0.001319
93200	-0.099519
93250	-0.012178
93300	0.048210
93350	0.031547
93400	0.057189
93450	-0.096832
93500	0.228515
93550	0.214133
93600	-0.093815
93650	0.174767
93700	0.109773
93750	-0.046065
93800	0.039318
93850	0.137006
93900	-0.158995
93950	-0.055286
94000	-0.010278
94050	-0.008880
94100	-0.082047
94150	-0.066666
94200	-0.186167
94250	0.040308
94300	0.027303
94350	-0.004143
94400	0.124724
94450	-0.057560
94500	-0.327548
94550	-0.063900
94600	0.149888
94650	-0.023316
94700	0.060772
94750	0.044273
94800	0.057769
94850	-0.172162
94900	-0.196432
94950	0.097216
95000	-0.243384
95050	-0.144300
95100	-0.203298
95150	0.152675
95200	-0.080027
95250	-0.046861
95300	-0.123180
95350	-0.012221
95400	-0.059861
95450	-0.060556
95500	-0.037612
95550	0.011383
95600	-0.030831
95650	-0.096736
95700	0.099002
95750	-0.092244
95800	-0.129852
95850	0.143659
95900	0.142431
95950	-0.082654
96000	-0.104230
96050	-0.080072
96100	0.103658
96150	0.195965
96200	0.080788
96250	-0.010739
96300	0.161373
96350	0.239846
96400	0.121142
96450	-0.009256
96500	0.037041
96550	0.018313
96600	0.020183
96650	0.092970
96700	0.009788
96750	-0.044204
96800	0.088449
96850	0.326179
96900	-0.038092
96950	0.097024
97000	-0.087010
97050	0.058445
97100	0.090231
97150	0.009280
97200	0.059476
97250	0.163247
97300	0.185085
97350	-0.027238
97400	0.066458
97450	0.036392
97500	-0.032692
97550	0.152494
97600	0.004570
97650	0.117379
97700	-0.076112
97750	0.091390
97800	0.036348
97850	0.063442
97900	0.060630
97950	0.031547
98000	0.135930
98050	0.085582
98100	0.007879
98150	-0.135943
98200	-0.192743
98250	-0.052045
98300	-0.031784
98350	0.275780
98400	-0.033921
98450	-0.059778
98500	-0.013564
98550	0.184728
98600	0.069137
98650	0.090929
98700	-0.017425
98750	0.026856
98800	0.257520
98850	0.184866
98900	0.046008
98950	-0.145521
99000	-0.196784
99050	-0.063386
99100	-0.063161
99150	-0.160903
99200	-0.213283
99250	-0.119585
99300	-0.066562
99350	0.043250
99400	0.075687
99450	-0.111906
99500	-0.030072
99550	-0.172862
99600	-0.018659
99650	0.201141
99700	0.053901
99750	-0.032988
99800	-0.059215
99850	0.046130
99900	-0.012178
99950	0.119379
100000	-0.095397
100050	-0.058197
100100	-0.208110
100150	0.080904
100200	-0.019879
100250	0.036339
100300	-0.177715
100350	-0.264083
100400	-0.091810
100450	-0.186109
100500	-0.172472
100550	-0.176251
100600	-0.096126
100650	-0.141946
100700	0.205226
100750	-0.110296
100800	-0.177391
100850	-0.026805
100900	0.308989
100950	-0.082520
101000	0.185095
101050	0.039195
101100	-0.122224
101150	0.044259
101200	-0.011429
101250	-0.127503
101300	-0.060934
101350	0.045316
101400	0.197617
101450	-0.231382
101500	0.011402
101550	-0.051084
101600	0.023195
101650	-0.113086
101700	-0.035150
101750	-0.186920
101800	-0.063272
101850	-0.149900
101900	0.104467
101950	-0.091987
102000	0.178020
102050	0.000985
102100	-0.072413
102150	-0.182122
102200	-0.175940
102250	-0.097986
102300	0.045931
102350	0.089012
102400	0.143001
102450	-0.179198
102500	-0.001097
102550	0.171833
102600	-0.030911
102650	0.065828
102700	-0.062456
102750	-0.215859
102800	0.123824
102850	-0.107951
102900	-0.033242
102950	-0.260544
103000	-0.237564
103050	0.115300
103100	-0.112521
103150	-0.088942
103200	0.135156
103250	0.060838
103300	-0.184059
103350	-0.179774
103400	0.043525
103450	0.074000
103500	0.120840
103550	0.082438
103600	-0.013788
103650	-0.070358
103700	0.024381
103750	-0.149239
103800	0.188341
103850	0.130788
103900	0.140583
103950	0.128404
104000	0.265703
104050	-0.235135
104100	0.039828
104150	-0.120358
104200	0.078018
104250	-0.000268
104300	-0.147211
104350	-0.228094
104400	0.073755
104450	0.135197
104500	-0.169752
104550	-0.065645
104600	-0.098530
104650	0.141487
104700	-0.043443
104750	-0.080812
104800	-0.035153
104850	-0.156539
104900	0.003483
104950	-0.115656
105000	0.130134
105050	0.080242
105100	0.153064
105150	-0.025516
105200	-0.078040
105250	-0.015244
105300	0.188170
105350	0.146072
105400	0.196234
105450	-0.103753
105500	-0.103742
105550	0.291056
105600	0.039109
105650	-0.083632
105700	-0.027800
105750	0.068124
105800	-0.026703
105850	-0.002888
105900	0.093558
105950	0.099195
106000	0.185575
106050	-0.200446
106100	-0.077496
106150	-0.052058
106200	-0.124014
106250	0.010314
106300	-0.105770
106350	0.139699
106400	0.454057
106450	0.199949
106500	-0.188437
106550	-0.078697
106600	-0.082009
106650	0.089076
106700	-0.054596
106750	0.144701
106800	-0.047532
106850	0.188763
106900	-0.038467
106950	-0.121580
107000	-0.008797
107050	0.029898
107100	0.075190
107150	0.029890
107200	0.048809
107250	0.059880
107300	0.203526
107350	0.041358
107400	-0.184386
107450	-0.073781
107500	0.016184
107550	0.004066
107600	0.186844
107650	0.105877
107700	0.034217
107750	0.018669
107800	0.214727
107850	0.006025
107900	-0.124356
107950	-0.063298
108000	0.097587
108050	-0.105265
108100	-0.111150
108150	-0.177439
108200	-0.277327
108250	0.242673
108300	0.141540
108350	0.102469
108400	-0.152848
108450	-0.188517
108500	0.061571
108550	0.127041
108600	0.028929
108650	-0.104454
108700	-0.105755
108750	-0.119058
108800	0.098609
108850	0.052353
108900	-0.094582
108950	-0.011590
109000	-0.066452
109050	0.045289
109100	0.115595
109150	0.053173
109200	-0.000012
109250	-0.125339
109300	0.298706
109350	0.064745
109400	-0.132147
109450	-0.134028
109500	-0.152678
109550	-0.009712
109600	0.252304
109650	-0.046381
109700	0.038925
109750	0.336851
109800	-0.144925
109850	0.024559
109900	0.043900
109950	0.066372
110000	-0.026674
110050	0.020919
110100	0.221138
110150	0.050309
110200	0.107307
110250	-0.121475
110300	0.077308
110350	0.012694
110400	-0.020907
110450	0.141223
110500	-0.007384
110550	-0.238898
110600	-0.366070
110650	-0.086924
110700	0.048173
110750	-0.031858
110800	0.012015
110850	0.036072
110900	-0.164643
110950	-0.005078
111000	0.156398
111050	0.077526
111100	-0.168427
111150	-0.215405
111200	-0.022212
111250	-0.018536
111300	0.102265
111350	-0.197358
111400	-0.064149
111450	0.038716
111500	-0.023122
111550	0.221839
111600	0.003725
111650	-0.041702
111700	0.251898
111750	-0.007189
111800	-0.067805
111850	0.025525
111900	-0.171152
111950	-0.107380
112000	-0.146914
112050	-0.020321
112100	0.159429
112150	0.177108
112200	-0.111828
112250	0.016701
112300	-0.200577
112350	-0.006768
112400	0.021278
112450	0.405639
112500	0.065897
112550	-0.040996
112600	-0.045189
112650	0.022314
112700	-0.012047
112750	0.122750
112800	0.062839
112850	-0.011071
112900	0.124765
112950	0.088959
113000	-0.127464
113050	-0.026214
113100	-0.069691
113150	-0.079051
113200	0.127983
113250	0.070311
113300	0.033407
113350	0.078291
113400	0.011349
113450	-0.048530
113500	0.083820
113550	-0.009269
113600	-0.101552
113650	-0.071553
113700	0.095662
113750	0.019219
113800	0.047563
113850	-0.185704
113900	-0.198095
113950	-0.137584
114000	-0.227354
114050	-0.168441
114100	-0.215696
114150	-0.374607
114200	-0.152882
114250	-0.063525
114300	0.109226
114350	0.007606
114400	-0.169316
114450	-0.046968
114500	0.046173
114550	0.127892
114600	-0.205659
114650	-0.333923
114700	0.149227
114750	0.190968
114800	0.347166
114850	0.135345
114900	0.086480
114950	0.060528
115000	-0.000864
115050	0.032973
115100	0.198597
115150	-0.077323
115200	-0.027289
115250	-0.035721
115300	-0.105090
115350	0.042602
115400	-0.098376
115450	0.018122
115500	-0.229231
115550	-0.142807
115600	0.037377
115650	0.027724
115700	-0.154563
115750	0.048370
115800	-0.089969
115850	-0.092221
115900	0.239111
115950	0.045801
116000	0.152894
116050	0.029348
116100	-0.143879
116150	0.152023
116200	0.075676
116250	0.105498
116300	0.055843
116350	0.241790
116400	0.043261
116450	0.184122
116500	0.154821
116550	0.084884
116600	0.129647
116650	0.255236
116700	0.173954
116750	0.042512
116800	-0.025916
116850	0.005610
116900	0.112749
116950	0.255727
117000	-0.010630
117050	0.155704
117100	0.118648
117150	0.066300
117200	0.021352
117250	0.066994
117300	0.136544
117350	0.025599
117400	0.006821
117450	-0.050910
117500	-0.122256
117550	-0.233226
117600	0.068798
117650	-0.226015
117700	-0.118746
117750	-0.090197
117800	0.063434
117850	0.197622
117900	-0.018977
117950	-0.127874
118000	0.148806
118050	-0.111416
118100	0.096562
118150	0.084508
118200	0.158178
118250	-0.114630
118300	0.134455
118350	0.086106
118400	0.060207
118450	0.070152
118500	-0.153714
118550	-0.044280
118600	0.077466
118650	0.117973
118700	0.114706
118750	0.051793
118800	-0.119161
118850	0.104870
118900	0.149442
118950	0.129567
119000	0.012394
119050	-0.012256
119100	-0.057736
119150	-0.107120
119200	0.003826
119250	-0.054854
119300	-0.029277
119350	-0.021228
119400	0.052662
119450	0.037470
119500	-0.114019
119550	-0.223684
119600	-0.099777
119650	-0.045205
119700	-0.075108
119750	-0.014982
119800	-0.100178
119850	0.025835
119900	-0.085480
119950	0.098349
120000	-0.038765
120050	-0.020684
120100	-0.084168
120150	0.141838
120200	0.028440
120250	0.150461
120300	-0.012466
120350	0.218590
120400	0.080701
120450	-0.070104
120500	0.055794
120550	-0.200469
120600	-0.051261
120650	-0.379001
120700	-0.024960
120750	-0.030837
120800	0.032333
120850	-0.039541
120900	-0.084295
120950	0.006271
121000	-0.021117
121050	-0.011193
121100	0.044371
121150	0.186301
121200	0.091918
121250	-0.002614
121300	0.108364
121350	-0.012422
121400	0.224026
121450	-0.008021
121500	-0.097438
121550	-0.056529
121600	0.042455
121650	-0.002051
121700	0.006098
121750	0.033177
121800	0.014689
121850	0.081687
121900	0.140962
121950	-0.153862
122000	0.033085
122050	0.097640
122100	0.038542
122150	0.037897
122200	0.035347
122250	0.019343
122300	0.162685
122350	-0.068677
122400	-0.015500
122450	-0.214063
122500	-0.070150
122550	-0.166292
122600	-0.118800
122650	-0.210778
122700	0.046178
122750	0.162326
122800	0.095672
122850	-0.065697
122900	-0.204643
122950	-0.124609
123000	0.019619
123050	-0.037304
123100	0.060527
123150	0.023846
123200	0.048331
123250	-0.039944
123300	-0.117457
123350	0.103116
123400	-0.046548
123450	0.010915
123500	-0.105997
123550	-0.170619
123600	-0.219676
123650	-0.061045
123700	0.028680
123750	0.163943
123800	0.038563
123850	-0.119504
123900	0.065660
123950	-0.140123
124000	0.100780
124050	0.053412
124100	-0.083233
124150	0.098543
124200	0.078784
124250	-0.032298
124300	-0.065897
124350	0.055187
124400	-0.047238
124450	-0.010701
124500	0.129777
124550	0.009914
124600	-0.053004
124650	-0.034656
124700	0.460717
124750	0.080702
124800	0.061760
124850	0.039255
124900	-0.007918
124950	0.018120
125000	0.333217
125050	0.099005
125100	0.076976
125150	-0.050783
125200	0.327231
125250	0.097281
125300	0.063581
125350	-0.111184
125400	-0.247616
125450	-0.260556
125500	-0.219232
125550	-0.178718
125600	-0.023027
125650	-0.063898
125700	-0.288895
125750	-0.109846
125800	-0.174442
125850	-0.206402
125900	-0.028745
125950	-0.092024
126000	0.057755
126050	0.061564
126100	-0.063383
126150	-0.091706
126200	-0.033679
126250	-0.119496
126300	0.183800
126350	0.361464
126400	0.094628
126450	-0.170548
126500	-0.010897
126550	0.149913
126600	0.137907
126650	0.266050
126700	0.140340
126750	0.037638
126800	-0.123771
126850	-0.207045
126900	-0.018062
126950	-0.069380
127000	-0.034735
127050	0.042658
127100	0.158242
127150	0.119327
127200	0.165562
127250	0.160730
127300	-0.009347
127350	0.042761
127400	0.033148
127450	0.011692
127500	0.081325
127550	-0.091939
127600	-0.173067
127650	0.078044
127700	0.182840
127750	0.014247
127800	-0.228690
127850	-0.279029
127900	0.146759
127950	0.020261
128000	-0.088183
128050	0.050779
128100	-0.083972
128150	-0.037802
128200	-0.217457
128250	-0.108428
128300	-0.026092
128350	0.171965
128400	-0.075207
128450	0.123599
128500	0.169997
128550	0.011522
128600	-0.015870
128650	-0.010335
128700	0.031110
128750	-0.100757
128800	-0.355685
128850	-0.089147
128900	0.102266
128950	-0.044993
129000	-0.234540
129050	-0.063403
129100	-0.010519
129150	0.133421
129200	0.100514
129250	-0.114266
129300	-0.070698
129350	-0.003949
129400	-0.105655
129450	-0.254048
129500	-0.139114
129550	0.148074
129600	-0.044475
129650	-0.049976
129700	-0.118427
129750	-0.155703
129800	-0.057561
129850	0.119831
129900	0.254830
129950	0.266799
130000	0.178276
130050	0.048684
130100	-0.048583
130150	0.000988
130200	0.057865
130250	-0.119453
130300	-0.181931
130350	-0.149452
130400	-0.064746
130450	-0.143679
130500	-0.368328
130550	-0.035992
130600	-0.117329
130650	-0.385573
130700	-0.056453
130750	0.178321
130800	0.019684
130850	0.209137
130900	0.072318
130950	-0.152008
131000	-0.135154
131050	-0.012650
131100	0.044820
131150	0.188327
131200	0.227006
131250	0.093512
131300	0.163006
131350	0.022423
131400	0.055032
131450	0.168626
131500	0.253095
131550	-0.017511
131600	0.084664
131650	0.150059
131700	0.078230
131750	0.061487
131800	0.125926
131850	0.086394
131900	0.276168
131950	-0.084485
132000	-0.061085
132050	0.124724
132100	0.065605
132150	0.076473
132200	-0.037164
132250	-0.209268
132300	-0.049581
132350	0.165074
132400	0.221199
132450	0.260804
132500	0.177847
132550	0.014082
132600	0.045133
132650	-0.036088
132700	0.064133
132750	0.169597
132800	0.098704
132850	-0.116378
132900	-0.026968
132950	-0.191561
133000	-0.045092
133050	-0.222663
133100	-0.113288
133150	0.059575
133200	0.049940
133250	-0.112189
133300	-0.064780
133350	-0.024102
133400	-0.097971
133450	-0.088290
133500	0.133331
133550	-0.192727
133600	0.068464
133650	0.160801
133700	0.045869
133750	-0.171237
133800	-0.198964
133850	0.130957
133900	-0.012686
133950	0.053639
134000	0.122338
134050	0.010514
134100	0.033223
134150	0.171692
134200	0.039162
134250	-0.018988
134300	0.063993
134350	0.214941
134400	0.147179
134450	0.077026
134500	0.266731
134550	0.062870
134600	0.154704
134650	0.021786
134700	0.009472
134750	-0.023952
134800	0.319147
134850	0.235611
134900	0.040244
134950	-0.147863
135000	0.115981
135050	0.099415
135100	0.104266
135150	0.218083
135200	0.106476
135250	0.177860
135300	-0.004124
135350	0.063733
135400	0.162021
135450	0.006563
135500	0.240493
135550	0.157930
135600	0.116878
135650	0.243733
135700	-0.110750
135750	0.101498
135800	0.160642
135850	0.203999
135900	0.270656
135950	0.124612
136000	-0.080667
136050	0.017603
136100	-0.045287
136150	-0.052975
136200	0.061986
136250	0.109093
136300	-0.130920
136350	0.125987
136400	0.024401
136450	-0.000005
136500	-0.021308
136550	-0.146570
136600	-0.109539
136650	0.168153
136700	-0.091684
136750	-0.000829
136800	-0.046124
136850	0.090742
136900	0.089891
136950	-0.131587
137000	0.005378
137050	0.060407
137100	-0.032993
137150	-0.059600
137200	-0.054907
137250	-0.102444
137300	0.054341
137350	0.006582
137400	0.033917
137450	0.111588
137500	0.178745
137550	0.113633
137600	0.103587
137650	0.153554
137700	0.203850
137750	0.148584
137800	0.212405
137850	-0.076328
137900	0.060359
137950	-0.130349
138000	-0.123301
138050	0.291131
138100	0.129990
138150	0.001418
138200	0.216581
138250	0.127801
138300	-0.201288
138350	0.191806
138400	-0.078592
138450	0.161616
138500	-0.015408
138550	0.034374
138600	0.043256
138650	0.056747
138700	0.012239
138750	-0.081096
138800	-0.101516
138850	0.061233
138900	-0.100042
138950	-0.110081
139000	0.080949
139050	0.043308
139100	-0.011657
139150	-0.077333
139200	0.022579
139250	-0.115800
139300	-0.011262
139350	-0.000002
139400	0.216396
139450	0.200001
139500	-0.115819
139550	0.060709
139600	0.104067
139650	0.320564
139700	0.061512
139750	0.179680
139800	-0.050149
139850	0.174029
139900	-0.035457
139950	-0.048818
140000	0.057095
140050	0.025574
140100	0.274597
140150	0.095095
140200	0.070032
140250	0.225985
140300	0.124459
140350	0.093967
140400	0.036537
140450	-0.006486
140500	0.021288
140550	-0.072178
140600	0.018094
140650	-0.084078
140700	0.039792
140750	-0.124945
140800	-0.022474
140850	-0.096708
140900	-0.050154
140950	-0.058091
141000	-0.055825
141050	0.101042
141100	0.138420
141150	0.046311
141200	0.161945
141250	0.124778
141300	-0.009331
141350	0.059735
141400	0.306707
141450	0.098948
141500	0.048347
141550	0.058471
141600	0.162435
141650	0.155845
141700	0.024641
141750	0.221270
141800	0.110205
141850	0.023036
141900	0.135778
141950	-0.033288
142000	-0.088476
142050	-0.063660
142100	0.017634
142150	0.125654
142200	0.038098
142250	0.119916
142300	0.092442
142350	0.185850
142400	0.150149
142450	0.131246
142500	0.176232
142550	0.445124
142600	-0.043201
142650	0.026835
142700	-0.185364
142750	-0.030910
142800	-0.020091
142850	0.046515
142900	0.089094
142950	-0.014902
143000	0.150269
143050	-0.148706
143100	0.094831
143150	-0.200675
143200	0.058552
143250	0.111073
143300	-0.189890
143350	0.019964
143400	0.085384
143450	0.082162
143500	0.019191
143550	0.147564
143600	0.041612
143650	0.317340
143700	-0.005410
143750	-0.116702
143800	0.027752
143850	-0.021381
143900	-0.007658
143950	0.224545
144000	0.157613
144050	0.084314
144100	-0.163078
144150	-0.071907
144200	-0.270297
144250	0.214792
144300	0.021120
144350	0.103917
144400	-0.137711
144450	0.165109
144500	0.134890
144550	-0.060428
144600	0.019716
144650	0.160433
144700	0.052244
144750	-0.062693
144800	-0.057927
144850	0.017245
144900	-0.081503
144950	0.098579
145000	-0.201599
145050	-0.092836
145100	-0.001103
145150	-0.037048
145200	-0.003685
145250	0.162935
145300	-0.069633
145350	0.184584
145400	-0.147994
145450	0.062685
145500	0.015649
145550	-0.133798
145600	0.018132
145650	0.011326
145700	-0.065647
145750	-0.071131
145800	0.091485
145850	0.108929
145900	-0.033514
145950	0.273782
146000	-0.108923
146050	0.194767
146100	0.121311
146150	-0.097949
146200	-0.056460
146250	-0.021386
146300	-0.028710
146350	0.010516
146400	-0.016763
146450	0.000583
146500	0.143988
146550	-0.111502
146600	0.044695
146650	-0.121142
146700	0.125959
146750	0.023126
146800	0.113606
146850	-0.021926
146900	0.203309
146950	0.065867
147000	-0.028555
147050	0.028193
147100	0.097307
147150	-0.056151
147200	0.123229
147250	0.170515
147300	-0.077644
147350	0.213307
147400	0.157468
147450	0.001962
147500	0.086651
147550	-0.012505
147600	0.033969
147650	-0.147569
147700	-0.221328
147750	-0.227581
147800	0.019661
147850	-0.121585
147900	-0.010903
147950	-0.213258
148000	-0.034016
148050	0.279107
148100	0.203983
148150	-0.116734
148200	-0.020344
148250	-0.172361
148300	0.112994
148350	-0.112097
148400	0.045369
148450	0.016030
148500	0.231659
148550	0.171133
148600	-0.047398
148650	-0.020043
148700	0.001850
148750	-0.273086
148800	-0.356117
148850	-0.072439
148900	-0.123336
148950	-0.132840
149000	0.185342
149050	-0.151371
149100	-0.081635
149150	-0.158317
149200	0.042543
149250	-0.101810
149300	0.085885
149350	0.028622
149400	-0.045045
149450	0.256598
149500	-0.031342
149550	-0.156872
149600	-0.248584
149650	-0.193286
149700	0.045510
149750	0.055451
149800	0.103947
149850	0.083378
149900	-0.143993
149950	0.169049
150000	0.177697
150050	0.142748
150100	-0.014401
150150	0.124891
150200	-0.131104
150250	-0.090290
150300	-0.005288
150350	0.038501
150400	0.018213
150450	-0.052135
150500	0.078106
150550	-0.162176
150600	0.019375
150650	0.081601
150700	0.032322
150750	-0.026339
150800	0.200465
150850	0.113097
150900	-0.154399
150950	-0.046536
151000	-0.022440
151050	-0.040774
151100	0.076313
151150	0.056195
151200	0.074647
151250	-0.103063
151300	-0.071007
151350	0.033747
151400	-0.102622
151450	-0.151222
151500	-0.190665
151550	0.092643
151600	-0.013365
151650	0.075716
151700	-0.131439
151750	-0.090700
151800	0.051946
151850	0.088218
151900	-0.254308
151950	0.148442
152000	-0.136067
152050	-0.133131
152100	-0.067219
152150	-0.100561
152200	-0.145820
152250	0.022692
152300	-0.115109
152350	0.014926
152400	-0.129792
152450	0.127159
152500	-0.003206
152550	-0.204978
152600	0.143292
152650	0.055610
152700	0.117836
152750	0.032972
152800	0.032465
152850	-0.020283
152900	-0.303932
152950	0.012422
153000	-0.271491
153050	0.172144
153100	-0.078028
153150	-0.161005
153200	-0.112174
153250	-0.190950
153300	-0.223822
153350	-0.139760
153400	-0.222659
153450	-0.008382
153500	-0.038059
153550	-0.074848
153600	-0.164483
153650	0.028592
153700	0.084279
153750	-0.234685
153800	-0.010317
153850	-0.028456
153900	-0.099641
153950	0.072667
154000	-0.156429
154050	0.037265
154100	-0.054045
154150	-0.168002
154200	-0.075438
154250	-0.006631
154300	-0.046240
154350	0.133097
154400	-0.158185
154450	0.026207
154500	0.131217
154550	-0.227140
154600	-0.070824
154650	-0.000831
154700	-0.072300
154750	0.209914
154800	0.248944
154850	-0.155769
154900	-0.102208
154950	-0.379945
155000	-0.335410
155050	0.030991
155100	-0.108415
155150	-0.077438
155200	-0.094890
155250	-0.066495
155300	-0.080670
155350	0.058272
155400	0.004769
155450	-0.026444
155500	0.201157
155550	0.031800
155600	-0.205002
155650	-0.174534
155700	-0.072788
155750	-0.154985
155800	0.205498
155850	0.234434
155900	-0.012117
155950	0.080093
156000	-0.190639
156050	0.153290
156100	-0.112007
156150	-0.094875
156200	-0.051141
156250	-0.253834
156300	0.008980
156350	0.103282
156400	-0.046621
156450	-0.015841
156500	0.035340
156550	-0.213723
156600	-0.201362
156650	-0.163828
156700	0.083283
156750	0.165230
156800	0.094095
156850	-0.022159
156900	-0.027635
156950	0.012556
157000	-0.168540
157050	0.073580
157100	0.117456
157150	0.075858
157200	0.044655
157250	-0.020335
157300	-0.100870
157350	-0.046929
157400	-0.171280
157450	-0.017801
157500	0.180166
157550	0.086337
157600	-0.047207
157650	-0.016497
157700	-0.198700
157750	0.005865
157800	0.043220
157850	0.138524
157900	-0.125844
157950	0.049682
158000	-0.191717
158050	0.017046
158100	0.055152
158150	-0.333200
158200	-0.137734
158250	-0.074562
158300	-0.165846
158350	0.107797
158400	0.040216
158450	0.137963
158500	0.139371
158550	-0.115607
158600	0.006610
158650	-0.168759
158700	-0.189651
158750	-0.112697
158800	0.080934
158850	0.237943
158900	-0.104687
158950	-0.076471
159000	-0.027493
159050	-0.001097
159100	0.035749
159150	-0.005112
159200	-0.158968
159250	-0.003370
159300	-0.255905
159350	-0.107237
159400	0.126457
159450	-0.005267
159500	0.133527
159550	-0.036014
159600	0.000270
159650	-0.084519
159700	0.196814
159750	0.162412
159800	-0.187206
159850	0.050311
159900	0.116106
159950	0.101562
160000	0.077552
160050	-0.066562
160100	-0.048482
160150	-0.170717
160200	0.088918
160250	0.054020
160300	0.133981
160350	-0.100034
160400	0.052091
160450	0.109895
160500	-0.052767
160550	-0.038587
160600	-0.009028
160650	0.157755
160700	-0.148488
160750	-0.049882
160800	-0.147412
160850	-0.052516
160900	-0.212571
160950	-0.018235
161000	-0.149710
161050	-0.055233
161100	-0.001458
161150	0.212378
161200	0.145823
161250	-0.070992
161300	-0.133721
161350	-0.001795
161400	-0.137478
161450	-0.147250
161500	-0.070693
161550	-0.009689
161600	0.024624
161650	-0.032297
161700	0.001706
161750	-0.137752
161800	0.047108
161850	-0.004154
161900	-0.061033
161950	0.050169
162000	-0.089470
162050	-0.020858
162100	-0.069338
162150	0.199365
162200	0.052852
162250	0.000705
162300	0.152591
162350	0.156310
162400	-0.081758
162450	0.106537
162500	0.104488
162550	0.017346
162600	0.177055
162650	0.063668
162700	-0.058786
162750	-0.108959
162800	0.173994
162850	0.073990
162900	0.178221
162950	0.058073
163000	0.124057
163050	-0.023055
163100	-0.112775
163150	0.115147
163200	0.095253
163250	-0.158023
163300	-0.145349
163350	0.056885
163400	0.076839
163450	0.114319
163500	-0.024249
163550	-0.108604
163600	0.027849
163650	-0.062738
163700	-0.051802
163750	-0.070922
163800	-0.032133
163850	-0.006165
163900	0.198592
163950	0.009764
164000	0.056643
164050	-0.052021
164100	0.013875
164150	0.021544
164200	-0.195009
164250	-0.053927
164300	-0.006377
164350	0.063530
164400	0.077323
164450	0.183885
164500	0.187924
164550	0.192104
164600	-0.144327
164650	0.145341
164700	-0.000146
164750	-0.034289
164800	0.058295
164850	0.017088
164900	-0.200379
164950	0.009328
165000	-0.072491
165050	0.041101
165100	-0.057821
165150	0.061196
165200	0.134461
165250	0.028174
165300	0.029483
165350	-0.205001
165400	-0.034324
165450	-0.034636
165500	-0.120941
165550	0.274651
165600	0.108751
165650	-0.164118
165700	0.100622
165750	0.136480
165800	0.063322
165850	-0.144910
165900	-0.001789
165950	0.018646
166000	-0.009139
166050	-0.020020
166100	-0.073519
166150	-0.172817
166200	-0.011097
166250	0.014762
166300	-0.002022
166350	-0.115453
166400	0.044192
166450	0.306870
166500	-0.029108
166550	0.091557
166600	0.075724
166650	0.029630
166700	-0.001133
166750	0.020621
166800	0.103814
166850	-0.031426
166900	0.261745
166950	-0.095325
167000	0.274560
167050	0.038549
167100	-0.073533
167150	0.058249
167200	-0.068274
167250	0.180860
167300	0.164727
167350	0.014506
167400	0.243968
167450	0.047076
167500	0.115457
167550	0.193784
167600	0.055307
167650	0.076413
167700	0.198709
167750	-0.085179
167800	0.136633
167850	-0.034893
167900	-0.040740
167950	-0.010555
168000	0.145727
168050	-0.155623
168100	-0.073336
168150	-0.101282
168200	-0.097544
168250	-0.055747
168300	-0.000578
168350	-0.063184
168400	-0.064122
168450	0.199093
168500	0.198528
168550	0.055295
168600	-0.054793
168650	-0.023677
168700	-0.035903
168750	-0.089570
168800	0.025221
168850	0.031238
168900	0.081409
168950	0.064909
169000	0.198305
169050	0.020979
169100	0.034167
169150	-0.189529
169200	-0.119401
169250	-0.115373
169300	0.201464
169350	0.027849
169400	0.089838
169450	-0.127232
169500	0.014918
169550	-0.173704
169600	-0.089894
169650	0.080585
169700	0.133902
169750	-0.000238
169800	0.030830
169850	0.018846
169900	-0.007757
169950	0.087339
170000	-0.091162
170050	-0.049777
170100	0.207396
170150	0.298956
170200	-0.125699
170250	0.135575
170300	-0.021320
170350	0.085157
170400	0.119418
170450	0.070571
170500	-0.061558
170550	-0.001208
170600	0.017604
170650	-0.057164
170700	0.227665
170750	-0.050981
170800	-0.132620
170850	-0.005162
170900	-0.160346
170950	0.169467
171000	0.093767
171050	0.118140
171100	0.028001
171150	0.128931
171200	0.204376
171250	-0.095844
171300	0.038395
171350	-0.157092
171400	-0.014280
171450	-0.367509
171500	-0.130701
171550	0.036436
171600	0.328098
171650	-0.030383
171700	-0.151332
171750	-0.192580
171800	0.019329
171850	-0.120585
171900	-0.045177
171950	-0.122179
172000	-0.122929
172050	-0.143771
172100	-0.106604
172150	-0.002032
172200	0.069609
172250	-0.333551
172300	-0.017123
172350	-0.009297
172400	-0.099691
172450	0.026406
172500	-0.066692
172550	-0.107906
172600	0.066919
172650	0.126006
172700	-0.021703
172750	0.004750
172800	-0.051538
172850	-0.117079
172900	0.198211
172950	-0.034313
173000	0.005438
173050	-0.119664
173100	-0.183301
173150	0.132242
173200	-0.009332
173250	-0.086146
173300	-0.119541
173350	-0.187363
173400	-0.102630
173450	0.016933
173500	-0.041695
173550	-0.013807
173600	-0.163226
173650	0.190228
173700	0.039793
173750	-0.074500
173800	-0.062584
173850	0.120372
173900	0.188004
173950	0.209788
174000	0.022411
174050	0.072870
174100	-0.033758
174150	-0.122471
174200	-0.078506
174250	-0.092866
174300	-0.046537
174350	-0.135476
174400	-0.016467
174450	-0.050199
174500	-0.215371
174550	0.063821
174600	-0.088810
174650	-0.205908
174700	-0.002249
174750	-0.027120
174800	0.156476
174850	-0.111914
174900	0.014858
174950	-0.165247
175000	-0.074553
175050	-0.237019
175100	-0.026994
175150	0.109740
175200	0.204771
175250	0.159883
175300	-0.171460
175350	0.032592
175400	-0.278205
175450	-0.021857
175500	-0.046462
175550	-0.063302
175600	0.224423
175650	-0.140703
175700	0.096070
175750	0.060964
175800	-0.039118
175850	0.007718
175900	-0.064283
175950	0.083412
176000	0.007554
176050	0.041663
176100	-0.089201
176150	0.071434
176200	0.198068
176250	-0.071880
176300	0.053026
176350	-0.110891
176400	0.141647
176450	-0.016145
176500	0.014701
176550	-0.228306
176600	-0.076602
176650	-0.055299
176700	0.058689
176750	-0.034443
176800	-0.072686
176850	0.140608
176900	-0.085850
176950	-0.015158
177000	0.070403
177050	-0.129811
177100	-0.133969
177150	0.172041
177200	-0.121680
177250	-0.018020
177300	0.255892
177350	-0.024346
177400	0.023836
177450	0.006533
177500	-0.009345
177550	-0.009200
177600	-0.124126
177650	-0.093281
177700	0.212857
177750	-0.081826
177800	0.019756
177850	-0.031759
177900	0.125038
177950	-0.145623
178000	0.220430
178050	0.167335
178100	0.157992
178150	0.242041
178200	0.178581
178250	0.233103
178300	0.096152
178350	0.045448
178400	-0.033246
178450	0.356757
178500	-0.158790
178550	0.035991
178600	0.115799
178650	-0.095479
178700	0.104600
178750	-0.096799
178800	-0.058395
178850	-0.304340
178900	-0.254170
178950	0.014492
179000	-0.193933
179050	-0.365530
179100	-0.048991
179150	0.140781
179200	0.203098
179250	0.011939
179300	0.014960
179350	-0.037303
179400	0.133777
179450	0.004740
179500	0.188456
179550	-0.073731
179600	0.198116
179650	0.064131
179700	0.064502
179750	-0.119130
179800	-0.098381
179850	0.121004
179900	-0.006235
179950	0.107560
180000	0.045616
180050	0.106628
180100	-0.096485
180150	0.177038
180200	0.005334
180250	-0.051132
180300	0.070326
180350	0.007464
180400	0.015366
180450	0.006626
180500	-0.000662
180550	-0.113862
180600	0.018784
180650	0.088795
180700	0.340195
180750	0.319023
180800	0.034245
180850	0.010562
180900	-0.014499
180950	0.112735
181000	-0.165206
181050	-0.030217
181100	-0.159096
181150	-0.108197
181200	0.054509
181250	0.000601
181300	0.033233
181350	-0.044018
181400	-0.025599
181450	0.081540
181500	0.066974
181550	-0.106428
181600	-0.113155
181650	0.038678
181700	0.045377
181750	-0.136947
181800	0.085101
181850	-0.248471
181900	-0.087946
181950	0.046075
182000	0.044185
182050	0.070657
182100	-0.069296
182150	0.011425
182200	-0.010999
182250	-0.100993
182300	-0.036625
182350	0.100591
182400	-0.095884
182450	-0.054943
182500	-0.087074
182550	0.057999
182600	-0.006164
182650	0.132513
182700	-0.018559
182750	0.268209
182800	0.185604
182850	0.115126
182900	0.020576
182950	0.117709
183000	0.176445
183050	0.183832
183100	-0.092428
183150	0.108018
183200	-0.046188
183250	0.110089
183300	-0.072142
183350	-0.172448
183400	-0.138545
183450	0.160316
183500	-0.031229
183550	0.089781
183600	0.136848
183650	-0.012677
183700	0.100645
183750	-0.000511
183800	0.129740
183850	-0.071681
183900	-0.034573
183950	-0.008190
184000	0.042980
184050	0.233845
184100	0.042613
184150	-0.228306
184200	0.162137
184250	0.058503
184300	0.137692
184350	0.004599
184400	-0.133810
184450	-0.094736
184500	-0.013605
184550	0.125650
184600	0.284494
184650	0.331077
184700	0.035891
184750	-0.014951
184800	0.128658
184850	-0.149816
184900	0.003536
184950	0.046552
185000	0.119829
185050	0.010967
185100	0.293807
185150	0.127665
185200	0.141531
185250	0.109011
185300	-0.142680
185350	-0.074443
185400	-0.128929
185450	0.125445
185500	-0.101666
185550	-0.206278
185600	0.145099
185650	0.097463
185700	-0.101203
185750	-0.201113
185800	-0.143048
185850	-0.087001
185900	-0.112346
185950	0.009873
186000	-0.046731
186050	0.269222
186100	-0.051285
186150	0.347572
186200	-0.179624
186250	-0.150538
186300	0.044840
186350	0.122206
186400	0.031505
186450	0.052862
186500	0.187438
186550	0.239388
186600	0.112168
186650	0.036133
186700	0.043468
186750	0.218616
186800	0.005139
186850	0.260851
186900	0.199109
186950	-0.257805
187000	0.207096
187050	0.048774
187100	0.125863
187150	0.123047
187200	-0.000406
187250	-0.091340
187300	-0.103560
187350	0.055116
187400	-0.002860
187450	-0.024229
187500	-0.171561
187550	0.080699
187600	-0.007973
187650	0.004836
187700	-0.228425
187750	-0.263024
187800	-0.058794
187850	0.138923
187900	-0.122732
187950	0.158289
188000	-0.028579
188050	0.148243
188100	0.092416
188150	0.033702
188200	0.159088
188250	0.044499
188300	0.072544
188350	0.028261
188400	0.123656
188450	0.132112
188500	0.082510
188550	-0.111815
188600	-0.178588
188650	0.124251
188700	0.207910
188750	-0.083058
188800	0.121878
188850	0.135132
188900	0.108677
188950	0.003272
189000	0.021440
189050	-0.094651
189100	-0.101243
189150	-0.124740
189200	-0.080693
189250	-0.121660
189300	0.001216
189350	-0.353101
189400	-0.301788
189450	0.216576
189500	0.025758
189550	-0.119127
189600	-0.275626
189650	0.018193
189700	-0.033198
189750	-0.118737
189800	-0.071092
189850	0.048116
189900	-0.014469
189950	-0.258061
190000	-0.088112
190050	-0.008109
190100	0.079256
190150	0.148092
190200	0.217427
190250	0.046252
190300	-0.191370
190350	-0.075853
190400	-0.021689
190450	-0.212454
190500	0.027781
190550	-0.118252
190600	-0.182972
190650	-0.119139
190700	-0.113998
190750	-0.251189
190800	-0.093077
190850	-0.025690
190900	0.015039
190950	-0.134129
191000	-0.193359
191050	0.252332
191100	0.097538
191150	0.006319
191200	0.035678
191250	-0.011249
191300	0.124632
191350	-0.008350
191400	-0.085808
191450	0.178261
191500	-0.155244
191550	-0.061865
191600	0.046616
191650	0.197731
191700	-0.239547
191750	-0.282971
191800	-0.068502
191850	-0.128994
191900	-0.000694
191950	0.024909
192000	-0.127019
192050	0.177487
192100	0.068271
192150	-0.240774
192200	-0.060130
192250	-0.074326
192300	0.050638
192350	0.001364
192400	-0.157339
192450	-0.092628
192500	-0.128654
192550	-0.030330
192600	-0.051124
192650	-0.001600
192700	0.288900
192750	-0.128881
192800	-0.161201
192850	-0.001207
192900	0.212149
192950	0.071849
193000	-0.133476
193050	0.128208
193100	-0.061005
193150	0.095730
193200	0.045250
193250	0.079098
193300	0.285906
193350	0.110824
193400	-0.239249
193450	-0.074235
193500	-0.044866
193550	0.288586
193600	0.030328
193650	-0.101006
193700	-0.006466
193750	-0.167147
193800	-0.048114
193850	-0.176831
193900	0.087944
193950	-0.045493
194000	-0.119014
194050	0.017516
194100	0.084196
194150	-0.026839
194200	0.047473
194250	-0.125442
194300	-0.086014
194350	-0.123194
194400	0.035379
194450	-0.092937
194500	-0.057103
194550	-0.017805
194600	0.090331
194650	0.100018
194700	0.024927
194750	-0.087017
194800	0.017962
194850	-0.047280
194900	-0.069105
194950	0.091889
195000	0.148652
195050	-0.039831
195100	-0.043355
195150	0.101367
195200	0.137543
195250	0.065143
195300	0.015260
195350	0.016265
195400	-0.081378
195450	0.065476
195500	-0.139726
195550	-0.051145
195600	0.145857
195650	0.005365
195700	-0.004956
195750	0.019102
195800	-0.094446
195850	-0.212188
195900	0.061266
195950	-0.030277
196000	-0.018226
196050	-0.038254
196100	0.051525
196150	-0.077171
196200	-0.033015
196250	0.167075
196300	0.036241
196350	0.080893
196400	0.138914
196450	0.025984
196500	-0.042581
196550	-0.076038
196600	-0.244719
196650	-0.043055
196700	-0.019068
196750	0.232618
196800	-0.040309
196850	-0.045746
196900	0.171545
196950	0.235421
197000	0.180752
197050	0.005302
197100	0.353451
197150	0.069676
197200	0.113493
197250	0.025378
197300	0.043236
197350	0.217175
197400	-0.120990
197450	-0.008214
197500	-0.089591
197550	0.032664
197600	0.004994
197650	0.127043
197700	-0.051952
197750	-0.052732
197800	0.052276
197850	0.061181
197900	0.131742
197950	-0.119490
198000	0.064897
198050	-0.048325
198100	-0.030423
198150	0.151260
198200	-0.115401
198250	0.033242
198300	0.111879
198350	0.106327
198400	0.057017
198450	0.239881
198500	-0.067998
198550	-0.194747
198600	-0.062654
198650	0.072861
198700	0.025547
198750	0.219422
198800	-0.021870
198850	0.154503
198900	0.181829
198950	0.108886
199000	0.245368
199050	0.091716
199100	0.063658
199150	-0.092193
199200	-0.088069
199250	-0.076932
199300	0.200657
199350	0.202770
199400	-0.031337
199450	-0.017022
199500	-0.118801
199550	0.038207
199600	0.095213
199650	0.025054
199700	0.011432
199750	0.090048
199800	0.117368
199850	0.010747
199900	0.382175
199950	0.212364
