0	37.295305
50	2.691400
100	0.980665
150	0.509657
200	0.459454
250	0.300415
300	0.391722
350	0.243022
400	0.200856
450	0.278722
500	0.132488
550	0.272311
600	0.099732
650	0.017297
700	0.133126
750	0.221492
800	0.063133
850	0.061178
900	0.326906
950	0.054483
1000	0.084132
1050	0.113464
1100	0.394422
1150	0.041381
1200	0.002790
1250	0.205985
1300	0.028666
1350	-0.089700
1400	-0.010541
1450	0.047973
1500	-0.034952
1550	0.035778
1600	0.114713
1650	0.166531
1700	0.119249
1750	-0.123898
1800	-0.100696
1850	0.161660
1900	0.097240
1950	0.024079
2000	0.087272
2050	0.013956
2100	-0.046346
2150	0.220325
2200	0.040230
2250	0.345400
2300	0.211421
2350	0.174826
2400	0.190265
2450	0.197804
2500	0.205213
2550	-0.027479
2600	0.103970
2650	0.329454
2700	0.142258
2750	0.099981
2800	-0.105593
2850	0.149135
2900	0.105817
2950	0.064875
3000	0.021714
3050	0.187631
3100	0.200223
3150	0.096233
3200	-0.006191
3250	0.175922
3300	-0.107539
3350	0.070291
3400	0.272238
3450	0.032170
3500	0.144201
3550	0.111496
3600	0.138669
3650	0.190881
3700	-0.065556
3750	-0.035098
3800	0.013501
3850	-0.117418
3900	-0.097187
3950	0.161472
4000	0.011971
4050	0.008463
4100	0.155904
4150	0.164592
4200	0.111628
4250	-0.040281
4300	0.093570
4350	0.084492
4400	0.199962
4450	-0.004900
4500	0.127973
4550	0.082185
4600	0.133879
4650	0.020353
4700	-0.016851
4750	0.076240
4800	0.015799
4850	0.252060
4900	-0.092687
4950	0.092364
5000	-0.060952
5050	-0.016905
5100	0.027124
5150	0.117036
5200	0.105501
5250	0.042673
5300	0.250466
5350	-0.010228
5400	0.120493
5450	0.025463
5500	-0.082488
5550	0.067178
5600	-0.170415
5650	-0.048172
5700	0.097158
5750	-0.197430
5800	-0.073708
5850	0.029653
5900	0.022121
5950	-0.077403
6000	0.037125
6050	-0.024299
6100	-0.009696
6150	0.056312
6200	0.083498
6250	-0.101839
6300	0.038227
6350	0.073873
6400	-0.025416
6450	-0.098580
6500	-0.027140
6550	0.057517
6600	0.163507
6650	-0.093866
6700	0.009572
6750	-0.047309
6800	-0.022731
6850	0.064180
6900	0.071847
6950	0.112820
7000	-0.014144
7050	0.147575
7100	-0.049509
7150	-0.133747
7200	0.002016
7250	-0.058243
7300	0.006666
7350	-0.069152
7400	0.008598
7450	-0.056916
7500	0.015200
7550	-0.032453
7600	-0.101355
7650	-0.063815
7700	-0.042233
7750	-0.098904
7800	0.018051
7850	0.228849
7900	0.090118
7950	-0.034060
8000	-0.058435
8050	-0.021138
8100	0.177619
8150	0.076063
8200	0.051761
8250	-0.074662
8300	0.243045
8350	-0.025127
8400	-0.127202
8450	0.144069
8500	-0.061925
8550	0.030319
8600	-0.010915
8650	0.062038
8700	0.128492
8750	0.130799
8800	0.118898
8850	-0.158074
8900	0.056849
8950	-0.115313
9000	0.169111
9050	-0.068022
9100	-0.141045
9150	-0.114537
9200	0.137912
9250	0.084278
9300	-0.115796
9350	0.064298
9400	-0.152195
9450	-0.059663
9500	-0.014424
9550	0.092074
9600	0.000587
9650	0.006995
9700	-0.118460
9750	0.006930
9800	-0.022876
9850	-0.099086
9900	-0.007632
9950	-0.011307
10000	-0.059397
10050	0.040158
10100	0.024498
10150	-0.010661
10200	-0.012861
10250	0.147510
10300	0.205574
10350	0.114866
10400	-0.111104
10450	0.043428
10500	0.123101
10550	-0.009961
10600	0.136139
10650	-0.004820
10700	0.097368
10750	0.084279
10800	-0.012613
10850	-0.041140
10900	-0.047656
10950	-0.101629
11000	0.118171
11050	0.035126
11100	0.124159
11150	-0.055776
11200	-0.056544
11250	0.045238
11300	-0.049054
11350	-0.128566
11400	-0.054116
11450	-0.081964
11500	-0.097070
11550	-0.022096
11600	-0.000660
11650	-0.046695
11700	0.146277
11750	0.062493
11800	0.050169
11850	0.130527
11900	-0.030863
11950	0.298110
12000	0.074851
12050	0.010690
12100	0.017742
12150	-0.104926
12200	0.089136
12250	0.155575
12300	0.137126
12350	-0.171621
12400	-0.036952
12450	0.097643
12500	0.178506
12550	0.127995
12600	0.261639
12650	0.081547
12700	-0.128282
12750	0.063218
12800	0.049618
12850	0.040462
12900	0.082507
12950	0.193349
13000	0.286904
13050	0.212886
13100	-0.076058
13150	-0.093575
13200	-0.089728
13250	0.060360
13300	-0.055336
13350	0.002746
13400	0.029613
13450	0.124277
13500	0.049189
13550	0.054521
13600	0.082037
13650	0.194927
13700	-0.073913
13750	-0.242581
13800	-0.025884
13850	0.115191
13900	0.070263
13950	-0.020402
14000	0.246628
14050	-0.018099
14100	0.190359
14150	0.174255
14200	-0.006241
14250	-0.043007
14300	-0.167643
14350	-0.018851
14400	-0.113418
14450	0.066698
14500	-0.008236
14550	-0.104294
14600	0.056782
14650	-0.038876
14700	-0.051651
14750	0.046146
14800	0.231449
14850	0.087973
14900	-0.032855
14950	-0.140721
15000	-0.019524
15050	-0.020363
15100	0.222336
15150	0.100094
15200	0.027857
15250	-0.011295
15300	-0.225194
15350	0.198614
15400	0.111104
15450	0.114904
15500	-0.005096
15550	-0.150628
15600	0.032603
15650	0.034776
15700	0.246788
15750	0.148399
15800	-0.073037
15850	0.012807
15900	-0.085066
15950	0.132167
16000	0.006047
16050	-0.008208
16100	0.007562
16150	-0.023978
16200	-0.158268
16250	0.052520
16300	0.289461
16350	-0.040626
16400	0.006049
16450	0.211805
16500	0.021072
16550	0.068792
16600	0.019353
16650	-0.021212
16700	-0.123798
16750	-0.005449
16800	0.076924
16850	-0.034758
16900	-0.056917
16950	-0.046182
17000	-0.006478
17050	0.062119
17100	-0.049426
17150	0.046339
17200	-0.019836
17250	0.081688
17300	0.055730
17350	0.201406
17400	0.096102
17450	0.044052
17500	0.055160
17550	0.144287
17600	0.142875
17650	-0.232501
17700	-0.157610
17750	-0.079232
17800	0.053332
17850	-0.120630
17900	0.035387
17950	0.169475
18000	0.132999
18050	0.224631
18100	0.021338
18150	0.052822
18200	0.139121
18250	-0.115780
18300	0.122975
18350	-0.000386
18400	-0.060187
18450	-0.023527
18500	0.055469
18550	-0.063062
18600	-0.129686
18650	-0.053090
18700	-0.076535
18750	-0.072070
18800	0.038639
18850	0.061833
18900	-0.029058
18950	0.081315
19000	0.082695
19050	-0.018546
19100	0.077483
19150	0.047517
19200	0.106177
19250	-0.008843
19300	-0.157894
19350	-0.093239
19400	0.024461
19450	-0.160785
19500	-0.057056
19550	-0.043338
19600	-0.106431
19650	-0.072582
19700	-0.088829
19750	0.088411
19800	0.075387
19850	0.004917
19900	-0.138579
19950	-0.070803
20000	-0.048362
20050	-0.113310
20100	0.003293
20150	0.039181
20200	-0.017619
20250	-0.169492
20300	-0.060838
20350	0.182456
20400	0.164322
20450	0.142455
20500	-0.067549
20550	-0.033591
20600	-0.003497
20650	0.006416
20700	0.181132
20750	0.124180
20800	0.328020
20850	0.008067
20900	-0.084561
20950	-0.006284
21000	0.078771
21050	0.061484
21100	-0.037656
21150	-0.137735
21200	-0.018756
21250	0.093649
21300	-0.107633
21350	-0.002421
21400	0.052765
21450	0.025677
21500	-0.146871
21550	0.034620
21600	-0.107290
21650	0.028782
21700	-0.068747
21750	0.125075
21800	0.205248
21850	-0.105688
21900	0.015067
21950	-0.069713
22000	0.041356
22050	0.120222
22100	-0.021830
22150	-0.081332
22200	-0.057620
22250	0.192146
22300	0.107758
22350	0.044574
22400	0.115068
22450	-0.022124
22500	0.150199
22550	0.025590
22600	-0.076495
22650	0.229759
22700	-0.006504
22750	0.017466
22800	0.032429
22850	-0.066445
22900	-0.007928
22950	0.093944
23000	0.139401
23050	0.074629
23100	-0.092792
23150	-0.152999
23200	0.048982
23250	0.124518
23300	-0.050769
23350	-0.063802
23400	0.054792
23450	-0.007910
23500	-0.080076
23550	0.052572
23600	0.018780
23650	0.117060
23700	-0.078388
23750	0.135665
23800	0.048990
23850	0.101534
23900	0.265849
23950	0.029660
24000	0.120604
24050	0.036546
24100	-0.117486
24150	0.150818
24200	-0.205821
24250	-0.060057
24300	0.084317
24350	0.169538
24400	-0.131089
24450	-0.022273
24500	-0.010570
24550	-0.062931
24600	0.062401
24650	-0.056860
24700	0.104673
24750	0.021812
24800	-0.018083
24850	-0.047021
24900	-0.095910
24950	-0.035940
25000	-0.131051
25050	-0.035259
25100	-0.054868
25150	0.018843
25200	-0.152599
25250	-0.025832
25300	0.032291
25350	0.146493
25400	-0.062282
25450	0.063498
25500	-0.006364
25550	-0.261544
25600	0.173671
25650	-0.132525
25700	-0.207043
25750	-0.171395
25800	0.107228
25850	0.243459
25900	-0.005854
25950	0.034002
26000	0.122737
26050	0.175236
26100	-0.115390
26150	0.036355
26200	0.218037
26250	0.173036
26300	0.089630
26350	0.037070
26400	-0.113070
26450	0.183357
26500	0.077729
26550	0.066715
26600	0.040548
26650	0.001360
26700	-0.282110
26750	0.053539
26800	0.247019
26850	-0.223247
26900	0.031416
26950	-0.006519
27000	0.048608
27050	0.033703
27100	-0.045329
27150	0.260167
27200	0.077554
27250	0.031956
27300	-0.061663
27350	0.121971
27400	0.315674
27450	0.041570
27500	0.127860
27550	-0.095474
27600	-0.184824
27650	-0.022193
27700	0.064483
27750	-0.143833
27800	0.005887
27850	0.051165
27900	-0.112286
27950	0.139879
28000	0.039219
28050	-0.058231
28100	0.199837
28150	0.139646
28200	0.081838
28250	-0.056288
28300	-0.025301
28350	0.042062
28400	0.146231
28450	0.152211
28500	-0.048649
28550	0.074489
28600	-0.048598
28650	-0.277808
28700	0.050912
28750	-0.061815
28800	-0.102706
28850	0.054033
28900	0.171318
28950	0.237928
29000	0.165493
29050	0.181629
29100	0.038376
29150	0.144667
29200	-0.109455
29250	0.106375
29300	0.030299
29350	0.106243
29400	0.048356
29450	-0.014923
29500	0.053368
29550	0.088663
29600	0.233821
29650	-0.065983
29700	-0.146049
29750	0.076950
29800	0.119195
29850	0.068545
29900	0.151246
29950	0.149713
30000	-0.060883
30050	0.035856
30100	-0.051010
30150	-0.188717
30200	-0.080854
30250	0.056328
30300	0.128565
30350	0.180037
30400	-0.038739
30450	0.030342
30500	0.038868
30550	-0.222367
30600	-0.056303
30650	0.017676
30700	-0.108297
30750	-0.014746
30800	-0.201660
30850	-0.118232
30900	-0.092202
30950	0.029822
31000	0.145580
31050	0.202476
31100	0.015982
31150	-0.103751
31200	-0.051121
31250	-0.073521
31300	-0.177908
31350	0.005085
31400	0.014538
31450	0.018799
31500	-0.027700
31550	0.061909
31600	0.037201
31650	0.116682
31700	-0.071415
31750	-0.018429
31800	0.031153
31850	-0.146025
31900	-0.196601
31950	0.007244
32000	-0.098241
32050	0.052119
32100	-0.036703
32150	-0.001952
32200	-0.334584
32250	-0.151844
32300	-0.066466
32350	-0.207686
32400	-0.116356
32450	0.066712
32500	-0.015049
32550	-0.050385
32600	0.049077
32650	0.020406
32700	-0.178856
32750	-0.215391
32800	-0.106583
32850	0.015882
32900	0.041016
32950	-0.077683
33000	-0.017964
33050	-0.014879
33100	-0.009966
33150	0.082784
33200	-0.037745
33250	-0.045496
33300	-0.019380
33350	-0.076142
33400	0.074487
33450	-0.098604
33500	-0.016787
33550	-0.082344
33600	-0.022534
33650	-0.081339
33700	-0.015092
33750	-0.168977
33800	0.077044
33850	0.172477
33900	0.171282
33950	0.127018
34000	0.045609
34050	-0.035340
34100	0.007346
34150	-0.102697
34200	-0.023045
34250	-0.087199
34300	-0.037803
34350	-0.097853
34400	-0.119383
34450	0.072378
34500	-0.060796
34550	-0.057785
34600	0.068818
34650	0.131509
34700	-0.189229
34750	-0.070834
34800	-0.242957
34850	-0.235792
34900	-0.048832
34950	0.063577
35000	-0.041107
35050	-0.020303
35100	0.028618
35150	-0.039013
35200	0.027381
35250	-0.150923
35300	-0.046053
35350	-0.262406
35400	-0.254476
35450	0.074947
35500	0.107770
35550	0.064545
35600	0.052084
35650	-0.146546
35700	0.020362
35750	-0.016218
35800	0.067987
35850	0.046275
35900	-0.164866
35950	-0.001609
36000	-0.030929
36050	0.055934
36100	-0.098095
36150	0.089127
36200	0.033382
36250	-0.086649
36300	-0.029317
36350	0.202483
36400	-0.091660
36450	-0.047311
36500	-0.094253
36550	0.081842
36600	0.047196
36650	-0.191431
36700	0.080363
36750	0.056736
36800	0.109072
36850	-0.078750
36900	0.192470
36950	-0.056758
37000	0.062598
37050	-0.291691
37100	-0.279800
37150	-0.100867
37200	0.113444
37250	0.076248
37300	0.056545
37350	-0.083052
37400	-0.003113
37450	0.035643
37500	0.124551
37550	-0.117958
37600	-0.209305
37650	-0.106864
37700	0.081847
37750	-0.156232
37800	-0.069911
37850	-0.043772
37900	-0.137365
37950	0.120392
38000	0.104039
38050	-0.174029
38100	-0.073333
38150	0.042200
38200	-0.131638
38250	-0.005115
38300	-0.054561
38350	-0.138499
38400	0.109270
38450	0.101094
38500	0.239093
38550	-0.084714
38600	0.061368
38650	-0.118733
38700	-0.082145
38750	-0.055536
38800	0.051825
38850	-0.011616
38900	-0.048588
38950	-0.011167
39000	0.002211
39050	-0.022159
39100	-0.113617
39150	-0.250077
39200	0.024355
39250	0.161316
39300	-0.058582
39350	-0.140305
39400	-0.050988
39450	0.138238
39500	0.082046
39550	0.158381
39600	-0.221190
39650	0.070196
39700	0.038632
39750	0.172797
39800	0.030196
39850	0.068684
39900	0.014060
39950	0.187666
40000	0.145149
40050	0.189029
40100	0.030229
40150	0.182338
40200	0.056973
40250	0.030141
40300	-0.048957
40350	-0.104296
40400	0.163340
40450	0.053970
40500	-0.163712
40550	-0.050937
40600	0.043062
40650	-0.134528
40700	-0.095308
40750	0.094872
40800	0.154488
40850	-0.259474
40900	-0.012125
40950	0.075513
41000	-0.003004
41050	-0.077296
41100	-0.063167
41150	-0.058325
41200	-0.002651
41250	-0.024979
41300	-0.003175
41350	-0.020561
41400	0.183760
41450	0.067516
41500	0.029068
41550	0.021295
41600	-0.253835
41650	-0.193905
41700	-0.133392
41750	0.140109
41800	0.130088
41850	0.052549
41900	0.068443
41950	-0.007992
42000	0.102540
42050	0.156749
42100	-0.013182
42150	-0.142363
42200	0.173785
42250	-0.039197
42300	0.002147
42350	-0.011270
42400	-0.137094
42450	-0.230934
42500	0.016483
42550	0.235625
42600	0.141138
42650	-0.029924
42700	0.034487
42750	-0.142512
42800	0.228959
42850	0.063766
42900	0.029965
42950	0.055722
43000	0.074207
43050	-0.195110
43100	0.089316
43150	-0.077877
43200	0.082984
43250	-0.003740
43300	0.115386
43350	0.151106
43400	0.055844
43450	-0.211879
43500	0.111535
43550	-0.012339
43600	-0.092228
43650	0.093088
43700	0.089812
43750	-0.033146
43800	-0.021517
43850	0.129759
43900	0.009222
43950	-0.003725
44000	0.026265
44050	-0.182463
44100	-0.186495
44150	0.099387
44200	-0.070714
44250	-0.047967
44300	0.105987
44350	-0.027588
44400	-0.003147
44450	0.025396
44500	-0.049602
44550	0.155929
44600	-0.229612
44650	-0.190277
44700	0.053695
44750	0.136446
44800	0.074067
44850	0.041056
44900	-0.033941
44950	0.041426
45000	0.228314
45050	0.152324
45100	-0.124827
45150	-0.015700
45200	0.043844
45250	0.121647
45300	-0.126589
45350	-0.100380
45400	-0.016070
45450	-0.006250
45500	-0.048709
45550	-0.026684
45600	-0.027627
45650	-0.007603
45700	-0.117186
45750	0.104530
45800	-0.050947
45850	0.037480
45900	0.121540
45950	0.101740
46000	0.151498
46050	0.121760
46100	-0.134871
46150	-0.153978
46200	-0.076770
46250	0.061848
46300	0.028803
46350	-0.070577
46400	-0.097858
46450	0.083343
46500	-0.071594
46550	-0.027119
46600	0.131980
46650	0.082411
46700	-0.036651
46750	-0.108983
46800	-0.068317
46850	-0.034264
46900	-0.181829
46950	-0.008623
47000	-0.001784
47050	-0.104112
47100	-0.133032
47150	0.059782
47200	-0.046828
47250	-0.114039
47300	-0.121505
47350	-0.085856
47400	-0.118911
47450	-0.151427
47500	-0.038669
47550	0.035655
47600	0.025310
47650	0.009380
47700	0.143133
47750	0.106951
47800	0.016700
47850	-0.015655
47900	-0.149590
47950	-0.030216
48000	-0.298518
48050	-0.199513
48100	0.107239
48150	-0.076582
48200	-0.013484
48250	0.228113
48300	-0.118872
48350	0.142876
48400	-0.024822
48450	-0.026419
48500	-0.070589
48550	0.127773
48600	0.169897
48650	-0.008753
48700	-0.136867
48750	0.033619
48800	-0.045028
48850	0.010000
48900	0.141587
48950	0.005930
49000	0.007663
49050	0.040741
49100	0.104296
49150	0.024218
49200	0.023539
49250	-0.086448
49300	0.029885
49350	-0.260271
49400	0.030748
49450	-0.031999
49500	-0.016479
49550	0.056741
49600	-0.097389
49650	-0.064363
49700	-0.058355
49750	-0.042188
49800	-0.050062
49850	-0.245051
49900	-0.149716
49950	0.038798
50000	0.019483
50050	-0.136969
50100	-0.058081
50150	-0.116333
50200	-0.108918
50250	0.153276
50300	-0.088333
50350	-0.207695
50400	0.175069
50450	0.206147
50500	0.011512
50550	0.191087
50600	0.022069
50650	-0.092952
50700	-0.054480
50750	-0.155193
50800	-0.054981
50850	-0.020760
50900	0.060185
50950	0.004157
51000	0.079480
51050	-0.016814
51100	0.014682
51150	-0.082841
51200	-0.090278
51250	-0.032018
51300	-0.080668
51350	-0.158164
51400	-0.137297
51450	-0.094142
51500	0.056569
51550	0.013700
51600	-0.006326
51650	-0.018661
51700	0.286915
51750	-0.064810
51800	-0.046108
51850	-0.018083
51900	-0.044148
51950	-0.022349
52000	0.207232
52050	0.071766
52100	-0.007010
52150	0.015506
52200	0.031358
52250	0.175726
52300	-0.177884
52350	-0.261493
52400	0.046644
52450	0.029637
52500	-0.135711
52550	-0.038445
52600	0.081816
52650	0.221873
52700	0.054677
52750	0.047400
52800	-0.118751
52850	-0.065753
52900	-0.050916
52950	0.117657
53000	0.078829
53050	-0.015178
53100	0.010939
53150	-0.052824
53200	0.009993
53250	0.064072
53300	0.208480
53350	0.101902
53400	-0.124010
53450	-0.136704
53500	-0.116200
53550	0.143992
53600	-0.028329
53650	-0.127691
53700	-0.024674
53750	-0.164521
53800	-0.337152
53850	-0.129911
53900	0.023973
53950	-0.010547
54000	-0.138500
54050	0.036457
54100	0.186800
54150	0.020352
54200	-0.111782
54250	0.071217
54300	0.117383
54350	-0.059102
54400	0.009884
54450	-0.014156
54500	-0.086942
54550	-0.170129
54600	-0.032170
54650	-0.100469
54700	-0.088448
54750	-0.053122
54800	0.040109
54850	0.118705
54900	-0.099405
54950	-0.094088
55000	-0.223797
55050	-0.127462
55100	-0.027904
55150	-0.040229
55200	0.050690
55250	-0.054317
55300	0.070731
55350	0.143374
55400	-0.045976
55450	-0.153252
55500	0.010044
55550	0.031500
55600	0.145787
55650	-0.109585
55700	0.029711
55750	-0.022244
55800	0.014620
55850	0.187806
55900	-0.099310
55950	0.024163
56000	-0.055118
56050	0.071143
56100	-0.015302
56150	-0.056161
56200	0.104042
56250	0.123663
56300	0.142581
56350	0.092795
56400	-0.068276
56450	-0.142582
56500	-0.096568
56550	0.018221
56600	-0.176601
56650	-0.005144
56700	-0.120890
56750	0.055537
56800	0.123346
56850	0.127357
56900	0.124867
56950	-0.146699
57000	0.049096
57050	-0.006601
57100	0.073480
57150	0.092595
57200	0.039502
57250	-0.083930
57300	-0.068778
57350	0.038980
57400	-0.119955
57450	0.005764
57500	0.215116
57550	0.035534
57600	0.000815
57650	0.071143
57700	-0.080266
57750	0.042368
57800	-0.068898
57850	0.119904
57900	0.219454
57950	0.179605
58000	0.034647
58050	-0.011251
58100	-0.018367
58150	-0.111151
58200	-0.040546
58250	0.266769
58300	0.077391
58350	0.093255
58400	-0.037077
58450	0.122243
58500	-0.089180
58550	-0.021395
58600	0.110464
58650	-0.023999
58700	0.199404
58750	-0.024652
58800	-0.040535
58850	0.047480
58900	0.014791
58950	0.089190
59000	0.096928
59050	-0.151545
59100	0.016727
59150	0.224103
59200	-0.089020
59250	0.095255
59300	0.003140
59350	0.056376
59400	0.018813
59450	-0.071369
59500	-0.093435
59550	-0.149798
59600	-0.141948
59650	-0.070558
59700	-0.112416
59750	-0.148073
59800	0.028011
59850	-0.083678
59900	0.045485
59950	-0.003624
60000	0.012797
60050	-0.144329
60100	0.055256
60150	0.017445
60200	-0.101263
60250	-0.083943
60300	0.043863
60350	-0.096872
60400	-0.139329
60450	-0.017711
60500	-0.138887
60550	0.091980
60600	0.097922
60650	-0.113451
60700	-0.070550
60750	0.026551
60800	0.268970
60850	0.082243
60900	-0.029062
60950	0.084869
61000	0.239968
61050	-0.140637
61100	-0.045380
61150	0.043127
61200	-0.127595
61250	0.186072
61300	0.029270
61350	0.104111
61400	0.182682
61450	0.046038
61500	-0.193221
61550	-0.350928
61600	-0.142863
61650	0.001751
61700	0.028453
61750	-0.022301
61800	0.034509
61850	-0.040980
61900	-0.134794
61950	0.085116
62000	-0.046128
62050	0.135402
62100	-0.219252
62150	0.013512
62200	-0.079748
62250	-0.074314
62300	-0.015078
62350	0.219876
62400	-0.191415
62450	-0.256329
62500	0.029930
62550	-0.047445
62600	-0.064891
62650	-0.056964
62700	-0.040114
62750	0.191602
62800	0.067175
62850	-0.067276
62900	-0.010489
62950	0.083044
63000	-0.007882
63050	-0.073227
63100	0.070123
63150	-0.194196
63200	-0.149454
63250	-0.005339
63300	-0.040917
63350	0.034714
63400	0.002612
63450	0.268128
63500	-0.024131
63550	-0.036089
63600	0.187251
63650	0.101554
63700	0.012162
63750	-0.002291
63800	0.027968
63850	-0.039520
63900	-0.061301
63950	0.019170
64000	0.059826
64050	-0.025396
64100	0.015933
64150	-0.019346
64200	-0.097163
64250	-0.042576
64300	0.129148
64350	0.262848
64400	-0.100829
64450	0.171607
64500	-0.092411
64550	0.016461
64600	0.044727
64650	0.127856
64700	-0.000192
64750	0.131824
64800	0.037647
64850	0.008411
64900	0.084404
64950	0.162078
65000	0.162273
65050	0.023226
65100	0.285383
65150	0.203439
65200	0.189477
65250	-0.040000
65300	-0.031574
65350	-0.015835
65400	-0.087703
65450	-0.267158
65500	-0.113307
65550	-0.048525
65600	-0.121739
65650	-0.036799
65700	-0.179388
65750	0.089497
65800	0.074138
65850	0.118196
65900	0.055450
65950	0.069003
66000	-0.103141
66050	-0.087240
66100	0.003065
66150	-0.103005
66200	-0.087646
66250	-0.094040
66300	0.074187
66350	-0.014005
66400	-0.055557
66450	-0.000078
66500	0.104152
66550	-0.019461
66600	0.046324
66650	-0.006554
66700	-0.043291
66750	-0.081452
66800	0.312123
66850	0.114083
66900	-0.287269
66950	0.111609
67000	0.045034
67050	0.257242
67100	0.059328
67150	0.143689
67200	-0.004499
67250	0.004818
67300	0.038860
67350	0.089336
67400	0.006261
67450	0.032689
67500	-0.145349
67550	-0.044372
67600	0.041834
67650	-0.063147
67700	-0.046503
67750	-0.198187
67800	-0.235617
67850	0.087987
67900	0.019076
67950	0.060659
68000	0.003468
68050	-0.056436
68100	0.003385
68150	0.010985
68200	0.077515
68250	-0.120266
68300	0.221791
68350	0.031241
68400	0.122978
68450	0.016003
68500	-0.113188
68550	-0.322903
68600	-0.063036
68650	-0.339013
68700	-0.126819
68750	0.067300
68800	0.057157
68850	-0.061414
68900	-0.121404
68950	0.112068
69000	0.086577
69050	0.023300
69100	0.073233
69150	0.083047
69200	0.029560
69250	0.078383
69300	0.159282
69350	-0.125617
69400	-0.006521
69450	0.192158
69500	0.066766
69550	0.006593
69600	0.009422
69650	-0.176979
69700	-0.135963
69750	-0.019068
69800	0.062942
69850	0.172935
69900	0.209253
69950	0.053683
70000	0.070410
70050	0.069909
70100	-0.049645
70150	-0.043594
70200	0.168679
70250	0.077871
70300	0.122854
70350	-0.007403
70400	-0.169643
70450	0.086502
70500	-0.056135
70550	-0.132809
70600	-0.009929
70650	0.106906
70700	-0.003113
70750	0.221071
70800	-0.061361
70850	0.144210
70900	0.256341
70950	-0.020046
71000	0.012109
71050	-0.118186
71100	-0.042502
71150	0.030304
71200	-0.267758
71250	0.304853
71300	0.001387
71350	-0.044477
71400	-0.221253
71450	0.232906
71500	-0.102015
71550	-0.046793
71600	-0.114435
71650	0.185099
71700	-0.138778
71750	-0.023989
71800	-0.213297
71850	-0.134305
71900	-0.134818
71950	-0.014520
72000	0.092995
72050	-0.123989
72100	0.037310
72150	0.021969
72200	-0.050694
72250	-0.044325
72300	0.009392
72350	0.089088
72400	-0.116621
72450	-0.054195
72500	0.136627
72550	0.018063
72600	0.025601
72650	-0.022961
72700	0.078987
72750	0.001736
72800	-0.002906
72850	-0.209882
72900	-0.032564
72950	-0.062451
73000	0.020054
73050	-0.002266
73100	0.035865
73150	-0.076782
73200	-0.042568
73250	-0.058647
73300	-0.024220
73350	-0.090421
73400	0.030903
73450	-0.200900
73500	0.002286
73550	-0.004443
73600	0.104146
73650	-0.192926
73700	-0.026827
73750	-0.066164
73800	0.195064
73850	-0.083675
73900	-0.041116
73950	0.003271
74000	0.031905
74050	-0.199431
74100	0.006882
74150	-0.084319
74200	0.065789
74250	0.043144
74300	-0.097045
74350	-0.020082
74400	0.066554
74450	0.018556
74500	-0.047560
74550	-0.043114
74600	-0.196650
74650	0.102670
74700	0.162146
74750	0.061145
74800	-0.242816
74850	-0.100992
74900	-0.003485
74950	-0.178482
75000	0.010161
75050	-0.065367
75100	-0.018872
75150	0.106868
75200	0.207142
75250	-0.122799
75300	0.170264
75350	0.110046
75400	-0.148256
75450	0.062657
75500	-0.033209
75550	0.000407
75600	0.017762
75650	0.050507
75700	0.049815
75750	0.030137
75800	-0.079590
75850	0.146507
75900	0.025275
75950	0.239270
76000	-0.081176
76050	-0.004535
76100	-0.109037
76150	0.052947
76200	-0.001165
76250	0.045534
76300	-0.050991
76350	0.018202
76400	0.061305
76450	0.071099
76500	0.082294
76550	0.203624
76600	0.122982
76650	-0.059130
76700	0.106123
76750	-0.180829
76800	0.018856
76850	-0.218470
76900	0.103973
76950	0.072040
77000	-0.009996
77050	-0.177597
77100	-0.133771
77150	-0.082981
77200	0.057297
77250	0.040792
77300	0.117336
77350	-0.077076
77400	0.000155
77450	-0.005341
77500	0.071914
77550	-0.055008
77600	0.010659
77650	0.075334
77700	-0.036889
77750	-0.108456
77800	0.045595
77850	-0.138118
77900	-0.065527
77950	0.042571
78000	0.066710
78050	-0.010206
78100	-0.165405
78150	0.083832
78200	0.130273
78250	0.029247
78300	0.143849
78350	0.162007
78400	0.017626
78450	-0.016556
78500	-0.022770
78550	-0.106872
78600	-0.138639
78650	0.050119
78700	0.086078
78750	-0.074058
78800	-0.002938
78850	-0.278779
78900	0.070298
78950	0.119405
79000	0.037652
79050	0.112700
79100	0.119422
79150	-0.054551
79200	0.030560
79250	0.048899
79300	-0.143797
79350	0.089932
79400	0.150134
79450	-0.056288
79500	0.162812
79550	-0.183569
79600	-0.040246
79650	-0.014014
79700	-0.037558
79750	0.034369
79800	0.023612
79850	0.000525
79900	0.064642
79950	0.049558
80000	0.103623
80050	-0.117990
80100	-0.013016
80150	-0.050382
80200	0.085706
80250	0.026827
80300	-0.140914
80350	-0.153643
80400	0.107153
80450	0.092331
80500	0.046532
80550	0.047080
80600	-0.014520
80650	0.145164
80700	0.014464
80750	0.025841
80800	-0.101240
80850	0.055204
80900	-0.097193
80950	-0.224362
81000	0.219333
81050	0.079678
81100	-0.214601
81150	-0.192464
81200	0.048983
81250	0.030670
81300	-0.179593
81350	-0.118945
81400	-0.064620
81450	-0.043059
81500	0.106735
81550	0.009960
81600	0.065120
81650	0.096374
81700	0.040729
81750	0.144432
81800	0.105949
81850	-0.071429
81900	0.048400
81950	-0.088010
82000	-0.045980
82050	0.332784
82100	-0.061014
82150	-0.078413
82200	-0.070038
82250	-0.005223
82300	0.050625
82350	0.161579
82400	-0.132655
82450	-0.074701
82500	-0.008441
82550	0.011879
82600	0.120547
82650	-0.001720
82700	0.183140
82750	0.085202
82800	0.062270
82850	0.088670
82900	0.139996
82950	-0.084360
83000	-0.139711
83050	-0.138846
83100	-0.106792
83150	0.060269
83200	0.177064
83250	0.079073
83300	0.085848
83350	0.126863
83400	-0.106318
83450	-0.277366
83500	-0.206870
83550	-0.053385
83600	-0.182263
83650	0.048972
83700	-0.034473
83750	-0.029661
83800	0.020412
83850	0.103983
83900	0.218889
83950	0.082938
84000	0.010876
84050	0.004218
84100	-0.115290
84150	0.007055
84200	-0.011706
84250	0.270878
84300	0.231428
84350	0.031924
84400	0.139220
84450	0.040185
84500	-0.009590
84550	-0.175420
84600	-0.007427
84650	0.014842
84700	0.133175
84750	0.054405
84800	0.078168
84850	0.105280
84900	0.061214
84950	0.087455
85000	0.043455
85050	-0.024297
85100	0.118885
85150	-0.043918
85200	0.058765
85250	0.151926
85300	0.039677
85350	0.259767
85400	-0.137895
85450	0.093376
85500	0.045094
85550	0.141677
85600	-0.004568
85650	-0.064675
85700	-0.007283
85750	-0.122346
85800	-0.101536
85850	-0.153655
85900	-0.095752
85950	0.017986
86000	-0.080801
86050	-0.042843
86100	-0.045651
86150	0.069771
86200	-0.169262
86250	-0.142450
86300	-0.127493
86350	0.071471
86400	0.020323
86450	0.120128
86500	-0.178025
86550	0.066572
86600	0.216158
86650	-0.015983
86700	-0.043838
86750	0.033999
86800	0.104621
86850	0.209625
86900	0.003534
86950	-0.260712
87000	0.089451
87050	-0.167691
87100	0.074861
87150	0.034482
87200	-0.002995
87250	-0.026026
87300	-0.095340
87350	-0.111347
87400	-0.195169
87450	0.028604
87500	0.002483
87550	-0.183594
87600	-0.029592
87650	0.002487
87700	-0.024547
87750	-0.000361
87800	0.022155
87850	-0.093254
87900	0.017703
87950	0.156534
88000	0.068011
88050	-0.061685
88100	0.061356
88150	-0.011000
88200	-0.009093
88250	-0.013370
88300	0.015560
88350	-0.043562
88400	0.151568
88450	-0.049893
88500	-0.062469
88550	-0.095106
88600	-0.105413
88650	0.003759
88700	0.037987
88750	0.053207
88800	-0.044551
88850	0.104951
88900	-0.026734
88950	0.143331
89000	-0.014457
89050	-0.032050
89100	0.032562
89150	0.014260
89200	0.070815
89250	0.094231
89300	-0.074696
89350	-0.023601
89400	0.095067
89450	-0.016700
89500	0.112821
89550	0.228179
89600	0.027829
89650	-0.083200
89700	0.010405
89750	0.042061
89800	0.154512
89850	0.055727
89900	-0.015002
89950	-0.010335
90000	-0.124742
90050	0.129420
90100	-0.108085
90150	-0.082408
90200	-0.125364
90250	0.087485
90300	-0.116251
90350	0.115107
90400	-0.063255
90450	0.019617
90500	-0.068082
90550	-0.122456
90600	-0.256351
90650	0.106536
90700	-0.019821
90750	-0.121669
90800	-0.092256
90850	-0.179203
90900	-0.146168
90950	-0.139237
91000	-0.203812
91050	0.026371
91100	-0.090977
91150	-0.003461
91200	0.170963
91250	0.055427
91300	0.208954
91350	-0.156393
91400	-0.069352
91450	-0.173124
91500	-0.078321
91550	-0.024354
91600	-0.075905
91650	0.079057
91700	0.147158
91750	0.103686
91800	0.138315
91850	0.055402
91900	-0.100182
91950	-0.133549
92000	-0.080463
92050	0.005929
92100	-0.014699
92150	0.110984
92200	-0.005318
92250	-0.015494
92300	-0.029897
92350	0.233902
92400	0.092231
92450	-0.172479
92500	0.101509
92550	-0.100484
92600	-0.002308
92650	0.014515
92700	0.090491
92750	0.209005
92800	0.202029
92850	0.028744
92900	0.159647
92950	0.097303
93000	0.043597
93050	0.151492
93100	-0.015453
93150	-0.013064
93200	0.015730
93250	-0.083075
93300	0.080602
93350	-0.123212
93400	-0.007985
93450	0.064146
93500	0.113419
93550	-0.124057
93600	0.137318
93650	-0.154087
93700	-0.069134
93750	0.022002
93800	0.030850
93850	0.115032
93900	-0.097114
93950	-0.094098
94000	0.129304
94050	0.028669
94100	0.159339
94150	0.079109
94200	-0.037767
94250	-0.070097
94300	0.006851
94350	0.066143
94400	0.010156
94450	-0.038939
94500	0.040561
94550	0.024825
94600	0.198876
94650	-0.000643
94700	-0.143460
94750	0.030730
94800	-0.126026
94850	-0.114070
94900	0.016804
94950	-0.112926
95000	-0.022387
95050	-0.112215
95100	0.001805
95150	-0.051259
95200	-0.197698
95250	0.081580
95300	0.253611
95350	0.078611
95400	0.125035
95450	-0.144804
95500	-0.145947
95550	0.190963
95600	0.220990
95650	0.076898
95700	0.152718
95750	-0.043916
95800	-0.158759
95850	-0.056644
95900	-0.169876
95950	-0.132422
96000	0.174405
96050	-0.071867
96100	-0.082041
96150	-0.106581
96200	-0.061516
96250	0.025731
96300	0.000770
96350	0.070263
96400	0.174383
96450	0.185648
96500	-0.047751
96550	0.056755
96600	0.142061
96650	-0.048227
96700	-0.034327
96750	0.145769
96800	0.163348
96850	0.119373
96900	0.179780
96950	0.267277
97000	-0.124250
97050	-0.206003
97100	0.186156
97150	0.006360
97200	-0.066320
97250	0.022436
97300	0.015256
97350	0.109825
97400	-0.100802
97450	0.207229
97500	0.174271
97550	-0.047218
97600	-0.179584
97650	-0.111979
97700	-0.161741
97750	0.037951
97800	-0.025781
97850	0.097068
97900	-0.099240
97950	0.083137
98000	-0.015453
98050	-0.143384
98100	-0.067235
98150	0.098897
98200	-0.182548
98250	-0.012327
98300	0.066962
98350	-0.060451
98400	0.096827
98450	-0.021379
98500	-0.016833
98550	0.061705
98600	0.107099
98650	-0.088159
98700	-0.017177
98750	-0.026431
98800	0.112466
98850	-0.215226
98900	-0.015482
98950	0.035597
99000	0.146509
99050	-0.006455
99100	-0.116783
99150	0.129124
99200	0.024362
99250	0.079190
99300	-0.000064
99350	-0.096621
99400	0.257985
99450	0.123525
99500	-0.108772
99550	-0.079486
99600	-0.087780
99650	-0.007076
99700	-0.015585
99750	0.010633
99800	0.031569
99850	-0.011751
99900	-0.162757
99950	0.029101
100000	-0.158777
100050	0.132991
100100	0.122887
100150	0.165549
100200	0.021013
100250	-0.199288
100300	-0.045429
100350	-0.081109
100400	0.052453
100450	0.050184
100500	0.015923
100550	-0.018581
100600	0.129392
100650	0.027931
100700	0.030617
100750	0.037084
100800	0.176105
100850	-0.006067
100900	0.098239
100950	-0.016996
101000	0.098611
101050	0.133061
101100	0.016291
101150	-0.002492
101200	0.200340
101250	0.147008
101300	-0.182418
101350	-0.066319
101400	0.068290
101450	-0.065407
101500	0.147892
101550	0.047733
101600	-0.044575
101650	-0.117078
101700	-0.076376
101750	0.057209
101800	0.030337
101850	0.026258
101900	0.107828
101950	0.045641
102000	0.149318
102050	0.171246
102100	-0.038370
102150	0.053910
102200	0.059999
102250	-0.053646
102300	0.110857
102350	-0.141469
102400	-0.196682
102450	-0.057916
102500	-0.042956
102550	0.009671
102600	-0.007359
102650	-0.078070
102700	-0.008411
102750	0.138417
102800	0.104536
102850	0.049400
102900	0.087413
102950	-0.061804
103000	-0.027364
103050	-0.087763
103100	-0.024698
103150	-0.090109
103200	-0.008787
103250	-0.130535
103300	-0.097765
103350	0.101913
103400	0.048585
103450	0.048537
103500	0.022975
103550	0.075579
103600	0.085853
103650	0.025914
103700	-0.075879
103750	-0.211124
103800	0.108868
103850	0.000408
103900	0.004297
103950	-0.364379
104000	-0.094122
104050	-0.028112
104100	0.128639
104150	0.186349
104200	0.087159
104250	0.087548
104300	0.114740
104350	0.055139
104400	-0.116822
104450	0.024396
104500	-0.044526
104550	-0.020091
104600	-0.194181
104650	0.060211
104700	-0.066591
104750	-0.142310
104800	0.024262
104850	-0.097275
104900	-0.084381
104950	0.055840
105000	0.089587
105050	0.040074
105100	-0.053457
105150	-0.134604
105200	-0.148904
105250	-0.065190
105300	-0.006315
105350	-0.027590
105400	-0.185388
105450	0.136461
105500	-0.072975
105550	-0.007945
105600	0.140054
105650	0.175928
105700	0.204938
105750	0.135698
105800	-0.081203
105850	0.050876
105900	-0.002446
105950	0.221890
106000	0.145082
106050	0.136190
106100	0.088930
106150	-0.056203
106200	-0.126998
106250	-0.193822
106300	0.136856
106350	0.064809
106400	-0.063796
106450	0.216707
106500	0.182340
106550	0.113231
106600	-0.131485
106650	-0.052855
106700	0.173855
106750	0.045468
106800	0.160605
106850	-0.033725
106900	0.019475
106950	0.066407
107000	-0.024299
107050	0.077462
107100	-0.002320
107150	0.145093
107200	0.142206
107250	0.013478
107300	0.019624
107350	0.055619
107400	-0.188416
107450	-0.198426
107500	-0.199995
107550	0.125348
107600	0.046245
107650	-0.110203
107700	-0.042398
107750	0.043702
107800	-0.006383
107850	-0.263064
107900	-0.111069
107950	-0.062754
108000	-0.064475
108050	-0.130557
108100	-0.144379
108150	-0.127996
108200	-0.062913
108250	-0.094026
108300	-0.099615
108350	-0.162436
108400	-0.196266
108450	0.124714
108500	-0.144866
108550	-0.210339
108600	0.024129
108650	0.056977
108700	-0.052000
108750	-0.041877
108800	-0.052514
108850	0.053252
108900	0.035983
108950	0.269872
109000	0.062600
109050	0.027996
109100	-0.044741
109150	0.037655
109200	0.109429
109250	0.191018
109300	0.183557
109350	0.058114
109400	0.100613
109450	0.027181
109500	0.064301
109550	0.103420
109600	0.049516
109650	0.135985
109700	-0.070515
109750	-0.040291
109800	0.051086
109850	-0.032604
109900	0.106365
109950	0.028058
110000	0.126437
110050	-0.073304
110100	-0.192483
110150	0.210917
110200	-0.043070
110250	-0.131668
110300	-0.065152
110350	0.001019
110400	-0.161360
110450	-0.105055
110500	-0.016766
110550	-0.060228
110600	0.016186
110650	0.055308
110700	0.024457
110750	-0.139818
110800	0.091080
110850	0.217120
110900	0.204949
110950	0.141274
111000	0.164090
111050	0.121451
111100	0.026892
111150	0.151316
111200	0.134610
111250	0.177848
111300	-0.204749
111350	-0.147958
111400	-0.051202
111450	-0.022327
111500	0.048131
111550	0.007007
111600	0.256686
111650	0.152779
111700	-0.033423
111750	-0.002515
111800	0.089841
111850	0.131925
111900	0.044933
111950	-0.219940
112000	0.098688
112050	0.029755
112100	-0.058695
112150	0.098448
112200	-0.132492
112250	0.009704
112300	0.146638
112350	0.045021
112400	0.000066
112450	0.031636
112500	-0.230614
112550	-0.172394
112600	0.203470
112650	-0.128443
112700	-0.094523
112750	-0.259422
112800	-0.062761
112850	0.090611
112900	-0.083290
112950	-0.028043
113000	0.211456
113050	0.284806
113100	0.127454
113150	0.092428
113200	-0.055682
113250	-0.113741
113300	0.092696
113350	0.157703
113400	0.079478
113450	-0.085407
113500	0.123578
113550	0.118710
113600	-0.096479
113650	-0.107293
113700	-0.032258
113750	-0.133592
113800	-0.027960
113850	-0.059059
113900	-0.009230
113950	0.129165
114000	0.079246
114050	0.124151
114100	0.068148
114150	0.055652
114200	0.057135
114250	0.199533
114300	0.120561
114350	0.067062
114400	-0.211564
114450	-0.036611
114500	0.013270
114550	-0.006385
114600	-0.005594
114650	0.104139
114700	-0.167920
114750	0.015432
114800	-0.170534
114850	-0.001790
114900	-0.012728
114950	-0.162059
115000	0.111816
115050	-0.151924
115100	0.048361
115150	-0.220383
115200	0.026496
115250	0.125543
115300	0.078431
115350	-0.075363
115400	0.087044
115450	0.114631
115500	0.132737
115550	0.227930
115600	-0.152212
115650	0.099981
115700	0.155041
115750	0.051304
115800	-0.076449
115850	-0.026255
115900	0.034244
115950	0.096806
116000	-0.012068
116050	-0.053220
116100	0.107499
116150	0.107101
116200	0.002872
116250	-0.138559
116300	0.089872
116350	0.011920
116400	-0.126054
116450	-0.115275
116500	-0.043374
116550	0.017826
116600	0.012005
116650	-0.015033
116700	-0.025844
116750	0.024873
116800	-0.084914
116850	-0.094515
116900	-0.161971
116950	0.107319
117000	0.093230
117050	0.052907
117100	-0.045050
117150	-0.085532
117200	0.133070
117250	0.080468
117300	0.054060
117350	-0.085061
117400	-0.064368
117450	-0.047864
117500	0.188655
117550	-0.012881
117600	-0.154186
117650	0.021548
117700	-0.037456
117750	0.017112
117800	-0.006192
117850	-0.075375
117900	0.093025
117950	-0.177336
118000	-0.118712
118050	-0.022419
118100	-0.062530
118150	0.034775
118200	0.098363
118250	-0.118571
118300	-0.079904
118350	-0.117760
118400	-0.100926
118450	-0.146956
118500	-0.041308
118550	0.043581
118600	-0.034271
118650	-0.029985
118700	0.076712
118750	0.126183
118800	-0.138251
118850	0.082142
118900	-0.188956
118950	-0.218440
119000	-0.092942
119050	-0.100334
119100	-0.127844
119150	-0.063750
119200	0.007186
119250	-0.172261
119300	0.004345
119350	0.069731
119400	0.078168
119450	0.086989
119500	0.024124
119550	-0.213222
119600	-0.045233
119650	-0.161073
119700	-0.126710
119750	-0.094104
119800	0.056675
119850	0.239926
119900	-0.084015
119950	0.085336
120000	-0.063455
120050	-0.107364
120100	0.029242
120150	-0.111729
120200	-0.063522
120250	-0.209073
120300	0.161787
120350	-0.215488
120400	-0.132982
120450	0.091477
120500	-0.034651
120550	0.054320
120600	0.012069
120650	-0.030352
120700	0.129890
120750	-0.056679
120800	-0.091681
120850	-0.053577
120900	0.124839
120950	-0.056674
121000	0.005718
121050	0.171502
121100	0.047652
121150	0.111251
121200	0.130236
121250	0.139872
121300	0.082939
121350	-0.124788
121400	-0.127916
121450	-0.048161
121500	0.130505
121550	0.110504
121600	-0.135706
121650	0.005494
121700	0.106182
121750	0.102233
121800	0.073634
121850	0.033062
121900	-0.099914
121950	0.089250
122000	-0.062761
122050	0.138100
122100	-0.072929
122150	-0.001475
122200	0.040334
122250	0.032890
122300	0.024718
122350	0.050246
122400	-0.047059
122450	-0.095496
122500	-0.255886
122550	0.114425
122600	-0.074012
122650	0.047347
122700	0.040201
122750	0.180396
122800	0.005064
122850	-0.076148
122900	0.088865
122950	0.059891
123000	-0.033423
123050	-0.051236
123100	0.081993
123150	-0.003898
123200	0.005470
123250	-0.068999
123300	-0.212032
123350	-0.080341
123400	0.169636
123450	0.112815
123500	0.139276
123550	0.043559
123600	-0.107239
123650	0.104366
123700	0.115766
123750	0.049886
123800	0.090203
123850	0.028578
123900	-0.114107
123950	-0.024468
124000	0.200909
124050	-0.123496
124100	0.199248
124150	0.111051
124200	0.218614
124250	0.049666
124300	0.092019
124350	-0.072587
124400	-0.162538
124450	0.073737
124500	-0.112482
124550	-0.000436
124600	-0.080835
124650	-0.020684
124700	-0.004393
124750	-0.084231
124800	0.053089
124850	0.109819
124900	-0.028691
124950	-0.117615
125000	0.043894
125050	-0.192783
125100	-0.009194
125150	0.174774
125200	-0.246864
125250	0.166657
125300	0.075687
125350	0.026669
125400	0.052645
125450	-0.162986
125500	-0.121727
125550	-0.134602
125600	0.058482
125650	0.014530
125700	0.143819
125750	0.094666
125800	-0.087568
125850	-0.098499
125900	-0.022574
125950	0.124536
126000	0.035305
126050	0.030542
126100	-0.017450
126150	-0.048116
126200	-0.004468
126250	-0.173564
126300	0.023189
126350	-0.147349
126400	-0.107843
126450	0.026914
126500	-0.025652
126550	-0.063052
126600	-0.036476
126650	0.084719
126700	-0.052240
126750	-0.031541
126800	-0.104140
126850	-0.145839
126900	-0.024345
126950	0.033434
127000	0.117859
127050	0.029793
127100	-0.113480
127150	-0.182762
127200	-0.237355
127250	0.145074
127300	-0.179833
127350	-0.107695
127400	0.013569
127450	-0.112089
127500	0.129642
127550	0.238101
127600	-0.100878
127650	-0.131908
127700	-0.142850
127750	0.083346
127800	0.042435
127850	-0.112359
127900	0.134124
127950	0.152978
128000	-0.011875
128050	-0.091992
128100	-0.014200
128150	0.054212
128200	0.217467
128250	-0.034016
128300	-0.003884
128350	-0.093937
128400	-0.109467
128450	0.032225
128500	-0.155983
128550	0.141634
128600	0.081942
128650	-0.058798
128700	-0.092728
128750	-0.116763
128800	0.085874
128850	-0.122014
128900	-0.044384
128950	0.016075
129000	0.009555
129050	-0.079050
129100	-0.153134
129150	-0.168024
129200	0.107103
129250	-0.058987
129300	-0.003929
129350	0.121529
129400	0.242490
129450	-0.035692
129500	0.232851
129550	-0.109563
129600	-0.140260
129650	0.058514
129700	0.003617
129750	0.039509
129800	0.194971
129850	0.009981
129900	-0.081709
129950	0.096916
130000	-0.130569
130050	0.019180
130100	0.000708
130150	0.063388
130200	-0.169116
130250	-0.014118
130300	0.134347
130350	-0.022038
130400	-0.036345
130450	-0.089352
130500	-0.020574
130550	-0.143008
130600	0.057210
130650	0.022506
130700	-0.165952
130750	-0.155998
130800	-0.016464
130850	-0.169941
130900	0.070951
130950	0.004285
131000	0.028431
131050	-0.035990
131100	-0.081982
131150	-0.057070
131200	-0.147161
131250	-0.041839
131300	0.038688
131350	0.081462
131400	-0.050450
131450	0.016980
131500	-0.180686
131550	0.025954
131600	0.048802
131650	0.033180
131700	-0.174327
131750	-0.108528
131800	0.104697
131850	-0.141058
131900	0.014525
131950	-0.023000
132000	0.056166
132050	-0.035198
132100	-0.032418
132150	-0.134157
132200	-0.026787
132250	-0.053737
132300	0.107294
132350	-0.229493
132400	-0.028518
132450	-0.024110
132500	0.137881
132550	-0.065918
132600	-0.033580
132650	0.036577
132700	-0.041292
132750	0.098290
132800	0.002063
132850	-0.054649
132900	0.071284
132950	-0.136825
133000	-0.200077
133050	-0.087098
133100	0.015782
133150	0.043312
133200	-0.182828
133250	0.138305
133300	-0.021690
133350	0.030200
133400	-0.045671
133450	-0.053240
133500	-0.203330
133550	-0.161188
133600	-0.059360
133650	-0.013389
133700	-0.046183
133750	-0.070004
133800	0.146749
133850	-0.095442
133900	-0.144282
133950	-0.002091
134000	-0.030900
134050	0.032316
134100	0.034560
134150	0.151243
134200	-0.099047
134250	0.227091
134300	0.219312
134350	0.045981
134400	-0.072635
134450	0.080176
134500	0.042403
134550	0.058377
134600	-0.088089
134650	-0.095419
134700	0.168589
134750	0.074607
134800	0.047862
134850	-0.053079
134900	-0.090965
134950	0.130618
135000	0.029722
135050	0.021159
135100	0.020997
135150	0.091121
135200	0.043239
135250	0.204874
135300	0.049143
135350	0.101870
135400	0.073979
135450	0.233130
135500	0.091122
135550	0.047808
135600	0.074848
135650	-0.048828
135700	0.025211
135750	0.013346
135800	0.074647
135850	0.129087
135900	0.213380
135950	-0.065861
136000	-0.139504
136050	0.106597
136100	-0.004039
136150	-0.050732
136200	-0.021220
136250	-0.017712
136300	0.077937
136350	-0.001104
136400	0.063311
136450	0.108149
136500	-0.033332
136550	0.035107
136600	0.122980
136650	0.074953
136700	0.021560
136750	0.234300
136800	0.213950
136850	0.077001
136900	0.078365
136950	-0.125463
137000	0.117387
137050	-0.122205
137100	-0.056829
137150	-0.076150
137200	0.182357
137250	0.077631
137300	0.169344
137350	-0.255192
137400	-0.104608
137450	-0.172125
137500	-0.050112
137550	-0.106813
137600	0.060443
137650	0.082010
137700	0.097698
137750	-0.042851
137800	-0.084980
137850	0.115598
137900	-0.028419
137950	0.019059
138000	-0.083416
138050	-0.086387
138100	0.124716
138150	0.125036
138200	-0.091753
138250	-0.325239
138300	0.008970
138350	-0.078400
138400	-0.150075
138450	-0.012503
138500	-0.028580
138550	-0.056313
138600	0.116702
138650	0.042200
138700	0.106054
138750	0.043594
138800	-0.049252
138850	-0.029451
138900	0.057770
138950	0.102964
139000	0.105199
139050	0.029480
139100	-0.035919
139150	-0.079501
139200	0.146323
139250	-0.179556
139300	-0.011705
139350	-0.122927
139400	0.188258
139450	-0.078752
139500	0.001965
139550	-0.074324
139600	0.042359
139650	-0.093931
139700	0.072192
139750	0.001300
139800	-0.174374
139850	0.114556
139900	-0.091436
139950	0.061088
140000	0.146817
140050	0.116874
140100	-0.006535
140150	0.232282
140200	0.153473
140250	0.098778
140300	0.294705
140350	-0.075822
140400	-0.216456
140450	-0.123168
140500	0.198316
140550	0.107557
140600	0.210797
140650	-0.001170
140700	0.010117
140750	0.102019
140800	-0.256808
140850	0.121605
140900	0.079982
140950	-0.064669
141000	-0.042889
141050	-0.034592
141100	-0.067805
141150	-0.040443
141200	-0.180868
141250	-0.047686
141300	0.205829
141350	0.017559
141400	0.127823
141450	-0.042339
141500	-0.113687
141550	0.041798
141600	-0.059166
141650	0.063057
141700	0.033654
141750	-0.032007
141800	0.054088
141850	-0.353151
141900	-0.119157
141950	0.032146
142000	0.171519
142050	-0.102368
142100	-0.207146
142150	0.053227
142200	-0.275369
142250	-0.042678
142300	0.015270
142350	-0.106976
142400	-0.066266
142450	0.016394
142500	0.101773
142550	-0.013411
142600	0.011600
142650	-0.050112
142700	-0.131898
142750	0.037322
142800	-0.081084
142850	-0.058253
142900	0.078606
142950	-0.074030
143000	0.056906
143050	-0.076097
143100	-0.104936
143150	-0.093054
143200	0.117240
143250	-0.015192
143300	-0.069022
143350	0.060741
143400	0.199023
143450	0.082762
143500	0.029072
143550	-0.074017
143600	0.145738
143650	-0.299512
143700	-0.196010
143750	-0.000897
143800	0.096856
143850	-0.202233
143900	-0.043585
143950	0.041446
144000	0.083845
144050	0.061639
144100	-0.172823
144150	-0.015787
144200	-0.158312
144250	-0.091857
144300	-0.093824
144350	0.091952
144400	0.155328
144450	0.268022
144500	-0.001289
144550	0.095676
144600	0.030403
144650	0.035298
144700	-0.050172
144750	-0.258019
144800	-0.026117
144850	0.039092
144900	0.097333
144950	-0.051485
145000	0.016939
145050	-0.049665
145100	0.008486
145150	0.050764
145200	0.066829
145250	-0.115530
145300	-0.117067
145350	-0.049466
145400	-0.234886
145450	0.068447
145500	-0.177889
145550	0.214650
145600	-0.011405
145650	0.092707
145700	-0.177802
145750	-0.014174
145800	-0.111939
145850	-0.001906
145900	-0.023028
145950	-0.145495
146000	0.064489
146050	0.046603
146100	-0.052546
146150	-0.058247
146200	-0.050705
146250	-0.000792
146300	-0.066007
146350	-0.110006
146400	-0.042304
146450	0.057243
146500	0.085201
146550	0.002605
146600	-0.008246
146650	0.097541
146700	0.038616
146750	0.156078
146800	-0.090923
146850	-0.046121
146900	0.162303
146950	0.125844
147000	0.287245
147050	0.042265
147100	0.000772
147150	-0.175076
147200	-0.039937
147250	0.096730
147300	-0.025093
147350	0.129255
147400	0.022528
147450	-0.015590
147500	-0.108300
147550	-0.107181
147600	-0.029652
147650	-0.281444
147700	-0.030106
147750	-0.229280
147800	0.059162
147850	-0.019250
147900	-0.161018
147950	-0.204834
148000	0.100083
148050	-0.054572
148100	-0.181232
148150	-0.016242
148200	-0.172947
148250	-0.096217
148300	0.095453
148350	-0.130088
148400	-0.094722
148450	-0.091961
148500	-0.215259
148550	-0.049468
148600	0.293796
148650	-0.043466
148700	0.006606
148750	-0.042613
148800	-0.040667
148850	-0.015563
148900	-0.010465
148950	-0.137785
149000	-0.016484
149050	-0.100493
149100	0.002937
149150	0.084113
149200	-0.013885
149250	0.062452
149300	0.030786
149350	-0.044091
149400	-0.154142
149450	-0.086299
149500	-0.185775
149550	0.167110
149600	-0.118372
149650	0.032509
149700	-0.307402
149750	-0.108517
149800	-0.054728
149850	0.008056
149900	0.015249
149950	-0.106617
150000	-0.024191
150050	-0.018045
150100	-0.229366
150150	-0.179170
150200	-0.060629
150250	0.075826
150300	0.090825
150350	-0.079966
150400	0.082583
150450	0.135151
150500	0.219172
150550	-0.026993
150600	0.016040
150650	-0.101011
150700	-0.154798
150750	0.088720
150800	-0.288584
150850	0.163204
150900	0.110142
150950	-0.348526
151000	-0.115894
151050	-0.224247
151100	-0.240702
151150	-0.055959
151200	0.012509
151250	-0.169653
151300	0.128447
151350	0.037463
151400	-0.099491
151450	-0.263027
151500	-0.042787
151550	0.012617
151600	0.040248
151650	-0.007270
151700	-0.129772
151750	-0.016281
151800	-0.093078
151850	0.135804
151900	-0.078728
151950	-0.045000
152000	0.072053
152050	-0.144366
152100	0.070603
152150	-0.056348
152200	-0.081045
152250	-0.034409
152300	0.046808
152350	-0.075785
152400	0.113634
152450	0.218065
152500	-0.103521
152550	0.117606
152600	0.157976
152650	0.233410
152700	0.097397
152750	0.084775
152800	-0.218040
152850	-0.331037
152900	-0.114084
152950	-0.027084
153000	0.072821
153050	-0.112683
153100	0.001006
153150	-0.025174
153200	0.073172
153250	0.160933
153300	-0.061083
153350	0.185680
153400	0.033442
153450	-0.136933
153500	0.190364
153550	-0.035061
153600	-0.063558
153650	-0.135184
153700	0.108218
153750	0.088092
153800	0.015601
153850	0.027826
153900	0.181443
153950	0.168500
154000	-0.167273
154050	-0.284611
154100	-0.048844
154150	-0.050442
154200	-0.356861
154250	-0.143127
154300	-0.040073
154350	-0.061555
154400	-0.034977
154450	-0.061967
154500	-0.064001
154550	-0.009488
154600	0.088155
154650	0.038270
154700	-0.016819
154750	-0.137288
154800	-0.084003
154850	-0.098504
154900	0.039359
154950	0.059906
155000	0.250828
155050	-0.057560
155100	0.174863
155150	0.047617
155200	0.100163
155250	-0.106417
155300	0.043046
155350	0.116888
155400	0.051747
155450	-0.013015
155500	0.048709
155550	-0.076182
155600	0.001046
155650	0.099072
155700	0.041023
155750	-0.143878
155800	-0.074638
155850	0.051435
155900	0.116925
155950	-0.174131
156000	-0.106024
156050	-0.054272
156100	0.075647
156150	-0.129519
156200	-0.148652
156250	-0.148776
156300	-0.041970
156350	-0.019842
156400	-0.084469
156450	-0.012866
156500	0.054439
156550	-0.142941
156600	0.009826
156650	-0.120107
156700	-0.314809
156750	-0.120370
156800	-0.195923
156850	0.111675
156900	0.123065
156950	0.050290
157000	0.083800
157050	0.086600
157100	-0.094458
157150	-0.276531
157200	-0.059526
157250	0.021878
157300	0.038803
157350	0.125445
157400	0.132926
157450	0.004616
157500	0.010130
157550	-0.114977
157600	0.051567
157650	-0.050412
157700	0.025815
157750	-0.098911
157800	0.035231
157850	-0.036594
157900	-0.036363
157950	0.071503
158000	-0.059142
158050	0.040548
158100	0.006524
158150	-0.095256
158200	-0.145577
158250	-0.048734
158300	-0.150615
158350	0.094785
158400	-0.044365
158450	0.038292
158500	0.006253
158550	-0.031861
158600	-0.152949
158650	-0.066710
158700	0.069447
158750	0.339225
158800	0.155754
158850	0.062440
158900	0.133631
158950	0.070788
159000	-0.000741
159050	0.069614
159100	0.005699
159150	0.110237
159200	0.053319
159250	0.167788
159300	-0.042176
159350	-0.032457
159400	-0.116490
159450	-0.188228
159500	0.028008
159550	-0.216928
159600	0.025674
159650	-0.004433
159700	0.067315
159750	0.113638
159800	0.041793
159850	-0.062816
159900	-0.049255
159950	0.082806
160000	-0.054844
160050	-0.190373
160100	0.049231
160150	-0.143467
160200	-0.047357
160250	0.009768
160300	-0.121990
160350	-0.067508
160400	0.161073
160450	-0.016727
160500	0.120749
160550	0.114520
160600	-0.008072
160650	0.036615
160700	0.010694
160750	0.109470
160800	-0.168169
160850	0.013927
160900	-0.166372
160950	-0.101025
161000	-0.183718
161050	-0.050836
161100	0.105330
161150	-0.180100
161200	0.114549
161250	0.147214
161300	-0.043813
161350	0.109796
161400	-0.151546
161450	-0.062191
161500	0.043106
161550	0.102409
161600	-0.125611
161650	0.127145
161700	-0.017179
161750	-0.015705
161800	-0.094719
161850	-0.176856
161900	-0.023470
161950	-0.024230
162000	0.023455
162050	-0.050479
162100	-0.079476
162150	-0.031049
162200	-0.189168
162250	0.067763
162300	0.112265
162350	0.014718
162400	-0.335426
162450	-0.149244
162500	0.097307
162550	0.110829
162600	0.076575
162650	-0.158200
162700	-0.107813
162750	-0.033937
162800	-0.146397
162850	-0.090968
162900	-0.097440
162950	-0.002145
163000	0.063873
163050	-0.025258
163100	0.059655
163150	-0.011861
163200	-0.124898
163250	0.102430
163300	-0.218859
163350	0.063007
163400	0.191240
163450	0.041040
163500	-0.131621
163550	0.133548
163600	0.123898
163650	0.091165
163700	-0.109581
163750	0.087774
163800	0.160475
163850	0.114777
163900	0.049080
163950	-0.079995
164000	0.133797
164050	0.068587
164100	0.018461
164150	0.051198
164200	0.027649
164250	0.175236
164300	-0.049799
164350	-0.131996
164400	0.285454
164450	0.038284
164500	-0.219429
164550	0.022549
164600	0.037452
164650	-0.128741
164700	-0.132468
164750	0.108936
164800	0.141686
164850	0.019822
164900	0.183570
164950	-0.051305
165000	0.085446
165050	0.026172
165100	-0.125776
165150	-0.066511
165200	-0.129729
165250	0.079673
165300	0.028374
165350	-0.149802
165400	-0.134534
165450	-0.000406
165500	0.153009
165550	-0.060975
165600	-0.193825
165650	-0.041990
165700	0.050310
165750	0.107811
165800	0.162394
165850	0.166438
165900	-0.082721
165950	-0.033992
166000	0.005913
166050	-0.062241
166100	0.171102
166150	-0.043229
166200	-0.253443
166250	-0.116844
166300	0.057704
166350	0.034653
166400	0.071941
166450	-0.080987
166500	-0.174986
166550	-0.076866
166600	-0.118009
166650	-0.039432
166700	-0.008793
166750	-0.015365
166800	-0.072539
166850	0.097083
166900	-0.097414
166950	0.040443
167000	-0.052056
167050	0.042439
167100	0.281433
167150	0.170571
167200	-0.030981
167250	-0.037960
167300	-0.072732
167350	-0.035441
167400	-0.021172
167450	-0.008216
167500	0.110531
167550	-0.078753
167600	-0.095898
167650	0.060502
167700	-0.001310
167750	0.067306
167800	0.157253
167850	0.027531
167900	-0.106697
167950	-0.100820
168000	0.035661
168050	-0.056660
168100	-0.028880
168150	0.023586
168200	0.022889
168250	0.008764
168300	0.169823
168350	-0.032300
168400	0.059768
168450	0.122685
168500	0.056085
168550	0.020588
168600	0.168924
168650	-0.064137
168700	-0.114238
168750	0.102574
168800	0.034640
168850	-0.205292
168900	0.102258
168950	0.132319
169000	0.193457
169050	-0.002040
169100	-0.187315
169150	-0.207874
169200	-0.145528
169250	-0.020301
169300	0.101317
169350	0.003516
169400	0.134017
169450	-0.057572
169500	0.038825
169550	0.161628
169600	0.119320
169650	-0.041576
169700	0.026947
169750	-0.049337
169800	-0.042130
169850	-0.193721
169900	0.101912
169950	0.034024
170000	0.053577
170050	0.086272
170100	-0.021922
170150	-0.121201
170200	-0.143250
170250	0.114727
170300	-0.008810
170350	0.062379
170400	-0.049229
170450	0.149456
170500	0.010734
170550	0.086795
170600	-0.149016
170650	0.087704
170700	0.024224
170750	-0.099735
170800	0.067644
170850	-0.073374
170900	0.038325
170950	-0.137466
171000	-0.029514
171050	0.080008
171100	0.197222
171150	0.095659
171200	-0.105451
171250	-0.062302
171300	0.155063
171350	0.087085
171400	-0.077062
171450	-0.150751
171500	-0.143145
171550	-0.025409
171600	0.004405
171650	0.210394
171700	-0.052454
171750	0.137552
171800	0.061438
171850	0.049972
171900	0.163957
171950	-0.047836
172000	-0.228153
172050	0.021010
172100	0.116619
172150	0.062576
172200	-0.203236
172250	0.070486
172300	0.040385
172350	0.010618
172400	-0.080087
172450	0.040890
172500	-0.019906
172550	0.073713
172600	0.020325
172650	0.122717
172700	-0.046171
172750	-0.011171
172800	0.073703
172850	-0.066497
172900	0.174596
172950	0.022868
173000	0.007155
173050	0.039591
173100	-0.134029
173150	0.096095
173200	-0.179275
173250	-0.070915
173300	0.025134
173350	-0.049733
173400	0.328765
173450	-0.005338
173500	0.038368
173550	0.024698
173600	0.171431
173650	-0.199994
173700	-0.209158
173750	0.083701
173800	-0.065956
173850	-0.086450
173900	-0.072185
173950	-0.108677
174000	-0.179084
174050	0.045863
174100	0.139472
174150	0.148392
174200	0.027463
174250	-0.131498
174300	0.022890
174350	0.037175
174400	0.214556
174450	0.086628
174500	0.013801
174550	0.030828
174600	0.033546
174650	0.023505
174700	-0.255971
174750	0.080875
174800	0.105574
174850	-0.028447
174900	-0.097186
174950	0.001491
175000	-0.088486
175050	0.038344
175100	0.029085
175150	0.113056
175200	-0.086919
175250	-0.200248
175300	0.062916
175350	-0.042094
175400	0.008070
175450	0.189700
175500	0.100742
175550	-0.026707
175600	-0.004830
175650	-0.277539
175700	-0.280852
175750	-0.144228
175800	0.063914
175850	-0.131860
175900	0.241520
175950	-0.017763
176000	0.108285
176050	0.063391
176100	-0.209967
176150	-0.125106
176200	0.038958
176250	-0.152873
176300	0.187299
176350	0.109460
176400	0.056595
176450	0.128064
176500	0.081520
176550	-0.005653
176600	-0.078241
176650	-0.092680
176700	0.107448
176750	0.183951
176800	-0.001668
176850	-0.183305
176900	-0.078026
176950	-0.054941
177000	0.152857
177050	-0.014415
177100	0.028102
177150	-0.122275
177200	0.037022
177250	-0.000977
177300	0.017454
177350	0.255764
177400	0.061063
177450	0.049501
177500	-0.162500
177550	-0.221449
177600	-0.068843
177650	-0.007097
177700	0.105974
177750	0.260832
177800	-0.043389
177850	0.026397
177900	-0.254447
177950	-0.132417
178000	0.109457
178050	0.204847
178100	0.063049
178150	0.030051
178200	0.008351
178250	-0.000217
178300	-0.056776
178350	0.115182
178400	0.139393
178450	0.236594
178500	0.088575
178550	-0.046538
178600	-0.167319
178650	0.108653
178700	0.095582
178750	0.052090
178800	0.061759
178850	0.019866
178900	-0.104495
178950	0.059807
179000	0.173330
179050	-0.143280
179100	-0.116686
179150	0.045569
179200	0.022021
179250	0.238002
179300	-0.198781
179350	-0.144304
179400	0.085545
179450	0.039485
179500	0.065697
179550	0.142350
179600	-0.047533
179650	0.104668
179700	0.198182
179750	0.014786
179800	0.092884
179850	-0.043500
179900	-0.175237
179950	-0.033040
180000	0.161552
180050	-0.210044
180100	0.140623
180150	0.126303
180200	-0.026928
180250	-0.139576
180300	0.022344
180350	-0.079750
180400	-0.087694
180450	-0.042454
180500	-0.011297
180550	-0.053466
180600	-0.029188
180650	0.056167
180700	0.076537
180750	0.108781
180800	0.031262
180850	0.247388
180900	0.139364
180950	-0.019663
181000	0.099515
181050	-0.071721
181100	-0.067103
181150	0.000015
181200	0.169914
181250	-0.074757
181300	-0.011229
181350	-0.063872
181400	-0.069791
181450	0.074845
181500	0.239611
181550	-0.108248
181600	-0.192059
181650	0.109337
181700	0.037253
181750	0.012984
181800	0.029269
181850	0.110647
181900	-0.019766
181950	-0.027194
182000	0.057302
182050	-0.067300
182100	0.025231
182150	0.086326
182200	0.211478
182250	0.064951
182300	0.154372
182350	0.063828
182400	0.136241
182450	0.007323
182500	0.071885
182550	0.007786
182600	-0.072492
182650	-0.018132
182700	-0.137704
182750	0.033215
182800	-0.008952
182850	-0.014207
182900	-0.002814
182950	-0.242318
183000	0.040192
183050	-0.013350
183100	0.085215
183150	-0.085213
183200	-0.052692
183250	0.114913
183300	0.046509
183350	-0.066479
183400	-0.037976
183450	-0.117849
183500	-0.162182
183550	-0.039420
183600	0.065846
183650	-0.225081
183700	-0.052202
183750	-0.057279
183800	0.056841
183850	-0.137096
183900	0.011355
183950	0.018194
184000	-0.127801
184050	-0.030705
184100	0.114752
184150	0.098543
184200	0.090872
184250	0.002995
184300	0.094684
184350	-0.074721
184400	0.198053
184450	0.015899
184500	-0.141145
184550	-0.052804
184600	-0.018532
184650	0.062534
184700	0.132333
184750	-0.278677
184800	0.065447
184850	-0.187373
184900	0.067369
184950	-0.028731
185000	0.028584
185050	0.063203
185100	-0.092491
185150	-0.068710
185200	-0.109059
185250	-0.071084
185300	-0.145445
185350	0.109454
185400	-0.080916
185450	0.085817
185500	0.019638
185550	-0.041573
185600	-0.075021
185650	0.155357
185700	0.022024
185750	0.037463
185800	0.122590
185850	-0.019050
185900	-0.169449
185950	-0.156650
186000	-0.034644
186050	0.052253
186100	0.081135
186150	0.116979
186200	0.093148
186250	0.027221
186300	0.138458
186350	0.059781
186400	0.033825
186450	0.037643
186500	0.142651
186550	0.253296
186600	-0.036319
186650	-0.046587
186700	-0.044664
186750	-0.130060
186800	0.002096
186850	-0.133634
186900	0.142034
186950	0.132284
187000	-0.006579
187050	0.206343
187100	-0.127539
187150	-0.129822
187200	-0.113432
187250	-0.295690
187300	-0.064067
187350	-0.009594
187400	-0.008912
187450	-0.053577
187500	-0.021711
187550	-0.010165
187600	-0.127346
187650	-0.081846
187700	0.168632
187750	-0.031104
187800	0.160347
187850	-0.037777
187900	0.079605
187950	-0.212055
188000	-0.028101
188050	-0.069860
188100	0.211255
188150	-0.184123
188200	0.132317
188250	0.011737
188300	0.164907
188350	0.039224
188400	-0.014252
188450	-0.006639
188500	0.150339
188550	0.024096
188600	0.212336
188650	0.090343
188700	0.087629
188750	0.187164
188800	0.084349
188850	0.069845
188900	0.160039
188950	-0.192745
189000	0.058088
189050	-0.061881
189100	0.143428
189150	0.042649
189200	0.059670
189250	-0.012829
189300	-0.053314
189350	-0.109853
189400	-0.127629
189450	-0.264734
189500	-0.097707
189550	-0.104538
189600	0.184676
189650	0.116995
189700	-0.168663
189750	-0.064808
189800	0.015216
189850	0.249405
189900	0.171207
189950	0.116827
190000	0.043167
190050	-0.060920
190100	0.187076
190150	0.074802
190200	-0.103813
190250	-0.068727
190300	0.043891
190350	0.184840
190400	0.047647
190450	0.003575
190500	0.191270
190550	0.178317
190600	-0.023402
190650	0.038364
190700	0.093112
190750	0.037166
190800	0.110903
190850	0.042527
190900	-0.199343
190950	-0.004827
191000	-0.095609
191050	0.032685
191100	-0.092553
191150	-0.020107
191200	0.038834
191250	-0.058268
191300	0.133734
191350	0.286636
191400	-0.152369
191450	-0.028225
191500	-0.079745
191550	0.126575
191600	0.041591
191650	0.037454
191700	-0.130780
191750	-0.043494
191800	0.113516
191850	0.141525
191900	0.039627
191950	0.047003
192000	0.189834
192050	0.029132
192100	0.030092
192150	0.007710
192200	0.286036
192250	0.405545
192300	-0.002901
192350	-0.026804
192400	0.026819
192450	0.136944
192500	0.086307
192550	0.182629
192600	0.008561
192650	0.001849
192700	0.090270
192750	-0.039511
192800	-0.007502
192850	0.286186
192900	0.103735
192950	0.113252
193000	-0.008183
193050	-0.084224
193100	-0.118663
193150	-0.253050
193200	-0.174330
193250	0.108466
193300	-0.137802
193350	-0.000418
193400	-0.075540
193450	-0.084795
193500	-0.158693
193550	-0.103591
193600	0.007312
193650	-0.026810
193700	-0.059446
193750	0.072608
193800	-0.113001
193850	0.081916
193900	0.035989
193950	0.014988
194000	0.065079
194050	0.007450
194100	0.020593
194150	0.045047
194200	-0.000280
194250	-0.090755
194300	0.023545
194350	-0.037595
194400	-0.010134
194450	-0.075657
194500	-0.193023
194550	0.118329
194600	-0.104108
194650	-0.013411
194700	0.010203
194750	0.148019
194800	0.119182
194850	0.121499
194900	-0.032669
194950	-0.110955
195000	0.078117
195050	0.186700
195100	0.153510
195150	0.196042
195200	0.192161
195250	0.034870
195300	0.004039
195350	-0.050311
195400	0.059604
195450	0.065008
195500	0.170381
195550	0.035096
195600	-0.113380
195650	0.174465
195700	0.177553
195750	0.056172
195800	0.017417
195850	-0.076951
195900	-0.106494
195950	0.201071
196000	-0.042135
196050	-0.069525
196100	-0.051503
196150	-0.053084
196200	0.024407
196250	-0.164446
196300	-0.034108
196350	-0.045301
196400	-0.032552
196450	-0.075809
196500	0.109778
196550	-0.051682
196600	-0.018952
196650	0.021302
196700	-0.044808
196750	0.136158
196800	-0.012806
196850	0.247698
196900	0.370326
196950	0.130373
197000	0.023286
197050	0.051250
197100	-0.183069
197150	0.109502
197200	0.112929
197250	0.088130
197300	-0.220278
197350	-0.070784
197400	-0.014280
197450	0.015682
197500	0.072422
197550	-0.113421
197600	-0.134897
197650	-0.126991
197700	0.045941
197750	0.015084
197800	-0.101651
197850	-0.115436
197900	-0.236983
197950	0.073593
198000	-0.090641
198050	-0.108642
198100	-0.071101
198150	0.003657
198200	0.001992
198250	-0.075296
198300	-0.099317
198350	-0.078775
198400	0.107887
198450	0.106521
198500	0.073641
198550	0.196013
198600	-0.054313
198650	0.091759
198700	0.243093
198750	0.117873
198800	0.180244
198850	0.106619
198900	-0.066720
198950	-0.001470
199000	0.041000
199050	-0.012240
199100	0.018611
199150	-0.039045
199200	-0.040272
199250	0.201130
199300	0.033835
199350	-0.000079
199400	-0.018650
199450	0.007217
199500	-0.166196
199550	-0.108380
199600	-0.162970
199650	-0.212011
199700	-0.092900
199750	-0.065547
199800	-0.021100
199850	-0.073386
199900	-0.023528
199950	0.129715
