0	36.776980
50	2.607829
100	0.789979
150	0.393854
200	0.357741
250	0.181286
300	0.113875
350	0.363505
400	0.183449
450	0.162759
500	0.014331
550	0.193972
600	-0.037914
650	0.156611
700	0.393851
750	0.171930
800	0.177443
850	0.167386
900	-0.069786
950	0.149729
1000	0.028940
1050	0.051007
1100	0.143268
1150	0.094764
1200	-0.023452
1250	-0.157021
1300	0.126152
1350	-0.014454
1400	0.094498
1450	0.113960
1500	0.378716
1550	0.024428
1600	0.217687
1650	0.160932
1700	0.281560
1750	0.137253
1800	0.181252
1850	0.180340
1900	-0.008909
1950	0.184590
2000	-0.126551
2050	-0.002230
2100	-0.133510
2150	0.117529
2200	0.243617
2250	0.056982
2300	0.050755
2350	0.092455
2400	-0.007688
2450	0.174437
2500	0.057394
2550	0.112389
2600	0.043856
2650	-0.067648
2700	-0.044113
2750	0.260265
2800	0.144117
2850	0.173766
2900	0.091325
2950	-0.087915
3000	-0.301628
3050	0.232513
3100	0.031855
3150	-0.005371
3200	0.267281
3250	0.047304
3300	0.152763
3350	0.134180
3400	0.052002
3450	0.029391
3500	-0.030570
3550	0.067963
3600	0.069882
3650	0.197105
3700	-0.007987
3750	0.232138
3800	0.078260
3850	-0.083575
3900	0.064215
3950	0.115034
4000	-0.141802
4050	0.081881
4100	-0.146842
4150	0.153692
4200	0.125551
4250	0.147400
4300	-0.087899
4350	0.048652
4400	0.002137
4450	-0.002056
4500	0.141608
4550	-0.104372
4600	-0.019497
4650	0.043226
4700	0.076375
4750	-0.004730
4800	-0.214820
4850	0.041307
4900	-0.001089
4950	0.060939
5000	0.078459
5050	-0.001369
5100	0.043019
5150	-0.005001
5200	0.020118
5250	0.002726
5300	-0.108491
5350	0.019147
5400	-0.079123
5450	0.225737
5500	0.103952
5550	-0.191814
5600	-0.107354
5650	0.001040
5700	0.068171
5750	-0.014901
5800	-0.055123
5850	0.191831
5900	0.158280
5950	0.079105
6000	0.228815
6050	0.062413
6100	0.300288
6150	0.073481
6200	0.218909
6250	0.209440
6300	0.206784
6350	0.043388
6400	0.036099
6450	0.087119
6500	0.126194
6550	-0.042202
6600	0.055009
6650	-0.163126
6700	0.115673
6750	0.016071
6800	-0.047978
6850	0.323515
6900	0.140299
6950	0.013545
7000	0.032866
7050	0.040523
7100	0.019553
7150	0.024482
7200	0.018789
7250	-0.027060
7300	0.017414
7350	0.010656
7400	0.098386
7450	0.075697
7500	0.128560
7550	-0.052025
7600	0.032290
7650	-0.021856
7700	0.136916
7750	-0.158256
7800	-0.060971
7850	0.131400
7900	-0.082867
7950	0.011419
8000	0.031408
8050	0.040225
8100	0.022139
8150	0.096807
8200	0.087479
8250	0.023597
8300	0.075481
8350	0.183498
8400	0.064429
8450	0.141893
8500	0.067080
8550	0.109580
8600	-0.058173
8650	0.241280
8700	-0.088179
8750	-0.258793
8800	0.119331
8850	0.074831
8900	0.187576
8950	0.183620
9000	0.068688
9050	0.068432
9100	0.180825
9150	0.058616
9200	0.085026
9250	0.186680
9300	0.279910
9350	0.115234
9400	0.162281
9450	0.093505
9500	0.007611
9550	-0.078734
9600	0.008388
9650	0.034751
9700	0.008020
9750	-0.024753
9800	-0.142060
9850	0.064216
9900	-0.021090
9950	-0.039110
10000	-0.023918
10050	0.025931
10100	0.137203
10150	0.044680
10200	0.153822
10250	0.135353
10300	0.134732
10350	0.156256
10400	0.102695
10450	-0.019555
10500	0.029351
10550	-0.050497
10600	-0.108847
10650	-0.095137
10700	0.084517
10750	0.262790
10800	-0.101682
10850	0.057008
10900	0.013778
10950	-0.120549
11000	0.004047
11050	-0.029525
11100	0.055951
11150	-0.218477
11200	0.124242
11250	0.045558
11300	0.119948
11350	0.337572
11400	-0.008072
11450	-0.044908
11500	-0.065850
11550	0.022834
11600	0.158020
11650	0.290690
11700	0.200542
11750	-0.130643
11800	0.022991
11850	-0.087707
11900	0.044210
11950	0.219757
12000	0.026329
12050	-0.156082
12100	-0.009040
12150	0.046185
12200	0.221496
12250	-0.200345
12300	0.061198
12350	-0.029146
12400	0.112227
12450	-0.128672
12500	0.151669
12550	0.059282
12600	-0.029043
12650	0.008347
12700	-0.052198
12750	-0.047889
12800	0.112152
12850	0.083520
12900	-0.023761
12950	-0.262663
13000	-0.075296
13050	0.050018
13100	0.151484
13150	0.069768
13200	-0.058026
13250	-0.060257
13300	-0.053502
13350	0.172394
13400	-0.001680
13450	0.027933
13500	-0.034973
13550	-0.122162
13600	0.114810
13650	-0.143892
13700	-0.139717
13750	-0.110113
13800	0.168246
13850	-0.068970
13900	-0.031030
13950	-0.052664
14000	-0.068496
14050	-0.122692
14100	0.188560
14150	0.065201
14200	-0.004014
14250	-0.152876
14300	-0.122565
14350	0.096867
14400	-0.002920
14450	0.014649
14500	0.099892
14550	0.365319
14600	0.033481
14650	-0.002902
14700	-0.177582
14750	-0.009913
14800	0.120918
14850	0.129459
14900	0.068318
14950	0.118671
15000	0.008626
15050	-0.196341
15100	0.208270
15150	0.160527
15200	-0.003924
15250	-0.118005
15300	0.143220
15350	-0.162212
15400	-0.160425
15450	0.007180
15500	0.044979
15550	0.090822
15600	0.157558
15650	-0.115706
15700	0.144089
15750	-0.184573
15800	-0.049422
15850	0.092576
15900	0.115886
15950	-0.016128
16000	0.135337
16050	0.112299
16100	0.012059
16150	-0.109964
16200	0.095938
16250	0.016328
16300	-0.010754
16350	0.009667
16400	-0.019100
16450	0.100106
16500	0.160027
16550	0.181594
16600	-0.129389
16650	0.126132
16700	0.150019
16750	0.128003
16800	0.098178
16850	-0.109409
16900	-0.073849
16950	-0.213645
17000	0.140490
17050	0.122561
17100	-0.032253
17150	0.085873
17200	0.086158
17250	-0.015790
17300	0.064585
17350	0.116823
17400	-0.022789
17450	-0.042472
17500	-0.122216
17550	-0.040145
17600	0.104146
17650	-0.045443
17700	0.055529
17750	-0.011992
17800	-0.146691
17850	0.104128
17900	-0.119907
17950	-0.022835
18000	0.185096
18050	0.191786
18100	0.100784
18150	-0.170545
18200	0.097591
18250	0.010238
18300	0.109545
18350	0.013349
18400	0.016913
18450	-0.090581
18500	0.105562
18550	-0.103868
18600	0.050825
18650	-0.050301
18700	0.070151
18750	-0.183974
18800	-0.302139
18850	-0.103958
18900	-0.215385
18950	-0.020266
19000	0.001986
19050	-0.088980
19100	0.043684
19150	0.147948
19200	-0.126681
19250	0.035883
19300	-0.035517
19350	-0.254871
19400	0.104905
19450	0.082159
19500	-0.198451
19550	-0.095667
19600	-0.034161
19650	-0.072849
19700	0.055924
19750	0.009975
19800	-0.033915
19850	0.016602
19900	0.148314
19950	-0.167092
20000	-0.316840
20050	-0.079032
20100	0.259935
20150	-0.169236
20200	-0.077811
20250	0.023138
20300	0.074935
20350	0.096932
20400	0.307763
20450	-0.174159
20500	-0.092204
20550	0.107008
20600	0.170994
20650	0.034035
20700	-0.089232
20750	-0.062179
20800	-0.023282
20850	0.071489
20900	-0.031243
20950	-0.005261
21000	0.068802
21050	-0.110164
21100	0.127658
21150	-0.002342
21200	0.068001
21250	-0.015577
21300	-0.174876
21350	-0.102791
21400	0.246293
21450	-0.036252
21500	0.074563
21550	0.003081
21600	-0.031770
21650	-0.042038
21700	-0.090708
21750	-0.136536
21800	-0.014119
21850	-0.119915
21900	0.059268
21950	0.030073
22000	0.122088
22050	0.022020
22100	-0.031236
22150	0.064713
22200	0.088946
22250	0.119975
22300	0.252572
22350	0.137967
22400	-0.028195
22450	0.049135
22500	-0.038369
22550	-0.129460
22600	-0.112831
22650	0.065361
22700	-0.072866
22750	-0.147668
22800	-0.144641
22850	0.137436
22900	0.142916
22950	0.010889
23000	0.122337
23050	-0.100091
23100	0.127066
23150	0.047441
23200	-0.156462
23250	0.044826
23300	-0.172367
23350	-0.135487
23400	-0.020396
23450	-0.108406
23500	0.172375
23550	0.089810
23600	0.028594
23650	-0.000561
23700	-0.056610
23750	0.068925
23800	0.107316
23850	-0.010103
23900	-0.000971
23950	-0.082980
24000	0.018647
24050	0.044821
24100	0.146548
24150	0.083143
24200	-0.185530
24250	-0.030202
24300	0.181273
24350	0.028021
24400	-0.048607
24450	0.052769
24500	0.087909
24550	-0.059401
24600	-0.035755
24650	-0.127983
24700	0.262208
24750	0.025132
24800	-0.086676
24850	0.004789
24900	-0.046379
24950	-0.221547
25000	0.102223
25050	-0.047457
25100	0.143178
25150	-0.035693
25200	-0.158845
25250	0.113971
25300	-0.048783
25350	-0.085839
25400	-0.010465
25450	-0.059680
25500	-0.014038
25550	-0.110129
25600	0.015412
25650	0.148193
25700	0.103428
25750	-0.116376
25800	0.123752
25850	0.011197
25900	0.012055
25950	-0.160584
26000	0.070481
26050	-0.099538
26100	0.056650
26150	0.025044
26200	0.087259
26250	-0.046137
26300	0.021353
26350	0.193843
26400	-0.196040
26450	-0.011878
26500	0.004230
26550	-0.160072
26600	0.053101
26650	-0.106829
26700	-0.182726
26750	0.017127
26800	-0.120011
26850	-0.080521
26900	-0.084361
26950	-0.141028
27000	-0.134067
27050	-0.111329
27100	-0.064280
27150	0.063887
27200	0.092556
27250	0.040188
27300	-0.285014
27350	-0.087569
27400	0.111791
27450	0.162452
27500	-0.094078
27550	0.172173
27600	-0.065910
27650	0.029872
27700	-0.014946
27750	0.051863
27800	-0.155422
27850	-0.163611
27900	-0.019311
27950	-0.161043
28000	-0.051187
28050	-0.186254
28100	-0.023128
28150	-0.071824
28200	0.125500
28250	0.074008
28300	0.062321
28350	-0.033356
28400	-0.036589
28450	0.108852
28500	0.112813
28550	-0.048602
28600	0.099222
28650	0.083920
28700	-0.017757
28750	-0.065652
28800	-0.145744
28850	-0.177451
28900	0.167697
28950	0.200655
29000	-0.108273
29050	-0.027143
29100	-0.110051
29150	-0.005569
29200	0.088947
29250	-0.125431
29300	-0.057377
29350	0.135526
29400	0.025877
29450	0.003912
29500	0.049965
29550	0.110957
29600	-0.193924
29650	0.070259
29700	-0.102761
29750	0.069143
29800	-0.118794
29850	0.138571
29900	-0.019758
29950	0.248152
30000	0.148759
30050	0.174540
30100	0.312965
30150	-0.115546
30200	-0.167298
30250	-0.048500
30300	-0.097892
30350	-0.136729
30400	-0.039946
30450	0.157543
30500	0.060786
30550	-0.002839
30600	0.145784
30650	0.109458
30700	0.128531
30750	0.286289
30800	0.132152
30850	0.039494
30900	-0.128813
30950	-0.091150
31000	0.036971
31050	-0.044984
31100	-0.034864
31150	-0.048882
31200	-0.061779
31250	0.036332
31300	-0.061085
31350	-0.012309
31400	0.086291
31450	0.249564
31500	-0.042409
31550	0.052041
31600	-0.053846
31650	-0.029748
31700	0.091065
31750	0.116665
31800	0.070513
31850	0.210406
31900	0.014570
31950	0.131125
32000	-0.064795
32050	-0.003169
32100	0.102373
32150	0.117628
32200	0.071931
32250	0.144059
32300	0.079880
32350	0.042816
32400	0.012468
32450	0.035344
32500	0.076643
32550	-0.049643
32600	0.029633
32650	-0.037684
32700	-0.047946
32750	-0.028761
32800	0.020839
32850	0.055127
32900	-0.109674
32950	0.012779
33000	0.184504
33050	0.115480
33100	-0.110675
33150	-0.005686
33200	0.020298
33250	0.011510
33300	0.029018
33350	-0.050639
33400	-0.033349
33450	-0.102912
33500	-0.070372
33550	0.010387
33600	-0.020114
33650	0.109281
33700	0.024691
33750	0.000967
33800	-0.057025
33850	0.045345
33900	-0.000751
33950	0.122186
34000	0.003627
34050	-0.074421
34100	-0.010474
34150	0.001675
34200	0.066756
34250	0.048285
34300	0.247619
34350	-0.108560
34400	-0.027234
34450	-0.073566
34500	0.016960
34550	0.035473
34600	-0.047832
34650	0.018368
34700	0.049583
34750	0.041396
34800	-0.041064
34850	0.137846
34900	-0.007001
34950	-0.039915
35000	-0.003133
35050	0.022609
35100	0.069398
35150	-0.047779
35200	0.059821
35250	0.165389
35300	0.129888
35350	0.148599
35400	0.190268
35450	-0.024221
35500	0.126548
35550	0.121737
35600	-0.096384
35650	-0.037310
35700	-0.121972
35750	0.005759
35800	0.192531
35850	-0.187877
35900	0.099379
35950	0.048906
36000	-0.208278
36050	0.079019
36100	0.034640
36150	0.096554
36200	0.109482
36250	-0.129780
36300	-0.003823
36350	0.041672
36400	-0.038564
36450	0.175951
36500	0.247900
36550	0.051958
36600	0.061293
36650	0.132499
36700	0.029856
36750	-0.078605
36800	-0.072339
36850	0.019711
36900	-0.202555
36950	-0.117392
37000	0.021080
37050	-0.226412
37100	-0.122747
37150	-0.058644
37200	0.023648
37250	-0.102151
37300	-0.079302
37350	0.042571
37400	0.034197
37450	0.012399
37500	-0.024160
37550	-0.032296
37600	0.195046
37650	-0.029587
37700	-0.149784
37750	-0.030152
37800	0.060067
37850	-0.153464
37900	-0.024979
37950	0.001522
38000	0.086816
38050	-0.242093
38100	-0.050418
38150	0.049800
38200	0.025280
38250	0.018416
38300	0.263274
38350	0.127781
38400	0.089283
38450	-0.050383
38500	-0.098069
38550	-0.151827
38600	-0.030512
38650	-0.079017
38700	0.036456
38750	0.153580
38800	0.115281
38850	-0.072863
38900	-0.136484
38950	0.129282
39000	0.112537
39050	-0.238128
39100	0.019304
39150	-0.093807
39200	-0.073604
39250	-0.040728
39300	0.022383
39350	0.161563
39400	0.003241
39450	0.016857
39500	0.068671
39550	-0.010879
39600	-0.003157
39650	-0.049637
39700	0.111575
39750	-0.038173
39800	0.273217
39850	0.233241
39900	0.021387
39950	0.201846
40000	0.201008
40050	-0.010886
40100	0.020555
40150	0.088610
40200	0.028043
40250	0.238416
40300	-0.009925
40350	0.025818
40400	0.122556
40450	0.040654
40500	-0.145751
40550	0.121831
40600	0.107843
40650	0.173517
40700	-0.056334
40750	-0.037230
40800	-0.056577
40850	0.007669
40900	0.262982
40950	-0.078344
41000	0.121523
41050	0.049355
41100	0.149010
41150	0.121832
41200	0.016324
41250	-0.069826
41300	0.028379
41350	0.164039
41400	0.113941
41450	0.063111
41500	0.071551
41550	0.022242
41600	-0.168492
41650	0.021284
41700	0.198864
41750	0.040438
41800	0.158751
41850	0.178257
41900	0.076991
41950	0.114005
42000	0.110832
42050	0.082427
42100	0.023256
42150	-0.186746
42200	0.087125
42250	0.072284
42300	0.102378
42350	-0.139582
42400	-0.063203
42450	-0.000925
42500	0.243024
42550	0.076270
42600	-0.103712
42650	-0.153709
42700	0.045581
42750	0.068421
42800	0.117647
42850	0.165515
42900	0.176345
42950	0.134661
43000	0.070259
43050	0.181803
43100	0.011662
43150	-0.126427
43200	0.028887
43250	-0.005911
43300	0.013333
43350	0.157215
43400	0.030911
43450	-0.013830
43500	-0.000624
43550	0.076662
43600	-0.118428
43650	-0.195979
43700	0.084151
43750	0.084898
43800	-0.084392
43850	0.177064
43900	0.047142
43950	0.013718
44000	-0.070287
44050	-0.066270
44100	0.039008
44150	-0.026909
44200	0.143973
44250	0.087312
44300	-0.026422
44350	-0.144165
44400	0.129686
44450	0.161398
44500	-0.000862
44550	-0.019923
44600	-0.056887
44650	-0.051888
44700	0.058683
44750	0.163699
44800	0.077640
44850	0.180734
44900	0.151858
44950	0.014899
45000	0.057092
45050	-0.092931
45100	0.075234
45150	0.088531
45200	-0.061021
45250	-0.031904
45300	-0.154807
45350	0.115419
45400	0.083228
45450	0.048538
45500	0.121023
45550	0.129776
45600	0.168702
45650	0.103819
45700	0.012704
45750	0.113380
45800	-0.050558
45850	-0.045153
45900	-0.083006
45950	-0.127476
46000	-0.152552
46050	-0.209085
46100	-0.117564
46150	0.007250
46200	0.026512
46250	0.026354
46300	0.075576
46350	-0.044274
46400	0.055201
46450	0.048777
46500	0.195857
46550	-0.012673
46600	0.003139
46650	-0.043502
46700	0.021591
46750	0.095133
46800	-0.102517
46850	0.039032
46900	-0.204170
46950	-0.044989
47000	0.051622
47050	0.003067
47100	0.129764
47150	0.205852
47200	-0.032207
47250	-0.107462
47300	-0.060176
47350	-0.014926
47400	0.005778
47450	0.122668
47500	0.008905
47550	0.153832
47600	0.098857
47650	-0.061768
47700	0.027281
47750	-0.107558
47800	-0.189366
47850	-0.008176
47900	-0.054973
47950	0.074073
48000	-0.003996
48050	0.008705
48100	-0.057210
48150	-0.029398
48200	-0.041889
48250	-0.106178
48300	-0.106167
48350	-0.110877
48400	-0.001245
48450	-0.043023
48500	-0.151751
48550	-0.046916
48600	-0.065852
48650	-0.056686
48700	0.127169
48750	-0.076108
48800	-0.102298
48850	0.033561
48900	-0.015159
48950	0.086087
49000	0.146354
49050	0.172159
49100	0.021061
49150	0.032494
49200	-0.082761
49250	0.082426
49300	0.114026
49350	-0.021188
49400	0.143898
49450	0.095782
49500	-0.019321
49550	0.014424
49600	-0.125035
49650	-0.026448
49700	0.036806
49750	-0.096922
49800	0.045468
49850	0.020669
49900	-0.268637
49950	-0.163035
50000	0.060072
50050	-0.078606
50100	-0.128343
50150	0.062374
50200	0.142134
50250	-0.044391
50300	0.043707
50350	0.304999
50400	-0.017319
50450	0.018734
50500	-0.029572
50550	-0.057280
50600	0.107236
50650	-0.037213
50700	0.262975
50750	0.066051
50800	0.017312
50850	0.203570
50900	0.079202
50950	0.062401
51000	-0.046195
51050	0.078537
51100	0.007714
51150	0.057300
51200	-0.000596
51250	-0.090038
51300	0.004770
51350	-0.125571
51400	0.025055
51450	-0.020359
51500	0.037030
51550	0.020333
51600	-0.024224
51650	-0.024199
51700	0.179164
51750	0.107432
51800	0.017505
51850	0.042501
51900	-0.072194
51950	0.074768
52000	0.039405
52050	-0.055403
52100	-0.053155
52150	0.056363
52200	0.120832
52250	-0.109871
52300	-0.019780
52350	-0.127326
52400	-0.049431
52450	0.086517
52500	-0.012564
52550	0.203125
52600	0.267257
52650	-0.133495
52700	0.110150
52750	0.087803
52800	-0.033059
52850	-0.027968
52900	0.093881
52950	-0.033936
53000	-0.125261
53050	0.099353
53100	-0.034239
53150	0.099537
53200	-0.138325
53250	0.061063
53300	-0.076556
53350	0.147060
53400	-0.021575
53450	-0.147413
53500	-0.111727
53550	0.054640
53600	-0.010164
53650	-0.016957
53700	0.044695
53750	-0.107116
53800	0.128455
53850	0.104743
53900	-0.038386
53950	-0.149883
54000	-0.253461
54050	-0.002653
54100	-0.066306
54150	0.178034
54200	0.174279
54250	-0.017862
54300	-0.031747
54350	-0.066268
54400	-0.030166
54450	-0.116958
54500	-0.322622
54550	0.004917
54600	0.115381
54650	-0.170161
54700	0.003907
54750	-0.095081
54800	-0.019716
54850	0.014411
54900	-0.085626
54950	0.098863
55000	0.104570
55050	-0.101300
55100	-0.088277
55150	-0.051482
55200	-0.191657
55250	-0.018935
55300	-0.025544
55350	-0.072951
55400	-0.021905
55450	-0.066661
55500	0.011054
55550	0.060023
55600	0.039469
55650	-0.006430
55700	-0.185528
55750	0.094069
55800	0.102409
55850	-0.001607
55900	-0.162225
55950	-0.068954
56000	0.028440
56050	0.010300
56100	-0.045584
56150	0.105970
56200	-0.035231
56250	-0.123952
56300	-0.089093
56350	0.105334
56400	0.008135
56450	0.002267
56500	0.008103
56550	0.132621
56600	-0.127445
56650	-0.056495
56700	0.013209
56750	0.036376
56800	0.056866
56850	0.007943
56900	0.134037
56950	0.278256
57000	0.250297
57050	0.003187
57100	0.081044
57150	0.038619
57200	0.059717
57250	-0.012375
57300	0.089519
57350	-0.072529
57400	0.174237
57450	-0.123831
57500	0.014008
57550	0.171670
57600	0.073364
57650	-0.051543
57700	-0.023671
57750	-0.173848
57800	-0.234219
57850	-0.072946
57900	-0.114695
57950	0.045782
58000	0.158281
58050	0.149236
58100	0.075021
58150	-0.027924
58200	0.042825
58250	-0.002350
58300	-0.192939
58350	0.024955
58400	0.300916
58450	-0.035625
58500	-0.068807
58550	0.080948
58600	0.059151
58650	-0.027490
58700	-0.059818
58750	-0.068903
58800	0.093276
58850	-0.056995
58900	-0.083015
58950	-0.034503
59000	-0.096778
59050	0.174335
59100	-0.071023
59150	-0.029600
59200	0.086917
59250	-0.148089
59300	0.095957
59350	0.054983
59400	-0.078255
59450	-0.100152
59500	-0.240281
59550	0.029041
59600	0.108735
59650	0.174006
59700	0.037669
59750	0.173847
59800	0.073495
59850	0.120214
59900	0.082510
59950	-0.057515
60000	0.151066
60050	0.085276
60100	0.091300
60150	0.012589
60200	0.208425
60250	0.053604
60300	-0.037364
60350	0.075519
60400	-0.074276
60450	-0.057643
60500	-0.037007
60550	0.005154
60600	0.011319
60650	0.102685
60700	-0.088568
60750	0.131508
60800	-0.085756
60850	-0.065511
60900	-0.039288
60950	0.033791
61000	-0.088635
61050	0.004449
61100	-0.121746
61150	0.054528
61200	0.134717
61250	0.113324
61300	-0.039103
61350	0.006546
61400	-0.018341
61450	0.039165
61500	-0.156235
61550	0.080938
61600	0.018734
61650	0.146983
61700	-0.077679
61750	-0.146153
61800	0.113068
61850	0.179413
61900	0.306415
61950	-0.033424
62000	-0.163754
62050	0.072384
62100	-0.046530
62150	0.026275
62200	0.206462
62250	0.150050
62300	-0.006023
62350	-0.011634
62400	-0.119492
62450	0.069238
62500	-0.024501
62550	-0.215197
62600	-0.032881
62650	0.053153
62700	0.003243
62750	-0.032516
62800	-0.156230
62850	0.099540
62900	0.010364
62950	0.093457
63000	-0.055618
63050	0.110506
63100	0.149902
63150	0.082201
63200	-0.036108
63250	0.063919
63300	0.210812
63350	0.105700
63400	0.063319
63450	0.249963
63500	0.125765
63550	0.298230
63600	-0.032293
63650	0.102548
63700	0.062190
63750	0.165553
63800	0.019575
63850	0.193474
63900	0.103918
63950	0.099459
64000	-0.060409
64050	0.002880
64100	0.159019
64150	0.146183
64200	0.240363
64250	0.147595
64300	0.050642
64350	-0.200970
64400	0.143438
64450	-0.212638
64500	-0.007191
64550	0.107461
64600	0.056514
64650	0.051215
64700	-0.060033
64750	0.010794
64800	0.061458
64850	0.000667
64900	-0.034186
64950	0.186422
65000	0.173631
65050	0.152130
65100	0.004722
65150	-0.053786
65200	-0.108120
65250	0.056084
65300	-0.109029
65350	-0.003220
65400	0.072993
65450	0.088867
65500	0.069428
65550	-0.135164
65600	-0.115237
65650	0.218105
65700	0.037670
65750	-0.073521
65800	0.103996
65850	-0.001932
65900	0.065166
65950	-0.136927
66000	-0.156025
66050	0.021563
66100	0.113387
66150	-0.196902
66200	0.024242
66250	0.136633
66300	0.045361
66350	0.141109
66400	0.006442
66450	0.149384
66500	0.086000
66550	0.048524
66600	-0.080633
66650	-0.044807
66700	0.255387
66750	-0.053409
66800	-0.067513
66850	0.026144
66900	0.181984
66950	-0.005713
67000	-0.091390
67050	0.086256
67100	0.281873
67150	0.026166
67200	0.040595
67250	0.092484
67300	0.008201
67350	0.193406
67400	0.001811
67450	0.026718
67500	-0.024559
67550	-0.098719
67600	-0.020074
67650	0.003043
67700	0.031783
67750	0.034817
67800	-0.018875
67850	-0.142144
67900	-0.053290
67950	0.098296
68000	-0.106506
68050	0.019495
68100	-0.041802
68150	-0.076529
68200	0.134358
68250	-0.150530
68300	0.191327
68350	-0.031227
68400	0.037902
68450	0.098893
68500	-0.106539
68550	0.098534
68600	-0.136481
68650	0.105439
68700	-0.191300
68750	-0.033863
68800	-0.260866
68850	-0.174943
68900	0.083771
68950	0.001239
69000	0.076516
69050	-0.031942
69100	-0.004939
69150	0.053029
69200	-0.111513
69250	-0.030773
69300	-0.025905
69350	0.129958
69400	0.092984
69450	-0.009585
69500	-0.205255
69550	-0.057732
69600	0.110443
69650	0.179958
69700	0.002123
69750	0.053275
69800	-0.096287
69850	0.125043
69900	-0.012055
69950	-0.084542
70000	0.002174
70050	-0.042673
70100	0.058920
70150	0.055866
70200	-0.084166
70250	0.093173
70300	0.136394
70350	-0.000827
70400	-0.128855
70450	0.037950
70500	0.101046
70550	0.175592
70600	0.071103
70650	0.003622
70700	0.004739
70750	0.069866
70800	0.043337
70850	0.182935
70900	0.180542
70950	-0.023954
71000	0.052648
71050	-0.085506
71100	0.063048
71150	0.191691
71200	0.104964
71250	0.055027
71300	-0.103573
71350	0.053408
71400	-0.087795
71450	0.025286
71500	-0.129311
71550	-0.185473
71600	-0.017468
71650	-0.060515
71700	-0.000110
71750	-0.019445
71800	0.165939
71850	-0.063127
71900	-0.215989
71950	-0.005903
72000	-0.003866
72050	-0.099119
72100	-0.192342
72150	0.009058
72200	0.003094
72250	-0.005804
72300	-0.014336
72350	-0.174810
72400	0.012687
72450	-0.133193
72500	0.236266
72550	-0.027139
72600	-0.094253
72650	0.049263
72700	-0.106302
72750	0.095387
72800	0.084068
72850	-0.108472
72900	0.037432
72950	0.139656
73000	0.146198
73050	0.146886
73100	0.026515
73150	0.063709
73200	0.151962
73250	0.178074
73300	0.198219
73350	-0.037276
73400	-0.066333
73450	-0.016882
73500	0.010649
73550	0.089985
73600	0.129599
73650	0.226318
73700	-0.008751
73750	-0.003387
73800	0.053688
73850	0.129980
73900	0.156187
73950	-0.033509
74000	0.044433
74050	0.047540
74100	-0.018645
74150	-0.031350
74200	0.199299
74250	0.148140
74300	0.130324
74350	-0.173203
74400	0.034214
74450	-0.088126
74500	0.071118
74550	-0.191142
74600	-0.109482
74650	0.109641
74700	-0.026228
74750	0.194332
74800	0.247588
74850	0.083452
74900	-0.073871
74950	-0.003645
75000	0.203699
75050	0.018632
75100	0.149205
75150	-0.165107
75200	0.115525
75250	0.199010
75300	0.125408
75350	0.020138
75400	-0.043411
75450	0.082793
75500	0.030735
75550	0.035703
75600	0.055870
75650	0.095342
75700	0.142982
75750	0.002598
75800	-0.066793
75850	-0.051408
75900	0.019657
75950	0.103073
76000	-0.118666
76050	-0.069069
76100	0.066212
76150	0.031223
76200	-0.004277
76250	-0.082685
76300	-0.154846
76350	0.221765
76400	0.011712
76450	0.027014
76500	0.035108
76550	0.090249
76600	0.092675
76650	-0.095466
76700	0.039840
76750	0.033563
76800	0.033955
76850	-0.133712
76900	0.059203
76950	-0.060433
77000	-0.102866
77050	0.081082
77100	0.030748
77150	-0.154082
77200	0.009658
77250	-0.033038
77300	0.032371
77350	0.046709
77400	0.109304
77450	0.045323
77500	-0.020159
77550	0.019573
77600	0.117047
77650	0.088201
77700	0.073458
77750	0.101831
77800	-0.016631
77850	-0.003953
77900	0.109175
77950	0.000578
78000	0.004895
78050	-0.016264
78100	-0.092770
78150	0.002864
78200	0.026846
78250	0.092223
78300	-0.025124
78350	0.074280
78400	-0.168268
78450	-0.146034
78500	-0.048943
78550	-0.106897
78600	-0.220838
78650	0.081807
78700	0.012342
78750	-0.087607
78800	-0.227091
78850	0.063393
78900	0.174644
78950	0.086206
79000	0.225653
79050	-0.088837
79100	-0.026865
79150	0.256882
79200	-0.098875
79250	-0.004044
79300	0.060987
79350	0.302455
79400	0.433069
79450	0.120868
79500	-0.033410
79550	0.067875
79600	0.024397
79650	-0.063701
79700	-0.074020
79750	0.079389
79800	-0.054609
79850	0.184379
79900	-0.058215
79950	-0.086755
80000	-0.031819
80050	-0.277705
80100	0.023050
80150	-0.063774
80200	0.065560
80250	0.081306
80300	-0.222896
80350	-0.148672
80400	0.135361
80450	0.088711
80500	0.093589
80550	0.143746
80600	0.185134
80650	0.063226
80700	0.093036
80750	-0.097013
80800	-0.065449
80850	-0.079903
80900	-0.010507
80950	-0.066857
81000	0.041549
81050	0.079201
81100	-0.197549
81150	-0.142609
81200	0.046754
81250	0.058822
81300	0.189224
81350	0.181763
81400	-0.137301
81450	0.126920
81500	0.040506
81550	0.072078
81600	-0.070240
81650	-0.020952
81700	0.037569
81750	-0.039186
81800	0.128597
81850	0.203792
81900	-0.117444
81950	0.016686
82000	-0.112688
82050	0.002573
82100	0.086259
82150	0.025795
82200	-0.074998
82250	0.222133
82300	-0.145938
82350	-0.110449
82400	0.000195
82450	-0.122473
82500	0.003456
82550	0.179348
82600	-0.152926
82650	-0.119942
82700	-0.070412
82750	-0.020586
82800	-0.019799
82850	-0.020575
82900	-0.170669
82950	0.226797
83000	-0.069246
83050	-0.270918
83100	0.036874
83150	0.054004
83200	0.013786
83250	-0.067588
83300	0.027285
83350	0.021877
83400	-0.180018
83450	-0.129337
83500	0.023150
83550	-0.013769
83600	0.148435
83650	0.089411
83700	0.179829
83750	0.076341
83800	-0.123455
83850	0.188926
83900	0.219148
83950	-0.117917
84000	-0.218560
84050	0.094434
84100	0.041442
84150	-0.112560
84200	0.310863
84250	-0.015690
84300	0.075281
84350	0.080567
84400	-0.091161
84450	-0.032621
84500	0.040226
84550	-0.024667
84600	-0.070138
84650	0.081977
84700	-0.003919
84750	0.050409
84800	-0.069083
84850	-0.145789
84900	0.099801
84950	0.046550
85000	0.057010
85050	0.069060
85100	0.032481
85150	0.082420
85200	-0.068630
85250	0.159152
85300	0.009068
85350	0.129230
85400	0.010767
85450	-0.029113
85500	0.127265
85550	-0.005258
85600	0.200101
85650	0.089798
85700	-0.037770
85750	-0.008821
85800	0.020811
85850	-0.003352
85900	0.083980
85950	0.148174
86000	0.220699
86050	-0.043386
86100	-0.003957
86150	0.056960
86200	0.048131
86250	-0.091384
86300	0.096703
86350	0.109591
86400	-0.065438
86450	-0.027991
86500	0.005119
86550	-0.005200
86600	0.132135
86650	-0.032213
86700	0.067188
86750	0.059155
86800	-0.064187
86850	-0.008280
86900	-0.044337
86950	-0.038017
87000	0.135486
87050	0.189138
87100	-0.060218
87150	-0.184801
87200	0.037542
87250	0.033374
87300	-0.014990
87350	0.120551
87400	-0.009710
87450	-0.054873
87500	-0.178039
87550	-0.161532
87600	-0.156742
87650	-0.107183
87700	0.117498
87750	-0.028046
87800	0.057664
87850	0.174812
87900	-0.099293
87950	-0.024113
88000	-0.072105
88050	-0.010635
88100	0.106518
88150	-0.027191
88200	-0.045609
88250	-0.041269
88300	-0.171711
88350	0.056711
88400	0.138434
88450	-0.050192
88500	-0.183620
88550	-0.011424
88600	0.008520
88650	0.087186
88700	0.212938
88750	0.052018
88800	0.055144
88850	0.204169
88900	-0.188697
88950	0.058999
89000	-0.114622
89050	-0.040037
89100	0.065056
89150	0.150707
89200	-0.037691
89250	-0.027967
89300	0.139710
89350	0.208826
89400	-0.084710
89450	-0.015841
89500	0.047938
89550	0.155203
89600	-0.206292
89650	-0.038024
89700	-0.173888
89750	-0.071792
89800	0.076048
89850	0.070387
89900	-0.038505
89950	0.067229
90000	-0.025040
90050	-0.066353
90100	0.184771
90150	-0.124153
90200	-0.046052
90250	-0.111637
90300	-0.201723
90350	-0.166351
90400	0.155395
90450	0.002285
90500	0.096393
90550	-0.088508
90600	-0.084993
90650	-0.004439
90700	-0.252406
90750	-0.065666
90800	0.023933
90850	-0.092198
90900	0.073364
90950	0.027397
91000	0.165074
91050	0.001316
91100	-0.005043
91150	-0.023803
91200	-0.002201
91250	-0.017828
91300	0.065509
91350	-0.231071
91400	-0.002758
91450	-0.116718
91500	0.140498
91550	0.053556
91600	-0.178315
91650	-0.044782
91700	0.004833
91750	0.031828
91800	-0.032995
91850	-0.018851
91900	-0.193849
91950	0.022059
92000	0.034143
92050	-0.017090
92100	0.128421
92150	0.045557
92200	0.106133
92250	-0.050685
92300	-0.086711
92350	-0.110968
92400	-0.185939
92450	0.115537
92500	0.091404
92550	0.007073
92600	0.139138
92650	-0.101105
92700	-0.075090
92750	-0.201286
92800	-0.036535
92850	-0.007835
92900	-0.099443
92950	-0.155419
93000	-0.126271
93050	-0.035545
93100	-0.154426
93150	-0.034260
93200	0.105182
93250	0.183787
93300	0.192662
93350	-0.086597
93400	-0.044440
93450	-0.090642
93500	-0.045509
93550	-0.133335
93600	-0.011017
93650	0.116727
93700	0.182189
93750	0.006032
93800	0.025716
93850	-0.104845
93900	-0.086019
93950	0.092538
94000	0.083319
94050	0.162141
94100	-0.080499
94150	-0.050661
94200	0.216120
94250	0.069262
94300	0.048037
94350	-0.111923
94400	0.101510
94450	0.085808
94500	0.020128
94550	0.140456
94600	0.107685
94650	0.041286
94700	-0.024641
94750	0.137347
94800	-0.021859
94850	-0.237604
94900	0.059308
94950	0.074200
95000	-0.005549
95050	-0.228760
95100	0.054595
95150	-0.071188
95200	-0.050443
95250	0.053717
95300	0.100499
95350	-0.000600
95400	-0.229851
95450	-0.007486
95500	0.314356
95550	0.151989
95600	-0.039311
95650	0.022504
95700	-0.072098
95750	0.055227
95800	0.107317
95850	0.066424
95900	0.155873
95950	-0.114434
96000	-0.132136
96050	-0.225184
96100	-0.011847
96150	0.103073
96200	0.084078
96250	-0.008462
96300	0.027564
96350	0.157467
96400	0.048904
96450	0.202329
96500	0.064212
96550	-0.080621
96600	0.060093
96650	0.103199
96700	0.107315
96750	-0.085860
96800	-0.131783
96850	-0.104641
96900	0.008159
96950	0.025187
97000	-0.027805
97050	-0.157411
97100	0.012216
97150	0.020426
97200	-0.180061
97250	-0.039540
97300	-0.008351
97350	-0.166120
97400	-0.043730
97450	-0.155816
97500	-0.128373
97550	-0.238677
97600	0.030715
97650	-0.013775
97700	0.025366
97750	-0.129245
97800	-0.097474
97850	0.216735
97900	-0.063050
97950	-0.013872
98000	0.068560
98050	0.043588
98100	0.107571
98150	0.060529
98200	-0.037990
98250	-0.119359
98300	-0.054448
98350	-0.031944
98400	0.155836
98450	0.209173
98500	-0.117894
98550	0.066564
98600	-0.108287
98650	-0.107302
98700	-0.078135
98750	-0.065126
98800	0.006812
98850	-0.054918
98900	-0.063954
98950	0.009639
99000	0.139884
99050	0.113235
99100	-0.175055
99150	0.030304
99200	0.056893
99250	-0.101791
99300	0.064012
99350	0.204267
99400	0.017104
99450	-0.004928
99500	0.211368
99550	-0.015415
99600	-0.144295
99650	-0.104849
99700	0.117377
99750	0.049714
99800	-0.386842
99850	-0.079370
99900	-0.000559
99950	0.058632
100000	-0.048746
100050	-0.056171
100100	-0.047609
100150	0.300439
100200	0.090011
100250	-0.108435
100300	-0.124615
100350	0.219766
100400	-0.005979
100450	-0.099514
100500	-0.071902
100550	0.086136
100600	-0.004267
100650	-0.014047
100700	-0.050668
100750	-0.070391
100800	-0.125902
100850	-0.075416
100900	-0.004856
100950	-0.002916
101000	-0.048319
101050	-0.105911
101100	0.044209
101150	0.051882
101200	0.064494
101250	0.150553
101300	-0.086366
101350	-0.094027
101400	-0.025262
101450	0.076108
101500	-0.016856
101550	0.120183
101600	-0.027767
101650	-0.093533
101700	0.086249
101750	-0.014006
101800	0.086441
101850	0.000167
101900	0.165723
101950	-0.025100
102000	-0.153982
102050	0.019261
102100	0.123627
102150	0.013234
102200	-0.017425
102250	0.138402
102300	-0.141492
102350	-0.046971
102400	-0.111989
102450	0.054188
102500	0.061130
102550	-0.200079
102600	0.007547
102650	0.001349
102700	-0.223918
102750	-0.184553
102800	-0.093370
102850	0.008356
102900	-0.107858
102950	-0.032049
103000	-0.022520
103050	0.024482
103100	-0.120580
103150	0.115286
103200	-0.016847
103250	-0.132655
103300	0.077679
103350	0.039623
103400	-0.143481
103450	0.268203
103500	0.133072
103550	-0.030527
103600	0.005322
103650	-0.046377
103700	-0.090713
103750	-0.084771
103800	-0.168617
103850	-0.137515
103900	-0.069330
103950	0.162756
104000	0.048062
104050	0.069499
104100	0.219192
104150	0.078865
104200	-0.083934
104250	-0.083334
104300	-0.114022
104350	-0.016805
104400	-0.120061
104450	-0.003182
104500	0.027882
104550	-0.036898
104600	-0.058271
104650	0.202383
104700	0.200955
104750	0.088717
104800	0.094487
104850	-0.035782
104900	0.069534
104950	0.037521
105000	0.032771
105050	0.021192
105100	0.012139
105150	0.149349
105200	0.066164
105250	0.033739
105300	0.037931
105350	-0.043404
105400	-0.090511
105450	-0.031945
105500	-0.222652
105550	0.031469
105600	0.038549
105650	0.008720
105700	-0.061087
105750	-0.069625
105800	-0.062252
105850	-0.169800
105900	0.054697
105950	0.128541
106000	-0.181962
106050	0.062190
106100	-0.039612
106150	-0.212653
106200	-0.149576
106250	-0.059780
106300	0.157850
106350	0.164288
106400	0.031752
106450	0.026683
106500	0.068574
106550	-0.123683
106600	-0.159591
106650	-0.153862
106700	-0.006993
106750	-0.147813
106800	0.032866
106850	-0.138003
106900	-0.120210
106950	0.071147
107000	0.062911
107050	0.017814
107100	0.137722
107150	-0.110571
107200	0.166856
107250	0.138738
107300	-0.159926
107350	0.004042
107400	-0.070005
107450	0.144896
107500	-0.077508
107550	0.095540
107600	0.138107
107650	0.052243
107700	0.200999
107750	-0.104354
107800	0.019625
107850	0.254075
107900	-0.107514
107950	-0.139623
108000	-0.072454
108050	0.066364
108100	0.058239
108150	0.078199
108200	0.095228
108250	0.075171
108300	-0.078458
108350	0.041528
108400	0.074300
108450	-0.090631
108500	0.202310
108550	0.059350
108600	0.160574
108650	0.164257
108700	0.137038
108750	-0.062210
108800	-0.003003
108850	-0.028875
108900	-0.120550
108950	0.099613
109000	0.008632
109050	-0.079703
109100	0.026859
109150	0.162665
109200	0.136277
109250	0.144890
109300	0.113216
109350	0.078911
109400	-0.032358
109450	-0.018469
109500	-0.074861
109550	-0.050044
109600	-0.151995
109650	0.024433
109700	0.094872
109750	0.156872
109800	0.237102
109850	0.088769
109900	0.108531
109950	0.052908
110000	0.000714
110050	0.077514
110100	-0.019857
110150	-0.167152
110200	0.121934
110250	-0.062547
110300	0.063173
110350	-0.020805
110400	0.171441
110450	0.045728
110500	0.095223
110550	0.024236
110600	0.045457
110650	0.204809
110700	0.091255
110750	-0.036859
110800	-0.053916
110850	-0.218290
110900	-0.054885
110950	0.149722
111000	0.128319
111050	0.012140
111100	-0.010048
111150	0.043358
111200	-0.221339
111250	0.007973
111300	0.161577
111350	-0.032999
111400	-0.116593
111450	0.285360
111500	0.186031
111550	-0.088489
111600	0.023163
111650	0.104258
111700	-0.005637
111750	0.041839
111800	0.138707
111850	-0.068748
111900	0.036957
111950	0.159141
112000	-0.124324
112050	-0.007027
112100	-0.083717
112150	0.125909
112200	0.009123
112250	-0.218471
112300	0.069452
112350	-0.004924
112400	0.121555
112450	-0.001715
112500	-0.032884
112550	0.064779
112600	0.046723
112650	-0.020336
112700	-0.138220
112750	-0.194100
112800	-0.084051
112850	-0.155209
112900	-0.076216
112950	0.200909
113000	0.037423
113050	-0.118354
113100	0.016921
113150	-0.003060
113200	0.071860
113250	-0.108845
113300	0.027601
113350	-0.096933
113400	0.152323
113450	0.073725
113500	0.036696
113550	0.025526
113600	0.050435
113650	0.132132
113700	0.081400
113750	-0.132838
113800	-0.157571
113850	0.130877
113900	-0.100809
113950	-0.096842
114000	-0.008840
114050	0.189934
114100	0.047839
114150	-0.091490
114200	0.062523
114250	-0.059073
114300	-0.021529
114350	0.019382
114400	0.225884
114450	0.047197
114500	0.064783
114550	-0.263724
114600	-0.023811
114650	0.045050
114700	0.026691
114750	-0.086544
114800	-0.058499
114850	-0.095974
114900	0.159494
114950	0.063153
115000	0.007575
115050	0.118820
115100	0.098649
115150	0.079962
115200	-0.049760
115250	-0.001502
115300	0.164470
115350	0.057169
115400	0.023006
115450	0.066316
115500	-0.072381
115550	0.083558
115600	-0.095404
115650	-0.262499
115700	-0.131107
115750	0.043645
115800	0.124079
115850	0.166559
115900	-0.065067
115950	-0.108398
116000	-0.053581
116050	0.037025
116100	0.114548
116150	0.203671
116200	0.098491
116250	0.102207
116300	-0.125295
116350	0.159072
116400	0.026713
116450	-0.082336
116500	0.103474
116550	-0.001559
116600	-0.018624
116650	-0.137811
116700	0.186246
116750	-0.032460
116800	-0.069296
116850	-0.070729
116900	-0.049450
116950	-0.140029
117000	0.025870
117050	0.024393
117100	0.064214
117150	-0.064522
117200	-0.002936
117250	-0.053513
117300	0.037125
117350	-0.090561
117400	-0.038782
117450	-0.325850
117500	0.042291
117550	-0.050277
117600	0.105102
117650	-0.028564
117700	0.171280
117750	-0.018677
117800	-0.013238
117850	0.006657
117900	-0.125216
117950	-0.063487
118000	0.007580
118050	-0.025085
118100	0.020842
118150	-0.099408
118200	0.040176
118250	-0.007656
118300	-0.100581
118350	-0.029321
118400	-0.067306
118450	-0.069081
118500	-0.085547
118550	-0.012594
118600	0.012869
118650	-0.054907
118700	-0.069259
118750	-0.089097
118800	-0.024696
118850	0.164678
118900	0.213008
118950	0.138990
119000	-0.003982
119050	-0.053277
119100	-0.101808
119150	0.029408
119200	-0.019045
119250	0.078271
119300	-0.063793
119350	0.092132
119400	0.019981
119450	0.003128
119500	-0.255137
119550	-0.040877
119600	0.100166
119650	0.074481
119700	-0.068373
119750	-0.079420
119800	0.144515
119850	0.175148
119900	0.065444
119950	0.113372
120000	0.108587
120050	-0.168182
120100	-0.019542
120150	-0.063990
120200	0.044294
120250	0.051911
120300	0.164788
120350	-0.040273
120400	-0.129594
120450	-0.022335
120500	0.128885
120550	0.047706
120600	0.076769
120650	0.063237
120700	0.184440
120750	0.069298
120800	-0.064333
120850	0.115570
120900	0.076140
120950	0.012492
121000	0.106144
121050	0.085032
121100	0.053741
121150	-0.058507
121200	0.153386
121250	0.195381
121300	-0.058264
121350	0.144019
121400	0.006564
121450	-0.032077
121500	0.044092
121550	-0.027594
121600	0.077846
121650	0.134011
121700	-0.092115
121750	-0.061358
121800	-0.303552
121850	-0.144265
121900	-0.196453
121950	-0.035429
122000	-0.020758
122050	0.057230
122100	0.190249
122150	0.075432
122200	-0.003021
122250	-0.165202
122300	-0.114634
122350	0.027795
122400	-0.064585
122450	-0.075196
122500	0.026647
122550	-0.076132
122600	-0.029130
122650	-0.104007
122700	0.087372
122750	-0.000040
122800	0.081155
122850	-0.047780
122900	-0.090919
122950	-0.101227
123000	0.107951
123050	0.165120
123100	0.095747
123150	0.164192
123200	0.039939
123250	-0.071332
123300	0.058471
123350	0.152662
123400	-0.019926
123450	-0.001178
123500	-0.115691
123550	0.116452
123600	0.104956
123650	-0.057686
123700	-0.133678
123750	-0.041595
123800	-0.164151
123850	0.036456
123900	0.017509
123950	-0.079546
124000	0.112874
124050	-0.056154
124100	-0.015130
124150	-0.172179
124200	0.119154
124250	0.050112
124300	-0.065791
124350	-0.036441
124400	0.003611
124450	0.178153
124500	-0.016912
124550	0.020607
124600	0.058421
124650	0.151606
124700	0.059749
124750	-0.075850
124800	-0.114876
124850	0.139115
124900	-0.026679
124950	-0.052220
125000	-0.083013
125050	0.228140
125100	0.043628
125150	-0.074643
125200	0.020536
125250	0.099367
125300	-0.071558
125350	-0.047059
125400	0.183581
125450	0.182224
125500	-0.158704
125550	-0.090013
125600	-0.147633
125650	0.058368
125700	0.109059
125750	0.121807
125800	-0.198820
125850	-0.023829
125900	0.167902
125950	0.044375
126000	0.021487
126050	-0.095213
126100	0.019269
126150	-0.135245
126200	0.061349
126250	-0.013199
126300	0.206002
126350	-0.082060
126400	-0.063699
126450	-0.084385
126500	0.137580
126550	0.056722
126600	0.145353
126650	0.003941
126700	0.058099
126750	-0.067565
126800	0.142062
126850	-0.098048
126900	0.025567
126950	0.045533
127000	0.055669
127050	0.120553
127100	0.103041
127150	-0.013380
127200	-0.022113
127250	0.070585
127300	-0.071844
127350	0.053809
127400	-0.094888
127450	-0.079785
127500	0.056273
127550	-0.135153
127600	-0.057321
127650	-0.074222
127700	0.009879
127750	-0.026216
127800	0.060553
127850	-0.016017
127900	-0.056362
127950	-0.000542
128000	-0.047309
128050	-0.082079
128100	-0.035407
128150	-0.201865
128200	-0.157061
128250	-0.057349
128300	0.059280
128350	0.016530
128400	-0.037433
128450	0.051685
128500	-0.005550
128550	0.066720
128600	0.030518
128650	0.256847
128700	0.074603
128750	0.034868
128800	0.030317
128850	-0.149440
128900	-0.082436
128950	-0.022366
129000	-0.042151
129050	-0.026958
129100	0.039290
129150	-0.114249
129200	0.101407
129250	-0.000341
129300	-0.025641
129350	-0.029807
129400	-0.151049
129450	0.092107
129500	0.138554
129550	-0.003156
129600	0.086812
129650	-0.019928
129700	-0.081083
129750	0.003684
129800	-0.002292
129850	0.016959
129900	-0.012577
129950	-0.072757
130000	0.068354
130050	0.187800
130100	0.063834
130150	0.072371
130200	0.036130
130250	0.008997
130300	0.187258
130350	0.104132
130400	-0.046046
130450	0.038153
130500	0.185576
130550	-0.247023
130600	0.053542
130650	-0.003081
130700	-0.031904
130750	-0.047299
130800	0.027371
130850	0.071923
130900	-0.050787
130950	-0.178902
131000	-0.054274
131050	0.181054
131100	0.117724
131150	0.053085
131200	-0.052458
131250	0.143140
131300	-0.100546
131350	-0.010879
131400	0.162491
131450	-0.026300
131500	0.076431
131550	-0.010340
131600	0.102706
131650	-0.006447
131700	-0.084012
131750	-0.155107
131800	0.126032
131850	-0.020978
131900	0.126090
131950	-0.083248
132000	-0.114935
132050	0.034083
132100	-0.199916
132150	-0.134259
132200	-0.109557
132250	-0.103265
132300	-0.065611
132350	0.044540
132400	0.037285
132450	0.049198
132500	0.192813
132550	-0.042645
132600	0.075078
132650	0.004272
132700	-0.065479
132750	-0.160418
132800	-0.171061
132850	0.051858
132900	0.065296
132950	-0.067356
133000	-0.031850
133050	-0.133431
133100	0.100531
133150	0.214186
133200	0.007770
133250	-0.004927
133300	-0.177226
133350	-0.014253
133400	0.161210
133450	-0.001943
133500	-0.083067
133550	-0.010236
133600	-0.109540
133650	-0.056961
133700	-0.088790
133750	-0.033214
133800	-0.025772
133850	-0.168127
133900	-0.166567
133950	-0.055072
134000	0.076157
134050	0.174886
134100	0.009651
134150	-0.164790
134200	0.133709
134250	0.048821
134300	0.156694
134350	-0.006094
134400	0.038237
134450	-0.137691
134500	-0.021920
134550	-0.021549
134600	-0.002370
134650	0.126765
134700	0.095823
134750	-0.063303
134800	-0.046912
134850	-0.147511
134900	-0.072814
134950	-0.112072
135000	-0.100295
135050	0.074318
135100	-0.096577
135150	-0.175168
135200	-0.113669
135250	-0.102621
135300	-0.012657
135350	-0.173744
135400	-0.063572
135450	0.072684
135500	0.218772
135550	0.242531
135600	0.086186
135650	0.091197
135700	0.213959
135750	0.115538
135800	-0.139882
135850	-0.082245
135900	0.040004
135950	-0.034383
136000	-0.177860
136050	0.017664
136100	-0.043653
136150	0.041582
136200	0.035452
136250	-0.204469
136300	-0.067159
136350	0.076036
136400	-0.017732
136450	0.024031
136500	-0.031836
136550	-0.005484
136600	-0.267365
136650	0.138589
136700	0.125279
136750	0.021641
136800	0.001127
136850	-0.045800
136900	0.073173
136950	-0.020012
137000	-0.121901
137050	-0.065634
137100	0.023201
137150	0.068455
137200	0.123811
137250	0.156793
137300	0.118163
137350	-0.103872
137400	0.094455
137450	0.029656
137500	-0.084112
137550	0.108003
137600	-0.004866
137650	0.069031
137700	-0.095294
137750	-0.005927
137800	-0.209768
137850	0.047228
137900	-0.040238
137950	0.040847
138000	0.091265
138050	-0.013170
138100	-0.036371
138150	0.123774
138200	0.065129
138250	0.129067
138300	0.005592
138350	0.069353
138400	0.039179
138450	0.057803
138500	-0.014074
138550	0.193744
138600	0.126525
138650	0.043855
138700	0.248352
138750	-0.005965
138800	0.009139
138850	-0.043987
138900	-0.042356
138950	0.149189
139000	0.046511
139050	-0.313837
139100	0.024394
139150	-0.085586
139200	0.455008
139250	-0.125033
139300	-0.156230
139350	0.073138
139400	0.013409
139450	0.189234
139500	-0.170692
139550	0.037229
139600	0.010673
139650	0.023609
139700	-0.110932
139750	-0.048499
139800	0.020846
139850	-0.006202
139900	-0.008991
139950	-0.029312
140000	0.081864
140050	0.130898
140100	-0.021745
140150	0.162803
140200	-0.205967
140250	-0.026869
140300	0.152410
140350	0.092653
140400	0.185011
140450	0.032814
140500	-0.009507
140550	0.127089
140600	0.048088
140650	-0.097601
140700	-0.073234
140750	-0.053086
140800	0.146862
140850	-0.100738
140900	-0.019533
140950	-0.098152
141000	-0.109977
141050	-0.102989
141100	0.074143
141150	0.043220
141200	0.087505
141250	0.027013
141300	-0.073854
141350	0.077504
141400	0.216953
141450	-0.006623
141500	0.061463
141550	0.095365
141600	0.287026
141650	0.033273
141700	0.045196
141750	-0.054787
141800	0.146679
141850	0.220631
141900	0.077375
141950	-0.046855
142000	-0.091149
142050	-0.041880
142100	0.100880
142150	-0.111061
142200	-0.071416
142250	-0.072719
142300	-0.112731
142350	-0.048064
142400	0.033589
142450	0.013747
142500	-0.069911
142550	-0.074274
142600	0.059722
142650	0.136403
142700	0.178175
142750	-0.004099
142800	-0.033136
142850	0.040482
142900	0.060739
142950	-0.103075
143000	-0.056347
143050	-0.191013
143100	-0.007807
143150	-0.168970
143200	0.068295
143250	0.011550
143300	-0.325125
143350	-0.017236
143400	0.037499
143450	0.028454
143500	-0.092081
143550	-0.050885
143600	-0.093840
143650	0.064048
143700	0.073033
143750	-0.136995
143800	-0.107481
143850	0.024427
143900	0.109373
143950	0.016961
144000	0.079532
144050	0.058597
144100	-0.192193
144150	0.059141
144200	-0.124017
144250	-0.095020
144300	-0.113012
144350	-0.001354
144400	0.049984
144450	0.216897
144500	-0.085472
144550	0.015798
144600	-0.140586
144650	0.223655
144700	-0.000146
144750	-0.153715
144800	0.103141
144850	-0.014412
144900	-0.099261
144950	0.084439
145000	0.015686
145050	-0.030585
145100	-0.103714
145150	0.024388
145200	-0.121068
145250	-0.007180
145300	-0.056778
145350	-0.083864
145400	-0.117884
145450	-0.133769
145500	-0.005619
145550	-0.158474
145600	-0.022654
145650	0.075773
145700	-0.185072
145750	0.143375
145800	0.237479
145850	0.013312
145900	-0.144078
145950	0.062251
146000	-0.071469
146050	-0.018768
146100	-0.043755
146150	-0.021935
146200	-0.015015
146250	-0.112245
146300	-0.048763
146350	0.032208
146400	0.043649
146450	0.129754
146500	0.245701
146550	0.062648
146600	-0.109541
146650	-0.000116
146700	0.037179
146750	0.070835
146800	0.076827
146850	-0.060444
146900	0.114931
146950	-0.017338
147000	-0.158958
147050	0.133980
147100	0.197644
147150	0.246488
147200	-0.093241
147250	-0.016283
147300	-0.090043
147350	-0.089460
147400	-0.012707
147450	0.091660
147500	-0.371764
147550	0.068823
147600	-0.139082
147650	-0.014307
147700	-0.274385
147750	0.078486
147800	-0.120542
147850	0.062264
147900	-0.004725
147950	-0.163549
148000	-0.143369
148050	0.084511
148100	0.005756
148150	-0.063800
148200	-0.121422
148250	-0.232128
148300	-0.034425
148350	0.010935
148400	-0.176392
148450	0.160575
148500	0.038596
148550	0.107734
148600	-0.044126
148650	-0.040160
148700	-0.228393
148750	-0.008574
148800	-0.025459
148850	0.109643
148900	0.016004
148950	0.022053
149000	-0.071090
149050	-0.103510
149100	-0.013945
149150	0.150751
149200	0.098138
149250	-0.093801
149300	0.047683
149350	0.038778
149400	0.096737
149450	-0.028587
149500	0.054733
149550	0.105334
149600	0.152716
149650	0.094671
149700	-0.035938
149750	0.148220
149800	0.062889
149850	0.063374
149900	0.316516
149950	-0.026825
150000	-0.047465
150050	0.078134
150100	0.034929
150150	0.021877
150200	-0.082734
150250	-0.291810
150300	0.119099
150350	0.045593
150400	-0.037153
150450	-0.038978
150500	0.174992
150550	0.115837
150600	0.144280
150650	-0.055648
150700	0.195569
150750	0.058013
150800	-0.009282
150850	-0.066153
150900	-0.026089
150950	-0.157897
151000	-0.010483
151050	0.244592
151100	-0.006295
151150	-0.105738
151200	-0.010642
151250	-0.191608
151300	-0.149450
151350	0.024494
151400	0.249806
151450	0.180147
151500	0.044984
151550	-0.255028
151600	0.154397
151650	0.102283
151700	0.075746
151750	-0.098574
151800	-0.011750
151850	-0.087425
151900	-0.025771
151950	0.109113
152000	-0.163826
152050	0.054458
152100	-0.044277
152150	-0.014008
152200	-0.121546
152250	0.064442
152300	-0.001491
152350	0.108838
152400	-0.169617
152450	-0.090835
152500	0.196463
152550	-0.121111
152600	0.111125
152650	0.109090
152700	0.130069
152750	0.011372
152800	-0.040523
152850	0.053279
152900	-0.094761
152950	-0.222975
153000	-0.004853
153050	0.021235
153100	0.040633
153150	0.132564
153200	-0.011513
153250	-0.125887
153300	-0.145533
153350	0.136266
153400	-0.011472
153450	-0.010463
153500	0.014864
153550	-0.210384
153600	-0.098934
153650	-0.138132
153700	-0.136610
153750	0.095492
153800	0.012737
153850	-0.125580
153900	-0.055326
153950	0.224104
154000	-0.257290
154050	0.020479
154100	-0.085166
154150	-0.174000
154200	-0.037225
154250	0.152994
154300	0.052755
154350	-0.040528
154400	-0.090250
154450	-0.107556
154500	0.076300
154550	-0.006532
154600	0.012447
154650	0.074638
154700	0.038796
154750	0.101985
154800	0.046729
154850	-0.002750
154900	-0.073815
154950	0.030762
155000	0.082563
155050	-0.056731
155100	0.040550
155150	0.087723
155200	0.182357
155250	0.181446
155300	-0.005033
155350	0.085461
155400	-0.079777
155450	-0.019997
155500	-0.235907
155550	-0.013753
155600	-0.119040
155650	-0.108884
155700	-0.028702
155750	0.000589
155800	-0.090224
155850	-0.018417
155900	0.016258
155950	0.112568
156000	0.067506
156050	0.130258
156100	0.088670
156150	-0.055697
156200	0.002139
156250	-0.000990
156300	0.049742
156350	-0.075492
156400	0.191061
156450	0.130497
156500	0.161428
156550	-0.078896
156600	-0.079814
156650	0.191152
156700	-0.046137
156750	-0.032462
156800	-0.114722
156850	0.036057
156900	0.019318
156950	-0.098879
157000	-0.018439
157050	0.001610
157100	-0.037558
157150	0.044847
157200	0.165573
157250	-0.106633
157300	0.203385
157350	-0.083849
157400	-0.030071
157450	0.015722
157500	0.152530
157550	0.068015
157600	-0.033151
157650	0.218845
157700	0.029414
157750	-0.058600
157800	0.010622
157850	0.032699
157900	0.040269
157950	0.109771
158000	0.177205
158050	-0.085749
158100	-0.023745
158150	0.061189
158200	-0.009817
158250	0.000477
158300	-0.094582
158350	0.016485
158400	0.004803
158450	-0.002782
158500	0.068191
158550	0.176102
158600	0.089402
158650	-0.016324
158700	0.081613
158750	0.014248
158800	0.071406
158850	0.029140
158900	-0.074848
158950	0.161331
159000	0.160514
159050	-0.012710
159100	0.308910
159150	0.103296
159200	-0.050663
159250	-0.033222
159300	0.056403
159350	-0.134931
159400	0.028148
159450	0.038447
159500	0.108489
159550	0.035604
159600	0.211771
159650	-0.171718
159700	0.087559
159750	0.109488
159800	-0.172662
159850	-0.017696
159900	0.061066
159950	0.291738
160000	0.104114
160050	0.073145
160100	0.011709
160150	-0.062014
160200	0.124417
160250	-0.011351
160300	-0.112541
160350	-0.142488
160400	-0.087670
160450	-0.134243
160500	0.090467
160550	0.045423
160600	0.020215
160650	0.033821
160700	0.052380
160750	0.143564
160800	0.092553
160850	0.056258
160900	-0.132196
160950	-0.082915
161000	-0.162830
161050	-0.113478
161100	-0.027049
161150	-0.070542
161200	-0.154648
161250	-0.110084
161300	0.037713
161350	-0.110184
161400	-0.095414
161450	-0.057964
161500	-0.042487
161550	0.094961
161600	0.109714
161650	0.032605
161700	-0.016957
161750	0.024153
161800	0.108805
161850	0.141641
161900	-0.070447
161950	0.156682
162000	-0.168431
162050	0.022156
162100	0.154711
162150	0.099740
162200	-0.113998
162250	0.099199
162300	0.078252
162350	0.006569
162400	-0.206832
162450	-0.097136
162500	-0.084365
162550	-0.060279
162600	0.026768
162650	0.028891
162700	0.069555
162750	0.147592
162800	-0.153550
162850	0.053301
162900	0.014217
162950	0.104020
163000	0.152661
163050	0.132678
163100	0.064117
163150	0.249999
163200	0.017426
163250	-0.106982
163300	0.055162
163350	-0.072977
163400	0.086747
163450	0.033596
163500	0.125804
163550	-0.059074
163600	-0.010521
163650	-0.087684
163700	-0.019086
163750	-0.098131
163800	-0.010734
163850	0.240864
163900	-0.154559
163950	-0.078805
164000	-0.005982
164050	-0.000469
164100	0.135377
164150	-0.065835
164200	0.131129
164250	0.121841
164300	0.015320
164350	-0.124172
164400	0.176557
164450	0.051349
164500	0.058814
164550	-0.002585
164600	-0.053186
164650	-0.045821
164700	-0.003994
164750	0.071721
164800	0.127773
164850	0.309467
164900	0.123055
164950	-0.242210
165000	-0.118704
165050	-0.079922
165100	0.076404
165150	0.359754
165200	0.060798
165250	-0.015345
165300	-0.210197
165350	-0.174104
165400	0.034045
165450	-0.033421
165500	-0.005064
165550	0.118885
165600	-0.034249
165650	0.194714
165700	0.030648
165750	-0.102147
165800	0.084071
165850	0.076587
165900	0.044954
165950	-0.026243
166000	-0.020535
166050	-0.124390
166100	0.024598
166150	-0.010955
166200	-0.029795
166250	-0.123427
166300	0.015816
166350	0.049018
166400	0.094890
166450	0.176776
166500	0.128868
166550	-0.082233
166600	-0.050220
166650	-0.104570
166700	0.072849
166750	0.076308
166800	-0.070817
166850	-0.151592
166900	-0.100039
166950	0.110861
167000	-0.019140
167050	0.197017
167100	0.044543
167150	-0.029094
167200	-0.147021
167250	-0.095394
167300	0.131772
167350	-0.180371
167400	-0.125157
167450	0.062234
167500	0.185474
167550	-0.156449
167600	0.043735
167650	0.010268
167700	0.106492
167750	-0.023138
167800	-0.144267
167850	0.012176
167900	0.142829
167950	0.091395
168000	-0.128111
168050	-0.137591
168100	-0.131867
168150	0.041895
168200	-0.028906
168250	0.060437
168300	0.072214
168350	0.013326
168400	-0.115055
168450	-0.025774
168500	-0.108870
168550	-0.219910
168600	0.041174
168650	-0.034340
168700	0.049414
168750	0.031173
168800	-0.186810
168850	0.008159
168900	-0.046915
168950	-0.057214
169000	0.006547
169050	0.042043
169100	0.006705
169150	0.079317
169200	-0.077033
169250	-0.008640
169300	0.036332
169350	0.015358
169400	0.007039
169450	-0.112840
169500	-0.117324
169550	-0.209868
169600	-0.017992
169650	-0.203642
169700	0.003024
169750	0.009282
169800	0.255406
169850	0.084716
169900	0.010424
169950	-0.105069
170000	-0.031761
170050	-0.028245
170100	0.040635
170150	0.053945
170200	0.010990
170250	-0.226948
170300	-0.092532
170350	0.275143
170400	0.016882
170450	0.122110
170500	-0.133075
170550	0.099810
170600	0.047226
170650	-0.076449
170700	-0.320853
170750	0.050546
170800	0.123425
170850	-0.042805
170900	0.084269
170950	0.071843
171000	0.014595
171050	0.025772
171100	0.166351
171150	0.079321
171200	-0.068706
171250	-0.200420
171300	-0.220715
171350	0.072023
171400	0.132603
171450	0.273636
171500	0.047823
171550	0.090133
171600	0.257427
171650	0.040409
171700	-0.189603
171750	-0.117329
171800	-0.124227
171850	0.072736
171900	-0.122623
171950	0.060871
172000	0.045167
172050	-0.119223
172100	0.198148
172150	-0.210912
172200	-0.119007
172250	-0.079368
172300	-0.137908
172350	0.028544
172400	-0.110674
172450	0.092328
172500	-0.058070
172550	0.068276
172600	0.191487
172650	0.033324
172700	-0.097561
172750	-0.087960
172800	-0.004986
172850	-0.095994
172900	0.056039
172950	0.032501
173000	0.064915
173050	0.232310
173100	0.238347
173150	0.088766
173200	0.031866
173250	0.021039
173300	-0.008780
173350	-0.155214
173400	0.067681
173450	-0.345019
173500	-0.071011
173550	-0.036167
173600	-0.068197
173650	0.020850
173700	0.225972
173750	-0.025033
173800	0.184795
173850	0.107029
173900	-0.015070
173950	0.192771
174000	0.095576
174050	0.075766
174100	-0.057615
174150	0.072735
174200	-0.028969
174250	-0.044144
174300	-0.181892
174350	-0.105037
174400	-0.153023
174450	-0.173272
174500	-0.024640
174550	0.109953
174600	-0.050330
174650	0.132842
174700	0.051254
174750	0.055686
174800	-0.157423
174850	-0.029008
174900	0.016824
174950	0.067927
175000	0.061017
175050	-0.158736
175100	0.071294
175150	0.062045
175200	-0.116564
175250	-0.191236
175300	0.091628
175350	-0.069839
175400	-0.142361
175450	0.194743
175500	-0.087269
175550	0.058486
175600	0.076611
175650	-0.006366
175700	-0.111439
175750	0.167290
175800	-0.056864
175850	0.029390
175900	0.072177
175950	0.040087
176000	0.007967
176050	0.037960
176100	-0.233231
176150	-0.065200
176200	-0.163984
176250	-0.147336
176300	-0.095059
176350	0.050986
176400	0.006696
176450	-0.134872
176500	0.000993
176550	-0.124451
176600	0.011475
176650	-0.096854
176700	0.081182
176750	0.145392
176800	0.187436
176850	-0.023335
176900	0.002024
176950	-0.003912
177000	0.008328
177050	-0.024317
177100	-0.011514
177150	0.153079
177200	0.121980
177250	0.054818
177300	0.115700
177350	-0.227806
177400	0.079871
177450	0.144777
177500	0.039364
177550	0.012173
177600	-0.019175
177650	-0.124046
177700	-0.049593
177750	-0.022222
177800	0.011533
177850	-0.219696
177900	0.007419
177950	0.012207
178000	0.054132
178050	0.092214
178100	-0.090295
178150	0.048171
178200	0.112527
178250	0.076816
178300	-0.072817
178350	-0.080042
178400	-0.082995
178450	0.063310
178500	-0.045697
178550	0.044063
178600	0.170364
178650	-0.136769
178700	0.118741
178750	-0.020935
178800	-0.074962
178850	-0.091561
178900	-0.036581
178950	0.123520
179000	0.138002
179050	0.041224
179100	0.060665
179150	0.018704
179200	-0.005498
179250	-0.064252
179300	-0.139267
179350	-0.120123
179400	0.130741
179450	-0.148388
179500	0.082929
179550	0.145267
179600	-0.139654
179650	0.014571
179700	-0.207631
179750	0.067628
179800	-0.184774
179850	0.084160
179900	0.270807
179950	0.120006
180000	-0.039946
180050	-0.011117
180100	0.176270
180150	-0.037060
180200	-0.148746
180250	0.174109
180300	-0.046338
180350	-0.132391
180400	0.181713
180450	-0.004144
180500	-0.125216
180550	-0.122532
180600	-0.041888
180650	-0.052997
180700	-0.098557
180750	-0.148608
180800	0.006305
180850	0.024869
180900	0.141885
180950	0.183799
181000	0.093626
181050	0.027453
181100	-0.127522
181150	0.036371
181200	0.001554
181250	-0.056425
181300	-0.038805
181350	-0.024009
181400	0.133773
181450	0.116675
181500	0.183604
181550	-0.137028
181600	-0.058007
181650	0.056672
181700	-0.364773
181750	0.110584
181800	-0.060164
181850	-0.134775
181900	-0.029491
181950	-0.015030
182000	-0.025337
182050	-0.044703
182100	-0.025748
182150	-0.052883
182200	0.127617
182250	0.021391
182300	0.078812
182350	-0.107336
182400	-0.230142
182450	-0.096967
182500	-0.153015
182550	-0.099503
182600	-0.114641
182650	-0.198574
182700	-0.075173
182750	-0.014450
182800	0.093810
182850	-0.023545
182900	0.091356
182950	-0.143199
183000	-0.048130
183050	-0.026154
183100	-0.040109
183150	0.143409
183200	0.013945
183250	0.063979
183300	-0.026299
183350	-0.002255
183400	-0.075595
183450	0.045950
183500	-0.235520
183550	-0.101047
183600	-0.050570
183650	-0.059144
183700	0.009410
183750	0.114173
183800	0.015166
183850	-0.003452
183900	0.182080
183950	0.056887
184000	-0.113576
184050	-0.047540
184100	-0.143528
184150	0.097568
184200	0.060785
184250	0.006867
184300	-0.050630
184350	0.174360
184400	0.143262
184450	-0.000463
184500	-0.188448
184550	-0.004516
184600	-0.037221
184650	0.011533
184700	0.013909
184750	-0.018493
184800	0.010468
184850	-0.133263
184900	-0.084808
184950	0.149551
185000	0.239842
185050	0.158404
185100	0.239706
185150	0.101886
185200	0.001104
185250	-0.131985
185300	0.165247
185350	0.082966
185400	0.224986
185450	0.014355
185500	-0.221135
185550	-0.325497
185600	0.037079
185650	-0.052404
185700	0.159638
185750	0.282152
185800	0.121202
185850	0.034948
185900	0.129197
185950	0.079184
186000	-0.031553
186050	-0.058742
186100	-0.060670
186150	0.086644
186200	-0.123797
186250	0.157390
186300	0.058785
186350	-0.139878
186400	-0.097667
186450	-0.045081
186500	-0.058978
186550	0.091872
186600	0.001465
186650	-0.117673
186700	-0.032700
186750	-0.132346
186800	-0.184184
186850	-0.056497
186900	-0.110831
186950	-0.066646
187000	0.022150
187050	-0.069354
187100	-0.132819
187150	0.091016
187200	0.160186
187250	0.153750
187300	-0.238261
187350	-0.020418
187400	-0.010419
187450	0.016980
187500	0.014164
187550	-0.062515
187600	-0.076820
187650	-0.047192
187700	-0.023834
187750	-0.085756
187800	0.024987
187850	0.156781
187900	0.009201
187950	0.039455
188000	0.098638
188050	0.092624
188100	0.209706
188150	0.044329
188200	-0.049218
188250	0.042249
188300	-0.044095
188350	-0.158242
188400	-0.063545
188450	0.013782
188500	-0.004449
188550	0.070809
188600	-0.048951
188650	-0.064343
188700	0.005040
188750	0.146365
188800	0.063655
188850	-0.015820
188900	-0.062685
188950	-0.107424
189000	-0.074742
189050	0.042994
189100	0.248401
189150	0.135652
189200	0.192384
189250	-0.147143
189300	-0.000034
189350	0.141653
189400	0.272353
189450	-0.026582
189500	-0.062133
189550	-0.158595
189600	-0.104628
189650	-0.129759
189700	-0.112929
189750	-0.253252
189800	-0.029373
189850	0.063879
189900	0.033285
189950	0.127041
190000	-0.054831
190050	-0.100230
190100	0.013827
190150	0.073306
190200	0.046421
190250	-0.039215
190300	0.046138
190350	-0.007650
190400	0.070240
190450	-0.018727
190500	-0.089386
190550	0.040472
190600	0.137979
190650	-0.003951
190700	-0.121880
190750	0.076018
190800	0.001877
190850	-0.068827
190900	0.048844
190950	-0.271523
191000	-0.037046
191050	0.067110
191100	-0.164415
191150	-0.070568
191200	-0.091824
191250	0.067293
191300	-0.013370
191350	0.086916
191400	-0.093788
191450	-0.162555
191500	-0.131809
191550	-0.046180
191600	0.012655
191650	-0.247610
191700	-0.079525
191750	0.028123
191800	0.055293
191850	0.082288
191900	0.110708
191950	0.070971
192000	0.157768
192050	-0.109700
192100	-0.149706
192150	0.004227
192200	0.018857
192250	0.018220
192300	0.047066
192350	0.209457
192400	0.115208
192450	0.034320
192500	0.112668
192550	-0.021000
192600	-0.152464
192650	-0.137467
192700	0.091427
192750	-0.021328
192800	-0.156152
192850	0.053222
192900	-0.050171
192950	0.060241
193000	-0.077830
193050	-0.067359
193100	0.057636
193150	-0.199628
193200	-0.068479
193250	-0.059679
193300	0.069050
193350	0.035550
193400	0.049154
193450	-0.040903
193500	-0.210293
193550	-0.235834
193600	0.080126
193650	-0.130962
193700	0.132024
193750	-0.247754
193800	-0.127630
193850	-0.145889
193900	-0.112434
193950	-0.164677
194000	0.030680
194050	0.010855
194100	0.089727
194150	0.046101
194200	0.048818
194250	-0.078264
194300	-0.053317
194350	-0.002433
194400	0.045511
194450	-0.057192
194500	0.095444
194550	-0.059330
194600	0.148310
194650	0.082974
194700	-0.001307
194750	-0.097949
194800	-0.000488
194850	0.011566
194900	-0.035281
194950	-0.137908
195000	-0.076551
195050	-0.138188
195100	-0.231157
195150	-0.072335
195200	-0.106328
195250	-0.065925
195300	0.037680
195350	0.002178
195400	-0.042378
195450	0.017748
195500	-0.021241
195550	0.157195
195600	0.062245
195650	-0.034526
195700	-0.022525
195750	-0.194667
195800	-0.079531
195850	-0.044664
195900	0.173226
195950	-0.221823
196000	-0.027396
196050	-0.087039
196100	0.106811
196150	0.176242
196200	-0.063506
196250	0.024461
196300	0.159343
196350	-0.147786
196400	0.099560
196450	-0.090745
196500	0.027990
196550	0.179901
196600	0.019999
196650	-0.003227
196700	-0.142520
196750	-0.100186
196800	-0.045770
196850	-0.199765
196900	0.002893
196950	0.114116
197000	-0.154052
197050	-0.044640
197100	-0.102711
197150	-0.192608
197200	0.153815
197250	0.110985
197300	-0.102134
197350	-0.051788
197400	-0.098287
197450	-0.119208
197500	-0.197479
197550	0.048269
197600	0.144030
197650	0.003067
197700	-0.161516
197750	-0.207908
197800	0.014303
197850	-0.119763
197900	-0.218054
197950	0.119399
198000	0.083027
198050	0.047545
198100	-0.057990
198150	0.124872
198200	-0.001761
198250	0.128932
198300	-0.009557
198350	-0.188987
198400	-0.084553
198450	-0.276752
198500	-0.197588
198550	-0.250791
198600	-0.032001
198650	-0.185173
198700	-0.054286
198750	-0.241285
198800	-0.016522
198850	-0.122465
198900	-0.093426
198950	0.002311
199000	0.022533
199050	-0.098341
199100	0.005958
199150	-0.060697
199200	0.259794
199250	-0.078551
199300	0.127814
199350	0.362443
199400	0.082415
199450	0.050082
199500	-0.008968
199550	0.086244
199600	0.186096
199650	-0.066599
199700	0.091295
199750	-0.049541
199800	0.324954
199850	0.195428
199900	-0.058941
199950	0.106730
