0	38.672476
50	3.069158
100	0.932461
150	0.597607
200	0.595201
250	0.464699
300	0.228545
350	0.301433
400	0.357236
450	0.334555
500	0.158424
550	-0.036201
600	0.166829
650	0.171805
700	0.073748
750	0.020396
800	0.039407
850	0.156048
900	0.044730
950	0.173746
1000	-0.033394
1050	-0.036032
1100	0.101555
1150	0.108182
1200	0.112398
1250	0.050288
1300	0.067911
1350	0.098430
1400	0.083129
1450	0.198788
1500	0.063093
1550	0.083627
1600	0.117508
1650	0.309076
1700	0.195398
1750	-0.125882
1800	0.081424
1850	0.083686
1900	0.231858
1950	0.104986
2000	0.015368
2050	-0.019711
2100	-0.086635
2150	0.044532
2200	-0.150579
2250	-0.058146
2300	-0.047279
2350	-0.107957
2400	0.028819
2450	0.128648
2500	0.208164
2550	0.156648
2600	-0.037586
2650	-0.015585
2700	-0.059957
2750	-0.012796
2800	0.215891
2850	-0.060349
2900	0.093935
2950	0.131382
3000	-0.000111
3050	0.091539
3100	0.119099
3150	-0.007836
3200	-0.055699
3250	0.227293
3300	0.141493
3350	-0.010933
3400	-0.113153
3450	0.112025
3500	0.153589
3550	0.085558
3600	0.119197
3650	-0.099306
3700	0.050647
3750	0.149677
3800	0.095818
3850	0.137227
3900	0.096159
3950	0.105538
4000	0.049251
4050	-0.116936
4100	0.164287
4150	0.175472
4200	0.010563
4250	-0.049916
4300	-0.075555
4350	0.079164
4400	-0.013513
4450	0.044028
4500	0.085075
4550	0.049556
4600	-0.076137
4650	-0.066865
4700	0.029669
4750	0.066795
4800	0.048274
4850	0.055303
4900	0.011344
4950	-0.007218
5000	0.102255
5050	0.186130
5100	0.225531
5150	0.194657
5200	-0.002965
5250	0.217244
5300	0.200316
5350	0.187746
5400	0.113801
5450	0.261245
5500	0.124322
5550	-0.141979
5600	0.094139
5650	0.079686
5700	-0.077552
5750	0.030381
5800	-0.014207
5850	0.079380
5900	-0.084876
5950	0.119405
6000	0.173433
6050	0.061231
6100	0.126045
6150	0.235981
6200	-0.018101
6250	-0.029481
6300	0.098419
6350	-0.041478
6400	0.301832
6450	-0.031731
6500	-0.092646
6550	-0.081562
6600	0.103389
6650	-0.116018
6700	-0.010925
6750	-0.024073
6800	0.173673
6850	0.045015
6900	0.102155
6950	0.132486
7000	0.169336
7050	0.235491
7100	0.296435
7150	0.178178
7200	-0.060802
7250	-0.032090
7300	-0.030484
7350	-0.148810
7400	-0.087888
7450	-0.085089
7500	-0.016507
7550	-0.015399
7600	-0.035821
7650	0.119946
7700	0.037918
7750	-0.006925
7800	0.146589
7850	-0.095477
7900	0.020620
7950	0.064407
8000	0.018277
8050	-0.025329
8100	0.297291
8150	0.007194
8200	0.030913
8250	0.038599
8300	-0.179959
8350	-0.074392
8400	0.080060
8450	0.072428
8500	0.141901
8550	0.216658
8600	0.099980
8650	0.222740
8700	-0.004087
8750	0.190678
8800	-0.072357
8850	-0.031418
8900	0.117729
8950	0.119783
9000	0.076173
9050	0.275462
9100	0.107620
9150	0.161595
9200	0.031320
9250	0.026811
9300	-0.042002
9350	0.085200
9400	-0.061524
9450	0.035134
9500	0.173437
9550	-0.198053
9600	-0.172365
9650	-0.038343
9700	-0.142320
9750	-0.119538
9800	0.011631
9850	0.199477
9900	-0.023477
9950	0.008120
10000	-0.273966
10050	0.162379
10100	0.074823
10150	-0.215082
10200	-0.007351
10250	0.081015
10300	0.198131
10350	0.157468
10400	0.326504
10450	0.061046
10500	-0.029730
10550	0.048660
10600	0.130870
10650	-0.081815
10700	0.131897
10750	0.060305
10800	0.126825
10850	0.072678
10900	0.100355
10950	0.130132
11000	-0.006244
11050	0.014625
11100	0.105267
11150	0.266283
11200	-0.157661
11250	0.042022
11300	-0.054893
11350	0.075890
11400	0.130554
11450	0.191667
11500	0.095115
11550	0.094586
11600	-0.002062
11650	0.064343
11700	-0.026366
11750	-0.043527
11800	-0.109555
11850	0.003834
11900	0.009222
11950	0.013035
12000	0.234758
12050	0.060323
12100	0.049758
12150	-0.043085
12200	-0.189192
12250	0.026757
12300	0.086315
12350	0.180592
12400	-0.005383
12450	-0.194563
12500	-0.011745
12550	0.082370
12600	0.149600
12650	0.143303
12700	-0.095289
12750	-0.020249
12800	0.003827
12850	0.070027
12900	0.141466
12950	0.145402
13000	0.138289
13050	0.239620
13100	-0.012335
13150	0.130747
13200	0.086228
13250	0.017551
13300	-0.094058
13350	0.209080
13400	-0.004447
13450	0.119198
13500	-0.214998
13550	-0.023359
13600	-0.070548
13650	0.045468
13700	0.009782
13750	-0.210813
13800	-0.151136
13850	-0.194529
13900	-0.017530
13950	0.036784
14000	-0.019994
14050	-0.065392
14100	0.025487
14150	0.027876
14200	0.167310
14250	-0.050963
14300	0.073785
14350	0.116274
14400	0.036294
14450	0.028851
14500	0.288833
14550	0.148035
14600	0.149706
14650	0.200635
14700	0.032081
14750	0.022713
14800	0.218831
14850	0.145198
14900	-0.317104
14950	-0.101657
15000	-0.143816
15050	0.062453
15100	-0.015278
15150	-0.069507
15200	-0.133688
15250	0.119570
15300	-0.009610
15350	-0.135805
15400	-0.190905
15450	0.036019
15500	-0.017709
15550	0.135969
15600	-0.042692
15650	0.132602
15700	0.085441
15750	0.067481
15800	0.129908
15850	0.148810
15900	0.137626
15950	0.285767
16000	0.067845
16050	0.190935
16100	0.251140
16150	0.113302
16200	0.123879
16250	0.044533
16300	-0.101741
16350	-0.020762
16400	0.007720
16450	0.007016
16500	0.119412
16550	0.120365
16600	0.085627
16650	0.225914
16700	-0.011724
16750	0.026708
16800	0.083819
16850	-0.083417
16900	0.078270
16950	-0.024096
17000	0.130286
17050	0.008362
17100	0.057877
17150	0.051570
17200	0.153988
17250	0.214743
17300	0.136969
17350	0.178299
17400	0.136132
17450	0.135939
17500	0.043958
17550	0.090724
17600	0.206433
17650	0.077638
17700	-0.052081
17750	-0.045179
17800	-0.026096
17850	0.097753
17900	0.073656
17950	0.027879
18000	-0.114185
18050	0.130555
18100	0.296642
18150	-0.041858
18200	0.082440
18250	0.026654
18300	-0.006143
18350	0.238080
18400	0.150141
18450	0.000410
18500	-0.000381
18550	0.147863
18600	0.012708
18650	0.205152
18700	0.089994
18750	0.010122
18800	0.086231
18850	-0.099045
18900	0.181691
18950	0.086820
19000	-0.020507
19050	-0.318329
19100	-0.040674
19150	-0.001970
19200	0.004531
19250	-0.081514
19300	-0.132795
19350	-0.193666
19400	0.112175
19450	0.074632
19500	0.393795
19550	0.251728
19600	0.042115
19650	0.216119
19700	0.016217
19750	-0.015566
19800	-0.072140
19850	0.077892
19900	-0.064782
19950	-0.154077
20000	-0.009107
20050	-0.099557
20100	0.128611
20150	-0.031096
20200	0.105675
20250	0.071929
20300	-0.080823
20350	-0.076288
20400	0.001638
20450	-0.004674
20500	0.026666
20550	-0.066104
20600	-0.041011
20650	0.126961
20700	-0.097408
20750	-0.198106
20800	-0.031587
20850	0.059986
20900	0.100907
20950	-0.023208
21000	-0.385919
21050	-0.017076
21100	0.209530
21150	0.100775
21200	0.117652
21250	0.032017
21300	0.138918
21350	0.042293
21400	0.030705
21450	0.134071
21500	-0.009756
21550	0.048163
21600	0.001534
21650	0.108841
21700	0.090751
21750	0.236176
21800	-0.000221
21850	-0.089701
21900	-0.108467
21950	-0.186028
22000	0.026919
22050	-0.130525
22100	0.009101
22150	-0.080128
22200	-0.000726
22250	-0.194952
22300	0.036312
22350	-0.158328
22400	-0.029894
22450	0.168724
22500	0.064409
22550	-0.010288
22600	-0.119699
22650	0.001070
22700	-0.001317
22750	0.260204
22800	0.027857
22850	0.022686
22900	-0.174839
22950	0.033371
23000	0.086238
23050	0.128774
23100	0.069389
23150	0.135729
23200	0.062403
23250	0.035531
23300	-0.113830
23350	-0.049620
23400	-0.001805
23450	0.050205
23500	-0.010251
23550	0.191824
23600	0.249993
23650	0.278976
23700	0.084033
23750	-0.071076
23800	-0.078389
23850	-0.144640
23900	-0.056460
23950	-0.052462
24000	-0.069916
24050	-0.108315
24100	0.169400
24150	-0.189979
24200	-0.125989
24250	-0.143758
24300	-0.030499
24350	0.184670
24400	0.078362
24450	0.086575
24500	-0.091396
24550	0.277646
24600	0.129440
24650	0.159420
24700	0.023226
24750	0.147087
24800	0.073351
24850	0.015750
24900	0.160781
24950	-0.062589
25000	0.137895
25050	0.021966
25100	-0.076781
25150	-0.171180
25200	-0.036710
25250	-0.022923
25300	-0.223684
25350	-0.227985
25400	0.019589
25450	0.055309
25500	0.080288
25550	-0.146874
25600	0.057001
25650	-0.033987
25700	0.027420
25750	-0.117376
25800	-0.123216
25850	-0.031399
25900	-0.066745
25950	0.000021
26000	0.195277
26050	-0.091800
26100	-0.139264
26150	0.064861
26200	-0.091681
26250	-0.064396
26300	-0.101803
26350	0.272331
26400	0.063665
26450	-0.041098
26500	0.160274
26550	-0.003991
26600	0.140277
26650	-0.120042
26700	-0.181852
26750	-0.058378
26800	0.020758
26850	-0.170247
26900	-0.055774
26950	-0.084390
27000	-0.009595
27050	-0.009346
27100	0.204251
27150	0.120866
27200	-0.086888
27250	0.043244
27300	0.134651
27350	0.083285
27400	0.055216
27450	0.005950
27500	0.090447
27550	0.060213
27600	0.167873
27650	0.095725
27700	0.160660
27750	0.062889
27800	0.086323
27850	0.081806
27900	0.004085
27950	0.063745
28000	-0.018002
28050	0.004781
28100	-0.060162
28150	0.141071
28200	0.020960
28250	-0.004736
28300	-0.106278
28350	0.114019
28400	0.166410
28450	0.147692
28500	-0.048935
28550	-0.041458
28600	-0.027741
28650	-0.077000
28700	0.045380
28750	0.180784
28800	0.111660
28850	0.095637
28900	0.181119
28950	-0.046137
29000	0.170695
29050	0.138999
29100	-0.021115
29150	-0.089964
29200	-0.106195
29250	-0.076361
29300	-0.056687
29350	-0.166970
29400	-0.199065
29450	-0.050114
29500	0.024779
29550	0.086375
29600	-0.007011
29650	0.032526
29700	0.006912
29750	-0.170011
29800	-0.008992
29850	0.110095
29900	-0.112335
29950	0.046203
30000	0.077115
30050	0.094351
30100	0.041274
30150	0.230748
30200	0.052281
30250	0.169144
30300	0.039664
30350	0.084714
30400	-0.029918
30450	-0.108028
30500	0.060371
30550	-0.109273
30600	0.076753
30650	-0.143540
30700	0.343601
30750	0.070607
30800	0.032019
30850	0.073666
30900	-0.093882
30950	-0.099841
31000	-0.197822
31050	-0.041328
31100	-0.036761
31150	-0.090720
31200	-0.161046
31250	-0.060825
31300	0.196385
31350	-0.026233
31400	0.169936
31450	0.082649
31500	0.082723
31550	0.201548
31600	0.053887
31650	-0.038229
31700	-0.151038
31750	-0.086923
31800	0.019235
31850	0.110560
31900	0.041621
31950	0.045785
32000	-0.049701
32050	-0.113632
32100	0.072817
32150	-0.046459
32200	0.050518
32250	0.004252
32300	-0.206474
32350	-0.049661
32400	0.120411
32450	0.106545
32500	0.141710
32550	0.093512
32600	0.128648
32650	0.192868
32700	-0.023166
32750	-0.087084
32800	-0.086705
32850	-0.060516
32900	-0.058498
32950	-0.029041
33000	-0.182411
33050	0.046188
33100	0.086937
33150	0.094549
33200	-0.001720
33250	0.076950
33300	0.108357
33350	0.112234
33400	-0.193273
33450	-0.050237
33500	-0.047293
33550	0.105480
33600	0.206374
33650	-0.068085
33700	-0.252015
33750	0.111195
33800	0.045581
33850	0.146112
33900	0.182716
33950	0.197059
34000	0.069989
34050	0.110244
34100	-0.079591
34150	-0.012733
34200	0.075725
34250	0.229996
34300	0.079042
34350	-0.126086
34400	-0.039220
34450	0.006589
34500	0.097135
34550	0.081424
34600	0.103753
34650	-0.007985
34700	-0.112357
34750	-0.092224
34800	-0.163004
34850	0.007313
34900	0.061705
34950	0.026947
35000	0.004859
35050	0.090311
35100	0.056577
35150	0.012271
35200	0.210354
35250	-0.001830
35300	0.244285
35350	0.136101
35400	0.018783
35450	0.194551
35500	0.031880
35550	-0.019871
35600	0.026561
35650	0.109567
35700	-0.099738
35750	0.152626
35800	0.036082
35850	0.119490
35900	0.034659
35950	0.079679
36000	0.074508
36050	-0.015214
36100	0.049117
36150	0.075660
36200	0.012804
36250	0.052999
36300	0.013998
36350	0.215908
36400	0.046374
36450	0.147746
36500	0.084591
36550	-0.036744
36600	0.042494
36650	-0.019454
36700	-0.023075
36750	0.152405
36800	0.000703
36850	-0.156909
36900	0.025968
36950	0.015527
37000	0.044288
37050	-0.076539
37100	-0.135881
37150	-0.043562
37200	0.064709
37250	-0.043725
37300	0.051104
37350	-0.051245
37400	-0.030537
37450	0.001247
37500	-0.051628
37550	-0.122346
37600	-0.136090
37650	0.001824
37700	-0.098417
37750	-0.050094
37800	0.015753
37850	0.025029
37900	-0.068635
37950	-0.013580
38000	-0.004298
38050	0.105846
38100	0.201441
38150	-0.053711
38200	-0.008576
38250	-0.138007
38300	-0.135227
38350	-0.228620
38400	-0.049993
38450	0.104000
38500	0.088830
38550	-0.057859
38600	-0.112424
38650	-0.169311
38700	-0.104110
38750	0.135041
38800	0.015914
38850	0.032435
38900	-0.191331
38950	0.016862
39000	-0.032176
39050	-0.000300
39100	0.239829
39150	-0.064903
39200	0.106290
39250	-0.184407
39300	-0.020843
39350	-0.025169
39400	-0.074907
39450	-0.214841
39500	-0.190730
39550	-0.297874
39600	-0.010757
39650	0.057408
39700	0.161140
39750	-0.162558
39800	0.073577
39850	0.061690
39900	-0.055486
39950	-0.031321
40000	-0.035061
40050	-0.037982
40100	-0.066679
40150	-0.219739
40200	-0.274308
40250	0.012684
40300	0.133612
40350	0.076438
40400	-0.044599
40450	-0.046736
40500	-0.188026
40550	0.067867
40600	0.111871
40650	0.095481
40700	0.116540
40750	-0.017668
40800	-0.000067
40850	-0.042773
40900	0.170568
40950	-0.246697
41000	-0.054176
41050	-0.168481
41100	0.079926
41150	0.106721
41200	0.111179
41250	0.041037
41300	-0.005757
41350	-0.057202
41400	-0.035654
41450	0.136386
41500	-0.042209
41550	-0.027096
41600	0.148528
41650	-0.089728
41700	-0.052591
41750	-0.046441
41800	-0.094414
41850	-0.083268
41900	-0.064597
41950	-0.064130
42000	0.114803
42050	0.168338
42100	0.167785
42150	0.121408
42200	0.034267
42250	0.124212
42300	-0.023728
42350	0.009910
42400	0.100589
42450	-0.059830
42500	-0.066879
42550	0.012620
42600	0.119697
42650	0.134653
42700	-0.015371
42750	-0.199851
42800	0.033640
42850	0.116625
42900	0.195454
42950	0.037772
43000	-0.069819
43050	0.056068
43100	0.039366
43150	0.081131
43200	0.131487
43250	0.051499
43300	0.068152
43350	-0.016367
43400	-0.039292
43450	-0.040220
43500	0.099805
43550	0.058591
43600	0.142710
43650	-0.028726
43700	0.002708
43750	-0.064875
43800	-0.038601
43850	0.134572
43900	0.083000
43950	-0.036096
44000	0.154756
44050	-0.098854
44100	-0.129498
44150	-0.093014
44200	0.106708
44250	0.100403
44300	0.022362
44350	-0.198072
44400	-0.212519
44450	-0.139008
44500	0.030397
44550	-0.097088
44600	-0.146223
44650	0.120494
44700	-0.010559
44750	0.118216
44800	0.040579
44850	0.106826
44900	-0.060131
44950	0.067874
45000	-0.157288
45050	0.130621
45100	0.064391
45150	-0.017122
45200	0.074591
45250	0.096726
45300	-0.075373
45350	-0.071583
45400	0.053982
45450	-0.106836
45500	0.020159
45550	-0.011338
45600	0.068813
45650	0.002720
45700	0.067753
45750	0.073247
45800	0.057489
45850	0.059072
45900	-0.014857
45950	-0.004284
46000	0.092252
46050	0.034637
46100	-0.031944
46150	0.189599
46200	0.038841
46250	0.087985
46300	0.048345
46350	0.091082
46400	-0.026040
46450	0.098406
46500	-0.142651
46550	0.080370
46600	0.200111
46650	-0.007734
46700	0.103532
46750	0.256566
46800	-0.091401
46850	-0.191452
46900	0.059935
46950	-0.077519
47000	-0.114624
47050	0.085998
47100	0.040072
47150	0.263171
47200	-0.135495
47250	0.070866
47300	-0.166015
47350	-0.179125
47400	0.140778
47450	-0.107545
47500	0.031243
47550	0.285042
47600	0.046859
47650	0.030855
47700	0.081048
47750	-0.163527
47800	0.011647
47850	-0.101762
47900	0.189732
47950	0.327380
48000	0.076517
48050	-0.066910
48100	-0.038223
48150	0.121394
48200	-0.244969
48250	-0.067239
48300	0.003038
48350	0.064147
48400	0.064795
48450	-0.137421
48500	-0.054275
48550	-0.083993
48600	0.334835
48650	-0.036785
48700	-0.010284
48750	-0.016364
48800	-0.040056
48850	-0.050769
48900	-0.034722
48950	0.080596
49000	0.014245
49050	-0.004046
49100	0.291738
49150	-0.049284
49200	0.000100
49250	0.088010
49300	-0.174341
49350	-0.110443
49400	0.135119
49450	0.090196
49500	0.091046
49550	0.001558
49600	-0.036109
49650	0.328167
49700	0.061421
49750	-0.097973
49800	0.015023
49850	-0.083645
49900	-0.196654
49950	0.039973
50000	0.227899
50050	0.068196
50100	0.180625
50150	0.113286
50200	0.011884
50250	-0.089380
50300	0.039720
50350	-0.056503
50400	0.170190
50450	0.172737
50500	0.020102
50550	0.041775
50600	-0.064910
50650	0.102383
50700	0.014887
50750	-0.059532
50800	-0.000681
50850	0.158931
50900	-0.042100
50950	-0.057121
51000	-0.164650
51050	-0.051041
51100	-0.022535
51150	0.059291
51200	-0.094522
51250	-0.086418
51300	-0.029862
51350	0.158786
51400	0.089545
51450	0.021461
51500	0.035394
51550	0.113012
51600	0.185783
51650	-0.023163
51700	-0.121832
51750	0.080876
51800	-0.020862
51850	0.017909
51900	-0.015795
51950	-0.093549
52000	0.135331
52050	-0.089053
52100	-0.001479
52150	-0.006061
52200	-0.090755
52250	-0.060983
52300	-0.054400
52350	-0.080315
52400	0.055863
52450	-0.076051
52500	-0.111949
52550	0.063302
52600	-0.133717
52650	0.088824
52700	0.030717
52750	0.081930
52800	0.024611
52850	0.046244
52900	-0.059904
52950	-0.265336
53000	0.000927
53050	-0.077269
53100	-0.165902
53150	0.194376
53200	-0.088712
53250	0.022153
53300	0.088720
53350	0.066570
53400	-0.032217
53450	-0.105255
53500	0.093237
53550	0.195120
53600	0.063846
53650	-0.016056
53700	0.154625
53750	0.005394
53800	-0.039263
53850	0.086747
53900	-0.024005
53950	0.072972
54000	0.355399
54050	-0.172141
54100	-0.085232
54150	-0.087454
54200	-0.040008
54250	0.127285
54300	-0.140409
54350	0.097043
54400	0.073834
54450	-0.296745
54500	-0.025422
54550	-0.112472
54600	0.012621
54650	-0.039535
54700	0.079653
54750	0.086177
54800	-0.094744
54850	-0.150206
54900	0.054864
54950	0.026429
55000	0.037344
55050	-0.006131
55100	0.018559
55150	0.072756
55200	0.016968
55250	-0.104674
55300	-0.027957
55350	-0.180874
55400	0.042219
55450	-0.032253
55500	-0.128107
55550	0.102431
55600	-0.227563
55650	-0.265811
55700	0.002516
55750	0.065534
55800	-0.119679
55850	-0.194699
55900	-0.152091
55950	0.127402
56000	-0.055926
56050	-0.054056
56100	0.033694
56150	-0.057668
56200	-0.087275
56250	-0.082450
56300	-0.043657
56350	0.013154
56400	-0.135158
56450	-0.343795
56500	-0.081732
56550	0.219093
56600	-0.071249
56650	-0.024434
56700	0.005454
56750	-0.061720
56800	0.122094
56850	0.116668
56900	0.042158
56950	-0.014209
57000	-0.087766
57050	0.142135
57100	0.272349
57150	0.245260
57200	0.120641
57250	-0.103071
57300	-0.008923
57350	-0.054296
57400	0.087663
57450	-0.139854
57500	0.106313
57550	-0.003978
57600	-0.011147
57650	-0.057599
57700	0.090918
57750	0.007118
57800	-0.083513
57850	-0.117714
57900	0.168188
57950	0.007434
58000	0.119473
58050	-0.038287
58100	0.034891
58150	-0.040559
58200	0.055882
58250	0.014626
58300	0.112563
58350	0.088974
58400	0.126284
58450	0.103344
58500	0.009179
58550	0.038273
58600	0.075277
58650	0.169804
58700	0.100140
58750	0.094276
58800	0.018973
58850	-0.063638
58900	-0.014154
58950	-0.034368
59000	0.130180
59050	-0.132556
59100	0.326838
59150	0.095209
59200	0.122790
59250	-0.054155
59300	-0.009386
59350	0.072770
59400	0.033467
59450	-0.088229
59500	0.189433
59550	0.022487
59600	-0.071450
59650	-0.039808
59700	0.280937
59750	0.157191
59800	0.024487
59850	-0.026099
59900	0.181346
59950	0.152835
60000	0.210826
60050	0.080960
60100	-0.005363
60150	0.178905
60200	0.030330
60250	-0.007882
60300	0.178477
60350	0.011820
60400	0.102155
60450	0.020543
60500	0.153501
60550	0.098445
60600	0.157082
60650	-0.062865
60700	-0.026901
60750	0.151841
60800	-0.083894
60850	-0.268045
60900	0.008792
60950	-0.066909
61000	-0.031632
61050	0.033870
61100	0.023173
61150	0.092338
61200	0.092218
61250	0.139145
61300	-0.031565
61350	0.045796
61400	0.240031
61450	0.072396
61500	-0.032236
61550	0.044135
61600	-0.140235
61650	-0.088663
61700	-0.141738
61750	-0.131323
61800	0.272742
61850	0.180324
61900	0.027559
61950	0.114690
62000	-0.061274
62050	-0.050929
62100	0.084499
62150	0.119486
62200	-0.043899
62250	0.015976
62300	0.026699
62350	-0.157024
62400	-0.057611
62450	0.070612
62500	0.122419
62550	-0.059764
62600	0.070956
62650	0.237999
62700	0.193331
62750	0.089968
62800	-0.063053
62850	0.142664
62900	0.075508
62950	0.220061
63000	0.126253
63050	-0.063583
63100	0.035021
63150	-0.151464
63200	-0.139516
63250	-0.037781
63300	0.150877
63350	0.187857
63400	0.012300
63450	0.047956
63500	0.011128
63550	0.060339
63600	-0.089551
63650	0.012929
63700	0.142651
63750	-0.068053
63800	-0.163789
63850	-0.086393
63900	-0.164484
63950	-0.030965
64000	-0.125171
64050	0.254648
64100	0.209926
64150	0.256620
64200	-0.127142
64250	-0.261354
64300	0.070434
64350	-0.007796
64400	-0.070725
64450	0.070968
64500	0.092379
64550	0.033899
64600	-0.125230
64650	-0.096779
64700	0.149407
64750	-0.032339
64800	-0.031391
64850	-0.166235
64900	-0.063434
64950	-0.244959
65000	-0.155571
65050	0.020100
65100	0.087501
65150	-0.050981
65200	-0.010704
65250	-0.120093
65300	0.131188
65350	0.133925
65400	0.120442
65450	0.023120
65500	-0.055985
65550	0.098302
65600	0.074353
65650	-0.087429
65700	0.109333
65750	-0.015444
65800	0.034271
65850	-0.195693
65900	-0.133740
65950	0.022117
66000	0.267601
66050	0.212365
66100	0.209661
66150	0.156537
66200	-0.001145
66250	-0.054899
66300	0.061109
66350	-0.128909
66400	0.105736
66450	-0.029111
66500	0.007453
66550	-0.153479
66600	-0.000589
66650	-0.050849
66700	-0.038331
66750	-0.063781
66800	-0.109645
66850	-0.048895
66900	0.018750
66950	-0.143188
67000	-0.159610
67050	0.065303
67100	0.128656
67150	-0.145128
67200	-0.018224
67250	0.037821
67300	-0.082289
67350	0.052084
67400	-0.048246
67450	-0.151362
67500	-0.016104
67550	0.027495
67600	-0.265272
67650	-0.103694
67700	-0.076245
67750	-0.047356
67800	0.053643
67850	-0.122727
67900	-0.057565
67950	-0.046297
68000	-0.021282
68050	0.070236
68100	0.124928
68150	-0.098830
68200	-0.084817
68250	-0.035644
68300	-0.123177
68350	-0.028833
68400	-0.078114
68450	-0.123039
68500	0.013314
68550	-0.078352
68600	0.017221
68650	0.177089
68700	-0.111616
68750	-0.184419
68800	-0.210709
68850	0.165621
68900	-0.022084
68950	0.029943
69000	-0.175994
69050	-0.012065
69100	-0.100390
69150	0.133913
69200	0.009353
69250	0.088546
69300	0.049738
69350	-0.162972
69400	-0.009857
69450	-0.022984
69500	0.115932
69550	0.076971
69600	0.068529
69650	0.092275
69700	0.093994
69750	0.072893
69800	0.139375
69850	0.014694
69900	-0.136062
69950	-0.015432
70000	-0.111777
70050	-0.214087
70100	-0.191195
70150	-0.129929
70200	0.040714
70250	0.061203
70300	-0.025769
70350	0.024111
70400	-0.083210
70450	-0.087628
70500	-0.021429
70550	-0.062689
70600	-0.048635
70650	0.019778
70700	-0.094752
70750	-0.002386
70800	0.036007
70850	-0.056303
70900	-0.101399
70950	0.028705
71000	0.140811
71050	0.130157
71100	0.065812
71150	-0.133062
71200	-0.141077
71250	0.015915
71300	0.120730
71350	0.120598
71400	-0.172887
71450	0.018306
71500	-0.032853
71550	0.102552
71600	0.183766
71650	-0.038123
71700	0.013519
71750	-0.052339
71800	0.073994
71850	0.022663
71900	-0.013627
71950	-0.095371
72000	-0.043047
72050	-0.099035
72100	-0.189998
72150	0.006776
72200	0.022402
72250	0.055798
72300	0.092274
72350	0.190703
72400	0.078881
72450	-0.187720
72500	-0.058601
72550	-0.291395
72600	0.145124
72650	0.126449
72700	0.113845
72750	0.146233
72800	-0.044904
72850	-0.121128
72900	0.029930
72950	-0.111667
73000	-0.028516
73050	0.000131
73100	0.070877
73150	0.105730
73200	0.091874
73250	-0.007921
73300	0.024534
73350	0.024656
73400	0.039592
73450	0.054250
73500	0.113888
73550	0.099013
73600	-0.316653
73650	-0.242016
73700	0.085757
73750	-0.018527
73800	0.127364
73850	-0.124939
73900	-0.182245
73950	0.063304
74000	0.073846
74050	-0.068205
74100	0.076445
74150	-0.012894
74200	-0.126682
74250	0.024980
74300	0.061512
74350	-0.014515
74400	-0.185540
74450	-0.071228
74500	-0.169675
74550	0.010851
74600	0.096902
74650	0.155832
74700	-0.113950
74750	0.008253
74800	0.120470
74850	-0.091897
74900	-0.017908
74950	0.020721
75000	0.016564
75050	-0.057337
75100	0.104626
75150	-0.005737
75200	-0.150465
75250	0.033906
75300	-0.232404
75350	0.107967
75400	-0.012999
75450	0.008426
75500	0.046265
75550	-0.011111
75600	-0.013217
75650	-0.127931
75700	-0.109166
75750	-0.030821
75800	-0.091106
75850	-0.308638
75900	-0.227456
75950	0.259890
76000	0.028207
76050	-0.018026
76100	-0.212984
76150	-0.195119
76200	0.050046
76250	-0.229017
76300	-0.037369
76350	0.061899
76400	-0.054924
76450	0.232775
76500	0.046718
76550	-0.002680
76600	0.128834
76650	-0.113749
76700	0.122235
76750	0.150166
76800	0.001929
76850	0.005433
76900	-0.141819
76950	-0.007456
77000	-0.115466
77050	0.092632
77100	0.034136
77150	0.124015
77200	0.331984
77250	0.018373
77300	0.038932
77350	-0.230352
77400	0.247605
77450	0.136705
77500	-0.040321
77550	0.065579
77600	0.120553
77650	-0.047194
77700	0.025302
77750	-0.099642
77800	0.206121
77850	0.241610
77900	0.067924
77950	0.112756
78000	-0.206808
78050	-0.080160
78100	0.062090
78150	0.137226
78200	-0.144081
78250	0.288826
78300	-0.099561
78350	-0.093990
78400	0.065709
78450	0.105934
78500	0.086858
78550	0.146358
78600	-0.036623
78650	0.119341
78700	0.076530
78750	-0.079653
78800	-0.061389
78850	-0.004176
78900	-0.040661
78950	0.005151
79000	-0.017019
79050	0.223604
79100	-0.185219
79150	-0.070186
79200	-0.026692
79250	0.036920
79300	-0.007857
79350	-0.040016
79400	-0.029695
79450	-0.081027
79500	-0.003414
79550	0.132089
79600	-0.061195
79650	-0.024144
79700	0.084167
79750	-0.058297
79800	0.001593
79850	-0.087621
79900	0.042433
79950	0.262499
80000	0.029579
80050	0.126299
80100	0.090194
80150	0.179108
80200	0.209224
80250	0.253896
80300	0.224920
80350	0.206127
80400	0.217947
80450	-0.003435
80500	-0.028570
80550	0.212116
80600	-0.063481
80650	-0.037419
80700	-0.233004
80750	-0.014511
80800	-0.088340
80850	-0.166108
80900	-0.136415
80950	-0.114722
81000	-0.236569
81050	0.037013
81100	0.007049
81150	-0.000717
81200	0.045767
81250	0.068550
81300	0.044131
81350	0.003078
81400	0.221880
81450	0.108863
81500	-0.096701
81550	0.095763
81600	0.001719
81650	-0.104027
81700	0.061211
81750	0.122204
81800	-0.051131
81850	-0.010012
81900	0.175899
81950	0.021556
82000	-0.066044
82050	0.106110
82100	-0.000430
82150	0.097821
82200	-0.024359
82250	-0.072779
82300	-0.125813
82350	-0.125415
82400	-0.055172
82450	-0.017649
82500	0.144679
82550	-0.075545
82600	0.129842
82650	-0.011779
82700	0.324674
82750	0.127758
82800	0.023097
82850	-0.064525
82900	-0.052047
82950	0.066441
83000	0.075737
83050	-0.012007
83100	-0.010610
83150	0.078353
83200	-0.055491
83250	0.007275
83300	-0.070540
83350	-0.025277
83400	-0.099196
83450	0.024546
83500	-0.006388
83550	0.076412
83600	0.084113
83650	-0.271200
83700	-0.106683
83750	-0.276323
83800	0.076154
83850	0.043623
83900	0.069761
83950	-0.236538
84000	0.049800
84050	0.106880
84100	0.178158
84150	0.111824
84200	-0.005074
84250	0.088572
84300	0.053383
84350	-0.036930
84400	-0.152586
84450	-0.121988
84500	-0.042412
84550	-0.115049
84600	-0.019175
84650	-0.012546
84700	-0.007717
84750	0.048205
84800	-0.115436
84850	-0.027986
84900	-0.203424
84950	0.084456
85000	0.012024
85050	0.026628
85100	0.133133
85150	0.026403
85200	0.198229
85250	0.185151
85300	0.142693
85350	0.016751
85400	0.081369
85450	0.086587
85500	0.012072
85550	-0.209886
85600	-0.106968
85650	-0.347886
85700	-0.081135
85750	0.135139
85800	0.183109
85850	-0.034078
85900	-0.027441
85950	-0.063222
86000	-0.161409
86050	-0.163287
86100	-0.265744
86150	0.022165
86200	-0.054644
86250	-0.068294
86300	-0.269569
86350	0.131775
86400	0.172661
86450	0.016811
86500	-0.062077
86550	-0.215375
86600	0.103480
86650	0.006101
86700	0.003476
86750	-0.006996
86800	0.083542
86850	-0.153622
86900	-0.179244
86950	-0.009851
87000	-0.033459
87050	0.218472
87100	0.047526
87150	-0.183010
87200	-0.072713
87250	-0.144185
87300	-0.080291
87350	-0.138701
87400	0.118258
87450	-0.067380
87500	0.096808
87550	0.153963
87600	0.171632
87650	0.083776
87700	0.198707
87750	0.133089
87800	0.048644
87850	-0.004680
87900	-0.127404
87950	-0.024339
88000	0.129474
88050	-0.169720
88100	-0.251735
88150	-0.248427
88200	-0.069821
88250	-0.053720
88300	-0.122314
88350	0.082581
88400	0.127894
88450	-0.095959
88500	0.078160
88550	-0.217311
88600	0.068001
88650	0.078464
88700	0.003204
88750	0.143795
88800	0.054240
88850	0.211292
88900	-0.062622
88950	-0.047271
89000	0.065358
89050	-0.102486
89100	-0.220617
89150	0.081916
89200	0.044951
89250	0.015468
89300	0.279672
89350	0.026433
89400	0.070668
89450	-0.055506
89500	-0.011054
89550	0.010727
89600	0.004843
89650	0.016434
89700	0.166921
89750	-0.114182
89800	-0.177024
89850	0.097689
89900	0.024164
89950	-0.059774
90000	0.020870
90050	0.094919
90100	0.063453
90150	0.005235
90200	-0.078459
90250	-0.031719
90300	-0.133220
90350	-0.111856
90400	-0.028007
90450	-0.007260
90500	-0.130444
90550	0.060576
90600	0.206417
90650	0.282234
90700	0.190337
90750	0.078271
90800	0.101011
90850	0.130099
90900	0.208932
90950	-0.023018
91000	0.074009
91050	0.038430
91100	0.078984
91150	0.032934
91200	0.302100
91250	0.032443
91300	-0.121944
91350	-0.189856
91400	-0.228798
91450	0.008024
91500	-0.194215
91550	-0.130132
91600	-0.170503
91650	-0.042798
91700	0.181648
91750	-0.035865
91800	-0.028393
91850	-0.129507
91900	0.019475
91950	0.152692
92000	0.064487
92050	-0.029733
92100	0.182797
92150	0.075120
92200	-0.009015
92250	0.101180
92300	-0.015924
92350	0.110622
92400	0.025129
92450	-0.008865
92500	-0.136024
92550	-0.008074
92600	0.150184
92650	-0.017260
92700	0.069915
92750	-0.043294
92800	0.020028
92850	0.083587
92900	0.149757
92950	0.194413
93000	0.172483
93050	-0.099251
93100	-0.249452
93150	0.035119
93200	-0.007883
93250	0.153529
93300	-0.033264
93350	-0.108274
93400	0.222015
93450	-0.051490
93500	-0.184529
93550	-0.179256
93600	-0.192708
93650	0.034809
93700	0.094204
93750	0.107093
93800	0.217659
93850	-0.017624
93900	-0.044108
93950	0.030313
94000	0.096699
94050	-0.028724
94100	-0.095706
94150	0.012089
94200	0.226419
94250	0.219580
94300	0.133038
94350	-0.215352
94400	-0.064181
94450	-0.249972
94500	-0.070214
94550	-0.176229
94600	-0.031889
94650	0.221295
94700	0.013577
94750	0.109356
94800	0.074373
94850	-0.030559
94900	-0.110383
94950	-0.204176
95000	-0.025439
95050	0.168291
95100	-0.028880
95150	0.190941
95200	0.084239
95250	-0.001756
95300	-0.085991
95350	0.170667
95400	0.253401
95450	0.014676
95500	-0.022412
95550	0.134777
95600	-0.202433
95650	0.234022
95700	0.152699
95750	-0.062854
95800	0.033311
95850	-0.049664
95900	-0.084887
95950	0.096350
96000	0.119582
96050	-0.038917
96100	-0.084770
96150	0.041541
96200	-0.175103
96250	-0.137476
96300	0.054923
96350	0.104342
96400	0.202726
96450	0.134192
96500	-0.086584
96550	-0.003525
96600	-0.078705
96650	0.000407
96700	0.064524
96750	-0.005926
96800	0.126326
96850	0.022904
96900	-0.142561
96950	0.080117
97000	-0.046677
97050	-0.036366
97100	0.045865
97150	-0.154103
97200	-0.142008
97250	-0.159387
97300	0.059128
97350	-0.008013
97400	-0.078019
97450	0.067705
97500	-0.301758
97550	-0.178849
97600	-0.008628
97650	-0.148564
97700	-0.100494
97750	-0.249548
97800	-0.055501
97850	-0.038195
97900	-0.020174
97950	0.088498
98000	-0.011000
98050	0.035178
98100	-0.027287
98150	0.128091
98200	-0.010503
98250	0.108191
98300	-0.090332
98350	0.071523
98400	-0.065125
98450	-0.100649
98500	0.086893
98550	-0.124040
98600	-0.162501
98650	-0.079072
98700	-0.115012
98750	0.018994
98800	-0.116520
98850	-0.271287
98900	-0.018534
98950	0.028382
99000	0.037113
99050	-0.005046
99100	-0.065957
99150	-0.165524
99200	-0.113408
99250	0.106814
99300	-0.009997
99350	-0.178657
99400	-0.050519
99450	0.018056
99500	0.182438
99550	0.170802
99600	0.011101
99650	-0.138800
99700	-0.035931
99750	-0.139044
99800	-0.044774
99850	-0.039250
99900	0.030818
99950	-0.150752
100000	0.001793
100050	-0.011874
100100	0.084798
100150	0.044477
100200	-0.125703
100250	-0.016335
100300	-0.069699
100350	0.009709
100400	0.020808
100450	0.155167
100500	0.091785
100550	-0.115456
100600	-0.024164
100650	0.009918
100700	0.009220
100750	-0.095850
100800	0.019365
100850	0.041187
100900	0.141564
100950	-0.184941
101000	0.064067
101050	-0.009472
101100	-0.228267
101150	-0.111445
101200	0.155434
101250	-0.142643
101300	-0.206952
101350	-0.086980
101400	0.153266
101450	-0.097634
101500	0.044312
101550	0.013659
101600	-0.174942
101650	-0.052189
101700	-0.106741
101750	-0.027053
101800	0.036601
101850	-0.141739
101900	0.053642
101950	-0.076885
102000	-0.124618
102050	-0.225548
102100	-0.109427
102150	-0.186491
102200	0.147835
102250	-0.101230
102300	-0.106026
102350	-0.007231
102400	-0.002083
102450	-0.205997
102500	0.083230
102550	-0.041508
102600	0.096138
102650	-0.038627
102700	0.049960
102750	-0.020586
102800	-0.066373
102850	0.055341
102900	-0.010554
102950	-0.099944
103000	0.330809
103050	-0.147669
103100	0.139281
103150	0.073363
103200	-0.004353
103250	-0.135516
103300	0.043391
103350	0.054151
103400	-0.067001
103450	0.344278
103500	-0.001335
103550	0.139410
103600	-0.093749
103650	-0.016167
103700	0.046426
103750	-0.082521
103800	-0.088477
103850	0.113597
103900	0.044486
103950	-0.201014
104000	-0.025941
104050	-0.197461
104100	0.017151
104150	-0.116067
104200	-0.128603
104250	-0.015938
104300	0.052983
104350	-0.098001
104400	0.177842
104450	0.070173
104500	-0.132139
104550	0.146040
104600	0.082494
104650	0.013439
104700	-0.044890
104750	-0.113252
104800	0.040285
104850	0.183751
104900	0.230635
104950	0.063893
105000	0.004979
105050	0.216025
105100	0.131405
105150	0.097203
105200	-0.017436
105250	0.085044
105300	0.042579
105350	-0.002541
105400	-0.037486
105450	-0.205016
105500	-0.228893
105550	-0.163868
105600	0.004034
105650	-0.112021
105700	-0.013572
105750	-0.007958
105800	-0.007347
105850	0.048810
105900	-0.086758
105950	-0.034329
106000	0.095194
106050	0.028167
106100	0.057656
106150	-0.001791
106200	0.075917
106250	0.231310
106300	0.062257
106350	-0.044809
106400	-0.183759
106450	-0.138653
106500	0.016417
106550	-0.257980
106600	0.074940
106650	0.094983
106700	0.060794
106750	-0.102347
106800	-0.025907
106850	-0.026952
106900	0.064133
106950	0.102523
107000	0.098349
107050	0.238283
107100	0.036590
107150	-0.029884
107200	-0.146962
107250	-0.198086
107300	0.146617
107350	-0.008066
107400	0.125076
107450	0.067316
107500	0.185820
107550	-0.055605
107600	-0.156410
107650	-0.005874
107700	0.006910
107750	-0.059242
107800	0.269283
107850	0.062147
107900	0.159361
107950	0.149361
108000	0.102711
108050	-0.363379
108100	-0.044592
108150	0.042152
108200	0.048195
108250	-0.022768
108300	0.042758
108350	-0.120283
108400	-0.116087
108450	-0.048140
108500	-0.003193
108550	0.335778
108600	0.063058
108650	0.050784
108700	-0.039361
108750	-0.074730
108800	0.140192
108850	0.134610
108900	0.036756
108950	-0.038857
109000	-0.058588
109050	0.079819
109100	0.036966
109150	-0.106948
109200	0.040756
109250	-0.224339
109300	-0.043729
109350	0.200755
109400	0.157772
109450	-0.047597
109500	0.157432
109550	0.164870
109600	0.095772
109650	-0.091848
109700	-0.027237
109750	0.077508
109800	-0.043034
109850	-0.070498
109900	-0.069522
109950	-0.022554
110000	-0.043812
110050	-0.122884
110100	-0.042504
110150	0.098290
110200	-0.013725
110250	-0.131090
110300	0.029309
110350	-0.136600
110400	0.091619
110450	0.103850
110500	0.075173
110550	-0.235183
110600	0.043682
110650	0.245679
110700	0.042502
110750	0.234124
110800	0.066126
110850	0.119593
110900	-0.039926
110950	0.025781
111000	-0.087574
111050	-0.122627
111100	-0.098467
111150	0.006617
111200	0.028426
111250	-0.073911
111300	0.036360
111350	0.170194
111400	-0.144937
111450	-0.076196
111500	-0.019521
111550	-0.182875
111600	-0.230761
111650	-0.281024
111700	0.079400
111750	-0.004324
111800	0.093630
111850	0.284316
111900	0.056464
111950	0.167342
112000	0.011212
112050	-0.146957
112100	0.136473
112150	0.085178
112200	-0.071985
112250	-0.021579
112300	-0.099498
112350	-0.101547
112400	0.039612
112450	0.199930
112500	-0.004248
112550	-0.089947
112600	0.024991
112650	-0.202057
112700	-0.184234
112750	-0.089964
112800	0.001619
112850	-0.000757
112900	0.153166
112950	0.087789
113000	-0.038133
113050	0.037542
113100	0.073174
113150	0.085732
113200	-0.091870
113250	-0.079305
113300	0.050315
113350	0.062592
113400	0.103826
113450	0.057008
113500	0.120668
113550	0.068580
113600	-0.111525
113650	0.268557
113700	-0.074634
113750	0.050398
113800	0.001544
113850	0.016588
113900	0.161427
113950	0.035176
114000	-0.065480
114050	-0.166296
114100	0.040846
114150	-0.160166
114200	0.084529
114250	0.147916
114300	0.024982
114350	0.053859
114400	0.002844
114450	-0.099701
114500	-0.074703
114550	-0.156506
114600	-0.032993
114650	-0.017841
114700	-0.009871
114750	0.034435
114800	-0.030421
114850	-0.297964
114900	0.121809
114950	0.078972
115000	-0.020858
115050	-0.078812
115100	0.074924
115150	-0.102348
115200	0.095504
115250	-0.220138
115300	-0.094597
115350	0.056706
115400	0.229555
115450	0.347966
115500	-0.041563
115550	0.100005
115600	0.007108
115650	-0.109736
115700	-0.057534
115750	-0.022745
115800	0.028874
115850	-0.044311
115900	0.071292
115950	-0.074297
116000	-0.060676
116050	-0.114638
116100	-0.246458
116150	-0.126873
116200	-0.008156
116250	-0.019752
116300	-0.147751
116350	0.017927
116400	0.061771
116450	-0.132999
116500	-0.015705
116550	0.121412
116600	0.213052
116650	-0.230932
116700	-0.041619
116750	-0.182802
116800	0.088398
116850	-0.009309
116900	-0.065088
116950	0.207429
117000	0.119559
117050	0.127909
117100	0.119287
117150	-0.203494
117200	0.217592
117250	0.066322
117300	-0.056130
117350	-0.052606
117400	-0.232802
117450	-0.031803
117500	-0.054490
117550	0.023984
117600	-0.179413
117650	0.069249
117700	0.177027
117750	0.166316
117800	-0.229386
117850	-0.172642
117900	-0.173129
117950	-0.064812
118000	-0.251855
118050	0.100710
118100	0.020188
118150	-0.033711
118200	-0.162421
118250	0.029775
118300	-0.011528
118350	-0.097414
118400	-0.005185
118450	-0.006708
118500	-0.066319
118550	-0.186831
118600	-0.119868
118650	0.192152
118700	-0.064304
118750	-0.045246
118800	-0.140100
118850	0.299330
118900	-0.016274
118950	-0.081298
119000	0.005840
119050	-0.075488
119100	0.008780
119150	0.141251
119200	-0.058727
119250	-0.065734
119300	-0.118030
119350	-0.307375
119400	-0.177854
119450	0.123983
119500	-0.026590
119550	0.132897
119600	0.226285
119650	0.202269
119700	-0.052123
119750	-0.132618
119800	0.028926
119850	-0.050201
119900	0.079866
119950	-0.037059
120000	-0.195707
120050	-0.096315
120100	-0.228435
120150	-0.114406
120200	0.223264
120250	0.085876
120300	-0.106301
120350	-0.003892
120400	-0.127687
120450	-0.083707
120500	0.178021
120550	0.103116
120600	0.146385
120650	0.059451
120700	-0.017902
120750	0.055751
120800	-0.064039
120850	0.118175
120900	0.172659
120950	-0.062351
121000	0.058531
121050	0.106803
121100	-0.107575
121150	0.075316
121200	0.126672
121250	0.021534
121300	-0.082174
121350	-0.233236
121400	-0.128406
121450	-0.006168
121500	-0.157849
121550	0.116180
121600	0.086783
121650	0.121105
121700	0.068565
121750	0.085156
121800	-0.025663
121850	-0.063115
121900	0.052479
121950	0.021164
122000	0.182637
122050	-0.170394
122100	0.095684
122150	0.121379
122200	-0.124452
122250	0.198421
122300	0.157484
122350	-0.131936
122400	0.037685
122450	0.043558
122500	0.147137
122550	-0.074857
122600	-0.006151
122650	-0.103811
122700	-0.037422
122750	-0.184545
122800	0.066716
122850	0.092406
122900	-0.154542
122950	0.120969
123000	-0.018504
123050	0.049171
123100	0.032093
123150	0.068549
123200	0.194145
123250	0.100460
123300	0.009985
123350	0.252617
123400	-0.086565
123450	-0.009300
123500	0.102850
123550	0.065217
123600	-0.233737
123650	0.083828
123700	-0.010669
123750	0.074161
123800	0.137793
123850	0.018514
123900	0.130333
123950	0.128697
124000	0.012117
124050	-0.014553
124100	0.188399
124150	-0.025907
124200	-0.061346
124250	-0.028508
124300	-0.000928
124350	0.040218
124400	0.085402
124450	0.146616
124500	0.051804
124550	-0.253051
124600	0.145643
124650	0.038181
124700	-0.042436
124750	-0.022063
124800	0.184818
124850	-0.047406
124900	0.055641
124950	0.161430
125000	0.123389
125050	0.272721
125100	-0.092892
125150	-0.112636
125200	-0.067485
125250	-0.136630
125300	0.040870
125350	-0.124746
125400	0.042015
125450	-0.129590
125500	0.116923
125550	0.089015
125600	-0.064888
125650	0.020438
125700	-0.158311
125750	-0.002611
125800	-0.219128
125850	-0.161381
125900	-0.036569
125950	-0.065535
126000	-0.124449
126050	0.120523
126100	-0.241431
126150	0.033384
126200	0.000771
126250	0.103096
126300	-0.131602
126350	0.007959
126400	-0.041910
126450	0.126528
126500	-0.090550
126550	0.022755
126600	0.050476
126650	0.045555
126700	0.193080
126750	0.213785
126800	0.013500
126850	-0.207519
126900	-0.057371
126950	0.050774
127000	-0.126535
127050	0.079740
127100	-0.069921
127150	-0.163224
127200	-0.144675
127250	-0.032026
127300	-0.135915
127350	0.366049
127400	0.055882
127450	0.069994
127500	-0.036011
127550	-0.012220
127600	-0.084713
127650	0.114236
127700	-0.074460
127750	-0.103247
127800	-0.132988
127850	-0.227087
127900	0.151185
127950	-0.116550
128000	-0.195551
128050	0.082859
128100	-0.010460
128150	-0.040245
128200	0.049368
128250	0.048662
128300	0.058822
128350	0.132484
128400	-0.117894
128450	0.196841
128500	0.019791
128550	-0.057485
128600	-0.138012
128650	0.025240
128700	-0.118969
128750	0.039404
128800	-0.072639
128850	-0.071690
128900	-0.121056
128950	-0.021077
129000	0.049241
129050	-0.093608
129100	0.037350
129150	0.134966
129200	-0.126995
129250	-0.022501
129300	-0.096904
129350	0.159840
129400	-0.064203
129450	-0.072070
129500	-0.023419
129550	-0.097250
129600	0.119722
129650	-0.055729
129700	-0.185824
129750	-0.034101
129800	-0.035045
129850	-0.152630
129900	0.016888
129950	-0.039702
130000	0.170066
130050	0.010589
130100	-0.015166
130150	-0.005300
130200	-0.100126
130250	0.118808
130300	0.003710
130350	-0.222653
130400	-0.164338
130450	-0.046871
130500	0.021033
130550	0.078644
130600	-0.001230
130650	0.191061
130700	-0.079731
130750	0.047086
130800	0.098959
130850	-0.116421
130900	-0.039975
130950	-0.196488
131000	-0.018030
131050	0.052189
131100	-0.280999
131150	0.029775
131200	-0.209997
131250	-0.045381
131300	0.103491
131350	0.143930
131400	0.214366
131450	0.183719
131500	-0.021090
131550	-0.040262
131600	-0.036450
131650	-0.148668
131700	-0.117566
131750	-0.189504
131800	-0.163214
131850	-0.130126
131900	0.074510
131950	0.130133
132000	0.097280
132050	0.132839
132100	-0.062023
132150	0.096546
132200	-0.140836
132250	0.004727
132300	-0.002377
132350	-0.024415
132400	0.078670
132450	-0.079450
132500	-0.115466
132550	0.038382
132600	-0.023170
132650	0.009652
132700	-0.015012
132750	-0.082230
132800	-0.083832
132850	-0.200289
132900	0.048348
132950	0.006555
133000	0.073755
133050	-0.102123
133100	-0.120430
133150	-0.107105
133200	0.149875
133250	0.116846
133300	0.101660
133350	0.093500
133400	0.080080
133450	-0.104068
133500	0.160997
133550	0.071403
133600	-0.039754
133650	0.043566
133700	0.175283
133750	-0.028951
133800	0.007542
133850	-0.251784
133900	-0.122113
133950	0.044275
134000	-0.111238
134050	0.042786
134100	-0.065200
134150	-0.078021
134200	-0.166763
134250	-0.025566
134300	0.082603
134350	0.058019
134400	-0.107516
134450	0.191245
134500	0.002499
134550	0.143789
134600	0.206057
134650	0.120851
134700	0.046100
134750	0.042704
134800	0.004670
134850	-0.114784
134900	0.197203
134950	0.210759
135000	-0.027892
135050	0.033964
135100	0.067517
135150	0.168907
135200	0.043943
135250	0.075432
135300	0.074493
135350	0.143742
135400	0.002094
135450	0.130058
135500	-0.245416
135550	-0.084288
135600	-0.263968
135650	-0.170795
135700	-0.057067
135750	-0.084598
135800	0.105744
135850	0.155770
135900	0.032792
135950	-0.071427
136000	-0.091646
136050	0.006672
136100	0.033545
136150	0.010180
136200	0.102534
136250	-0.110543
136300	-0.102570
136350	0.092237
136400	0.042465
136450	-0.051309
136500	-0.080795
136550	0.018374
136600	-0.039626
136650	0.092636
136700	0.079774
136750	-0.165792
136800	-0.130857
136850	0.086533
136900	0.064447
136950	-0.005562
137000	0.070726
137050	0.086722
137100	0.009734
137150	-0.045227
137200	0.100041
137250	-0.010548
137300	0.073096
137350	0.158428
137400	-0.097225
137450	-0.207239
137500	-0.141714
137550	-0.077411
137600	0.153905
137650	0.008189
137700	-0.172936
137750	0.033866
137800	0.084164
137850	0.174645
137900	-0.024856
137950	-0.020082
138000	0.073377
138050	0.021861
138100	-0.017902
138150	0.054174
138200	0.042453
138250	0.190378
138300	0.035106
138350	0.060671
138400	-0.057695
138450	-0.062857
138500	-0.000316
138550	-0.067082
138600	-0.122515
138650	-0.122737
138700	0.083407
138750	-0.181023
138800	0.163250
138850	-0.089355
138900	-0.061741
138950	-0.220034
139000	-0.385199
139050	0.105091
139100	-0.143168
139150	-0.026958
139200	-0.088327
139250	-0.082437
139300	0.158909
139350	0.119455
139400	0.054606
139450	0.034013
139500	0.168411
139550	0.058238
139600	0.186333
139650	0.006523
139700	0.053336
139750	0.080488
139800	0.241845
139850	0.149280
139900	-0.053534
139950	0.015888
140000	0.141651
140050	0.062139
140100	0.047689
140150	0.015067
140200	-0.030049
140250	0.172440
140300	0.042127
140350	0.010476
140400	0.086252
140450	-0.039847
140500	-0.065832
140550	-0.020389
140600	-0.232793
140650	-0.096338
140700	-0.064723
140750	-0.081480
140800	-0.238736
140850	-0.118489
140900	-0.055733
140950	-0.234193
141000	-0.219986
141050	0.034020
141100	-0.000507
141150	-0.061402
141200	0.191644
141250	-0.037222
141300	-0.094363
141350	0.033482
141400	0.025295
141450	-0.007427
141500	0.189192
141550	-0.027826
141600	-0.071735
141650	0.043777
141700	0.033854
141750	-0.009142
141800	0.052590
141850	0.177018
141900	0.038462
141950	0.078690
142000	0.100637
142050	-0.102339
142100	0.005384
142150	-0.002954
142200	0.129144
142250	-0.113627
142300	-0.124361
142350	-0.110291
142400	0.198759
142450	0.049863
142500	0.233524
142550	-0.006191
142600	-0.048513
142650	0.136566
142700	0.088927
142750	-0.097835
142800	0.114893
142850	-0.153580
142900	-0.009221
142950	0.114367
143000	0.028780
143050	-0.168510
143100	-0.140336
143150	-0.188608
143200	0.200282
143250	0.110962
143300	0.039395
143350	0.030506
143400	-0.026696
143450	0.003976
143500	0.090350
143550	-0.005279
143600	-0.135200
143650	0.161455
143700	-0.066839
143750	0.131619
143800	-0.149301
143850	0.144767
143900	0.015953
143950	-0.076351
144000	0.015417
144050	-0.010139
144100	-0.106137
144150	0.128018
144200	0.154192
144250	-0.076567
144300	0.081415
144350	0.094254
144400	-0.212227
144450	0.120254
144500	-0.160774
144550	-0.281862
144600	0.000263
144650	0.166831
144700	-0.015503
144750	0.029265
144800	-0.178292
144850	-0.322472
144900	0.122748
144950	-0.008595
145000	0.170157
145050	-0.003595
145100	-0.015149
145150	-0.213085
145200	-0.135194
145250	-0.111286
145300	-0.041371
145350	0.123926
145400	0.016244
145450	-0.104406
145500	-0.130694
145550	-0.060883
145600	0.012192
145650	-0.109647
145700	-0.082387
145750	0.094503
145800	0.040834
145850	0.134161
145900	-0.178991
145950	0.116580
146000	0.043912
146050	-0.180062
146100	0.011247
146150	0.071474
146200	-0.011205
146250	-0.158013
146300	-0.059893
146350	-0.083204
146400	-0.014474
146450	0.151028
146500	0.014876
146550	0.060369
146600	0.071953
146650	0.138663
146700	-0.002458
146750	-0.053084
146800	0.100985
146850	0.311647
146900	-0.034537
146950	-0.020740
147000	0.018849
147050	0.043684
147100	-0.132037
147150	-0.049023
147200	0.049120
147250	-0.085127
147300	0.212627
147350	-0.032111
147400	0.098169
147450	-0.123466
147500	-0.082380
147550	-0.139094
147600	-0.052260
147650	0.218392
147700	-0.150276
147750	0.034641
147800	-0.125016
147850	-0.060281
147900	-0.042703
147950	0.005467
148000	0.098791
148050	-0.019194
148100	-0.013090
148150	0.095616
148200	-0.200914
148250	-0.041468
148300	0.061774
148350	-0.012706
148400	-0.227241
148450	-0.319496
148500	-0.339705
148550	0.059806
148600	-0.030110
148650	-0.112567
148700	-0.023519
148750	0.065879
148800	-0.031010
148850	-0.115548
148900	0.045647
148950	-0.047889
149000	-0.153388
149050	-0.177844
149100	-0.058284
149150	0.050863
149200	0.098324
149250	-0.181905
149300	0.081478
149350	0.006270
149400	-0.298991
149450	0.028622
149500	0.054680
149550	-0.222923
149600	0.124356
149650	-0.031760
149700	0.039593
149750	0.060770
149800	0.058596
149850	-0.038553
149900	-0.045430
149950	0.079364
150000	-0.170461
150050	0.099837
150100	0.041823
150150	0.058573
150200	-0.128988
150250	0.012390
150300	0.031815
150350	-0.068401
150400	-0.098603
150450	-0.029072
150500	0.011065
150550	0.153994
150600	-0.028016
150650	0.042631
150700	-0.032621
150750	0.004743
150800	0.151931
150850	-0.104874
150900	0.011810
150950	-0.036767
151000	0.042958
151050	0.337014
151100	-0.010870
151150	0.109072
151200	0.049679
151250	-0.035922
151300	-0.052102
151350	0.079386
151400	0.005692
151450	-0.269091
151500	-0.194220
151550	-0.262642
151600	-0.144862
151650	-0.051810
151700	-0.003256
151750	0.022733
151800	-0.184629
151850	-0.001576
151900	-0.089870
151950	0.039274
152000	-0.166580
152050	-0.265320
152100	0.036817
152150	-0.024124
152200	0.062970
152250	0.046950
152300	-0.021420
152350	-0.166099
152400	-0.134976
152450	0.083472
152500	0.299732
152550	0.099367
152600	0.156023
152650	0.035340
152700	-0.116109
152750	0.025739
152800	-0.062205
152850	-0.101058
152900	-0.142942
152950	0.016350
153000	-0.021262
153050	-0.105383
153100	-0.029396
153150	0.098425
153200	-0.197164
153250	0.011786
153300	0.052739
153350	0.012649
153400	-0.156205
153450	-0.271267
153500	-0.019185
153550	-0.004471
153600	-0.113661
153650	-0.023655
153700	0.196433
153750	0.126725
153800	0.062033
153850	0.135700
153900	0.065060
153950	0.231172
154000	0.066750
154050	-0.020515
154100	-0.053573
154150	-0.098148
154200	0.021163
154250	-0.132022
154300	-0.090127
154350	-0.081141
154400	0.105337
154450	-0.103865
154500	0.080356
154550	-0.202503
154600	-0.097859
154650	-0.109521
154700	-0.268858
154750	0.153674
154800	-0.037186
154850	-0.019222
154900	-0.113634
154950	-0.037766
155000	0.073503
155050	0.212860
155100	0.260064
155150	-0.054348
155200	0.005862
155250	-0.029246
155300	0.128484
155350	0.048470
155400	0.110523
155450	-0.105573
155500	0.118806
155550	-0.040799
155600	-0.240465
155650	0.099644
155700	0.231628
155750	-0.130809
155800	0.137689
155850	-0.040247
155900	-0.126814
155950	-0.130324
156000	-0.086525
156050	0.056048
156100	-0.022249
156150	0.050566
156200	-0.182439
156250	-0.103245
156300	-0.107541
156350	-0.199417
156400	-0.086500
156450	-0.066178
156500	-0.064084
156550	-0.022309
156600	-0.077213
156650	-0.101419
156700	-0.167028
156750	0.101556
156800	0.164982
156850	0.009738
156900	0.051445
156950	-0.009225
157000	0.147539
157050	-0.193477
157100	-0.067115
157150	0.050082
157200	0.087515
157250	0.139603
157300	0.051234
157350	0.002937
157400	0.065533
157450	-0.201998
157500	0.053482
157550	-0.169696
157600	-0.040515
157650	-0.159865
157700	-0.154100
157750	-0.054194
157800	-0.097691
157850	-0.258769
157900	-0.137638
157950	-0.022774
158000	-0.081347
158050	-0.219326
158100	-0.064924
158150	0.018563
158200	0.013831
158250	-0.094631
158300	-0.068304
158350	-0.054441
158400	-0.124589
158450	-0.056749
158500	0.209777
158550	0.114066
158600	0.063821
158650	0.065517
158700	0.132767
158750	0.097643
158800	-0.004040
158850	-0.032883
158900	-0.205880
158950	-0.035508
159000	0.320872
159050	-0.002256
159100	-0.067878
159150	0.099156
159200	-0.239006
159250	-0.099348
159300	-0.165055
159350	-0.202469
159400	0.229237
159450	-0.054039
159500	-0.029098
159550	0.131630
159600	0.023231
159650	-0.041034
159700	-0.002421
159750	-0.083608
159800	0.095374
159850	0.053187
159900	0.105597
159950	-0.145988
160000	0.063515
160050	-0.246757
160100	-0.145653
160150	-0.007764
160200	0.142321
160250	0.365471
160300	0.152487
160350	-0.131596
160400	-0.261219
160450	-0.099068
160500	-0.202316
160550	-0.038235
160600	0.085856
160650	-0.180177
160700	0.051255
160750	-0.073330
160800	-0.095090
160850	-0.126462
160900	-0.040454
160950	0.101520
161000	-0.051145
161050	-0.143518
161100	-0.103188
161150	-0.039564
161200	-0.302245
161250	-0.272666
161300	-0.233984
161350	0.109495
161400	0.005079
161450	0.069862
161500	0.055338
161550	-0.068150
161600	-0.027672
161650	-0.003281
161700	-0.155804
161750	0.069371
161800	0.143553
161850	0.008449
161900	-0.058808
161950	0.016216
162000	0.115898
162050	-0.312586
162100	-0.099555
162150	-0.259023
162200	0.024522
162250	0.088676
162300	0.075749
162350	0.055707
162400	-0.010103
162450	0.236424
162500	0.069664
162550	0.056056
162600	-0.216873
162650	0.039762
162700	-0.269153
162750	-0.182308
162800	-0.083057
162850	0.102750
162900	0.063834
162950	-0.011132
163000	-0.105350
163050	-0.065322
163100	-0.398561
163150	-0.011422
163200	-0.103308
163250	0.017293
163300	-0.018563
163350	0.027440
163400	-0.012285
163450	-0.122059
163500	0.025287
163550	-0.037003
163600	-0.065229
163650	-0.377162
163700	-0.194725
163750	-0.047702
163800	-0.167690
163850	-0.096141
163900	-0.068233
163950	-0.093099
164000	0.102324
164050	0.043811
164100	-0.025265
164150	0.094450
164200	0.050925
164250	0.099627
164300	-0.130186
164350	0.188474
164400	-0.027912
164450	-0.046934
164500	0.028548
164550	-0.255524
164600	-0.109876
164650	-0.130443
164700	-0.171685
164750	0.068408
164800	-0.001254
164850	0.154932
164900	0.174150
164950	0.102683
165000	0.086222
165050	0.023596
165100	-0.041279
165150	0.191843
165200	-0.062456
165250	0.082954
165300	-0.073399
165350	0.030064
165400	0.066623
165450	0.012616
165500	-0.117258
165550	-0.069595
165600	0.356130
165650	-0.050660
165700	0.113685
165750	0.024969
165800	-0.304426
165850	0.175154
165900	0.108250
165950	-0.156245
166000	-0.262981
166050	0.016834
166100	0.070376
166150	0.045740
166200	-0.046209
166250	-0.182793
166300	0.038615
166350	-0.057066
166400	0.077860
166450	0.084150
166500	-0.137709
166550	-0.199468
166600	0.052973
166650	0.118204
166700	-0.006709
166750	-0.254000
166800	-0.059001
166850	0.139404
166900	0.151084
166950	-0.151083
167000	0.086411
167050	0.058604
167100	-0.001448
167150	0.125319
167200	0.239830
167250	0.165301
167300	0.065190
167350	0.084821
167400	0.196697
167450	-0.043456
167500	0.080189
167550	-0.026490
167600	-0.006041
167650	0.073578
167700	-0.182118
167750	-0.043593
167800	0.063240
167850	-0.039327
167900	0.027609
167950	0.041788
168000	0.016892
168050	0.091047
168100	0.134278
168150	0.058502
168200	-0.008826
168250	0.015506
168300	-0.099040
168350	-0.101783
168400	-0.174005
168450	-0.149511
168500	-0.078564
168550	-0.125553
168600	-0.153646
168650	0.058160
168700	-0.086447
168750	0.010571
168800	0.077549
168850	0.146223
168900	-0.091396
168950	0.016556
169000	0.018052
169050	-0.045133
169100	0.032170
169150	-0.151530
169200	0.056512
169250	-0.157694
169300	-0.150432
169350	-0.068415
169400	-0.097084
169450	-0.051386
169500	0.092585
169550	0.027954
169600	0.126361
169650	0.093033
169700	0.019106
169750	-0.086560
169800	0.228366
169850	0.112371
169900	-0.023491
169950	0.048667
170000	-0.045511
170050	-0.133495
170100	-0.175018
170150	0.252619
170200	0.085531
170250	-0.091393
170300	0.011168
170350	-0.044140
170400	-0.121275
170450	-0.089747
170500	0.004428
170550	0.203725
170600	0.143896
170650	-0.017415
170700	-0.156811
170750	0.022820
170800	0.033929
170850	0.119389
170900	0.095599
170950	0.107332
171000	0.141494
171050	-0.184855
171100	-0.127374
171150	-0.018614
171200	0.000873
171250	-0.010736
171300	-0.028324
171350	0.065428
171400	-0.086943
171450	-0.185554
171500	-0.204887
171550	-0.129676
171600	0.000547
171650	0.180954
171700	0.194688
171750	0.030730
171800	-0.089771
171850	0.115437
171900	-0.071564
171950	0.017601
172000	-0.130410
172050	0.181731
172100	-0.028744
172150	0.049401
172200	-0.083829
172250	0.064117
172300	0.067496
172350	-0.048098
172400	0.091221
172450	-0.108162
172500	0.100901
172550	0.018371
172600	-0.126197
172650	-0.039031
172700	0.023557
172750	-0.041828
172800	-0.072483
172850	0.059414
172900	-0.259807
172950	-0.163443
173000	0.044017
173050	-0.206798
173100	0.110801
173150	-0.193859
173200	0.034166
173250	0.134559
173300	0.072212
173350	0.237032
173400	0.033056
173450	-0.034048
173500	0.035010
173550	-0.029152
173600	0.266447
173650	-0.014415
173700	-0.079930
173750	-0.248750
173800	0.025010
173850	-0.059490
173900	0.199805
173950	0.057232
174000	0.235431
174050	0.147492
174100	0.015928
174150	-0.075816
174200	-0.067275
174250	-0.033528
174300	-0.223539
174350	-0.173068
174400	0.061610
174450	-0.055636
174500	-0.256619
174550	-0.286034
174600	-0.122966
174650	-0.216774
174700	-0.170554
174750	-0.091997
174800	0.053145
174850	0.098794
174900	-0.063997
174950	-0.024120
175000	0.206591
175050	0.073114
175100	-0.226826
175150	-0.021805
175200	-0.152595
175250	-0.034947
175300	-0.006315
175350	-0.049078
175400	-0.052305
175450	-0.028552
175500	-0.008799
175550	-0.020271
175600	0.013572
175650	0.086080
175700	0.068995
175750	-0.048730
175800	-0.034758
175850	-0.038768
175900	-0.092183
175950	0.006116
176000	-0.038947
176050	0.030974
176100	-0.154690
176150	0.107774
176200	0.012766
176250	0.042014
176300	-0.040651
176350	-0.159192
176400	0.151353
176450	0.083179
176500	0.089269
176550	0.363678
176600	0.188661
176650	-0.021133
176700	0.018680
176750	-0.029636
176800	-0.134880
176850	0.044878
176900	-0.038991
176950	0.060623
177000	0.035590
177050	0.069150
177100	0.126940
177150	-0.206143
177200	-0.001919
177250	0.219442
177300	0.019813
177350	-0.072593
177400	0.092083
177450	-0.017684
177500	-0.137459
177550	-0.048683
177600	-0.001718
177650	0.086621
177700	-0.135356
177750	0.154948
177800	-0.129916
177850	-0.070814
177900	-0.151103
177950	0.151498
178000	0.024091
178050	-0.168044
178100	-0.333326
178150	-0.036576
178200	0.161300
178250	-0.012286
178300	0.020255
178350	0.116396
178400	0.179241
178450	0.047580
178500	0.103431
178550	-0.006219
178600	0.235240
178650	0.033611
178700	-0.021486
178750	-0.267366
178800	-0.003830
178850	0.014325
178900	-0.042426
178950	0.221263
179000	-0.123599
179050	-0.046558
179100	-0.207190
179150	-0.049579
179200	0.073641
179250	-0.102064
179300	-0.037665
179350	0.042796
179400	0.043344
179450	-0.103569
179500	-0.036507
179550	0.021623
179600	-0.105957
179650	0.097336
179700	0.064582
179750	0.038491
179800	0.142722
179850	-0.006030
179900	-0.026225
179950	0.018074
180000	0.187496
180050	-0.131314
180100	0.017391
180150	-0.116606
180200	0.150019
180250	0.072599
180300	-0.150501
180350	0.053238
180400	0.147037
180450	0.044834
180500	-0.037231
180550	0.095906
180600	-0.006352
180650	-0.023349
180700	0.065736
180750	0.203208
180800	-0.046778
180850	-0.018142
180900	0.130620
180950	0.066017
181000	0.013313
181050	-0.052874
181100	-0.088011
181150	0.045068
181200	-0.035784
181250	0.027289
181300	0.210519
181350	-0.108616
181400	0.172218
181450	-0.002585
181500	0.203236
181550	-0.264407
181600	-0.006766
181650	0.009810
181700	0.124401
181750	0.150403
181800	-0.016280
181850	0.013401
181900	-0.100041
181950	-0.026229
182000	0.065932
182050	0.396736
182100	0.043484
182150	0.075975
182200	-0.101620
182250	-0.101139
182300	-0.033936
182350	-0.037314
182400	-0.082978
182450	0.339359
182500	0.269920
182550	0.059681
182600	-0.086036
182650	-0.096244
182700	-0.135612
182750	0.203234
182800	0.165953
182850	-0.177721
182900	-0.043590
182950	-0.051904
183000	-0.018825
183050	-0.030658
183100	0.319952
183150	0.032838
183200	0.027132
183250	0.007315
183300	-0.175060
183350	0.189913
183400	0.029075
183450	-0.051615
183500	-0.044129
183550	0.031532
183600	0.102488
183650	0.097537
183700	-0.087451
183750	0.064697
183800	0.024228
183850	-0.028109
183900	-0.034436
183950	-0.324290
184000	-0.038876
184050	-0.004537
184100	0.127043
184150	-0.150989
184200	-0.096274
184250	0.116907
184300	0.180477
184350	-0.041800
184400	0.094659
184450	0.014729
184500	-0.208614
184550	-0.025105
184600	0.002574
184650	0.017567
184700	-0.026496
184750	0.243579
184800	-0.006730
184850	-0.073873
184900	0.134244
184950	0.024601
185000	-0.085026
185050	-0.071154
185100	-0.219673
185150	-0.215066
185200	0.065097
185250	0.229976
185300	0.394418
185350	0.044396
185400	0.063950
185450	-0.060345
185500	-0.058070
185550	0.117835
185600	0.042969
185650	0.050084
185700	0.094012
185750	-0.106924
185800	0.275980
185850	-0.042109
185900	-0.108058
185950	0.094525
186000	-0.005497
186050	-0.033082
186100	-0.009271
186150	0.035141
186200	-0.005102
186250	-0.121777
186300	-0.140653
186350	0.172816
186400	0.133802
186450	0.323776
186500	0.076175
186550	0.176377
186600	0.181478
186650	0.149087
186700	0.073847
186750	0.156614
186800	0.029219
186850	-0.068350
186900	0.072175
186950	0.038603
187000	0.140062
187050	-0.043474
187100	0.093986
187150	-0.066424
187200	0.182705
187250	0.021135
187300	0.110929
187350	0.250872
187400	0.018097
187450	0.036228
187500	0.028925
187550	-0.180780
187600	0.026632
187650	-0.202533
187700	-0.047946
187750	-0.143111
187800	0.090659
187850	0.013300
187900	0.022576
187950	-0.029293
188000	-0.016227
188050	0.122894
188100	0.004507
188150	0.014834
188200	0.069974
188250	0.011818
188300	-0.187934
188350	-0.042314
188400	0.121084
188450	0.035569
188500	-0.030270
188550	0.075010
188600	-0.017731
188650	0.031588
188700	-0.037184
188750	-0.172251
188800	-0.019675
188850	0.033498
188900	0.071743
188950	-0.231977
189000	-0.204564
189050	-0.032388
189100	-0.056615
189150	0.071584
189200	-0.219674
189250	-0.417108
189300	0.017988
189350	-0.149540
189400	-0.036574
189450	-0.071218
189500	-0.044534
189550	0.114373
189600	0.008725
189650	0.031650
189700	-0.001413
189750	0.133807
189800	-0.083994
189850	0.020432
189900	0.038465
189950	-0.071704
190000	-0.075139
190050	-0.022063
190100	-0.341902
190150	0.141696
190200	0.021773
190250	-0.082589
190300	-0.290852
190350	-0.157013
190400	-0.171375
190450	-0.045335
190500	-0.057041
190550	-0.205571
190600	0.116618
190650	-0.229887
190700	0.035194
190750	-0.050406
190800	-0.068481
190850	0.046991
190900	-0.030586
190950	-0.065368
191000	-0.223631
191050	0.169134
191100	0.365533
191150	0.136506
191200	-0.026267
191250	-0.022230
191300	0.163185
191350	0.072897
191400	0.101450
191450	0.039860
191500	0.264247
191550	0.078052
191600	-0.179563
191650	-0.188903
191700	0.079227
191750	0.120125
191800	0.138742
191850	0.069111
191900	0.074573
191950	-0.052701
192000	-0.228243
192050	0.159726
192100	0.121228
192150	0.001402
192200	0.053376
192250	-0.050558
192300	-0.000204
192350	-0.006138
192400	0.003857
192450	0.015708
192500	0.140515
192550	-0.028115
192600	0.081849
192650	0.008874
192700	-0.138484
192750	0.184160
192800	-0.024206
192850	0.085449
192900	0.160796
192950	0.049669
193000	0.091475
193050	0.051555
193100	-0.018163
193150	0.041329
193200	0.065397
193250	-0.030596
193300	0.105633
193350	0.030362
193400	0.088069
193450	0.006138
193500	0.034336
193550	-0.039419
193600	-0.062326
193650	-0.020492
193700	0.160695
193750	0.015559
193800	-0.086264
193850	0.077628
193900	0.025206
193950	-0.140323
194000	-0.062040
194050	-0.161319
194100	-0.033723
194150	0.147555
194200	0.106345
194250	-0.071098
194300	-0.015658
194350	-0.143955
194400	0.070156
194450	0.055922
194500	0.288944
194550	-0.061392
194600	0.103111
194650	0.063956
194700	-0.288246
194750	0.102269
194800	0.038080
194850	0.051239
194900	-0.076212
194950	-0.077339
195000	-0.016673
195050	0.107965
195100	0.029852
195150	-0.063738
195200	-0.025696
195250	-0.067449
195300	0.196135
195350	0.160168
195400	0.099585
195450	0.070842
195500	0.081373
195550	0.174714
195600	-0.160909
195650	-0.126852
195700	-0.369661
195750	-0.231042
195800	-0.149696
195850	-0.043919
195900	0.088215
195950	0.127588
196000	0.241503
196050	-0.060657
196100	-0.076527
196150	0.009461
196200	-0.128277
196250	-0.041305
196300	-0.143314
196350	0.151101
196400	0.015658
196450	-0.110204
196500	-0.030204
196550	0.055864
196600	-0.009076
196650	0.046240
196700	-0.039225
196750	0.298089
196800	0.046749
196850	0.093380
196900	-0.136063
196950	-0.029872
197000	0.037476
197050	0.047762
197100	0.158962
197150	-0.018254
197200	0.100839
197250	0.231200
197300	0.240120
197350	0.184922
197400	0.148274
197450	-0.092639
197500	-0.024329
197550	-0.019933
197600	0.017168
197650	-0.009729
197700	0.139046
197750	0.172517
197800	0.109927
197850	0.021244
197900	0.040866
197950	-0.067518
198000	-0.053052
198050	0.117767
198100	0.053826
198150	0.059929
198200	0.091353
198250	0.064970
198300	-0.029207
198350	-0.128072
198400	-0.256839
198450	0.022998
198500	0.035270
198550	-0.151719
198600	-0.050692
198650	0.183080
198700	0.037479
198750	0.006382
198800	-0.020772
198850	-0.062221
198900	-0.097976
198950	0.098210
199000	0.036573
199050	0.185685
199100	0.097838
199150	-0.129378
199200	-0.081254
199250	0.088020
199300	0.069490
199350	-0.041051
199400	0.039534
199450	0.168227
199500	0.229333
199550	0.041215
199600	-0.048522
199650	0.174447
199700	-0.133711
199750	0.036745
199800	0.051069
199850	0.112914
199900	0.156330
199950	0.127082
