0	42.194206
50	4.258734
100	2.171867
150	1.150057
200	1.013691
250	1.079435
300	0.563672
350	0.479713
400	0.458121
450	0.423125
500	0.442263
550	0.409092
600	0.321671
650	0.411935
700	0.367043
750	0.279875
800	0.190696
850	0.357304
900	0.178667
950	0.370766
1000	0.460468
1050	0.242785
1100	-0.001620
1150	0.250973
1200	0.200116
1250	0.186787
1300	0.265491
1350	0.198141
1400	0.008605
1450	0.233987
1500	0.422564
1550	0.134728
1600	0.269115
1650	0.065941
1700	0.030724
1750	0.308624
1800	0.072000
1850	0.230022
1900	0.277338
1950	0.234390
2000	0.076387
2050	0.083847
2100	0.148144
2150	0.102077
2200	0.340448
2250	0.333680
2300	0.170920
2350	0.216450
2400	0.120519
2450	0.146165
2500	0.142494
2550	0.158581
2600	0.179675
2650	0.264819
2700	-0.091002
2750	-0.037493
2800	0.117867
2850	-0.003756
2900	-0.029020
2950	-0.069850
3000	-0.035309
3050	-0.118847
3100	0.051727
3150	-0.025013
3200	0.083694
3250	0.098573
3300	0.115743
3350	-0.038781
3400	0.158330
3450	0.137871
3500	0.161791
3550	0.079874
3600	0.161257
3650	0.087430
3700	0.018151
3750	-0.021429
3800	-0.108649
3850	-0.133987
3900	-0.047946
3950	0.058205
4000	-0.022505
4050	-0.156080
4100	-0.288654
4150	-0.054843
4200	0.176585
4250	-0.002495
4300	0.030219
4350	0.085891
4400	0.125719
4450	-0.138105
4500	-0.043181
4550	0.055745
4600	0.077043
4650	-0.089747
4700	0.328531
4750	0.029598
4800	0.226728
4850	0.049712
4900	0.104603
4950	-0.039186
5000	0.139453
5050	-0.041280
5100	-0.110631
5150	-0.237739
5200	-0.029254
5250	0.329579
5300	0.242168
5350	0.105014
5400	-0.128724
5450	-0.084526
5500	-0.077246
5550	-0.048388
5600	0.122480
5650	0.099899
5700	0.205775
5750	-0.042964
5800	0.157286
5850	0.163242
5900	0.096646
5950	0.056722
6000	0.151147
6050	-0.023663
6100	0.117475
6150	-0.040083
6200	0.105175
6250	0.291203
6300	0.282680
6350	0.168327
6400	0.063681
6450	-0.100084
6500	0.180056
6550	0.035622
6600	-0.194912
6650	0.117277
6700	0.316962
6750	-0.116604
6800	-0.062841
6850	-0.039075
6900	0.031680
6950	-0.147853
7000	0.143853
7050	0.071910
7100	-0.154025
7150	-0.097373
7200	-0.027042
7250	-0.000404
7300	-0.027856
7350	-0.007906
7400	-0.071870
7450	-0.153991
7500	0.227388
7550	-0.171738
7600	0.087502
7650	0.071531
7700	-0.095817
7750	0.107930
7800	-0.006740
7850	0.035910
7900	-0.005103
7950	0.219553
8000	0.109219
8050	-0.050873
8100	-0.036622
8150	0.036947
8200	0.181570
8250	0.244212
8300	-0.149988
8350	0.018687
8400	0.213125
8450	-0.073389
8500	0.030545
8550	0.182856
8600	0.162035
8650	0.162530
8700	0.130141
8750	-0.059347
8800	0.023569
8850	0.013655
8900	0.246752
8950	0.160392
9000	0.124132
9050	-0.005506
9100	0.156031
9150	0.053341
9200	0.159557
9250	0.022718
9300	0.020567
9350	0.017073
9400	0.028208
9450	0.152584
9500	0.016162
9550	0.068678
9600	0.063735
9650	0.148409
9700	0.117912
9750	0.345798
9800	0.126504
9850	0.144902
9900	-0.005352
9950	-0.139793
10000	0.070546
10050	-0.167948
10100	0.091086
10150	0.106504
10200	0.072105
10250	0.192515
10300	-0.016693
10350	0.084401
10400	0.215788
10450	0.154692
10500	0.081896
10550	-0.034102
10600	0.158970
10650	0.068002
10700	-0.068186
10750	-0.094086
10800	-0.111378
10850	0.049415
10900	0.162229
10950	0.154332
11000	0.103593
11050	-0.044929
11100	0.043352
11150	0.104117
11200	0.055618
11250	-0.001788
11300	0.100524
11350	-0.072076
11400	-0.034589
11450	0.000005
11500	-0.011980
11550	-0.023735
11600	0.021433
11650	-0.229110
11700	-0.010635
11750	-0.015731
11800	0.185250
11850	0.004718
11900	-0.036800
11950	0.231574
12000	-0.044274
12050	-0.146112
12100	0.144462
12150	0.018642
12200	0.319905
12250	-0.116744
12300	0.140021
12350	0.275299
12400	0.124855
12450	0.226186
12500	0.070448
12550	-0.173518
12600	0.289314
12650	0.043530
12700	-0.130339
12750	0.138317
12800	0.126403
12850	0.002706
12900	-0.055634
12950	0.004302
13000	0.055774
13050	0.054912
13100	0.143216
13150	0.106808
13200	-0.009846
13250	0.184755
13300	0.133379
13350	0.015391
13400	0.186487
13450	-0.039864
13500	-0.051271
13550	-0.023810
13600	0.133407
13650	0.115481
13700	0.078269
13750	0.148539
13800	0.103650
13850	0.043913
13900	-0.002046
13950	0.123663
14000	0.051315
14050	0.124691
14100	0.189107
14150	-0.077868
14200	0.196787
14250	0.067460
14300	0.052183
14350	-0.149702
14400	-0.193468
14450	0.040985
14500	-0.093391
14550	0.064290
14600	-0.205275
14650	-0.203956
14700	-0.208343
14750	-0.275715
14800	-0.267916
14850	-0.085674
14900	0.128032
14950	0.204014
15000	0.193553
15050	0.158291
15100	0.171321
15150	0.165764
15200	0.214680
15250	-0.044250
15300	0.001146
15350	-0.019045
15400	-0.060680
15450	0.155579
15500	-0.030599
15550	0.083216
15600	0.220712
15650	-0.328133
15700	0.171652
15750	0.085988
15800	-0.029300
15850	0.206766
15900	0.062437
15950	0.019324
16000	0.114328
16050	0.064681
16100	-0.016450
16150	0.085734
16200	-0.008686
16250	0.241436
16300	0.209269
16350	-0.260376
16400	-0.008407
16450	0.143775
16500	0.113026
16550	-0.110726
16600	0.014070
16650	-0.155683
16700	0.288930
16750	-0.190937
16800	0.090283
16850	0.257980
16900	0.338926
16950	-0.014030
17000	-0.087855
17050	-0.002554
17100	-0.010973
17150	-0.201263
17200	0.324826
17250	-0.008874
17300	0.029842
17350	-0.190738
17400	-0.067861
17450	0.029301
17500	0.093931
17550	0.162108
17600	0.099968
17650	0.094722
17700	0.014105
17750	0.050169
17800	0.069985
17850	0.111214
17900	-0.092942
17950	0.010317
18000	-0.173017
18050	0.047283
18100	0.060225
18150	0.176217
18200	0.050529
18250	0.171663
18300	0.015930
18350	-0.011694
18400	0.115688
18450	0.110375
18500	0.069401
18550	-0.221129
18600	0.058473
18650	0.063952
18700	-0.049351
18750	0.241827
18800	0.118221
18850	-0.016991
18900	0.072408
18950	0.005242
19000	0.017647
19050	0.040873
19100	0.289232
19150	0.133284
19200	0.094779
19250	0.131398
19300	-0.063526
19350	-0.122184
19400	-0.239850
19450	0.020095
19500	0.141934
19550	-0.225129
19600	-0.114977
19650	0.023666
19700	0.064512
19750	0.146888
19800	0.012204
19850	-0.161438
19900	-0.193934
19950	0.004033
20000	0.075170
20050	0.221099
20100	-0.048820
20150	0.077408
20200	0.032695
20250	0.203708
20300	0.232772
20350	0.181256
20400	0.149628
20450	-0.181420
20500	-0.158228
20550	-0.114940
20600	0.125392
20650	-0.275186
20700	0.074664
20750	-0.014398
20800	-0.233947
20850	-0.035162
20900	0.043345
20950	0.158098
21000	0.029309
21050	-0.022248
21100	0.177945
21150	0.076233
21200	-0.054291
21250	0.173936
21300	0.273451
21350	0.153405
21400	0.198172
21450	-0.034488
21500	0.021089
21550	0.018377
21600	0.015508
21650	-0.000535
21700	-0.074825
21750	-0.085630
21800	-0.010163
21850	-0.272823
21900	-0.085149
21950	-0.333023
22000	-0.078156
22050	-0.143264
22100	-0.054435
22150	0.032129
22200	-0.038796
22250	0.132985
22300	0.000738
22350	0.229892
22400	0.233108
22450	-0.045293
22500	-0.117179
22550	-0.037790
22600	0.017736
22650	-0.081549
22700	0.132215
22750	0.103623
22800	0.016742
22850	0.023737
22900	0.192250
22950	-0.084674
23000	0.038339
23050	0.127835
23100	-0.135893
23150	0.062769
23200	0.141324
23250	0.181420
23300	0.007163
23350	-0.062323
23400	-0.056125
23450	0.269648
23500	-0.045119
23550	0.026541
23600	-0.197023
23650	0.031404
23700	-0.009050
23750	0.073849
23800	0.181295
23850	0.104889
23900	0.088249
23950	-0.016805
24000	-0.246237
24050	-0.299271
24100	-0.074598
24150	-0.224192
24200	-0.061611
24250	-0.074074
24300	-0.105147
24350	0.165618
24400	-0.081981
24450	-0.028084
24500	0.048790
24550	-0.058978
24600	-0.179741
24650	0.011556
24700	0.116193
24750	0.218132
24800	0.078153
24850	-0.124556
24900	0.016529
24950	-0.086269
25000	-0.294108
25050	0.049470
25100	0.191701
25150	0.279290
25200	0.113402
25250	-0.041679
25300	0.090175
25350	-0.053324
25400	0.142106
25450	0.053347
25500	0.067926
25550	0.111375
25600	-0.151915
25650	-0.035189
25700	-0.098803
25750	0.085360
25800	0.115200
25850	0.061963
25900	-0.015647
25950	0.101192
26000	-0.004677
26050	0.246231
26100	0.135874
26150	-0.154687
26200	-0.012741
26250	0.139143
26300	0.193212
26350	0.032475
26400	0.123867
26450	0.206254
26500	0.019399
26550	-0.213391
26600	0.098810
26650	0.180682
26700	0.279166
26750	0.048462
26800	0.151859
26850	0.258884
26900	-0.015557
26950	0.079149
27000	0.067216
27050	0.005253
27100	-0.132942
27150	-0.064556
27200	-0.048830
27250	0.128132
27300	-0.092114
27350	0.207060
27400	0.143298
27450	0.052762
27500	0.060399
27550	0.087359
27600	-0.017313
27650	-0.040999
27700	0.066107
27750	0.077910
27800	-0.117953
27850	0.228554
27900	0.177774
27950	-0.052212
28000	-0.163893
28050	0.027150
28100	-0.017948
28150	-0.046810
28200	-0.120392
28250	-0.188584
28300	-0.192197
28350	0.030563
28400	-0.156040
28450	0.026801
28500	0.069798
28550	0.128438
28600	0.270883
28650	0.091786
28700	0.093028
28750	-0.142223
28800	-0.154697
28850	-0.023707
28900	0.036490
28950	-0.042630
29000	-0.125930
29050	0.106371
29100	0.144325
29150	0.125367
29200	0.061504
29250	0.123474
29300	0.034505
29350	0.251958
29400	0.079361
29450	0.004727
29500	0.013855
29550	0.014543
29600	-0.049551
29650	0.276207
29700	0.240948
29750	0.012752
29800	-0.042550
29850	-0.027632
29900	0.112286
29950	0.092251
30000	0.167073
30050	0.240292
30100	0.195970
30150	0.249926
30200	0.332715
30250	-0.100047
30300	0.129644
30350	-0.064576
30400	-0.003282
30450	0.042911
30500	0.028000
30550	-0.104623
30600	0.207162
30650	-0.017612
30700	0.049428
30750	0.139887
30800	0.063453
30850	-0.008067
30900	0.116838
30950	0.313068
31000	0.162368
31050	-0.038662
31100	0.061616
31150	0.134471
31200	0.112402
31250	0.059605
31300	-0.092517
31350	0.148012
31400	0.151615
31450	0.114311
31500	-0.192210
31550	0.041386
31600	0.105545
31650	-0.126205
31700	0.144257
31750	0.127964
31800	0.100998
31850	0.082830
31900	0.210177
31950	0.129670
32000	0.007139
32050	0.108560
32100	0.212997
32150	0.194668
32200	-0.295497
32250	0.046725
32300	-0.017075
32350	0.075139
32400	0.052017
32450	-0.010437
32500	0.010740
32550	-0.039913
32600	-0.142457
32650	0.125095
32700	-0.035593
32750	0.255983
32800	0.068677
32850	-0.172457
32900	-0.042842
32950	-0.165365
33000	0.150370
33050	0.241637
33100	0.075822
33150	0.080478
33200	-0.025679
33250	0.042778
33300	0.106806
33350	-0.012771
33400	0.172681
33450	-0.044955
33500	-0.178603
33550	-0.071747
33600	-0.047889
33650	-0.025770
33700	0.149293
33750	-0.026486
33800	0.099738
33850	-0.162432
33900	-0.096623
33950	0.078920
34000	-0.071719
34050	-0.178261
34100	-0.199533
34150	0.171472
34200	0.443334
34250	0.046783
34300	0.009088
34350	-0.047768
34400	0.014404
34450	-0.002639
34500	-0.102311
34550	-0.125186
34600	-0.220429
34650	-0.002172
34700	-0.018690
34750	-0.039557
34800	-0.149162
34850	0.215129
34900	0.025821
34950	0.061595
35000	0.112154
35050	0.035278
35100	0.155773
35150	0.139411
35200	0.164167
35250	0.079639
35300	-0.153109
35350	0.036218
35400	0.090069
35450	-0.028733
35500	0.124615
35550	0.223629
35600	0.200709
35650	0.029120
35700	-0.096556
35750	0.005241
35800	-0.157700
35850	-0.103503
35900	-0.121371
35950	0.000653
36000	-0.170483
36050	0.123021
36100	0.210209
36150	0.061136
36200	0.179646
36250	-0.072547
36300	0.194933
36350	-0.160753
36400	-0.017550
36450	0.099725
36500	-0.050351
36550	0.008723
36600	0.070854
36650	-0.124145
36700	-0.041201
36750	-0.061829
36800	0.057415
36850	0.017812
36900	-0.213540
36950	-0.041314
37000	-0.040543
37050	0.098322
37100	-0.137697
37150	0.226118
37200	0.222400
37250	0.023989
37300	-0.066028
37350	0.056769
37400	0.080600
37450	-0.182077
37500	-0.046264
37550	-0.022600
37600	0.096552
37650	-0.118229
37700	-0.019432
37750	-0.113615
37800	-0.200527
37850	-0.046564
37900	-0.019647
37950	-0.236555
38000	0.071414
38050	-0.131954
38100	-0.135085
38150	-0.123051
38200	-0.070704
38250	-0.165655
38300	0.045280
38350	0.088693
38400	0.079267
38450	0.081750
38500	-0.072976
38550	-0.051150
38600	0.068935
38650	0.151076
38700	-0.164578
38750	-0.140103
38800	-0.037936
38850	0.118907
38900	-0.075976
38950	0.015459
39000	-0.157832
39050	-0.099284
39100	0.150916
39150	0.067794
39200	-0.030530
39250	-0.085264
39300	-0.117343
39350	-0.065569
39400	-0.021894
39450	0.062443
39500	0.214413
39550	0.176069
39600	0.097357
39650	-0.056300
39700	0.074871
39750	0.121158
39800	0.208566
39850	0.141982
39900	0.183547
39950	0.107057
40000	0.135246
40050	0.163287
40100	0.049886
40150	0.060916
40200	0.023767
40250	0.206531
40300	-0.088043
40350	-0.023615
40400	0.009119
40450	0.029206
40500	0.078873
40550	0.157294
40600	-0.290423
40650	-0.188359
40700	0.125894
40750	-0.075812
40800	-0.003024
40850	0.007860
40900	-0.109508
40950	0.082132
41000	0.213880
41050	0.169195
41100	-0.019540
41150	-0.112232
41200	-0.271115
41250	-0.205897
41300	-0.031261
41350	0.085884
41400	0.042314
41450	-0.116236
41500	-0.193626
41550	0.142999
41600	0.061620
41650	0.121349
41700	0.110899
41750	-0.200298
41800	-0.117068
41850	0.233758
41900	0.075840
41950	0.244224
42000	0.066005
42050	0.062038
42100	-0.052416
42150	-0.167843
42200	-0.087775
42250	-0.008451
42300	0.001628
42350	0.073404
42400	-0.041669
42450	-0.147558
42500	0.032418
42550	0.054650
42600	0.338518
42650	0.074535
42700	0.008825
42750	-0.035752
42800	0.012483
42850	-0.115256
42900	-0.118083
42950	0.156447
43000	0.074234
43050	0.213326
43100	-0.105499
43150	-0.202743
43200	0.150867
43250	-0.097911
43300	-0.121125
43350	-0.054451
43400	-0.136031
43450	0.049027
43500	0.259998
43550	-0.038542
43600	0.060008
43650	-0.033921
43700	-0.134384
43750	-0.043309
43800	-0.036288
43850	0.053712
43900	0.119718
43950	0.017875
44000	-0.096870
44050	-0.144478
44100	-0.298695
44150	0.164076
44200	0.032043
44250	-0.092174
44300	0.039923
44350	0.081099
44400	-0.133414
44450	0.094550
44500	-0.005426
44550	-0.158729
44600	-0.071704
44650	0.015733
44700	0.096179
44750	-0.049732
44800	0.023630
44850	-0.005372
44900	-0.022662
44950	-0.112480
45000	0.026633
45050	-0.008139
45100	-0.152666
45150	-0.127910
45200	-0.093579
45250	-0.008672
45300	-0.102411
45350	-0.083970
45400	-0.012078
45450	-0.135079
45500	-0.112775
45550	-0.058324
45600	-0.136395
45650	-0.071484
45700	-0.004946
45750	0.050701
45800	-0.105575
45850	-0.107811
45900	0.079436
45950	-0.153561
46000	0.147394
46050	0.205019
46100	0.300498
46150	0.177913
46200	-0.183934
46250	-0.108296
46300	0.048497
46350	-0.002735
46400	0.043121
46450	-0.146901
46500	0.052939
46550	0.043646
46600	0.231577
46650	0.021906
46700	0.057895
46750	-0.065741
46800	0.267264
46850	0.007289
46900	-0.021776
46950	0.087954
47000	0.032311
47050	-0.073026
47100	-0.046815
47150	-0.085478
47200	-0.008970
47250	-0.078689
47300	-0.162569
47350	0.007625
47400	-0.120128
47450	-0.065678
47500	0.073678
47550	-0.138795
47600	-0.037427
47650	-0.009765
47700	0.096369
47750	-0.101645
47800	-0.045998
47850	0.103581
47900	0.014154
47950	-0.146623
48000	0.100196
48050	0.004220
48100	-0.071520
48150	0.077131
48200	-0.117093
48250	-0.087374
48300	-0.108956
48350	-0.005002
48400	0.087761
48450	-0.023633
48500	0.009671
48550	-0.115684
48600	-0.102812
48650	0.099786
48700	-0.065486
48750	0.060125
48800	0.188648
48850	-0.112308
48900	0.127369
48950	0.097205
49000	-0.139987
49050	-0.084772
49100	-0.064149
49150	0.028492
49200	0.130433
49250	0.001843
49300	0.076158
49350	0.023590
49400	0.194448
49450	-0.034036
49500	0.082623
49550	-0.034312
49600	0.090634
49650	-0.159858
49700	0.151549
49750	-0.005906
49800	0.050779
49850	-0.073854
49900	0.106161
49950	-0.079584
50000	-0.066356
50050	-0.110365
50100	0.023105
50150	-0.070587
50200	0.098157
50250	0.247916
50300	0.187802
50350	-0.059675
50400	0.061502
50450	0.164954
50500	-0.062746
50550	-0.091208
50600	0.073460
50650	-0.053058
50700	0.136778
50750	0.114417
50800	0.252291
50850	0.089401
50900	-0.003536
50950	-0.073351
51000	0.042844
51050	0.068466
51100	0.032712
51150	0.208380
51200	-0.035879
51250	0.257460
51300	0.025340
51350	0.028394
51400	-0.006665
51450	0.159859
51500	0.181309
51550	0.174574
51600	0.079636
51650	0.145471
51700	0.083471
51750	0.081744
51800	0.017520
51850	0.114447
51900	0.055087
51950	0.023937
52000	0.023698
52050	0.076508
52100	0.206907
52150	0.169000
52200	0.104029
52250	0.063767
52300	0.135036
52350	0.040783
52400	0.040120
52450	-0.063004
52500	0.078080
52550	-0.102594
52600	-0.164744
52650	-0.006516
52700	0.062806
52750	-0.047558
52800	0.088414
52850	0.216683
52900	0.373065
52950	-0.146203
53000	0.078240
53050	0.014639
53100	-0.021740
53150	-0.061896
53200	-0.062205
53250	0.155525
53300	0.126078
53350	-0.077586
53400	-0.037249
53450	-0.184299
53500	-0.173745
53550	-0.241256
53600	0.096511
53650	-0.008858
53700	0.027284
53750	-0.167418
53800	0.173408
53850	-0.262918
53900	0.062022
53950	-0.161028
54000	-0.101437
54050	0.067114
54100	-0.261747
54150	0.076181
54200	-0.387633
54250	-0.054130
54300	-0.130893
54350	-0.184309
54400	0.027968
54450	0.080682
54500	-0.165126
54550	0.053477
54600	0.183738
54650	0.055266
54700	-0.098579
54750	0.148377
54800	-0.055864
54850	-0.145598
54900	0.209914
54950	-0.153260
55000	-0.087119
55050	-0.068401
55100	-0.047524
55150	-0.192458
55200	-0.072292
55250	-0.126227
55300	0.108191
55350	0.041357
55400	0.115478
55450	-0.000195
55500	0.022564
55550	-0.200203
55600	-0.034341
55650	-0.358841
55700	-0.244686
55750	-0.101392
55800	-0.018108
55850	-0.045489
55900	-0.163937
55950	-0.070105
56000	0.039224
56050	0.057102
56100	-0.109005
56150	-0.224152
56200	-0.069284
56250	0.166257
56300	-0.086238
56350	0.089947
56400	0.056495
56450	0.005933
56500	0.027837
56550	-0.039767
56600	-0.002695
56650	0.015757
56700	-0.064544
56750	-0.216752
56800	-0.072776
56850	0.099228
56900	-0.030184
56950	0.072859
57000	0.163724
57050	0.219485
57100	0.140186
57150	-0.031064
57200	0.196071
57250	-0.114174
57300	-0.181322
57350	0.033746
57400	-0.111368
57450	-0.047097
57500	0.039734
57550	-0.086960
57600	0.236787
57650	0.011479
57700	-0.291242
57750	-0.115379
57800	0.063367
57850	-0.019559
57900	-0.090087
57950	0.175329
58000	-0.042859
58050	-0.063498
58100	0.021869
58150	-0.017014
58200	-0.042429
58250	-0.090159
58300	0.002051
58350	-0.038339
58400	-0.106622
58450	-0.176746
58500	0.053149
58550	0.146479
58600	-0.013944
58650	-0.061859
58700	0.185488
58750	0.158016
58800	-0.056273
58850	-0.170116
58900	-0.062957
58950	-0.174660
59000	-0.069096
59050	0.099289
59100	-0.058925
59150	-0.225655
59200	-0.235712
59250	-0.117110
59300	0.090307
59350	0.053717
59400	0.048995
59450	0.081593
59500	-0.063212
59550	0.150178
59600	0.020239
59650	-0.107262
59700	0.017207
59750	-0.030291
59800	-0.102122
59850	-0.200110
59900	0.047278
59950	-0.062289
60000	0.013274
60050	-0.112876
60100	-0.054521
60150	0.138278
60200	-0.214274
60250	-0.031270
60300	-0.200245
60350	-0.239045
60400	-0.186403
60450	-0.105638
60500	0.111662
60550	-0.072674
60600	0.145094
60650	0.183441
60700	-0.196491
60750	-0.193065
60800	0.090783
60850	0.023768
60900	-0.041451
60950	-0.102795
61000	0.141664
61050	-0.015606
61100	0.088379
61150	0.019787
61200	0.152544
61250	0.084578
61300	-0.173054
61350	-0.103051
61400	-0.054229
61450	0.018621
61500	-0.109869
61550	-0.087931
61600	-0.050209
61650	-0.055590
61700	-0.138009
61750	-0.146044
61800	-0.043366
61850	0.294139
61900	0.148195
61950	-0.126462
62000	-0.228745
62050	0.066773
62100	-0.119060
62150	-0.044507
62200	0.153145
62250	-0.126306
62300	0.116880
62350	0.070122
62400	0.225960
62450	0.083726
62500	0.096113
62550	0.023673
62600	-0.108171
62650	0.019972
62700	-0.116325
62750	-0.055093
62800	0.134614
62850	0.020734
62900	0.183460
62950	0.092054
63000	-0.120387
63050	-0.020091
63100	0.075452
63150	-0.060678
63200	-0.065069
63250	0.050798
63300	0.196907
63350	-0.003303
63400	0.124094
63450	0.037608
63500	-0.182107
63550	-0.209878
63600	0.011262
63650	-0.055950
63700	-0.162565
63750	0.028289
63800	-0.160677
63850	0.016276
63900	0.066874
63950	-0.198859
64000	0.025239
64050	0.012435
64100	-0.181375
64150	-0.086638
64200	-0.110931
64250	-0.025911
64300	-0.026258
64350	-0.093383
64400	-0.020229
64450	-0.056655
64500	-0.038477
64550	-0.065412
64600	-0.127684
64650	0.073906
64700	-0.162406
64750	-0.034509
64800	-0.046794
64850	0.197509
64900	0.201259
64950	-0.113457
65000	0.220515
65050	0.038114
65100	0.058040
65150	-0.176634
65200	-0.101021
65250	-0.104910
65300	-0.036640
65350	-0.035969
65400	-0.299267
65450	-0.122406
65500	0.003142
65550	-0.009969
65600	0.082161
65650	0.015895
65700	-0.163193
65750	-0.026175
65800	-0.045274
65850	0.062808
65900	-0.050057
65950	0.054192
66000	0.018387
66050	0.160702
66100	0.097485
66150	-0.103691
66200	0.075239
66250	0.139654
66300	0.310452
66350	-0.051830
66400	0.059735
66450	0.170833
66500	0.138075
66550	0.122276
66600	0.170351
66650	0.180930
66700	-0.035231
66750	-0.026043
66800	-0.151810
66850	0.012573
66900	0.000842
66950	-0.017945
67000	0.148576
67050	0.076774
67100	-0.135896
67150	-0.002752
67200	-0.032116
67250	-0.008744
67300	-0.082055
67350	0.086912
67400	0.097769
67450	0.021495
67500	-0.079919
67550	0.093105
67600	-0.048765
67650	-0.090436
67700	0.004794
67750	-0.105044
67800	-0.141872
67850	0.064985
67900	0.006682
67950	-0.032089
68000	-0.021461
68050	-0.258819
68100	0.023188
68150	0.017482
68200	-0.097110
68250	-0.012568
68300	-0.011196
68350	0.315890
68400	-0.008761
68450	0.027798
68500	0.217275
68550	0.081218
68600	-0.022412
68650	0.017045
68700	-0.064729
68750	0.019472
68800	-0.061019
68850	0.230459
68900	0.134779
68950	-0.028830
69000	-0.025448
69050	0.020928
69100	0.110188
69150	0.040015
69200	0.072260
69250	-0.074458
69300	-0.034389
69350	0.111567
69400	0.018970
69450	0.168711
69500	0.057236
69550	0.172871
69600	0.137589
69650	0.033974
69700	0.052054
69750	0.031993
69800	-0.116075
69850	-0.061955
69900	0.081367
69950	0.119420
70000	-0.111538
70050	-0.048862
70100	0.033428
70150	-0.129647
70200	-0.041679
70250	0.056821
70300	0.082695
70350	0.110571
70400	-0.016817
70450	-0.055171
70500	0.129900
70550	0.127916
70600	0.151137
70650	0.225816
70700	0.173363
70750	0.294532
70800	-0.067078
70850	-0.042880
70900	-0.190648
70950	-0.277180
71000	0.042842
71050	-0.049215
71100	0.028608
71150	-0.196394
71200	0.112826
71250	-0.280216
71300	-0.040262
71350	-0.090679
71400	-0.141191
71450	-0.048193
71500	0.195584
71550	-0.019861
71600	0.064335
71650	-0.078767
71700	-0.138433
71750	-0.121353
71800	0.039935
71850	0.132518
71900	0.086512
71950	0.087615
72000	-0.007296
72050	0.143767
72100	0.041477
72150	-0.154255
72200	0.114093
72250	-0.118944
72300	0.229600
72350	0.110361
72400	0.044749
72450	-0.084217
72500	-0.006773
72550	0.090702
72600	0.163416
72650	0.053747
72700	-0.200659
72750	-0.014487
72800	-0.080345
72850	-0.025835
72900	-0.144860
72950	0.006382
73000	-0.065015
73050	-0.132068
73100	-0.227566
73150	-0.081869
73200	-0.201631
73250	-0.038954
73300	0.039634
73350	0.036783
73400	-0.110299
73450	-0.085165
73500	0.078688
73550	-0.069458
73600	-0.206222
73650	-0.037341
73700	-0.032278
73750	0.098683
73800	-0.021680
73850	0.003736
73900	0.122642
73950	0.002773
74000	0.011990
74050	-0.044715
74100	-0.045989
74150	-0.049344
74200	-0.039548
74250	0.025408
74300	0.116590
74350	-0.267162
74400	-0.214007
74450	-0.041772
74500	0.001936
74550	0.096045
74600	0.039788
74650	0.083523
74700	-0.112082
74750	-0.065541
74800	-0.005279
74850	0.066020
74900	-0.049908
74950	-0.053607
75000	-0.115999
75050	-0.090725
75100	-0.136371
75150	-0.128328
75200	-0.045751
75250	0.135149
75300	0.081285
75350	-0.260395
75400	0.240341
75450	0.083314
75500	0.077366
75550	0.271732
75600	0.122307
75650	0.022304
75700	-0.133993
75750	0.082371
75800	0.122777
75850	-0.244855
75900	0.006010
75950	0.032094
76000	-0.005869
76050	-0.090017
76100	-0.062083
76150	0.106067
76200	-0.036597
76250	-0.008785
76300	0.067118
76350	-0.220437
76400	-0.102882
76450	0.068182
76500	-0.162836
76550	0.003994
76600	-0.060276
76650	-0.179200
76700	0.019169
76750	-0.057487
76800	-0.084567
76850	-0.034541
76900	-0.136288
76950	0.183113
77000	-0.117245
77050	-0.043970
77100	-0.091296
77150	-0.005473
77200	-0.114381
77250	-0.087319
77300	0.068254
77350	-0.139009
77400	0.042459
77450	0.099920
77500	0.053721
77550	-0.060770
77600	-0.229943
77650	-0.114881
77700	0.088496
77750	-0.008741
77800	0.128736
77850	-0.087360
77900	-0.124181
77950	0.131701
78000	0.055244
78050	0.005517
78100	0.017119
78150	0.015210
78200	0.026806
78250	0.322964
78300	0.125390
78350	0.121062
78400	0.033070
78450	0.062761
78500	0.124829
78550	-0.076958
78600	-0.000241
78650	-0.026184
78700	-0.193793
78750	0.165574
78800	0.154973
78850	0.127848
78900	0.109559
78950	0.073410
79000	0.216463
79050	-0.017613
79100	0.200996
79150	0.283959
79200	-0.113659
79250	-0.163647
79300	-0.152457
79350	-0.190639
79400	-0.065319
79450	-0.177144
79500	-0.134267
79550	-0.184984
79600	-0.120419
79650	0.009248
79700	-0.072376
79750	0.083339
79800	0.021280
79850	0.042212
79900	0.109262
79950	-0.064918
80000	-0.163311
80050	0.158475
80100	-0.088821
80150	-0.117042
80200	0.071902
80250	0.094248
80300	0.022747
80350	0.039116
80400	-0.071659
80450	0.146091
80500	0.034231
80550	0.060223
80600	-0.132986
80650	-0.139132
80700	-0.189592
80750	0.058878
80800	-0.116492
80850	-0.124130
80900	0.141423
80950	-0.015064
81000	0.089780
81050	-0.137932
81100	0.027572
81150	0.106039
81200	0.207922
81250	0.189218
81300	-0.053419
81350	0.134112
81400	-0.045958
81450	0.051757
81500	-0.019367
81550	0.090042
81600	-0.259203
81650	0.201140
81700	0.029747
81750	-0.092199
81800	0.020020
81850	-0.178093
81900	-0.253650
81950	-0.124628
82000	-0.062189
82050	0.080437
82100	0.050868
82150	-0.151811
82200	0.107151
82250	-0.163008
82300	0.116285
82350	0.227242
82400	0.183153
82450	0.007047
82500	0.424112
82550	0.211727
82600	0.220557
82650	-0.053244
82700	0.010152
82750	-0.046136
82800	0.189552
82850	0.032058
82900	0.029238
82950	0.119694
83000	0.038587
83050	0.267075
83100	0.209177
83150	0.139556
83200	-0.060616
83250	-0.116609
83300	-0.120333
83350	-0.135664
83400	0.136206
83450	-0.108223
83500	0.095447
83550	0.087608
83600	-0.040389
83650	0.031345
83700	-0.071566
83750	0.050088
83800	-0.184325
83850	-0.016568
83900	-0.076229
83950	-0.078407
84000	0.113446
84050	-0.091164
84100	0.091439
84150	0.043524
84200	-0.030389
84250	0.082311
84300	0.022038
84350	-0.136741
84400	0.160887
84450	0.184748
84500	0.077536
84550	-0.111087
84600	0.003845
84650	0.119268
84700	0.060272
84750	0.043938
84800	0.013152
84850	-0.034613
84900	-0.128555
84950	-0.227743
85000	-0.127489
85050	0.163533
85100	-0.142671
85150	-0.120857
85200	0.107441
85250	0.009870
85300	-0.058874
85350	-0.089008
85400	-0.017612
85450	-0.116755
85500	0.089329
85550	-0.033584
85600	0.212203
85650	-0.077229
85700	0.057942
85750	0.018983
85800	-0.374819
85850	-0.029487
85900	0.020356
85950	-0.029688
86000	0.111222
86050	-0.150755
86100	-0.052755
86150	0.078427
86200	0.102779
86250	-0.062178
86300	-0.077481
86350	-0.013533
86400	0.120522
86450	0.102698
86500	-0.117991
86550	0.003675
86600	-0.050085
86650	0.000049
86700	0.079318
86750	0.031190
86800	-0.094123
86850	-0.092133
86900	0.178113
86950	-0.188034
87000	0.012808
87050	-0.044587
87100	-0.107970
87150	0.059542
87200	-0.174954
87250	0.044265
87300	-0.118820
87350	-0.162817
87400	-0.182256
87450	-0.180256
87500	-0.089627
87550	-0.067060
87600	-0.023919
87650	-0.038590
87700	0.075751
87750	0.087710
87800	-0.135057
87850	0.055725
87900	0.319266
87950	-0.104151
88000	0.109749
88050	-0.011974
88100	0.244457
88150	0.061770
88200	0.037992
88250	0.102355
88300	0.012227
88350	0.076245
88400	-0.091209
88450	-0.199865
88500	-0.056768
88550	0.197414
88600	0.114338
88650	-0.054990
88700	-0.051909
88750	-0.153359
88800	-0.097405
88850	0.020824
88900	-0.054530
88950	-0.294375
89000	0.124533
89050	0.159068
89100	0.258757
89150	0.249376
89200	0.089598
89250	0.087712
89300	-0.028154
89350	0.143802
89400	0.104036
89450	0.021323
89500	-0.025264
89550	0.012819
89600	0.078432
89650	0.227926
89700	0.015522
89750	0.125091
89800	0.064974
89850	-0.159845
89900	-0.187193
89950	-0.051958
90000	0.118748
90050	0.124319
90100	0.017778
90150	0.159064
90200	-0.002443
90250	-0.055842
90300	0.122908
90350	-0.010169
90400	-0.009157
90450	0.006304
90500	0.142981
90550	-0.189480
90600	-0.154697
90650	-0.179750
90700	-0.132265
90750	0.107393
90800	-0.024813
90850	0.109524
90900	-0.225697
90950	-0.222640
91000	-0.227067
91050	-0.140105
91100	-0.126697
91150	-0.218811
91200	-0.139084
91250	-0.154699
91300	0.102366
91350	0.132441
91400	0.123959
91450	-0.105924
91500	0.224295
91550	0.138347
91600	0.132921
91650	-0.218618
91700	0.275668
91750	0.017572
91800	0.262567
91850	0.167529
91900	-0.007315
91950	0.085740
92000	-0.190402
92050	-0.133557
92100	-0.016222
92150	0.047032
92200	-0.244108
92250	0.066958
92300	0.104029
92350	0.104156
92400	0.268768
92450	0.021309
92500	0.188918
92550	-0.098816
92600	-0.058247
92650	-0.138487
92700	-0.045465
92750	-0.034610
92800	0.279077
92850	0.108883
92900	0.128914
92950	0.197618
93000	0.084669
93050	0.105239
93100	0.065669
93150	-0.088676
93200	-0.027484
93250	-0.007200
93300	-0.218007
93350	-0.242463
93400	-0.308528
93450	-0.058616
93500	-0.077370
93550	0.137479
93600	-0.033898
93650	-0.148787
93700	-0.177250
93750	-0.049415
93800	-0.153189
93850	-0.056017
93900	-0.044075
93950	0.066164
94000	-0.075260
94050	0.190965
94100	-0.055890
94150	-0.046631
94200	0.072257
94250	0.146139
94300	0.060459
94350	-0.016920
94400	0.008994
94450	0.034315
94500	-0.190539
94550	-0.116447
94600	0.026662
94650	0.116381
94700	-0.072155
94750	0.050894
94800	0.014447
94850	-0.166035
94900	0.100934
94950	0.148245
95000	0.234622
95050	0.035067
95100	-0.131261
95150	-0.157276
95200	-0.165116
95250	0.036637
95300	0.145490
95350	-0.031001
95400	-0.119858
95450	0.028709
95500	0.078058
95550	0.009788
95600	0.134077
95650	-0.219713
95700	-0.084122
95750	0.057025
95800	0.132548
95850	0.234394
95900	-0.043432
95950	-0.033558
96000	-0.078292
96050	0.094410
96100	0.038260
96150	-0.091645
96200	0.143752
96250	-0.050888
96300	-0.072582
96350	-0.061024
96400	0.232858
96450	-0.023902
96500	-0.020459
96550	-0.081063
96600	-0.002988
96650	0.111979
96700	-0.009392
96750	0.006241
96800	-0.055081
96850	-0.113880
96900	-0.339497
96950	0.092827
97000	-0.047479
97050	-0.105619
97100	-0.129239
97150	-0.074876
97200	-0.052816
97250	-0.063858
97300	-0.043666
97350	0.015934
97400	0.010837
97450	-0.091124
97500	-0.266339
97550	-0.021688
97600	-0.036286
97650	0.198857
97700	0.169062
97750	0.007275
97800	0.089737
97850	-0.075424
97900	-0.122282
97950	-0.147028
98000	-0.044458
98050	0.106307
98100	0.024571
98150	0.245954
98200	0.002663
98250	-0.018303
98300	0.087053
98350	-0.069227
98400	0.047833
98450	0.113710
98500	0.128224
98550	0.349584
98600	0.142089
98650	-0.110548
98700	0.117127
98750	0.013082
98800	0.122776
98850	-0.161638
98900	-0.045146
98950	0.079567
99000	0.157090
99050	-0.038304
99100	-0.067354
99150	-0.035025
99200	-0.089726
99250	-0.208470
99300	-0.008154
99350	0.119654
99400	-0.216980
99450	0.103238
99500	0.021346
99550	-0.285675
99600	-0.109564
99650	-0.051992
99700	-0.138811
99750	-0.071482
99800	0.050172
99850	-0.016137
99900	-0.135146
99950	-0.150505
100000	0.153371
100050	0.087183
100100	-0.072980
100150	0.114900
100200	0.037524
100250	-0.133461
100300	0.013815
100350	-0.270847
100400	0.127511
100450	-0.066126
100500	0.137011
100550	-0.054564
100600	-0.123290
100650	-0.104004
100700	-0.127601
100750	0.111749
100800	-0.015528
100850	0.063404
100900	0.093052
100950	0.135936
101000	0.057439
101050	0.054726
101100	0.108802
101150	0.172687
101200	0.191588
101250	0.150169
101300	0.162306
101350	0.149083
101400	-0.093557
101450	-0.194483
101500	0.117958
101550	0.037483
101600	-0.210646
101650	0.271131
101700	-0.203964
101750	-0.173989
101800	0.090503
101850	0.026674
101900	-0.061073
101950	0.328688
102000	-0.051741
102050	-0.132290
102100	0.091237
102150	0.026371
102200	0.104628
102250	-0.025695
102300	0.314899
102350	0.042234
102400	0.124650
102450	0.211834
102500	-0.003705
102550	-0.105592
102600	0.045295
102650	0.127373
102700	0.030376
102750	0.042284
102800	0.014806
102850	0.023229
102900	0.052327
102950	-0.098101
103000	-0.113520
103050	0.176712
103100	0.283725
103150	0.229870
103200	0.061893
103250	0.076854
103300	-0.220459
103350	-0.179833
103400	0.087593
103450	0.049358
103500	0.074555
103550	-0.160487
103600	0.014588
103650	0.137924
103700	0.054829
103750	-0.005608
103800	-0.043159
103850	0.181588
103900	-0.086959
103950	-0.071732
104000	0.005598
104050	0.032237
104100	-0.034143
104150	-0.070303
104200	0.062928
104250	0.178230
104300	-0.123824
104350	-0.160768
104400	0.064727
104450	0.244864
104500	-0.061953
104550	-0.094843
104600	0.034323
104650	0.146274
104700	-0.106079
104750	-0.031141
104800	0.006527
104850	0.015694
104900	0.012866
104950	-0.022906
105000	0.283112
105050	0.280817
105100	0.179849
105150	0.001262
105200	0.199558
105250	0.162678
105300	0.239820
105350	0.027877
105400	0.198666
105450	0.013465
105500	0.067644
105550	0.153282
105600	0.122456
105650	0.041398
105700	0.088081
105750	-0.040666
105800	0.092671
105850	0.081791
105900	0.059227
105950	-0.053266
106000	-0.015186
106050	-0.005868
106100	-0.167603
106150	0.026944
106200	0.105493
106250	-0.228187
106300	-0.095172
106350	-0.126936
106400	-0.014916
106450	-0.038875
106500	-0.135598
106550	-0.014600
106600	0.097541
106650	-0.070167
106700	0.119017
106750	0.162185
106800	0.007542
106850	0.073429
106900	0.023474
106950	-0.078831
107000	-0.117814
107050	-0.053431
107100	-0.011293
107150	0.029525
107200	0.194937
107250	0.193674
107300	0.131235
107350	0.047274
107400	0.123516
107450	0.348660
107500	0.083196
107550	-0.011916
107600	0.020108
107650	-0.055289
107700	-0.232639
107750	-0.088253
107800	0.038621
107850	-0.020215
107900	-0.077965
107950	-0.065252
108000	0.380878
108050	0.175324
108100	0.016137
108150	-0.054501
108200	-0.056690
108250	0.220807
108300	-0.025254
108350	0.079874
108400	0.247153
108450	0.096935
108500	0.007132
108550	0.051395
108600	0.038028
108650	-0.173823
108700	0.012715
108750	-0.200435
108800	-0.090668
108850	-0.186838
108900	-0.231778
108950	-0.061645
109000	-0.000003
109050	0.000149
109100	-0.164943
109150	-0.248611
109200	-0.054513
109250	0.095876
109300	-0.029804
109350	0.160076
109400	0.007286
109450	-0.202645
109500	0.053028
109550	-0.290942
109600	-0.163583
109650	-0.074724
109700	0.043738
109750	-0.113945
109800	-0.024689
109850	0.126374
109900	0.067101
109950	-0.113330
110000	-0.138755
110050	0.158038
110100	0.068303
110150	-0.102898
110200	-0.172730
110250	-0.017867
110300	0.082140
110350	0.254042
110400	-0.057013
110450	0.256685
110500	0.056827
110550	-0.117133
110600	-0.158079
110650	0.083448
110700	0.130253
110750	-0.065829
110800	0.014988
110850	0.017770
110900	0.048710
110950	-0.290435
111000	-0.063533
111050	-0.012692
111100	0.179242
111150	0.185899
111200	-0.014110
111250	0.062348
111300	0.047602
111350	0.034047
111400	-0.215687
111450	-0.060964
111500	0.020944
111550	-0.001461
111600	0.004783
111650	-0.063937
111700	0.044291
111750	0.168976
111800	-0.126155
111850	-0.170587
111900	-0.158388
111950	0.036033
112000	-0.169597
112050	-0.065064
112100	-0.082782
112150	-0.073981
112200	-0.093217
112250	-0.036479
112300	-0.075646
112350	-0.097749
112400	0.010979
112450	-0.158766
112500	-0.089776
112550	-0.129926
112600	-0.083549
112650	-0.076674
112700	0.187896
112750	-0.001408
112800	0.111554
112850	-0.154508
112900	0.045715
112950	-0.094390
113000	-0.008427
113050	0.123911
113100	0.155600
113150	0.212922
113200	-0.072496
113250	0.111639
113300	-0.020602
113350	0.050975
113400	-0.018867
113450	-0.159154
113500	-0.041759
113550	-0.072298
113600	0.136315
113650	-0.168421
113700	-0.156133
113750	-0.159707
113800	-0.244087
113850	0.090286
113900	0.148068
113950	0.042292
114000	0.077621
114050	-0.066917
114100	0.254597
114150	0.158801
114200	0.155592
114250	0.242670
114300	0.121515
114350	-0.039605
114400	0.025224
114450	-0.110717
114500	0.032431
114550	0.115068
114600	0.187467
114650	-0.002456
114700	0.086885
114750	0.070462
114800	-0.096646
114850	-0.139582
114900	-0.223255
114950	-0.003563
115000	0.001691
115050	0.102674
115100	-0.121345
115150	-0.102459
115200	-0.093371
115250	-0.022608
115300	0.128615
115350	0.170896
115400	-0.076732
115450	0.074755
115500	0.040524
115550	0.040188
115600	0.077434
115650	0.096402
115700	0.068845
115750	-0.258722
115800	0.032084
115850	-0.212583
115900	0.252947
115950	0.059368
116000	0.055970
116050	0.038864
116100	0.005426
116150	0.036916
116200	0.079447
116250	0.384783
116300	-0.015928
116350	0.241538
116400	0.092038
116450	0.072157
116500	0.145901
116550	0.302421
116600	-0.004917
116650	-0.033487
116700	-0.095374
116750	0.078866
116800	-0.127772
116850	0.047848
116900	0.009785
116950	-0.031897
117000	-0.023167
117050	-0.039351
117100	0.076402
117150	-0.226304
117200	0.044663
117250	0.067188
117300	0.361836
117350	0.043511
117400	0.016674
117450	-0.116619
117500	0.064714
117550	-0.027078
117600	0.062605
117650	0.034683
117700	0.158123
117750	0.144546
117800	0.297796
117850	0.072138
117900	-0.029313
117950	0.060205
118000	-0.072448
118050	-0.050820
118100	0.078290
118150	0.150430
118200	0.043253
118250	-0.020871
118300	0.035462
118350	0.012750
118400	-0.029645
118450	-0.025878
118500	-0.199343
118550	-0.347489
118600	0.061452
118650	-0.151326
118700	-0.036291
118750	-0.028432
118800	-0.077777
118850	-0.031583
118900	-0.109769
118950	0.136115
119000	0.195960
119050	0.136081
119100	0.142912
119150	0.063560
119200	0.022658
119250	0.017974
119300	0.121531
119350	0.031447
119400	0.002124
119450	0.087414
119500	-0.213512
119550	-0.162150
119600	-0.073258
119650	0.161436
119700	-0.175776
119750	0.015742
119800	0.141870
119850	0.044720
119900	-0.040540
119950	-0.169763
120000	-0.095550
120050	-0.130111
120100	-0.201869
120150	-0.090958
120200	0.090937
120250	0.089473
120300	0.072419
120350	0.225533
120400	0.103943
120450	0.108445
120500	-0.065265
120550	0.064264
120600	-0.009915
120650	0.105870
120700	0.039685
120750	0.073097
120800	-0.053200
120850	-0.029472
120900	0.237996
120950	0.194196
121000	0.075157
121050	-0.065448
121100	0.055806
121150	0.011513
121200	-0.040918
121250	-0.034135
121300	0.021113
121350	0.143805
121400	-0.015294
121450	0.067534
121500	0.048130
121550	0.041689
121600	0.129239
121650	-0.198644
121700	0.010449
121750	0.029443
121800	-0.270908
121850	-0.186987
121900	0.053153
121950	-0.254840
122000	-0.019921
122050	-0.322915
122100	0.023548
122150	0.004844
122200	0.168823
122250	0.088246
122300	0.002519
122350	0.068797
122400	0.043170
122450	0.258512
122500	0.207206
122550	0.096452
122600	-0.061980
122650	0.154217
122700	0.071766
122750	0.030020
122800	0.087135
122850	-0.001952
122900	0.037290
122950	0.028665
123000	-0.167762
123050	0.135448
123100	0.140752
123150	0.013619
123200	-0.030651
123250	0.092700
123300	0.232013
123350	-0.317833
123400	-0.211520
123450	0.063555
123500	-0.063838
123550	0.221048
123600	0.179708
123650	0.206741
123700	0.029619
123750	-0.114971
123800	0.222857
123850	-0.094825
123900	-0.038601
123950	-0.027742
124000	0.016269
124050	0.130443
124100	-0.088026
124150	-0.005750
124200	0.274612
124250	-0.176063
124300	-0.084626
124350	-0.095293
124400	-0.182710
124450	-0.086416
124500	-0.092270
124550	0.028900
124600	0.002071
124650	0.102235
124700	-0.028867
124750	-0.023633
124800	0.055794
124850	-0.008527
124900	0.116708
124950	-0.020774
125000	-0.123408
125050	-0.264505
125100	-0.054499
125150	0.097046
125200	0.121992
125250	-0.235061
125300	-0.112283
125350	-0.179562
125400	-0.267479
125450	0.018947
125500	-0.093459
125550	0.023730
125600	0.149521
125650	0.183351
125700	0.299299
125750	0.111751
125800	-0.096997
125850	-0.274451
125900	-0.006802
125950	-0.184030
126000	-0.111037
126050	-0.004674
126100	-0.088234
126150	0.015251
126200	-0.108268
126250	0.070041
126300	0.127636
126350	0.081782
126400	0.067643
126450	-0.005553
126500	0.009046
126550	0.036471
126600	0.206118
126650	-0.157687
126700	0.051665
126750	0.056069
126800	0.274697
126850	0.042745
126900	0.076941
126950	-0.125975
127000	-0.021559
127050	0.059018
127100	-0.032288
127150	0.180924
127200	-0.216636
127250	-0.290926
127300	0.093308
127350	0.160165
127400	-0.056928
127450	-0.087998
127500	-0.092284
127550	0.220428
127600	0.034671
127650	0.085235
127700	0.106691
127750	-0.115825
127800	0.129321
127850	-0.058105
127900	0.034990
127950	-0.076544
128000	-0.010065
128050	-0.085890
128100	0.077096
128150	-0.169719
128200	-0.063166
128250	-0.107966
128300	-0.119676
128350	-0.133507
128400	-0.209772
128450	0.117327
128500	-0.194482
128550	0.145033
128600	0.132967
128650	0.000244
128700	0.023798
128750	-0.002249
128800	0.157243
128850	0.000419
128900	0.074697
128950	0.074867
129000	0.078924
129050	0.119827
129100	0.135187
129150	-0.016445
129200	0.160648
129250	0.073914
129300	0.176487
129350	-0.031375
129400	0.020026
129450	0.153080
129500	-0.018995
129550	-0.034513
129600	-0.081785
129650	0.051155
129700	0.189775
129750	0.093011
129800	0.070409
129850	-0.072273
129900	0.201342
129950	-0.088551
130000	-0.083804
130050	0.103970
130100	-0.025630
130150	0.093411
130200	-0.084099
130250	-0.057897
130300	0.132565
130350	0.112561
130400	-0.054095
130450	0.190831
130500	0.331461
130550	-0.158622
130600	0.011290
130650	-0.184088
130700	-0.004032
130750	0.097932
130800	-0.040539
130850	0.112643
130900	0.123127
130950	0.045900
131000	-0.265355
131050	0.185685
131100	0.013493
131150	-0.103507
131200	0.016064
131250	-0.020141
131300	0.212452
131350	-0.073278
131400	0.145837
131450	-0.313360
131500	-0.011410
131550	-0.021932
131600	0.022998
131650	0.195107
131700	-0.280812
131750	0.039914
131800	-0.126039
131850	0.144011
131900	0.198431
131950	0.070596
132000	0.089120
132050	-0.053661
132100	0.050478
132150	0.115188
132200	0.034431
132250	0.173312
132300	-0.108354
132350	0.216701
132400	-0.004073
132450	0.171349
132500	-0.115218
132550	0.062022
132600	-0.053456
132650	0.042041
132700	0.093552
132750	0.240714
132800	0.176623
132850	0.258089
132900	0.098718
132950	-0.019048
133000	0.015287
133050	0.074102
133100	-0.057164
133150	0.047636
133200	-0.034392
133250	-0.003772
133300	-0.003469
133350	-0.067522
133400	-0.112851
133450	-0.138768
133500	-0.189993
133550	-0.200482
133600	-0.058236
133650	-0.051857
133700	-0.024710
133750	-0.047716
133800	0.046753
133850	-0.036251
133900	-0.112086
133950	0.028368
134000	0.055199
134050	-0.058201
134100	-0.013380
134150	0.157687
134200	0.160805
134250	0.251160
134300	0.028768
134350	0.295857
134400	0.122744
134450	0.087195
134500	0.240862
134550	0.285575
134600	0.022436
134650	-0.233192
134700	0.139263
134750	0.059560
134800	0.131625
134850	-0.060483
134900	-0.179077
134950	-0.110742
135000	0.162916
135050	-0.143912
135100	-0.125240
135150	-0.080309
135200	-0.132846
135250	-0.089157
135300	-0.186579
135350	0.009386
135400	-0.158610
135450	-0.072932
135500	-0.047871
135550	-0.187914
135600	-0.089915
135650	-0.326361
135700	-0.436668
135750	-0.275305
135800	-0.281807
135850	-0.014298
135900	-0.174469
135950	0.106191
136000	0.077867
136050	-0.108065
136100	-0.059435
136150	0.054720
136200	0.121842
136250	-0.192321
136300	0.092668
136350	0.275616
136400	0.086932
136450	-0.176714
136500	0.023487
136550	-0.106193
136600	0.020203
136650	-0.008555
136700	0.114060
136750	0.322908
136800	-0.136227
136850	-0.081126
136900	-0.060174
136950	0.070419
137000	-0.024929
137050	0.039937
137100	0.091119
137150	0.090765
137200	-0.097436
137250	-0.048187
137300	0.141050
137350	0.077991
137400	0.086543
137450	0.215815
137500	0.053581
137550	0.111641
137600	0.042562
137650	0.015936
137700	-0.024884
137750	0.077814
137800	0.062343
137850	-0.247689
137900	0.279489
137950	0.136488
138000	-0.179163
138050	0.233868
138100	0.016999
138150	-0.089829
138200	0.050870
138250	0.093831
138300	0.055489
138350	-0.034746
138400	0.008793
138450	0.120262
138500	0.079129
138550	0.042504
138600	0.002597
138650	-0.067060
138700	-0.114301
138750	0.000509
138800	-0.153050
138850	0.265714
138900	0.200432
138950	-0.020105
139000	0.072729
139050	0.018942
139100	-0.136985
139150	-0.154544
139200	-0.131191
139250	-0.028231
139300	0.122265
139350	0.074603
139400	0.054790
139450	0.091108
139500	0.119888
139550	-0.033732
139600	0.086739
139650	-0.158982
139700	0.003774
139750	-0.042196
139800	0.022272
139850	-0.002849
139900	0.113723
139950	0.048512
140000	0.192565
140050	0.019611
140100	-0.018186
140150	0.155913
140200	0.130890
140250	-0.212844
140300	-0.082252
140350	-0.134852
140400	0.043931
140450	-0.005577
140500	0.086395
140550	0.228005
140600	0.128303
140650	0.035440
140700	0.099112
140750	0.025083
140800	0.148209
140850	-0.164827
140900	0.102150
140950	0.014548
141000	-0.276557
141050	0.093411
141100	0.041489
141150	0.085734
141200	0.128285
141250	0.077665
141300	0.120571
141350	-0.062309
141400	0.022453
141450	0.001229
141500	-0.050126
141550	0.125867
141600	0.092388
141650	0.208234
141700	0.104918
141750	0.050753
141800	0.030000
141850	-0.055545
141900	-0.105028
141950	-0.118271
142000	0.118598
142050	0.120431
142100	-0.117009
142150	-0.033517
142200	0.081382
142250	-0.080016
142300	-0.113395
142350	-0.178755
142400	0.004205
142450	0.022076
142500	0.135304
142550	0.020597
142600	0.149707
142650	-0.010301
142700	0.084715
142750	0.100023
142800	0.056354
142850	-0.074362
142900	-0.123428
142950	0.079499
143000	-0.056225
143050	0.163407
143100	-0.142954
143150	0.114173
143200	0.038878
143250	0.121903
143300	-0.053935
143350	0.045829
143400	0.152537
143450	0.015098
143500	-0.103504
143550	-0.039260
143600	-0.028180
143650	-0.000835
143700	-0.051071
143750	0.192730
143800	0.149867
143850	-0.038182
143900	-0.198986
143950	0.056744
144000	0.144754
144050	0.074878
144100	0.027710
144150	0.003630
144200	-0.009803
144250	-0.146034
144300	-0.006911
144350	0.015325
144400	0.032671
144450	-0.092573
144500	-0.235669
144550	0.250851
144600	-0.083239
144650	-0.101074
144700	-0.164984
144750	-0.078593
144800	-0.055614
144850	0.084596
144900	0.045486
144950	0.344062
145000	0.089257
145050	-0.076899
145100	-0.090654
145150	-0.006486
145200	-0.066517
145250	0.123319
145300	0.244715
145350	0.062999
145400	-0.078522
145450	-0.062354
145500	0.025442
145550	0.048271
145600	-0.120042
145650	0.046521
145700	0.136794
145750	0.144874
145800	-0.074107
145850	0.026534
145900	0.012543
145950	0.172556
146000	0.288854
146050	0.097815
146100	0.107657
146150	0.050995
146200	0.143721
146250	-0.206710
146300	0.044082
146350	0.029255
146400	0.049432
146450	0.130952
146500	0.092040
146550	-0.043947
146600	-0.018631
146650	0.100494
146700	-0.278981
146750	-0.144669
146800	-0.175917
146850	0.041086
146900	-0.088434
146950	0.107442
147000	-0.027842
147050	0.047991
147100	-0.277321
147150	-0.105130
147200	-0.022654
147250	0.195592
147300	-0.068347
147350	0.105779
147400	-0.048766
147450	0.149968
147500	0.068872
147550	-0.121464
147600	0.113884
147650	0.046034
147700	0.032517
147750	-0.194304
147800	0.148983
147850	0.004260
147900	0.200087
147950	0.352404
148000	0.003777
148050	0.035971
148100	-0.182643
148150	0.095033
148200	-0.182901
148250	0.014637
148300	0.078700
148350	-0.141862
148400	0.108810
148450	-0.021878
148500	-0.015403
148550	-0.003149
148600	0.216519
148650	0.028421
148700	-0.108491
148750	-0.278105
148800	0.163662
148850	0.033929
148900	-0.094986
148950	-0.159085
149000	-0.075945
149050	0.010085
149100	0.052649
149150	0.058390
149200	-0.207970
149250	-0.131815
149300	0.145708
149350	0.112013
149400	-0.131440
149450	-0.048351
149500	-0.055021
149550	0.084098
149600	0.204954
149650	0.039543
149700	0.066685
149750	0.041100
149800	-0.051040
149850	-0.050210
149900	-0.113009
149950	-0.111743
150000	-0.238412
150050	0.188190
150100	-0.024694
150150	-0.066726
150200	-0.178877
150250	0.188098
150300	0.113093
150350	0.074360
150400	0.033093
150450	0.266247
150500	-0.155341
150550	0.176149
150600	-0.039340
150650	0.079590
150700	-0.055390
150750	0.090480
150800	0.072529
150850	-0.202664
150900	0.066972
150950	0.141040
151000	0.104178
151050	0.275214
151100	0.160220
151150	0.029349
151200	0.175179
151250	0.132160
151300	0.033129
151350	-0.014230
151400	-0.003495
151450	0.153604
151500	0.020040
151550	-0.017658
151600	-0.079336
151650	-0.147035
151700	-0.000077
151750	-0.139439
151800	-0.116691
151850	0.167259
151900	0.026126
151950	-0.033936
152000	0.043972
152050	0.133218
152100	-0.146611
152150	0.000255
152200	0.143748
152250	-0.000281
152300	-0.138807
152350	0.039214
152400	0.009955
152450	0.018849
152500	0.122768
152550	-0.005760
152600	-0.032330
152650	-0.021804
152700	-0.088857
152750	0.132032
152800	0.113270
152850	0.295396
152900	0.115880
152950	-0.166403
153000	0.161909
153050	0.158778
153100	-0.160135
153150	-0.062015
153200	0.037527
153250	0.099447
153300	-0.046628
153350	-0.069458
153400	0.077735
153450	0.045622
153500	0.027317
153550	-0.060365
153600	0.103848
153650	-0.123635
153700	-0.147709
153750	-0.055742
153800	0.011673
153850	-0.060663
153900	0.103556
153950	-0.023975
154000	0.163712
154050	-0.001429
154100	-0.082498
154150	0.106224
154200	-0.113344
154250	0.077500
154300	0.031576
154350	0.001079
154400	-0.086065
154450	-0.297629
154500	-0.052083
154550	0.074214
154600	-0.112998
154650	-0.037204
154700	0.041653
154750	0.223398
154800	0.062434
154850	0.108963
154900	0.047713
154950	0.291505
155000	0.009038
155050	0.225469
155100	0.157416
155150	0.068607
155200	-0.107661
155250	-0.178883
155300	-0.093511
155350	0.091844
155400	-0.074763
155450	-0.184102
155500	-0.267337
155550	0.248968
155600	0.020197
155650	0.026306
155700	-0.153070
155750	0.041447
155800	-0.030706
155850	-0.187834
155900	0.067784
155950	0.147190
156000	-0.154807
156050	0.035461
156100	0.019543
156150	-0.158331
156200	0.374549
156250	0.236066
156300	0.022148
156350	0.021660
156400	-0.035428
156450	-0.091569
156500	0.096654
156550	0.131887
156600	-0.089757
156650	-0.024062
156700	-0.050071
156750	0.092715
156800	0.066263
156850	0.041809
156900	-0.135581
156950	-0.121098
157000	-0.127453
157050	0.198786
157100	-0.057940
157150	-0.135396
157200	0.010608
157250	0.062990
157300	-0.123600
157350	-0.014718
157400	-0.170016
157450	0.030771
157500	-0.059719
157550	0.121722
157600	0.117839
157650	-0.165251
157700	-0.202162
157750	-0.001653
157800	-0.170511
157850	-0.185696
157900	-0.021909
157950	0.049039
158000	0.005204
158050	-0.009924
158100	-0.002454
158150	0.054127
158200	-0.046930
158250	-0.018315
158300	0.110969
158350	-0.069680
158400	-0.144308
158450	-0.195124
158500	0.051839
158550	-0.049930
158600	-0.073917
158650	-0.044373
158700	0.141970
158750	-0.028931
158800	-0.013544
158850	0.241863
158900	-0.189098
158950	0.011986
159000	-0.064861
159050	0.078011
159100	-0.037933
159150	0.109995
159200	0.197284
159250	0.167094
159300	-0.073872
159350	0.002597
159400	-0.020669
159450	-0.056868
159500	0.118963
159550	0.026688
159600	-0.020620
159650	-0.089223
159700	-0.333516
159750	-0.113811
159800	0.152045
159850	0.004340
159900	-0.121826
159950	-0.065213
160000	0.076850
160050	0.042452
160100	0.119725
160150	-0.002239
160200	0.158474
160250	0.076810
160300	0.076049
160350	-0.125658
160400	-0.139707
160450	0.132959
160500	-0.059726
160550	-0.127539
160600	-0.062079
160650	-0.337971
160700	0.211809
160750	0.111653
160800	-0.173692
160850	-0.036091
160900	-0.045262
160950	0.167211
161000	-0.016263
161050	-0.097783
161100	-0.058041
161150	0.048736
161200	0.003899
161250	0.032130
161300	0.057477
161350	0.135733
161400	0.057522
161450	-0.019530
161500	-0.097520
161550	0.024242
161600	-0.275683
161650	0.000909
161700	0.203961
161750	0.013808
161800	0.183947
161850	-0.097000
161900	0.016559
161950	0.092969
162000	-0.006611
162050	0.113901
162100	-0.034411
162150	0.097068
162200	0.140550
162250	-0.054514
162300	0.036241
162350	0.137397
162400	0.076848
162450	0.223192
162500	-0.138743
162550	-0.009891
162600	-0.041048
162650	0.082368
162700	-0.008470
162750	-0.131443
162800	0.195199
162850	-0.166051
162900	0.095408
162950	0.082518
163000	0.073388
163050	-0.061254
163100	-0.134556
163150	-0.082193
163200	-0.168723
163250	-0.121835
163300	-0.058592
163350	-0.280785
163400	-0.255638
163450	-0.472167
163500	-0.178852
163550	0.140085
163600	-0.094161
163650	0.068656
163700	0.107256
163750	-0.047637
163800	-0.109297
163850	-0.009184
163900	-0.077306
163950	0.084958
164000	0.111796
164050	0.049504
164100	0.106011
164150	-0.081006
164200	-0.033507
164250	-0.024562
164300	-0.024096
164350	-0.138932
164400	0.168542
164450	-0.039296
164500	0.139005
164550	-0.058322
164600	0.103337
164650	0.000891
164700	-0.116485
164750	-0.072678
164800	0.087306
164850	0.015229
164900	0.119797
164950	-0.113679
165000	0.151287
165050	-0.006260
165100	0.053255
165150	0.106599
165200	-0.173860
165250	-0.181195
165300	-0.009686
165350	0.059119
165400	0.028683
165450	0.114787
165500	-0.164816
165550	0.117735
165600	-0.315668
165650	-0.110332
165700	-0.084127
165750	-0.001472
165800	-0.230028
165850	-0.027408
165900	-0.034426
165950	0.022410
166000	-0.095069
166050	-0.044310
166100	0.111857
166150	0.046528
166200	0.185194
166250	0.040609
166300	0.053353
166350	-0.002777
166400	-0.155952
166450	0.169939
166500	0.058593
166550	0.063226
166600	0.164591
166650	0.007513
166700	-0.016494
166750	-0.042414
166800	-0.072943
166850	-0.107555
166900	0.009147
166950	-0.046906
167000	-0.142193
167050	0.118456
167100	0.009906
167150	0.066684
167200	-0.147730
167250	0.199883
167300	-0.036163
167350	0.073082
167400	-0.085118
167450	0.152893
167500	-0.094285
167550	-0.090888
167600	-0.042558
167650	0.017352
167700	-0.059720
167750	0.009515
167800	-0.218618
167850	0.010446
167900	0.240762
167950	0.211509
168000	0.176168
168050	0.070507
168100	0.045616
168150	0.128762
168200	-0.287020
168250	-0.125090
168300	-0.050925
168350	0.094054
168400	0.062956
168450	-0.030693
168500	0.154454
168550	0.230541
168600	-0.065813
168650	0.204982
168700	0.193819
168750	-0.005642
168800	-0.041085
168850	0.152331
168900	0.151084
168950	0.002613
169000	-0.246552
169050	-0.141293
169100	-0.285016
169150	-0.092145
169200	0.116677
169250	0.190422
169300	0.233405
169350	-0.004636
169400	-0.192081
169450	0.131027
169500	0.117337
169550	0.102844
169600	0.105908
169650	0.002086
169700	0.239733
169750	0.201241
169800	0.000844
169850	0.023806
169900	0.093441
169950	-0.028433
170000	-0.084408
170050	0.091422
170100	0.102489
170150	0.021567
170200	0.081743
170250	-0.049784
170300	0.111396
170350	-0.034194
170400	-0.050965
170450	0.054525
170500	0.247823
170550	-0.159907
170600	0.139181
170650	0.114452
170700	-0.054893
170750	0.122218
170800	0.152344
170850	0.093352
170900	-0.010637
170950	-0.002152
171000	0.080011
171050	-0.160847
171100	-0.020243
171150	0.126467
171200	-0.037642
171250	0.171875
171300	0.145225
171350	0.077523
171400	-0.054973
171450	0.065411
171500	0.053629
171550	-0.015825
171600	-0.024761
171650	0.178644
171700	-0.018645
171750	0.099910
171800	-0.017431
171850	0.187359
171900	-0.100898
171950	0.039529
172000	-0.094597
172050	-0.018929
172100	0.117049
172150	0.077583
172200	-0.038530
172250	0.089704
172300	-0.019854
172350	-0.193632
172400	0.179371
172450	0.116707
172500	0.138345
172550	0.206560
172600	0.100166
172650	-0.014530
172700	0.295326
172750	0.148073
172800	-0.087832
172850	-0.001898
172900	-0.176277
172950	-0.032474
173000	-0.152031
173050	-0.178746
173100	-0.049538
173150	0.076505
173200	-0.197301
173250	0.130797
173300	0.149347
173350	-0.069393
173400	-0.005633
173450	-0.082363
173500	0.016267
173550	-0.004732
173600	0.027289
173650	-0.177477
173700	0.055394
173750	0.189585
173800	0.008753
173850	-0.241269
173900	-0.175040
173950	-0.033210
174000	-0.117070
174050	-0.230407
174100	0.089367
174150	-0.060993
174200	0.174718
174250	0.233182
174300	0.066349
174350	-0.144182
174400	-0.084550
174450	-0.134998
174500	-0.112123
174550	-0.021661
174600	-0.046621
174650	0.176083
174700	-0.034381
174750	0.085976
174800	0.185375
174850	-0.091694
174900	-0.193083
174950	0.062465
175000	0.025141
175050	-0.074092
175100	-0.065439
175150	-0.019092
175200	0.074950
175250	0.023777
175300	-0.016160
175350	-0.146006
175400	-0.255220
175450	-0.259836
175500	-0.013124
175550	-0.135763
175600	-0.088291
175650	0.121461
175700	-0.217713
175750	-0.192585
175800	-0.086749
175850	-0.306659
175900	0.296443
175950	-0.053229
176000	0.195200
176050	0.061699
176100	0.127021
176150	0.005316
176200	-0.180685
176250	-0.022884
176300	0.281744
176350	-0.072393
176400	0.081726
176450	-0.009550
176500	0.030396
176550	-0.036098
176600	-0.190154
176650	0.099115
176700	0.064060
176750	0.005920
176800	-0.159275
176850	-0.084696
176900	0.024260
176950	0.180219
177000	-0.140343
177050	0.037060
177100	0.078139
177150	-0.106041
177200	-0.058537
177250	-0.050718
177300	0.045622
177350	-0.085597
177400	0.067357
177450	-0.269078
177500	0.254634
177550	-0.209840
177600	-0.092208
177650	-0.052563
177700	-0.177525
177750	-0.216913
177800	0.050892
177850	-0.005592
177900	0.028602
177950	-0.114827
178000	-0.048777
178050	0.052235
178100	-0.049358
178150	0.057163
178200	0.068962
178250	-0.116257
178300	0.036626
178350	-0.095325
178400	-0.228256
178450	-0.173833
178500	0.072669
178550	0.144887
178600	0.288467
178650	-0.015659
178700	0.075131
178750	0.120311
178800	0.035029
178850	0.044089
178900	0.045656
178950	0.076093
179000	0.126315
179050	-0.014692
179100	-0.001003
179150	-0.064831
179200	0.079780
179250	0.088637
179300	-0.035489
179350	-0.165408
179400	-0.052777
179450	-0.189415
179500	0.000211
179550	-0.021138
179600	0.084120
179650	0.034540
179700	0.200105
179750	-0.023773
179800	-0.097060
179850	0.017057
179900	0.002316
179950	0.072841
180000	-0.044070
180050	-0.217391
180100	0.002359
180150	-0.008423
180200	-0.202703
180250	-0.062599
180300	-0.043541
180350	0.161125
180400	0.245554
180450	0.045547
180500	0.057462
180550	-0.074998
180600	0.164474
180650	-0.081857
180700	0.163372
180750	0.145783
180800	-0.042713
180850	-0.121107
180900	0.053496
180950	-0.220501
181000	-0.084739
181050	-0.008677
181100	0.236326
181150	0.115078
181200	-0.094350
181250	-0.032772
181300	0.143421
181350	-0.069426
181400	-0.073325
181450	-0.064324
181500	-0.127626
181550	-0.092334
181600	-0.104899
181650	-0.091835
181700	-0.050053
181750	-0.133001
181800	-0.176929
181850	-0.126052
181900	-0.132907
181950	0.033813
182000	-0.092686
182050	0.039532
182100	-0.197531
182150	-0.102991
182200	-0.022851
182250	-0.029929
182300	-0.145542
182350	-0.325265
182400	-0.153782
182450	-0.220854
182500	0.054473
182550	-0.081738
182600	0.042504
182650	-0.025200
182700	0.040927
182750	-0.352359
182800	-0.141092
182850	-0.323775
182900	-0.100537
182950	-0.152104
183000	-0.166130
183050	-0.024819
183100	-0.043440
183150	0.032800
183200	-0.105620
183250	0.017353
183300	-0.089285
183350	0.059903
183400	-0.001464
183450	0.072699
183500	-0.106611
183550	-0.104219
183600	0.056043
183650	-0.004351
183700	0.174843
183750	0.252034
183800	-0.096391
183850	0.007622
183900	-0.033424
183950	-0.167963
184000	0.101853
184050	-0.004548
184100	0.200468
184150	0.124933
184200	0.051126
184250	-0.072755
184300	-0.075768
184350	-0.095954
184400	-0.137182
184450	-0.011684
184500	-0.123534
184550	-0.103842
184600	-0.034114
184650	0.106140
184700	0.041254
184750	0.061321
184800	-0.051415
184850	-0.139970
184900	-0.076935
184950	0.082877
185000	0.122050
185050	0.064144
185100	-0.052620
185150	0.111576
185200	-0.010280
185250	-0.070380
185300	0.156960
185350	0.120060
185400	0.053913
185450	0.113854
185500	0.103037
185550	0.098629
185600	0.128872
185650	-0.108990
185700	0.041617
185750	0.032738
185800	-0.027591
185850	0.063196
185900	0.099066
185950	0.213492
186000	0.209192
186050	0.151645
186100	0.097081
186150	0.204176
186200	-0.243153
186250	-0.373968
186300	-0.116498
186350	-0.048396
186400	0.087626
186450	0.080185
186500	0.101200
186550	0.037521
186600	0.042942
186650	0.320096
186700	0.160479
186750	-0.107716
186800	-0.064192
186850	-0.038263
186900	0.041655
186950	-0.150367
187000	-0.165618
187050	0.016593
187100	0.086858
187150	-0.033335
187200	-0.005403
187250	-0.006286
187300	-0.064705
187350	0.077546
187400	-0.042843
187450	-0.058224
187500	0.068257
187550	-0.029863
187600	-0.111039
187650	-0.063166
187700	0.160059
187750	-0.039989
187800	0.000287
187850	0.151303
187900	0.052671
187950	-0.079862
188000	-0.023999
188050	0.028574
188100	0.170719
188150	0.191552
188200	-0.081992
188250	-0.111489
188300	-0.080042
188350	0.131306
188400	0.088427
188450	0.026604
188500	-0.102905
188550	-0.242034
188600	-0.257631
188650	-0.168215
188700	0.085580
188750	0.017264
188800	-0.114874
188850	0.113229
188900	0.171438
188950	-0.047569
189000	0.156869
189050	0.047582
189100	0.038476
189150	-0.045541
189200	-0.037984
189250	0.193786
189300	0.131616
189350	-0.054772
189400	0.093111
189450	-0.039522
189500	-0.017582
189550	0.008231
189600	0.024307
189650	-0.020504
189700	0.000108
189750	-0.011148
189800	-0.123496
189850	-0.139502
189900	-0.124638
189950	0.344985
190000	0.061724
190050	-0.062724
190100	0.162059
190150	-0.287523
190200	0.018437
190250	0.261511
190300	0.116681
190350	0.086249
190400	-0.056866
190450	-0.068234
190500	-0.004994
190550	-0.056665
190600	0.162059
190650	-0.089277
190700	-0.166060
190750	0.062961
190800	0.127573
190850	-0.047989
190900	0.085180
190950	0.124214
191000	-0.039955
191050	0.070440
191100	-0.041027
191150	0.037016
191200	0.098561
191250	0.168237
191300	-0.125173
191350	-0.248965
191400	-0.143917
191450	0.066453
191500	-0.157643
191550	-0.122190
191600	0.134439
191650	0.055949
191700	0.019033
191750	-0.089604
191800	-0.299652
191850	-0.084951
191900	-0.089177
191950	-0.008144
192000	-0.105066
192050	0.031559
192100	-0.088248
192150	0.103625
192200	-0.108404
192250	-0.286420
192300	-0.293230
192350	-0.032386
192400	-0.027271
192450	-0.104294
192500	-0.201500
192550	0.057031
192600	0.028785
192650	-0.222097
192700	-0.245610
192750	-0.209943
192800	0.004911
192850	0.059703
192900	0.054200
192950	-0.076384
193000	-0.016605
193050	0.013555
193100	0.060297
193150	0.233010
193200	0.185409
193250	-0.095037
193300	0.118747
193350	-0.200576
193400	-0.192646
193450	-0.044717
193500	-0.028933
193550	-0.166548
193600	-0.057964
193650	0.118018
193700	0.161394
193750	0.187376
193800	0.025269
193850	0.007102
193900	-0.030524
193950	-0.303320
194000	-0.267950
194050	-0.038908
194100	-0.048824
194150	0.002357
194200	-0.018953
194250	-0.161994
194300	0.160293
194350	0.016788
194400	0.202203
194450	0.124745
194500	0.118923
194550	0.062114
194600	0.013359
194650	0.023548
194700	-0.062639
194750	0.261761
194800	0.031999
194850	0.021939
194900	-0.140281
194950	0.071921
195000	0.173094
195050	0.089097
195100	0.235413
195150	-0.054731
195200	0.018442
195250	-0.169780
195300	-0.108965
195350	-0.071722
195400	0.234891
195450	0.289838
195500	-0.109911
195550	-0.011684
195600	0.008115
195650	-0.029224
195700	-0.182621
195750	0.091000
195800	0.084035
195850	-0.079366
195900	0.129857
195950	0.091750
196000	-0.118169
196050	-0.059432
196100	-0.185106
196150	-0.174990
196200	0.050682
196250	-0.020716
196300	-0.114567
196350	-0.040053
196400	0.015204
196450	-0.115331
196500	-0.069542
196550	-0.170907
196600	0.048981
196650	0.245490
196700	0.271951
196750	0.142615
196800	0.013948
196850	-0.196092
196900	-0.171900
196950	-0.172381
197000	0.092165
197050	-0.081657
197100	-0.022189
197150	0.129874
197200	-0.032846
197250	-0.363954
197300	-0.025336
197350	0.074819
197400	-0.157199
197450	-0.022266
197500	-0.091083
197550	-0.093875
197600	0.036394
197650	-0.201018
197700	-0.223436
197750	-0.168303
197800	-0.060225
197850	-0.037895
197900	0.077068
197950	-0.081236
198000	0.033605
198050	0.026604
198100	0.265751
198150	0.114562
198200	-0.056569
198250	-0.277745
198300	0.042620
198350	-0.059661
198400	0.055345
198450	-0.110878
198500	0.093961
198550	0.094427
198600	-0.015534
198650	0.057630
198700	-0.221925
198750	0.118324
198800	-0.012911
198850	0.048315
198900	0.011107
198950	0.051652
199000	-0.097802
199050	0.010635
199100	-0.080532
199150	0.000382
199200	0.104105
199250	0.041846
199300	0.222414
199350	0.284857
199400	-0.034659
199450	-0.008458
199500	-0.008424
199550	0.105891
199600	0.220850
199650	0.061784
199700	0.105353
199750	0.140211
199800	-0.113114
199850	0.129208
199900	0.083992
199950	0.034121
