0	38.353829
50	2.017795
100	0.573116
150	0.374945
200	0.297378
250	0.279471
300	0.118303
350	0.070787
400	0.250641
450	0.108753
500	0.139014
550	0.250892
600	0.238143
650	-0.019340
700	0.024210
750	0.096491
800	0.067067
850	0.076792
900	0.082187
950	0.238071
1000	0.077290
1050	0.208625
1100	0.169134
1150	0.210001
1200	0.342875
1250	0.173101
1300	-0.083232
1350	0.027806
1400	0.097167
1450	-0.085249
1500	0.116857
1550	0.044909
1600	0.124299
1650	-0.024825
1700	-0.055779
1750	0.080801
1800	-0.058547
1850	-0.163496
1900	0.073597
1950	0.053718
2000	-0.023379
2050	0.038473
2100	0.102744
2150	0.268104
2200	0.123908
2250	-0.000438
2300	0.030378
2350	0.041135
2400	-0.000078
2450	0.083509
2500	0.002284
2550	-0.112385
2600	-0.020131
2650	-0.108204
2700	0.063545
2750	0.094940
2800	0.089942
2850	-0.087545
2900	0.185941
2950	-0.006566
3000	0.082721
3050	0.062007
3100	0.079290
3150	0.059644
3200	0.081730
3250	0.031669
3300	0.033806
3350	0.202344
3400	0.092066
3450	0.121248
3500	0.016817
3550	0.213309
3600	-0.110886
3650	0.120503
3700	0.280867
3750	0.159314
3800	-0.158311
3850	-0.044292
3900	0.081648
3950	-0.003066
4000	0.040992
4050	0.217968
4100	0.063833
4150	0.010693
4200	-0.161739
4250	-0.017122
4300	-0.093956
4350	0.059307
4400	-0.107082
4450	0.058394
4500	-0.103837
4550	-0.094243
4600	-0.038618
4650	0.108303
4700	0.286059
4750	0.123324
4800	0.039665
4850	-0.060678
4900	-0.101538
4950	0.088872
5000	-0.057783
5050	0.195988
5100	0.129104
5150	0.067797
5200	0.017202
5250	-0.082204
5300	0.031332
5350	-0.058804
5400	0.332466
5450	0.128728
5500	0.190039
5550	0.169888
5600	0.029138
5650	0.011424
5700	-0.043517
5750	-0.016757
5800	0.010781
5850	0.122155
5900	0.196131
5950	0.232955
6000	-0.027894
6050	0.090823
6100	-0.106192
6150	0.046068
6200	-0.109228
6250	-0.105141
6300	0.050387
6350	0.174068
6400	-0.036641
6450	0.196240
6500	0.118529
6550	0.102566
6600	0.121079
6650	-0.010812
6700	0.146739
6750	0.035496
6800	0.132571
6850	0.074633
6900	0.036488
6950	0.009640
7000	-0.110081
7050	0.126590
7100	0.074755
7150	-0.028863
7200	-0.102858
7250	-0.154227
7300	0.022955
7350	0.247302
7400	0.099807
7450	-0.051556
7500	0.143473
7550	0.067171
7600	0.016644
7650	-0.027928
7700	0.112359
7750	0.064642
7800	0.140695
7850	-0.070093
7900	-0.077064
7950	0.008483
8000	-0.019736
8050	-0.118435
8100	-0.032244
8150	0.148499
8200	0.125253
8250	0.145684
8300	0.122100
8350	0.311582
8400	0.004731
8450	0.117253
8500	-0.072556
8550	0.000058
8600	-0.041046
8650	-0.108507
8700	0.081158
8750	0.029037
8800	-0.133708
8850	-0.051735
8900	-0.022920
8950	0.088407
9000	0.099438
9050	0.114105
9100	0.128540
9150	-0.162622
9200	0.022057
9250	0.119727
9300	-0.244658
9350	-0.015398
9400	-0.012289
9450	-0.037383
9500	0.143520
9550	-0.134714
9600	0.151300
9650	-0.034339
9700	0.027213
9750	-0.038297
9800	-0.011248
9850	0.146777
9900	-0.034267
9950	0.038443
10000	0.107278
10050	0.077797
10100	-0.051747
10150	-0.190343
10200	-0.080489
10250	0.045116
10300	0.055601
10350	-0.039879
10400	-0.090099
10450	-0.070193
10500	0.051014
10550	-0.030311
10600	0.030375
10650	-0.039375
10700	0.167784
10750	-0.095683
10800	-0.151564
10850	0.295678
10900	-0.010302
10950	-0.090939
11000	0.224364
11050	0.083208
11100	0.118005
11150	0.165584
11200	0.060851
11250	-0.120322
11300	-0.121377
11350	0.056054
11400	-0.072145
11450	0.104841
11500	0.008506
11550	0.129827
11600	-0.115349
11650	0.057805
11700	-0.069753
11750	0.107483
11800	-0.002801
11850	-0.096110
11900	-0.073343
11950	0.128596
12000	-0.056779
12050	0.105867
12100	0.088471
12150	-0.024989
12200	-0.019429
12250	0.076681
12300	-0.094140
12350	0.031059
12400	0.071174
12450	0.015160
12500	0.024032
12550	0.000895
12600	0.083681
12650	-0.021548
12700	-0.052040
12750	0.013117
12800	0.148508
12850	0.060700
12900	0.000243
12950	0.034041
13000	-0.035790
13050	-0.011016
13100	0.022884
13150	-0.034431
13200	0.106629
13250	0.102885
13300	-0.021354
13350	-0.035602
13400	0.016128
13450	-0.129879
13500	0.142141
13550	-0.113664
13600	-0.170210
13650	0.060164
13700	0.123567
13750	0.009605
13800	-0.080364
13850	0.049630
13900	0.030848
13950	-0.209578
14000	0.045261
14050	0.069279
14100	0.067419
14150	0.034488
14200	0.028064
14250	-0.151022
14300	0.003857
14350	0.083668
14400	0.169449
14450	0.283372
14500	0.057572
14550	-0.085375
14600	-0.025328
14650	-0.162321
14700	-0.185895
14750	-0.116867
14800	-0.249078
14850	-0.110806
14900	-0.145893
14950	-0.083606
15000	-0.026902
15050	-0.065044
15100	0.077274
15150	-0.086449
15200	-0.078359
15250	-0.105711
15300	-0.034357
15350	0.031585
15400	0.121836
15450	0.073452
15500	0.119983
15550	-0.043089
15600	0.120027
15650	0.109776
15700	0.084461
15750	0.227191
15800	0.065495
15850	-0.035591
15900	-0.043272
15950	0.057369
16000	0.036915
16050	0.024205
16100	-0.058920
16150	0.030174
16200	0.083424
16250	0.067460
16300	-0.185995
16350	0.033372
16400	0.072764
16450	-0.053554
16500	-0.053622
16550	0.137232
16600	-0.070404
16650	0.174725
16700	-0.009959
16750	0.010421
16800	0.105287
16850	0.128580
16900	0.047143
16950	-0.035216
17000	0.015469
17050	-0.144741
17100	-0.073395
17150	-0.105175
17200	0.073307
17250	0.141884
17300	-0.107444
17350	-0.115758
17400	-0.224678
17450	0.060685
17500	0.043043
17550	0.136533
17600	-0.053976
17650	0.073699
17700	0.027830
17750	-0.038040
17800	0.144967
17850	0.080786
17900	-0.227923
17950	-0.135045
18000	-0.107812
18050	0.052677
18100	-0.008140
18150	0.152958
18200	-0.011688
18250	0.175434
18300	0.001071
18350	-0.080921
18400	-0.037830
18450	0.015747
18500	-0.063298
18550	-0.058652
18600	0.034743
18650	-0.028322
18700	0.004437
18750	0.042776
18800	0.008663
18850	0.127260
18900	-0.006242
18950	0.123227
19000	0.184226
19050	-0.148815
19100	0.068479
19150	-0.085237
19200	-0.132032
19250	-0.066705
19300	-0.114687
19350	-0.077532
19400	-0.248936
19450	-0.051243
19500	0.080825
19550	0.080818
19600	-0.133038
19650	0.024403
19700	0.000919
19750	-0.047222
19800	-0.130860
19850	0.048763
19900	0.076151
19950	0.120681
20000	-0.043863
20050	0.098605
20100	-0.203134
20150	-0.088544
20200	-0.015555
20250	0.155900
20300	-0.080916
20350	-0.018190
20400	0.060992
20450	0.015976
20500	-0.176472
20550	0.090305
20600	0.056545
20650	0.085737
20700	0.072287
20750	-0.096873
20800	0.008942
20850	-0.038339
20900	-0.091901
20950	-0.021959
21000	0.157217
21050	-0.082836
21100	-0.143054
21150	-0.063325
21200	-0.074027
21250	-0.133475
21300	-0.110900
21350	-0.166109
21400	0.150261
21450	-0.014454
21500	-0.077017
21550	-0.026190
21600	0.021519
21650	-0.074560
21700	-0.061616
21750	-0.016164
21800	0.067589
21850	-0.192292
21900	-0.066883
21950	0.112941
22000	0.175598
22050	0.056401
22100	-0.061494
22150	0.063750
22200	-0.249064
22250	0.027147
22300	-0.231701
22350	-0.168175
22400	-0.084944
22450	-0.005706
22500	-0.076940
22550	-0.056733
22600	-0.106582
22650	0.058005
22700	-0.044374
22750	0.027273
22800	0.089775
22850	0.147552
22900	0.262346
22950	0.066344
23000	-0.080874
23050	0.100130
23100	0.162536
23150	0.113563
23200	-0.084915
23250	0.067716
23300	-0.286216
23350	-0.004942
23400	0.099347
23450	0.158204
23500	-0.119622
23550	0.053365
23600	-0.075097
23650	0.207713
23700	-0.146558
23750	0.126039
23800	-0.034553
23850	0.034034
23900	0.024611
23950	-0.062330
24000	-0.059780
24050	-0.009816
24100	-0.016855
24150	0.190021
24200	0.036145
24250	-0.016288
24300	0.094584
24350	0.181785
24400	0.096056
24450	-0.051360
24500	0.068581
24550	0.156031
24600	-0.098422
24650	-0.051454
24700	0.199191
24750	0.263659
24800	0.056348
24850	0.213861
24900	-0.055246
24950	0.121648
25000	-0.089765
25050	-0.062206
25100	-0.054696
25150	0.087447
25200	-0.050718
25250	0.096994
25300	-0.085859
25350	-0.048166
25400	0.184439
25450	-0.032724
25500	-0.082816
25550	0.072359
25600	0.016010
25650	0.062335
25700	0.022800
25750	0.297818
25800	0.045247
25850	-0.000937
25900	0.066228
25950	0.065519
26000	-0.044113
26050	-0.059899
26100	0.277150
26150	0.193924
26200	-0.036130
26250	-0.018738
26300	-0.055650
26350	-0.073431
26400	-0.058674
26450	-0.084635
26500	0.083912
26550	0.019515
26600	0.042727
26650	0.066005
26700	-0.015778
26750	0.018990
26800	-0.076804
26850	-0.038941
26900	0.145708
26950	-0.013489
27000	0.002929
27050	-0.236445
27100	-0.034064
27150	0.038335
27200	-0.005326
27250	0.080548
27300	-0.094399
27350	0.155969
27400	-0.025623
27450	-0.180582
27500	0.003706
27550	-0.098471
27600	-0.070048
27650	-0.068480
27700	0.000428
27750	0.183757
27800	0.049253
27850	-0.006169
27900	0.149240
27950	0.124053
28000	0.321512
28050	0.139243
28100	0.075069
28150	-0.126245
28200	-0.189309
28250	-0.011457
28300	0.000569
28350	0.004386
28400	0.055848
28450	-0.019744
28500	0.254672
28550	0.075053
28600	0.044283
28650	0.117271
28700	0.057827
28750	-0.173283
28800	-0.125842
28850	0.090033
28900	-0.134889
28950	0.084982
29000	0.145322
29050	-0.057933
29100	0.019615
29150	0.176266
29200	-0.052825
29250	-0.062677
29300	0.164587
29350	0.072690
29400	0.064286
29450	-0.066186
29500	0.023715
29550	0.120356
29600	0.085390
29650	-0.166520
29700	-0.055451
29750	0.100905
29800	0.191244
29850	-0.105252
29900	-0.087510
29950	-0.055114
30000	-0.043329
30050	-0.020961
30100	-0.034044
30150	0.079362
30200	0.175217
30250	0.034287
30300	0.118482
30350	0.117291
30400	0.086889
30450	-0.094032
30500	-0.204489
30550	0.098957
30600	-0.103603
30650	-0.003090
30700	-0.083909
30750	0.189264
30800	0.153709
30850	-0.059902
30900	-0.060348
30950	-0.079530
31000	-0.127478
31050	0.215928
31100	0.117721
31150	0.017623
31200	0.041748
31250	0.252026
31300	0.184473
31350	0.013822
31400	0.070669
31450	-0.086873
31500	0.184806
31550	-0.012026
31600	0.053584
31650	0.018990
31700	-0.059449
31750	-0.107111
31800	0.152400
31850	0.055242
31900	0.217265
31950	0.166618
32000	0.012385
32050	-0.001509
32100	0.033020
32150	-0.195011
32200	-0.060800
32250	0.154566
32300	0.230657
32350	0.046573
32400	0.077733
32450	0.050597
32500	0.075976
32550	-0.105589
32600	-0.049199
32650	-0.071750
32700	0.113917
32750	0.014210
32800	0.059842
32850	0.124369
32900	0.146739
32950	0.166224
33000	0.073118
33050	-0.059330
33100	0.200379
33150	-0.135887
33200	-0.068049
33250	-0.053531
33300	0.067998
33350	0.156912
33400	0.255756
33450	0.055269
33500	-0.034161
33550	0.045735
33600	0.039190
33650	-0.113785
33700	-0.101891
33750	-0.132187
33800	-0.032218
33850	-0.013634
33900	0.164332
33950	-0.035990
34000	-0.234148
34050	0.063551
34100	0.046882
34150	-0.057013
34200	0.053430
34250	0.114245
34300	-0.212120
34350	0.006325
34400	-0.013579
34450	-0.119298
34500	0.083817
34550	-0.101421
34600	0.157010
34650	-0.013223
34700	-0.020654
34750	0.040662
34800	0.014391
34850	-0.232199
34900	0.089647
34950	0.214112
35000	-0.022844
35050	-0.342558
35100	-0.252366
35150	-0.094574
35200	-0.086612
35250	-0.079012
35300	0.059438
35350	0.007199
35400	0.038039
35450	-0.102624
35500	-0.024965
35550	-0.087369
35600	0.009967
35650	0.150883
35700	-0.018093
35750	-0.035669
35800	0.143294
35850	-0.232431
35900	0.158597
35950	0.097212
36000	0.113854
36050	0.131881
36100	-0.041851
36150	0.134398
36200	0.007480
36250	0.037956
36300	0.039782
36350	-0.074895
36400	-0.132938
36450	-0.033891
36500	-0.201070
36550	0.000210
36600	-0.009622
36650	-0.086107
36700	0.163680
36750	0.153967
36800	0.028450
36850	0.077649
36900	0.014545
36950	0.132059
37000	0.091884
37050	0.197219
37100	-0.043777
37150	0.089229
37200	0.069724
37250	0.146329
37300	-0.119497
37350	0.032160
37400	0.052845
37450	-0.153985
37500	-0.055985
37550	-0.058703
37600	0.112424
37650	0.165323
37700	-0.114514
37750	-0.053772
37800	0.029680
37850	-0.024443
37900	0.069131
37950	-0.011011
38000	-0.047625
38050	-0.042374
38100	0.041027
38150	-0.054191
38200	-0.025833
38250	0.042498
38300	-0.028885
38350	-0.011416
38400	-0.008421
38450	-0.062721
38500	0.003440
38550	0.128851
38600	-0.099399
38650	0.143771
38700	-0.003187
38750	0.121809
38800	0.060478
38850	-0.065025
38900	0.199351
38950	0.016893
39000	-0.094957
39050	0.170536
39100	0.006613
39150	0.063098
39200	0.000562
39250	0.015260
39300	0.177886
39350	0.066472
39400	0.063843
39450	-0.029497
39500	-0.071632
39550	-0.065175
39600	0.042341
39650	0.083883
39700	-0.089153
39750	-0.074208
39800	0.019751
39850	0.014197
39900	0.192026
39950	0.157404
40000	0.165725
40050	0.087812
40100	0.166273
40150	0.101894
40200	-0.093660
40250	0.066060
40300	0.048963
40350	-0.147832
40400	-0.018765
40450	-0.211142
40500	-0.031231
40550	-0.061774
40600	-0.057740
40650	0.067301
40700	-0.087355
40750	-0.098497
40800	-0.073634
40850	0.069248
40900	0.048329
40950	-0.055951
41000	-0.102591
41050	-0.144620
41100	-0.134081
41150	0.114675
41200	0.107050
41250	-0.028221
41300	0.071698
41350	-0.104117
41400	-0.048405
41450	0.074762
41500	0.071909
41550	-0.089367
41600	-0.152671
41650	0.180583
41700	0.113492
41750	-0.111275
41800	0.129485
41850	-0.062994
41900	0.036632
41950	-0.113525
42000	0.162975
42050	0.088752
42100	0.018284
42150	-0.037570
42200	0.005110
42250	0.087098
42300	-0.058717
42350	-0.122260
42400	0.104322
42450	0.002884
42500	0.087478
42550	0.060032
42600	-0.033374
42650	0.144572
42700	-0.044595
42750	-0.036326
42800	0.032557
42850	0.060283
42900	-0.077590
42950	0.081539
43000	0.174274
43050	-0.062430
43100	-0.005408
43150	0.225081
43200	-0.091432
43250	0.163710
43300	-0.024534
43350	-0.223402
43400	0.072705
43450	-0.205509
43500	-0.193163
43550	0.066363
43600	0.101273
43650	0.093316
43700	0.056011
43750	0.078978
43800	-0.138176
43850	0.103840
43900	-0.079240
43950	-0.030577
44000	-0.022277
44050	-0.213690
44100	0.111985
44150	-0.019936
44200	-0.035784
44250	0.057893
44300	0.096604
44350	0.061718
44400	0.135705
44450	-0.041165
44500	-0.146172
44550	-0.019247
44600	0.135554
44650	0.027317
44700	-0.038847
44750	0.191179
44800	0.199829
44850	-0.150994
44900	-0.009144
44950	0.027890
45000	0.090345
45050	-0.000958
45100	-0.056262
45150	0.021680
45200	0.088921
45250	-0.101014
45300	-0.035329
45350	0.161612
45400	-0.283995
45450	0.087175
45500	0.042790
45550	-0.002332
45600	-0.006402
45650	0.015656
45700	0.143879
45750	0.064875
45800	0.034904
45850	0.022151
45900	-0.142618
45950	0.128729
46000	0.007763
46050	0.001054
46100	0.054464
46150	0.051816
46200	-0.055123
46250	-0.055751
46300	0.008879
46350	0.118355
46400	0.113655
46450	-0.038999
46500	0.052080
46550	0.100980
46600	-0.129166
46650	-0.055159
46700	0.075397
46750	0.112785
46800	0.162736
46850	-0.058578
46900	-0.056455
46950	-0.037013
47000	0.043208
47050	-0.098127
47100	0.046049
47150	-0.119961
47200	0.021380
47250	-0.016980
47300	0.022677
47350	0.047794
47400	-0.148960
47450	0.096607
47500	-0.074149
47550	-0.080045
47600	-0.343303
47650	-0.143853
47700	-0.093172
47750	-0.108079
47800	-0.174509
47850	0.318614
47900	0.052162
47950	0.031835
48000	0.029317
48050	0.103085
48100	-0.143987
48150	-0.094009
48200	-0.088271
48250	-0.032543
48300	-0.039732
48350	0.015530
48400	-0.011161
48450	0.108766
48500	0.120810
48550	-0.038670
48600	0.011804
48650	0.086062
48700	0.153187
48750	-0.212590
48800	-0.005888
48850	-0.149135
48900	0.021096
48950	0.080023
49000	0.144589
49050	0.189068
49100	0.090134
49150	-0.050824
49200	-0.159652
49250	-0.012160
49300	-0.021768
49350	0.014834
49400	0.272764
49450	0.307545
49500	0.013104
49550	0.068438
49600	-0.109536
49650	0.076687
49700	0.207431
49750	-0.046855
49800	0.049630
49850	0.086541
49900	-0.030955
49950	-0.035470
50000	0.358341
50050	-0.021855
50100	0.131721
50150	0.105535
50200	0.044334
50250	0.036590
50300	-0.021338
50350	-0.036275
50400	0.022278
50450	-0.190442
50500	0.149546
50550	-0.009262
50600	0.059185
50650	0.059788
50700	-0.119433
50750	-0.059783
50800	0.035782
50850	0.120172
50900	-0.008548
50950	0.063424
51000	0.057213
51050	-0.017138
51100	0.025752
51150	0.048116
51200	0.117760
51250	0.065087
51300	0.088905
51350	-0.044959
51400	-0.021602
51450	-0.195273
51500	0.128822
51550	-0.245091
51600	-0.148083
51650	-0.055187
51700	-0.029303
51750	0.034757
51800	-0.185003
51850	0.000646
51900	-0.050620
51950	-0.129504
52000	-0.018374
52050	0.031918
52100	0.043466
52150	0.003264
52200	0.157745
52250	0.041706
52300	0.144377
52350	-0.070812
52400	-0.032390
52450	-0.032309
52500	-0.056723
52550	0.050364
52600	0.011713
52650	0.074496
52700	-0.196391
52750	0.016223
52800	-0.163902
52850	-0.138655
52900	-0.001480
52950	-0.145045
53000	-0.117802
53050	0.111347
53100	-0.178379
53150	-0.104189
53200	0.033435
53250	-0.096029
53300	-0.111441
53350	0.012297
53400	-0.016173
53450	0.097714
53500	0.024027
53550	0.027233
53600	0.117503
53650	-0.007089
53700	-0.040534
53750	0.104855
53800	0.088747
53850	-0.102593
53900	-0.218939
53950	-0.026996
54000	-0.027725
54050	0.201183
54100	0.072263
54150	0.036637
54200	-0.113312
54250	0.016538
54300	-0.055925
54350	-0.148182
54400	0.042703
54450	0.117990
54500	-0.120006
54550	0.023718
54600	-0.200964
54650	0.033551
54700	0.067097
54750	-0.039212
54800	0.014043
54850	-0.185515
54900	-0.128629
54950	0.004475
55000	-0.025979
55050	0.201078
55100	-0.041896
55150	-0.005675
55200	0.077316
55250	0.112017
55300	0.051566
55350	-0.044846
55400	-0.025997
55450	-0.034218
55500	0.115388
55550	-0.076432
55600	0.101318
55650	-0.074044
55700	0.020281
55750	-0.124247
55800	0.059271
55850	0.071358
55900	-0.045800
55950	0.081386
56000	0.037469
56050	0.160888
56100	0.279817
56150	-0.018855
56200	0.192826
56250	0.126843
56300	0.012166
56350	-0.027467
56400	-0.009233
56450	-0.004812
56500	0.146747
56550	-0.083970
56600	0.131963
56650	-0.045130
56700	-0.021523
56750	-0.114691
56800	0.037998
56850	0.043315
56900	0.132075
56950	0.104848
57000	0.190883
57050	0.091763
57100	-0.197682
57150	-0.067871
57200	-0.063600
57250	-0.072950
57300	-0.027312
57350	-0.064581
57400	-0.035958
57450	-0.066211
57500	-0.000095
57550	-0.062814
57600	-0.017817
57650	0.052204
57700	-0.099805
57750	-0.101197
57800	-0.002597
57850	-0.064928
57900	0.005194
57950	-0.060228
58000	-0.097690
58050	0.028801
58100	-0.001475
58150	0.117607
58200	0.069482
58250	-0.095730
58300	-0.205137
58350	-0.113553
58400	-0.109902
58450	0.153905
58500	0.073324
58550	-0.188540
58600	-0.115576
58650	-0.175377
58700	0.008470
58750	0.109410
58800	0.022616
58850	0.055321
58900	-0.088206
58950	-0.018867
59000	-0.096269
59050	0.048914
59100	0.183160
59150	0.092127
59200	0.054371
59250	-0.122025
59300	-0.105094
59350	-0.204270
59400	-0.106066
59450	-0.231345
59500	0.154476
59550	0.002924
59600	0.005726
59650	0.134362
59700	0.002556
59750	-0.131274
59800	0.153977
59850	-0.118908
59900	-0.020586
59950	-0.114176
60000	-0.140412
60050	-0.008555
60100	-0.150002
60150	0.152037
60200	0.114406
60250	0.042883
60300	0.060197
60350	0.049054
60400	-0.013667
60450	0.220116
60500	0.093588
60550	0.121258
60600	-0.219706
60650	-0.031317
60700	0.125083
60750	0.152920
60800	-0.068834
60850	0.067770
60900	-0.086742
60950	-0.015591
61000	-0.048264
61050	-0.037288
61100	-0.098016
61150	-0.024543
61200	0.068709
61250	-0.049027
61300	-0.050226
61350	-0.019965
61400	0.309919
61450	0.101883
61500	0.039096
61550	0.043126
61600	-0.110041
61650	0.137060
61700	-0.065336
61750	0.105320
61800	0.080057
61850	0.223791
61900	0.003498
61950	0.024862
62000	-0.085377
62050	-0.061989
62100	0.038464
62150	0.065373
62200	0.091459
62250	0.034580
62300	0.062885
62350	0.019119
62400	0.067749
62450	0.099889
62500	-0.221792
62550	0.142443
62600	0.040265
62650	-0.006869
62700	0.038207
62750	0.179484
62800	-0.032747
62850	-0.085331
62900	-0.071019
62950	0.247179
63000	0.053102
63050	0.048912
63100	0.075544
63150	-0.027190
63200	0.008408
63250	0.091982
63300	-0.042711
63350	-0.047203
63400	-0.027766
63450	-0.041873
63500	-0.184553
63550	0.110336
63600	-0.223383
63650	0.001546
63700	0.076075
63750	0.309967
63800	0.127957
63850	0.092007
63900	0.136884
63950	0.040615
64000	0.025544
64050	0.120998
64100	-0.039713
64150	0.124753
64200	0.201829
64250	-0.028578
64300	-0.010464
64350	-0.145158
64400	-0.185743
64450	-0.103059
64500	0.126143
64550	0.035306
64600	0.021667
64650	-0.016308
64700	0.121310
64750	0.145246
64800	0.137061
64850	-0.052233
64900	-0.298526
64950	-0.047301
65000	0.232776
65050	-0.130647
65100	-0.127791
65150	0.041414
65200	0.221620
65250	0.014951
65300	-0.087000
65350	0.117261
65400	-0.147301
65450	-0.010916
65500	0.005596
65550	0.162083
65600	0.321731
65650	-0.013732
65700	0.256633
65750	0.024240
65800	-0.121906
65850	0.081037
65900	-0.035090
65950	-0.190589
66000	0.190266
66050	-0.024734
66100	-0.082753
66150	0.073842
66200	-0.056651
66250	0.022030
66300	0.131616
66350	-0.061917
66400	0.013034
66450	-0.037979
66500	-0.092233
66550	0.159130
66600	0.004062
66650	0.012339
66700	0.053452
66750	-0.123825
66800	-0.099485
66850	0.008572
66900	-0.065498
66950	-0.046517
67000	0.038556
67050	0.241840
67100	0.151601
67150	0.049911
67200	0.096189
67250	-0.043698
67300	-0.154578
67350	-0.046146
67400	-0.055771
67450	-0.065465
67500	0.229127
67550	0.179686
67600	0.131206
67650	-0.147028
67700	0.128899
67750	-0.060266
67800	0.100140
67850	0.280866
67900	0.107559
67950	0.022384
68000	-0.048778
68050	0.143760
68100	-0.179328
68150	0.269591
68200	0.164979
68250	0.084143
68300	0.033332
68350	0.207640
68400	-0.074579
68450	-0.054759
68500	-0.045350
68550	-0.066787
68600	-0.097771
68650	-0.073204
68700	-0.042885
68750	0.128790
68800	0.036915
68850	0.016478
68900	-0.005305
68950	0.031862
69000	0.072771
69050	-0.127285
69100	0.091564
69150	-0.080159
69200	-0.029014
69250	-0.016583
69300	-0.100675
69350	0.202525
69400	0.193280
69450	-0.024497
69500	0.005068
69550	-0.181083
69600	-0.012864
69650	0.138650
69700	-0.076427
69750	-0.029737
69800	-0.041436
69850	-0.094541
69900	-0.010818
69950	-0.146958
70000	0.171670
70050	0.068608
70100	-0.095979
70150	0.099422
70200	0.061623
70250	-0.074903
70300	-0.005856
70350	0.018305
70400	-0.222074
70450	0.052810
70500	-0.003957
70550	0.174697
70600	0.047270
70650	0.152252
70700	0.051220
70750	-0.034589
70800	0.012400
70850	-0.111571
70900	-0.022264
70950	0.118102
71000	0.041231
71050	0.102583
71100	-0.030154
71150	0.101564
71200	0.212577
71250	0.030540
71300	-0.210056
71350	-0.023480
71400	-0.042365
71450	-0.006340
71500	-0.076565
71550	0.019916
71600	0.184910
71650	0.039760
71700	0.013789
71750	-0.119676
71800	0.129082
71850	-0.095671
71900	-0.015167
71950	-0.070717
72000	0.001799
72050	0.115127
72100	0.183070
72150	0.259825
72200	0.112817
72250	-0.087682
72300	0.131126
72350	0.107829
72400	-0.011675
72450	-0.085770
72500	0.062404
72550	-0.067263
72600	-0.184358
72650	0.034441
72700	-0.018891
72750	-0.060874
72800	0.094899
72850	-0.057961
72900	-0.028688
72950	0.015077
73000	-0.077077
73050	0.009178
73100	0.069901
73150	0.085798
73200	-0.152337
73250	0.017371
73300	0.093444
73350	-0.065929
73400	0.022368
73450	-0.122096
73500	-0.155261
73550	0.078509
73600	-0.052435
73650	-0.058449
73700	0.093826
73750	-0.025474
73800	0.114911
73850	-0.083203
73900	-0.092464
73950	-0.229913
74000	-0.162030
74050	-0.060401
74100	-0.160873
74150	0.100376
74200	0.262356
74250	0.049367
74300	-0.048959
74350	0.069345
74400	-0.125512
74450	0.081193
74500	0.019926
74550	0.255570
74600	0.128839
74650	-0.022972
74700	0.011727
74750	0.165090
74800	0.088894
74850	0.001134
74900	0.223221
74950	0.168215
75000	0.169843
75050	0.024164
75100	-0.035329
75150	-0.086838
75200	-0.069364
75250	0.037584
75300	-0.069143
75350	0.183887
75400	0.271869
75450	-0.047202
75500	-0.159470
75550	0.086366
75600	0.102609
75650	-0.020948
75700	0.070336
75750	0.157082
75800	0.047882
75850	0.163244
75900	-0.246469
75950	0.240001
76000	0.002611
76050	-0.099288
76100	-0.001184
76150	-0.054555
76200	-0.120899
76250	0.068610
76300	0.075238
76350	-0.042883
76400	0.102854
76450	-0.090532
76500	-0.103113
76550	-0.023398
76600	-0.073875
76650	-0.065032
76700	0.108472
76750	-0.193032
76800	-0.141136
76850	-0.183463
76900	-0.110233
76950	0.019388
77000	0.029997
77050	-0.218767
77100	-0.095084
77150	-0.050157
77200	0.045176
77250	0.040760
77300	0.181190
77350	0.051613
77400	0.071447
77450	0.400881
77500	0.002087
77550	0.064333
77600	-0.058415
77650	-0.126207
77700	0.008551
77750	-0.047634
77800	-0.038425
77850	-0.067353
77900	-0.008581
77950	0.029331
78000	-0.031343
78050	-0.103050
78100	-0.163484
78150	0.232886
78200	0.111892
78250	0.011534
78300	0.139948
78350	0.030961
78400	-0.049639
78450	0.052452
78500	-0.059144
78550	0.109087
78600	0.207445
78650	-0.057339
78700	-0.178582
78750	-0.010039
78800	-0.031691
78850	0.053182
78900	-0.181448
78950	0.087293
79000	-0.150638
79050	0.163962
79100	0.152266
79150	-0.171583
79200	0.096301
79250	0.045764
79300	-0.243056
79350	-0.023315
79400	-0.079478
79450	0.025879
79500	-0.056949
79550	0.052856
79600	-0.047978
79650	0.118010
79700	-0.118591
79750	0.049276
79800	0.158544
79850	0.002515
79900	-0.078590
79950	0.007093
80000	0.157124
80050	-0.001196
80100	0.103093
80150	-0.122891
80200	0.190237
80250	-0.149518
80300	0.138095
80350	0.052249
80400	0.082603
80450	-0.019973
80500	-0.045530
80550	0.064791
80600	0.181466
80650	-0.306255
80700	0.118569
80750	0.143271
80800	-0.011571
80850	0.093293
80900	0.077698
80950	0.144140
81000	0.042572
81050	0.158838
81100	0.104116
81150	0.094990
81200	0.018021
81250	-0.148258
81300	-0.015852
81350	0.109872
81400	-0.102014
81450	-0.084866
81500	-0.123541
81550	-0.086254
81600	-0.062940
81650	0.055811
81700	0.132020
81750	-0.085097
81800	-0.246414
81850	-0.064032
81900	0.081753
81950	-0.155836
82000	-0.228443
82050	0.042039
82100	0.089482
82150	-0.109416
82200	-0.009028
82250	0.102322
82300	0.019811
82350	0.010242
82400	-0.065371
82450	0.170107
82500	0.058332
82550	-0.147885
82600	0.236038
82650	0.064110
82700	0.185965
82750	-0.054495
82800	0.090577
82850	0.044705
82900	-0.095202
82950	0.152094
83000	0.026783
83050	0.049438
83100	0.098215
83150	-0.210059
83200	0.073478
83250	0.050647
83300	0.216971
83350	0.008796
83400	-0.072703
83450	-0.056885
83500	-0.063949
83550	0.094419
83600	0.033230
83650	0.275035
83700	0.101553
83750	-0.107836
83800	-0.098666
83850	-0.028084
83900	-0.267900
83950	0.108810
84000	0.017915
84050	-0.314346
84100	0.070171
84150	-0.061669
84200	0.185267
84250	0.090993
84300	-0.120692
84350	0.138540
84400	-0.148560
84450	0.091182
84500	0.051789
84550	-0.125023
84600	-0.069917
84650	0.069060
84700	0.122445
84750	0.020657
84800	0.231533
84850	0.014434
84900	0.046265
84950	-0.097496
85000	0.001416
85050	-0.126014
85100	-0.083115
85150	-0.077283
85200	0.005318
85250	-0.058700
85300	0.043714
85350	0.014070
85400	-0.132904
85450	0.080735
85500	0.010277
85550	0.065489
85600	-0.149000
85650	-0.225729
85700	0.212074
85750	0.114818
85800	0.102478
85850	-0.047485
85900	-0.038392
85950	-0.185498
86000	-0.021582
86050	0.039080
86100	0.161359
86150	0.148612
86200	0.089715
86250	-0.039788
86300	0.048573
86350	-0.064428
86400	0.042334
86450	-0.018370
86500	0.003506
86550	-0.016649
86600	-0.057989
86650	0.069735
86700	-0.058172
86750	-0.173058
86800	-0.277712
86850	-0.067422
86900	0.068775
86950	-0.101893
87000	-0.211239
87050	0.166548
87100	-0.105633
87150	0.132724
87200	0.006116
87250	0.000920
87300	-0.108468
87350	-0.125982
87400	0.087913
87450	0.031255
87500	0.027495
87550	0.090460
87600	0.262756
87650	-0.165399
87700	-0.107367
87750	0.118051
87800	-0.211779
87850	-0.054439
87900	-0.057338
87950	-0.055633
88000	0.110132
88050	-0.060884
88100	-0.173814
88150	0.058593
88200	0.015541
88250	0.245447
88300	-0.122604
88350	0.082099
88400	0.005674
88450	-0.153239
88500	-0.195826
88550	-0.035704
88600	-0.072519
88650	-0.032910
88700	0.175817
88750	-0.164740
88800	0.096468
88850	0.093187
88900	-0.058150
88950	0.250649
89000	-0.141199
89050	-0.300557
89100	-0.211794
89150	-0.221578
89200	-0.128210
89250	-0.051022
89300	0.083454
89350	0.068902
89400	0.116552
89450	0.160600
89500	-0.004704
89550	-0.031438
89600	0.008183
89650	-0.048552
89700	-0.201836
89750	0.015113
89800	-0.053178
89850	0.231251
89900	-0.012255
89950	0.069628
90000	0.036643
90050	0.106134
90100	-0.163681
90150	-0.111953
90200	-0.052228
90250	0.001271
90300	-0.080073
90350	-0.006526
90400	-0.003959
90450	0.021394
90500	-0.097810
90550	-0.093139
90600	0.084337
90650	-0.049608
90700	-0.113318
90750	-0.003100
90800	0.094511
90850	0.113601
90900	0.097842
90950	0.120408
91000	-0.043784
91050	0.020047
91100	0.033307
91150	0.022246
91200	0.021864
91250	0.003245
91300	-0.119059
91350	0.050280
91400	-0.120276
91450	-0.040547
91500	-0.153375
91550	0.082392
91600	-0.181779
91650	-0.027283
91700	0.001857
91750	0.031604
91800	-0.078339
91850	0.017133
91900	0.134428
91950	-0.016196
92000	0.082811
92050	0.168269
92100	-0.010966
92150	-0.244559
92200	-0.115743
92250	-0.078609
92300	-0.057217
92350	-0.109718
92400	-0.002362
92450	0.038614
92500	0.043152
92550	0.227302
92600	0.128785
92650	0.281580
92700	-0.015141
92750	0.130753
92800	0.160529
92850	0.151230
92900	0.040142
92950	-0.000358
93000	-0.201979
93050	-0.092770
93100	-0.009446
93150	0.071291
93200	0.068883
93250	0.178177
93300	-0.172742
93350	-0.086427
93400	-0.277247
93450	0.091926
93500	-0.096500
93550	0.080202
93600	-0.199956
93650	-0.168812
93700	-0.054739
93750	0.178706
93800	0.153289
93850	0.007416
93900	-0.238699
93950	0.053027
94000	0.029025
94050	0.055218
94100	-0.015633
94150	0.105487
94200	-0.008713
94250	-0.004818
94300	0.000387
94350	0.275999
94400	-0.051621
94450	-0.104278
94500	-0.025668
94550	0.101233
94600	-0.006494
94650	-0.003873
94700	0.007460
94750	-0.000071
94800	-0.048727
94850	-0.079127
94900	-0.019378
94950	-0.048108
95000	-0.052501
95050	-0.129630
95100	0.063628
95150	0.027220
95200	0.089516
95250	0.035335
95300	-0.164117
95350	-0.095678
95400	0.032995
95450	-0.031422
95500	0.038192
95550	0.296194
95600	0.123524
95650	0.054215
95700	0.073428
95750	-0.022557
95800	-0.055506
95850	-0.118099
95900	0.167359
95950	0.058907
96000	0.052199
96050	-0.127279
96100	0.086092
96150	-0.019457
96200	0.199111
96250	-0.167505
96300	-0.049643
96350	0.123756
96400	-0.070537
96450	0.097083
96500	0.052423
96550	0.029479
96600	0.042796
96650	0.055077
96700	-0.017621
96750	0.084781
96800	0.087655
96850	0.060706
96900	-0.221443
96950	0.042567
97000	0.008665
97050	0.008164
97100	-0.122108
97150	-0.196411
97200	0.050166
97250	0.028130
97300	-0.130656
97350	-0.036259
97400	0.057062
97450	-0.161480
97500	-0.052186
97550	-0.425932
97600	-0.111878
97650	-0.049022
97700	-0.036535
97750	0.033755
97800	-0.136168
97850	0.098924
97900	0.001122
97950	0.265899
98000	0.036564
98050	-0.017996
98100	0.118057
98150	-0.050181
98200	-0.115060
98250	-0.157805
98300	-0.207421
98350	-0.019416
98400	0.053345
98450	0.097837
98500	0.081424
98550	0.016849
98600	0.023660
98650	0.002622
98700	0.052788
98750	0.002955
98800	-0.167617
98850	0.054290
98900	-0.024040
98950	0.221995
99000	0.050699
99050	-0.006407
99100	0.034940
99150	0.201883
99200	-0.049712
99250	0.043365
99300	-0.088725
99350	0.084256
99400	0.179890
99450	0.117876
99500	0.090855
99550	-0.073400
99600	-0.060286
99650	-0.093186
99700	-0.131114
99750	-0.062412
99800	-0.111837
99850	-0.212098
99900	0.063613
99950	-0.077499
100000	0.168433
100050	-0.260754
100100	0.087699
100150	0.106448
100200	0.083495
100250	-0.125298
100300	0.164578
100350	0.004580
100400	0.032649
100450	0.108173
100500	-0.034517
100550	-0.043153
100600	-0.030916
100650	-0.075863
100700	0.079529
100750	-0.058150
100800	-0.125330
100850	-0.135638
100900	0.035263
100950	0.233881
101000	0.047842
101050	-0.181778
101100	-0.004143
101150	-0.052592
101200	-0.079677
101250	-0.264090
101300	-0.106772
101350	-0.005668
101400	-0.063418
101450	-0.026175
101500	-0.060935
101550	-0.057721
101600	-0.079831
101650	0.027098
101700	-0.014259
101750	0.072784
101800	0.109392
101850	-0.150587
101900	0.054853
101950	0.060154
102000	-0.278397
102050	-0.059491
102100	-0.064162
102150	-0.142747
102200	-0.253459
102250	-0.085714
102300	0.005274
102350	0.059479
102400	-0.055273
102450	-0.023231
102500	0.183299
102550	-0.291349
102600	-0.094826
102650	0.022354
102700	0.047152
102750	-0.044830
102800	0.211351
102850	0.189372
102900	0.010696
102950	0.024550
103000	-0.161397
103050	0.272973
103100	-0.029110
103150	0.186944
103200	-0.090107
103250	-0.164028
103300	-0.079032
103350	0.019659
103400	-0.264164
103450	0.070105
103500	-0.020913
103550	0.076614
103600	-0.090525
103650	-0.119170
103700	-0.304931
103750	-0.240298
103800	0.180674
103850	0.116315
103900	-0.055064
103950	0.089106
104000	0.029279
104050	0.253017
104100	0.060091
104150	-0.157729
104200	-0.299564
104250	-0.176230
104300	-0.062762
104350	-0.030807
104400	0.070273
104450	0.073262
104500	0.041550
104550	0.075112
104600	0.052210
104650	-0.079125
104700	0.093437
104750	-0.052535
104800	-0.067861
104850	0.126863
104900	-0.060371
104950	0.161587
105000	0.251678
105050	0.216974
105100	0.016458
105150	0.136547
105200	0.148916
105250	0.171155
105300	-0.114355
105350	0.166559
105400	-0.097502
105450	-0.212019
105500	-0.012374
105550	0.008088
105600	0.082091
105650	0.004306
105700	0.022579
105750	0.080983
105800	-0.003524
105850	-0.015227
105900	-0.011742
105950	0.132940
106000	0.268450
106050	0.012610
106100	0.146715
106150	0.077429
106200	0.135331
106250	0.092297
106300	-0.128988
106350	-0.209500
106400	-0.037425
106450	-0.157201
106500	-0.070525
106550	0.043405
106600	0.158967
106650	-0.038877
106700	0.098033
106750	0.050373
106800	-0.059101
106850	0.155698
106900	0.007875
106950	0.037544
107000	0.054537
107050	0.109927
107100	0.115917
107150	-0.082159
107200	0.015931
107250	0.022859
107300	-0.126472
107350	-0.080476
107400	-0.060152
107450	-0.245034
107500	0.028040
107550	-0.289278
107600	-0.043019
107650	0.136421
107700	-0.078426
107750	-0.158745
107800	0.066819
107850	-0.110321
107900	-0.253569
107950	-0.112966
108000	-0.153036
108050	-0.181678
108100	0.050332
108150	0.039878
108200	0.065718
108250	-0.159695
108300	0.146493
108350	-0.057950
108400	-0.029928
108450	0.028743
108500	0.116946
108550	-0.073068
108600	0.012252
108650	-0.127851
108700	-0.045698
108750	0.040753
108800	0.013657
108850	0.046083
108900	0.052291
108950	0.051183
109000	0.069475
109050	0.070109
109100	0.075417
109150	0.048176
109200	0.180567
109250	-0.131666
109300	0.038080
109350	-0.049347
109400	-0.216011
109450	-0.269796
109500	-0.064342
109550	-0.012840
109600	0.124223
109650	0.051702
109700	-0.167838
109750	-0.121594
109800	0.042303
109850	-0.025362
109900	-0.310524
109950	0.026434
110000	-0.011976
110050	0.309581
110100	0.042250
110150	0.116281
110200	0.080774
110250	0.005181
110300	-0.043498
110350	-0.060023
110400	0.024889
110450	-0.006290
110500	0.035728
110550	0.139520
110600	0.048153
110650	0.275377
110700	-0.061010
110750	-0.190288
110800	-0.103907
110850	-0.053362
110900	0.155938
110950	-0.064239
111000	0.068719
111050	0.073110
111100	-0.004789
111150	-0.088450
111200	-0.030013
111250	-0.048020
111300	0.014380
111350	0.075820
111400	0.096423
111450	0.006937
111500	0.102209
111550	0.078528
111600	0.000111
111650	0.114769
111700	0.158744
111750	-0.165735
111800	0.041157
111850	0.143706
111900	0.128426
111950	-0.098815
112000	-0.077717
112050	-0.028141
112100	0.125554
112150	-0.205373
112200	0.136054
112250	-0.277084
112300	0.025859
112350	0.005973
112400	-0.055993
112450	0.010612
112500	0.124544
112550	0.140131
112600	0.052495
112650	-0.001936
112700	-0.049728
112750	0.018936
112800	-0.036643
112850	-0.122398
112900	-0.073179
112950	-0.163838
113000	-0.087126
113050	-0.119886
113100	-0.061000
113150	0.054355
113200	-0.175706
113250	-0.005525
113300	0.063951
113350	0.153781
113400	0.107670
113450	-0.090969
113500	0.183834
113550	0.078743
113600	0.085046
113650	-0.191313
113700	0.081683
113750	-0.118185
113800	0.082037
113850	0.107142
113900	-0.187596
113950	-0.335774
114000	-0.158770
114050	-0.041459
114100	0.091679
114150	0.120601
114200	0.164276
114250	-0.306610
114300	-0.076752
114350	-0.071171
114400	-0.087847
114450	0.021251
114500	0.075895
114550	0.208215
114600	-0.099324
114650	-0.063732
114700	0.029325
114750	0.135108
114800	0.317702
114850	0.054669
114900	-0.012176
114950	0.112066
115000	0.090824
115050	-0.092714
115100	-0.108028
115150	0.104774
115200	-0.052556
115250	0.022132
115300	0.006307
115350	0.015616
115400	0.117237
115450	-0.066148
115500	0.018308
115550	-0.054626
115600	-0.135680
115650	-0.067622
115700	0.006798
115750	0.110572
115800	0.095691
115850	0.120496
115900	-0.028134
115950	-0.290689
116000	-0.017097
116050	-0.225257
116100	0.214770
116150	0.054991
116200	-0.127724
116250	-0.166987
116300	0.109336
116350	0.101637
116400	-0.036474
116450	0.073800
116500	0.073242
116550	-0.112654
116600	0.048026
116650	-0.054655
116700	0.006353
116750	-0.013811
116800	0.037527
116850	-0.001477
116900	-0.117951
116950	-0.172966
117000	-0.104445
117050	-0.020934
117100	0.172114
117150	-0.101560
117200	-0.012606
117250	-0.026278
117300	-0.001826
117350	-0.097283
117400	0.084194
117450	-0.055015
117500	-0.011340
117550	0.013206
117600	0.115865
117650	0.062785
117700	-0.043358
117750	-0.089548
117800	-0.012991
117850	0.065449
117900	-0.287754
117950	0.075445
118000	-0.131352
118050	0.085495
118100	-0.137193
118150	-0.130914
118200	-0.058260
118250	0.046555
118300	-0.068709
118350	0.166350
118400	0.023050
118450	0.177562
118500	-0.005033
118550	0.165655
118600	0.033563
118650	0.046534
118700	-0.016725
118750	0.117937
118800	-0.019264
118850	-0.120272
118900	0.068500
118950	0.026021
119000	0.129730
119050	0.010956
119100	-0.061446
119150	0.152034
119200	-0.085720
119250	0.018784
119300	-0.066541
119350	-0.028740
119400	-0.052503
119450	0.017702
119500	-0.154839
119550	-0.080106
119600	-0.032637
119650	0.036517
119700	-0.049853
119750	0.025428
119800	-0.093676
119850	-0.144855
119900	0.087351
119950	-0.146070
120000	0.115315
120050	0.228372
120100	0.052967
120150	0.051230
120200	0.248017
120250	0.063049
120300	-0.005708
120350	-0.112432
120400	-0.211782
120450	0.012042
120500	0.060953
120550	0.303070
120600	0.081219
120650	0.087018
120700	-0.031793
120750	-0.135458
120800	-0.039117
120850	-0.050426
120900	0.176667
120950	-0.103322
121000	0.216010
121050	0.008558
121100	0.028901
121150	0.031616
121200	0.045723
121250	0.068961
121300	-0.134564
121350	0.103973
121400	0.151281
121450	-0.097439
121500	0.138740
121550	0.121679
121600	0.145253
121650	-0.011513
121700	0.375052
121750	0.101800
121800	0.026252
121850	0.038612
121900	-0.102501
121950	-0.194608
122000	0.033655
122050	0.132071
122100	0.046857
122150	0.003552
122200	0.049176
122250	0.052942
122300	-0.003299
122350	-0.012312
122400	0.199637
122450	-0.188855
122500	-0.011284
122550	-0.038663
122600	0.148359
122650	-0.223950
122700	-0.081722
122750	-0.036846
122800	0.020452
122850	0.043202
122900	-0.115766
122950	0.064108
123000	0.049130
123050	0.161123
123100	-0.164109
123150	-0.130866
123200	-0.007574
123250	0.093952
123300	0.120931
123350	0.059049
123400	0.171989
123450	0.020224
123500	-0.127869
123550	0.089129
123600	0.000902
123650	-0.035023
123700	-0.062687
123750	-0.098641
123800	-0.221363
123850	0.049439
123900	0.041488
123950	0.138034
124000	-0.013152
124050	-0.204640
124100	0.188952
124150	0.176875
124200	-0.026161
124250	0.002485
124300	0.004157
124350	-0.021756
124400	-0.234120
124450	0.066820
124500	-0.002838
124550	0.079831
124600	-0.104952
124650	0.021351
124700	0.046992
124750	0.019045
124800	-0.008860
124850	-0.014199
124900	0.081222
124950	-0.059232
125000	-0.017478
125050	-0.055096
125100	-0.048350
125150	-0.015154
125200	-0.061801
125250	-0.016960
125300	-0.093206
125350	0.076166
125400	0.005438
125450	-0.074530
125500	0.069537
125550	-0.069029
125600	0.173820
125650	0.165483
125700	0.312944
125750	0.175666
125800	-0.023376
125850	0.245169
125900	-0.206366
125950	0.007219
126000	-0.005475
126050	0.172271
126100	-0.026580
126150	-0.042474
126200	-0.140167
126250	0.253478
126300	0.003509
126350	-0.120060
126400	0.077544
126450	-0.019372
126500	0.022020
126550	-0.019303
126600	0.066031
126650	0.249385
126700	0.055238
126750	-0.065672
126800	0.150787
126850	-0.101590
126900	-0.041314
126950	-0.045392
127000	0.014542
127050	0.076502
127100	0.222890
127150	0.234287
127200	0.007863
127250	0.107799
127300	0.181993
127350	0.105738
127400	-0.051754
127450	-0.102366
127500	0.097960
127550	-0.126872
127600	0.073067
127650	-0.080558
127700	0.087329
127750	0.063223
127800	0.021348
127850	0.176767
127900	0.121529
127950	0.018851
128000	-0.046760
128050	-0.279585
128100	-0.233701
128150	-0.092067
128200	0.053129
128250	0.020853
128300	-0.087161
128350	-0.134148
128400	0.083298
128450	0.041062
128500	0.103641
128550	0.013579
128600	0.138326
128650	0.012457
128700	-0.077387
128750	-0.007280
128800	-0.151491
128850	0.097555
128900	0.020916
128950	0.060290
129000	0.081141
129050	0.042928
129100	0.045208
129150	0.054658
129200	0.017320
129250	-0.076355
129300	-0.049001
129350	-0.039044
129400	-0.154414
129450	-0.006771
129500	0.112354
129550	0.078743
129600	0.089870
129650	-0.386042
129700	-0.140153
129750	0.034250
129800	-0.164912
129850	-0.061498
129900	0.105034
129950	0.188067
130000	0.093308
130050	0.096745
130100	0.002340
130150	0.000608
130200	0.162112
130250	0.040451
130300	0.053149
130350	0.014822
130400	-0.022537
130450	-0.102299
130500	0.070223
130550	-0.084071
130600	0.103020
130650	-0.012115
130700	0.245224
130750	0.023522
130800	0.104394
130850	-0.056832
130900	0.124164
130950	0.172688
131000	0.111676
131050	0.019834
131100	0.214022
131150	0.146894
131200	0.013247
131250	-0.123403
131300	-0.025478
131350	0.138147
131400	0.132198
131450	-0.114391
131500	-0.059521
131550	0.000349
131600	-0.058699
131650	0.313700
131700	0.197693
131750	-0.078900
131800	0.048054
131850	-0.145959
131900	-0.235381
131950	-0.135359
132000	0.038591
132050	0.164068
132100	0.036299
132150	-0.059129
132200	0.162494
132250	0.070661
132300	0.002344
132350	-0.013238
132400	0.059168
132450	-0.149270
132500	-0.124654
132550	0.004223
132600	0.037633
132650	0.017166
132700	-0.005371
132750	-0.038178
132800	-0.184177
132850	0.125386
132900	0.056884
132950	-0.075137
133000	0.134086
133050	-0.047405
133100	0.247666
133150	-0.055280
133200	0.115850
133250	-0.002567
133300	0.154676
133350	-0.049110
133400	-0.033067
133450	-0.039005
133500	-0.042374
133550	0.021990
133600	0.014670
133650	-0.061619
133700	0.034064
133750	0.105952
133800	0.080062
133850	0.043939
133900	0.304107
133950	0.074121
134000	-0.089811
134050	0.177162
134100	0.177620
134150	0.209069
134200	0.034665
134250	-0.099121
134300	0.046851
134350	0.044866
134400	-0.007997
134450	0.036810
134500	-0.078395
134550	0.113692
134600	0.084924
134650	0.098475
134700	-0.063561
134750	0.147450
134800	0.042658
134850	0.282820
134900	0.184298
134950	0.051794
135000	0.166971
135050	-0.011239
135100	0.006388
135150	-0.114670
135200	-0.031063
135250	0.047863
135300	0.015036
135350	0.006275
135400	0.091965
135450	0.387258
135500	-0.253689
135550	-0.028316
135600	0.140602
135650	-0.079837
135700	-0.074802
135750	0.090463
135800	-0.046664
135850	0.134923
135900	0.242857
135950	-0.133484
136000	-0.031761
136050	-0.147639
136100	0.085132
136150	0.190803
136200	0.151772
136250	0.161207
136300	0.010125
136350	0.153460
136400	0.116456
136450	0.066910
136500	-0.181643
136550	0.042980
136600	-0.028807
136650	0.045937
136700	0.075805
136750	-0.063638
136800	0.046522
136850	0.189348
136900	-0.017127
136950	0.032779
137000	-0.134277
137050	-0.058714
137100	-0.150981
137150	0.350152
137200	-0.032794
137250	0.170064
137300	-0.305112
137350	0.173760
137400	0.007411
137450	0.034741
137500	-0.239205
137550	-0.029924
137600	0.102259
137650	-0.075772
137700	-0.200761
137750	0.041078
137800	0.115822
137850	0.067159
137900	-0.132135
137950	-0.102592
138000	0.145175
138050	0.067798
138100	-0.123433
138150	-0.022782
138200	0.174895
138250	0.165830
138300	0.127343
138350	0.159004
138400	-0.008568
138450	0.127652
138500	0.103342
138550	-0.043276
138600	-0.091738
138650	-0.037456
138700	-0.115239
138750	0.109744
138800	0.023269
138850	-0.078882
138900	0.078684
138950	-0.084241
139000	-0.105636
139050	-0.144244
139100	-0.036692
139150	-0.103019
139200	-0.005546
139250	0.096031
139300	0.004387
139350	-0.080599
139400	0.107290
139450	-0.021673
139500	0.009849
139550	0.119932
139600	-0.005552
139650	0.156037
139700	0.172403
139750	-0.010016
139800	-0.007883
139850	-0.100012
139900	0.117542
139950	0.077730
140000	0.029432
140050	0.023356
140100	-0.060743
140150	0.092578
140200	-0.098902
140250	0.092446
140300	0.019864
140350	0.157717
140400	0.037525
140450	0.108422
140500	0.236149
140550	0.047470
140600	-0.106155
140650	0.035151
140700	0.146397
140750	0.009810
140800	0.147460
140850	0.174009
140900	-0.005833
140950	-0.003639
141000	-0.047306
141050	-0.041610
141100	0.204744
141150	-0.205155
141200	-0.043957
141250	0.256875
141300	0.191741
141350	-0.103127
141400	0.099244
141450	-0.037823
141500	0.024078
141550	-0.112374
141600	-0.028931
141650	0.046333
141700	0.036007
141750	0.024519
141800	0.172012
141850	-0.049825
141900	0.130015
141950	0.032559
142000	0.010909
142050	-0.252508
142100	-0.036797
142150	0.278585
142200	-0.154211
142250	0.101475
142300	0.007132
142350	0.110386
142400	0.015861
142450	0.063317
142500	0.051511
142550	-0.123690
142600	-0.187668
142650	0.002015
142700	0.017251
142750	-0.023488
142800	0.191795
142850	0.016027
142900	0.073979
142950	0.264636
143000	0.059215
143050	-0.026488
143100	0.018514
143150	-0.018360
143200	-0.024986
143250	-0.136873
143300	0.130251
143350	-0.178905
143400	-0.068536
143450	-0.000881
143500	-0.083936
143550	0.163466
143600	0.177439
143650	0.060447
143700	0.109308
143750	0.096692
143800	0.093166
143850	-0.204852
143900	0.109037
143950	0.063751
144000	0.069729
144050	0.021931
144100	0.019571
144150	0.139117
144200	-0.120307
144250	-0.058205
144300	0.014827
144350	0.029683
144400	0.130666
144450	0.053590
144500	0.223574
144550	0.149415
144600	-0.098587
144650	-0.199389
144700	0.203991
144750	-0.034860
144800	-0.189127
144850	0.038938
144900	-0.158877
144950	-0.026883
145000	0.083453
145050	0.140706
145100	-0.117720
145150	0.185518
145200	0.008552
145250	0.120174
145300	0.025142
145350	0.149162
145400	0.053888
145450	0.007211
145500	0.120139
145550	0.083677
145600	0.217897
145650	-0.063893
145700	-0.059223
145750	0.090200
145800	0.093531
145850	-0.224992
145900	0.010719
145950	-0.020949
146000	-0.137999
146050	-0.044832
146100	-0.011027
146150	0.149545
146200	-0.048417
146250	0.006373
146300	0.065264
146350	-0.135775
146400	-0.088064
146450	-0.062313
146500	-0.053370
146550	-0.100286
146600	0.046232
146650	0.188480
146700	0.140958
146750	-0.059390
146800	0.084216
146850	0.194859
146900	-0.171938
146950	-0.147266
147000	0.242598
147050	0.094041
147100	-0.126311
147150	0.088704
147200	-0.185490
147250	-0.122850
147300	-0.071831
147350	0.105500
147400	0.086465
147450	-0.027511
147500	-0.127532
147550	0.261178
147600	0.068425
147650	-0.042542
147700	-0.026425
147750	0.101245
147800	0.078752
147850	-0.093314
147900	0.032396
147950	-0.122900
148000	0.134154
148050	0.068074
148100	0.184214
148150	0.205756
148200	0.035877
148250	-0.018810
148300	0.000168
148350	0.059305
148400	0.125624
148450	0.030300
148500	-0.097823
148550	-0.083032
148600	0.090339
148650	0.010520
148700	0.188594
148750	-0.075610
148800	0.189149
148850	0.135536
148900	-0.124734
148950	0.062755
149000	0.022622
149050	-0.214060
149100	0.010298
149150	0.040026
149200	0.058845
149250	0.017059
149300	0.128948
149350	0.158454
149400	-0.133132
149450	-0.026094
149500	0.108175
149550	0.019965
149600	-0.028663
149650	0.025164
149700	0.142227
149750	-0.102654
149800	0.047109
149850	-0.026310
149900	-0.222325
149950	-0.268107
150000	-0.040460
150050	0.048107
150100	-0.139231
150150	0.182714
150200	-0.134910
150250	-0.146907
150300	-0.063687
150350	0.022669
150400	-0.141791
150450	-0.162055
150500	-0.088977
150550	0.151661
150600	0.063409
150650	0.000440
150700	-0.021860
150750	0.157164
150800	-0.116136
150850	0.001893
150900	0.087069
150950	0.165968
151000	-0.031597
151050	-0.211102
151100	-0.134239
151150	-0.050599
151200	-0.183660
151250	0.159235
151300	0.062039
151350	-0.177548
151400	-0.266905
151450	-0.024007
151500	-0.084030
151550	-0.043927
151600	0.026845
151650	-0.176420
151700	-0.155129
151750	0.097626
151800	0.166189
151850	-0.071927
151900	-0.027826
151950	0.024391
152000	0.033216
152050	0.257755
152100	0.034422
152150	0.011742
152200	0.023504
152250	-0.082618
152300	0.102417
152350	-0.075090
152400	-0.049131
152450	-0.136082
152500	-0.019895
152550	-0.148133
152600	0.008164
152650	0.184172
152700	-0.020966
152750	0.024170
152800	-0.063905
152850	0.121635
152900	0.107847
152950	-0.036806
153000	-0.146870
153050	0.221582
153100	0.007942
153150	-0.235124
153200	-0.192371
153250	-0.091270
153300	-0.157769
153350	0.061939
153400	-0.062465
153450	-0.184195
153500	-0.011310
153550	-0.036430
153600	-0.016781
153650	0.323783
153700	-0.013022
153750	0.030337
153800	-0.001529
153850	-0.082927
153900	-0.042944
153950	0.024300
154000	-0.084128
154050	-0.218775
154100	-0.316182
154150	-0.035103
154200	-0.014787
154250	0.121642
154300	0.153614
154350	-0.065068
154400	-0.017137
154450	0.031611
154500	-0.101169
154550	0.045992
154600	-0.076856
154650	-0.154759
154700	-0.006199
154750	-0.155705
154800	-0.014811
154850	0.135530
154900	-0.143393
154950	-0.171690
155000	0.046712
155050	0.032326
155100	0.062298
155150	0.020366
155200	-0.024179
155250	0.048690
155300	-0.019261
155350	0.127853
155400	0.021145
155450	0.061326
155500	-0.182911
155550	-0.039904
155600	-0.173939
155650	-0.014781
155700	-0.015167
155750	-0.093300
155800	-0.091067
155850	-0.076264
155900	-0.008642
155950	0.005091
156000	-0.008360
156050	-0.235462
156100	0.025127
156150	-0.099255
156200	-0.102667
156250	-0.173374
156300	0.008326
156350	0.060676
156400	-0.044156
156450	-0.001779
156500	0.110394
156550	-0.322712
156600	0.144093
156650	-0.042813
156700	-0.008938
156750	0.024464
156800	0.012389
156850	-0.054476
156900	-0.019851
156950	0.063055
157000	0.104278
157050	0.021622
157100	-0.070131
157150	-0.282848
157200	-0.213698
157250	0.023902
157300	0.038106
157350	-0.088917
157400	0.049105
157450	0.139545
157500	0.102286
157550	0.129550
157600	-0.010238
157650	-0.018924
157700	-0.089367
157750	0.066956
157800	-0.064013
157850	0.018481
157900	-0.081821
157950	0.048435
158000	-0.034866
158050	-0.176250
158100	-0.077015
158150	-0.158283
158200	-0.101717
158250	0.126995
158300	-0.018661
158350	0.090722
158400	-0.049257
158450	-0.083554
158500	-0.230587
158550	-0.048606
158600	0.070091
158650	0.056028
158700	0.067609
158750	-0.021353
158800	0.039519
158850	-0.022326
158900	0.063651
158950	-0.130773
159000	0.262405
159050	0.175351
159100	-0.169735
159150	-0.006065
159200	0.101322
159250	0.144449
159300	-0.188260
159350	0.096608
159400	0.040276
159450	-0.062284
159500	-0.032246
159550	-0.137487
159600	0.087464
159650	0.083889
159700	-0.029393
159750	-0.045148
159800	-0.032011
159850	-0.216386
159900	0.095681
159950	-0.049488
160000	0.076251
160050	0.130392
160100	0.001967
160150	0.076372
160200	-0.164407
160250	-0.138618
160300	-0.148310
160350	-0.019239
160400	0.128482
160450	-0.000226
160500	0.076141
160550	0.003620
160600	-0.150354
160650	0.112264
160700	0.141147
160750	0.125032
160800	0.056705
160850	0.135652
160900	-0.090757
160950	-0.020768
161000	-0.064265
161050	-0.090184
161100	-0.285950
161150	-0.046424
161200	-0.095499
161250	0.050008
161300	-0.015553
161350	-0.054066
161400	0.138006
161450	-0.000585
161500	-0.039037
161550	-0.083241
161600	-0.258067
161650	0.227470
161700	0.136059
161750	0.087770
161800	0.055342
161850	-0.090657
161900	-0.013691
161950	0.052496
162000	-0.174876
162050	-0.025327
162100	0.200512
162150	0.148601
162200	-0.130262
162250	-0.092986
162300	-0.199781
162350	-0.113630
162400	0.131675
162450	0.249084
162500	0.009742
162550	-0.136634
162600	-0.008420
162650	-0.082322
162700	0.053605
162750	-0.057154
162800	-0.086342
162850	-0.113099
162900	0.035468
162950	-0.034074
163000	0.302881
163050	-0.048057
163100	0.008984
163150	0.001460
163200	0.057437
163250	-0.017604
163300	0.052670
163350	0.019058
163400	0.078857
163450	-0.021448
163500	-0.184126
163550	0.016256
163600	-0.077521
163650	-0.226851
163700	-0.115498
163750	-0.029111
163800	-0.005378
163850	-0.116622
163900	0.001010
163950	0.032005
164000	0.038006
164050	0.082359
164100	0.031153
164150	-0.025922
164200	-0.104186
164250	-0.016193
164300	0.055485
164350	-0.039157
164400	0.004744
164450	-0.013862
164500	0.084120
164550	0.095508
164600	-0.138815
164650	-0.110731
164700	-0.047349
164750	0.026840
164800	0.103552
164850	-0.052821
164900	0.142044
164950	0.111062
165000	0.046830
165050	-0.002386
165100	0.168506
165150	-0.141332
165200	0.245314
165250	0.145489
165300	-0.032262
165350	0.065664
165400	0.026144
165450	0.148821
165500	-0.003683
165550	0.124631
165600	0.128931
165650	0.060378
165700	0.162512
165750	-0.095989
165800	-0.132877
165850	-0.098621
165900	0.016776
165950	-0.201282
166000	-0.088278
166050	0.164118
166100	0.300479
166150	0.058544
166200	0.043099
166250	-0.130268
166300	0.095643
166350	-0.012779
166400	-0.069919
166450	-0.053456
166500	0.113398
166550	-0.079611
166600	-0.012643
166650	0.022810
166700	0.026422
166750	0.051148
166800	0.027416
166850	0.097366
166900	0.031504
166950	0.163923
167000	-0.157731
167050	0.038044
167100	0.021428
167150	0.128860
167200	0.050916
167250	-0.095140
167300	0.090092
167350	0.044176
167400	0.148882
167450	0.012222
167500	0.013708
167550	-0.027895
167600	0.092248
167650	-0.011748
167700	0.099030
167750	-0.141772
167800	-0.146120
167850	0.082299
167900	0.068383
167950	0.104610
168000	0.087076
168050	0.094972
168100	0.054150
168150	0.024511
168200	-0.072926
168250	-0.050329
168300	-0.062830
168350	0.147731
168400	-0.116726
168450	-0.200794
168500	0.104796
168550	0.193207
168600	0.172162
168650	-0.055354
168700	0.181524
168750	0.255216
168800	0.180903
168850	0.050758
168900	0.109455
168950	-0.010421
169000	0.019280
169050	0.025155
169100	-0.046189
169150	0.183532
169200	0.020172
169250	0.029582
169300	-0.024074
169350	-0.176458
169400	0.077259
169450	0.141289
169500	0.137697
169550	0.109809
169600	-0.181067
169650	0.086918
169700	0.107595
169750	-0.026246
169800	-0.168999
169850	-0.017896
169900	0.065252
169950	-0.073050
170000	-0.037331
170050	-0.198647
170100	0.018386
170150	0.269893
170200	0.071800
170250	0.163794
170300	0.190521
170350	-0.038522
170400	-0.114460
170450	-0.260872
170500	-0.133761
170550	0.087108
170600	-0.075828
170650	0.109773
170700	0.036926
170750	0.313659
170800	0.277458
170850	0.004673
170900	0.048088
170950	0.044718
171000	-0.029652
171050	-0.015193
171100	-0.114362
171150	0.029271
171200	-0.068008
171250	0.034085
171300	0.093405
171350	-0.170676
171400	-0.038300
171450	-0.208804
171500	0.143352
171550	-0.179989
171600	0.144385
171650	-0.002349
171700	0.022701
171750	0.161714
171800	-0.059697
171850	0.033326
171900	-0.196612
171950	-0.033991
172000	-0.044791
172050	0.031473
172100	-0.070007
172150	0.155069
172200	0.311891
172250	0.075714
172300	0.330834
172350	0.149134
172400	0.066408
172450	-0.148092
172500	-0.105183
172550	-0.112923
172600	-0.146609
172650	0.016943
172700	-0.007597
172750	0.092513
172800	-0.037040
172850	-0.018456
172900	-0.058607
172950	0.353327
173000	0.039570
173050	0.004164
173100	0.041555
173150	-0.226608
173200	0.132087
173250	0.268063
173300	-0.044277
173350	-0.046503
173400	0.114638
173450	0.015820
173500	-0.088511
173550	0.262292
173600	0.059664
173650	-0.045371
173700	0.223873
173750	-0.048098
173800	0.073071
173850	0.182352
173900	0.145310
173950	-0.019072
174000	0.016909
174050	-0.017487
174100	-0.084840
174150	0.055245
174200	-0.035375
174250	0.049959
174300	0.197645
174350	0.086144
174400	-0.133744
174450	0.210366
174500	-0.150933
174550	0.017886
174600	0.063220
174650	0.115885
174700	-0.174416
174750	0.134977
174800	-0.091044
174850	-0.028822
174900	-0.078123
174950	-0.034028
175000	0.196119
175050	-0.098153
175100	0.008815
175150	0.035708
175200	-0.001721
175250	0.048220
175300	0.226571
175350	-0.056671
175400	0.144451
175450	0.082223
175500	-0.160062
175550	-0.083000
175600	-0.008368
175650	-0.136879
175700	0.307995
175750	0.068574
175800	-0.094227
175850	0.161216
175900	-0.037195
175950	0.115777
176000	-0.095546
176050	-0.126434
176100	-0.033001
176150	0.222595
176200	-0.097123
176250	-0.140677
176300	-0.190933
176350	-0.138044
176400	0.118786
176450	-0.100188
176500	0.196142
176550	0.115311
176600	-0.015570
176650	-0.003494
176700	-0.015368
176750	-0.227306
176800	0.114350
176850	0.175866
176900	-0.142538
176950	-0.114016
177000	-0.200907
177050	0.039686
177100	0.046347
177150	-0.287486
177200	-0.077035
177250	-0.175150
177300	0.079393
177350	-0.055904
177400	0.106147
177450	-0.037865
177500	0.010153
177550	-0.042096
177600	0.153333
177650	-0.127398
177700	-0.018424
177750	-0.056834
177800	0.088389
177850	-0.026307
177900	0.001838
177950	-0.072112
178000	-0.042588
178050	-0.005648
178100	0.032534
178150	-0.004665
178200	0.135926
178250	0.008419
178300	-0.109569
178350	-0.018681
178400	-0.140714
178450	-0.164284
178500	0.057172
178550	0.075334
178600	-0.104218
178650	-0.234511
178700	0.209122
178750	-0.166224
178800	-0.007865
178850	0.048536
178900	0.099141
178950	0.031707
179000	-0.123326
179050	-0.017896
179100	0.114530
179150	0.001231
179200	0.058992
179250	0.145382
179300	-0.162977
179350	-0.093032
179400	-0.014520
179450	-0.027071
179500	-0.105246
179550	0.107089
179600	0.096009
179650	0.081821
179700	-0.022691
179750	-0.190733
179800	-0.082436
179850	-0.101153
179900	-0.107067
179950	-0.012641
180000	-0.113027
180050	-0.128997
180100	-0.163980
180150	-0.054538
180200	-0.053282
180250	0.231936
180300	-0.164375
180350	0.006772
180400	0.154744
180450	-0.053191
180500	0.056878
180550	0.098081
180600	-0.105909
180650	-0.211329
180700	-0.017534
180750	0.077323
180800	-0.168621
180850	-0.068437
180900	0.008848
180950	-0.160156
181000	-0.242187
181050	0.124243
181100	-0.091449
181150	0.092487
181200	0.251156
181250	0.044844
181300	0.250585
181350	0.041033
181400	0.119727
181450	-0.011231
181500	-0.018065
181550	0.079747
181600	0.177228
181650	-0.260212
181700	-0.156399
181750	-0.158932
181800	0.081134
181850	-0.215159
181900	-0.008144
181950	-0.027636
182000	-0.019554
182050	0.281632
182100	0.019550
182150	-0.094770
182200	0.005475
182250	-0.027478
182300	0.033683
182350	0.024091
182400	0.168288
182450	-0.032187
182500	-0.228112
182550	-0.119722
182600	0.116346
182650	0.006962
182700	0.085477
182750	0.048771
182800	0.018065
182850	0.339949
182900	0.052049
182950	0.147129
183000	-0.139684
183050	-0.052787
183100	-0.022673
183150	0.004956
183200	0.053380
183250	-0.112558
183300	0.016979
183350	-0.002052
183400	0.183677
183450	0.036550
183500	-0.071919
183550	0.079619
183600	0.150928
183650	0.177897
183700	0.368787
183750	0.053842
183800	0.001259
183850	-0.078603
183900	0.030508
183950	0.059436
184000	-0.218688
184050	-0.088269
184100	0.027549
184150	0.139137
184200	0.062660
184250	0.088247
184300	-0.037692
184350	0.095681
184400	-0.005658
184450	0.162044
184500	-0.071230
184550	0.199167
184600	-0.124599
184650	-0.059148
184700	0.075360
184750	0.124397
184800	-0.038315
184850	-0.096021
184900	-0.034508
184950	-0.021516
185000	-0.049201
185050	-0.121035
185100	-0.140219
185150	-0.020952
185200	0.102357
185250	0.065297
185300	0.083652
185350	-0.011471
185400	-0.052204
185450	0.188528
185500	0.027675
185550	-0.085910
185600	0.175974
185650	-0.152790
185700	-0.146063
185750	-0.116575
185800	0.049751
185850	0.101127
185900	0.009840
185950	0.069694
186000	0.096514
186050	0.048694
186100	-0.064825
186150	0.179305
186200	-0.113125
186250	0.083096
186300	-0.106106
186350	-0.014909
186400	0.003239
186450	-0.072157
186500	0.042349
186550	-0.185948
186600	0.035336
186650	-0.081298
186700	-0.071658
186750	-0.064250
186800	-0.169997
186850	-0.061712
186900	-0.015346
186950	0.252313
187000	-0.190967
187050	0.073576
187100	0.021169
187150	0.039906
187200	-0.046920
187250	0.260304
187300	0.088397
187350	-0.107812
187400	0.081650
187450	0.097777
187500	-0.003723
187550	-0.102180
187600	-0.145240
187650	-0.053050
187700	-0.256261
187750	0.000795
187800	0.083287
187850	0.069561
187900	0.042579
187950	0.019797
188000	-0.025314
188050	0.098825
188100	-0.162404
188150	0.063134
188200	-0.149770
188250	-0.098995
188300	0.062357
188350	0.035021
188400	0.239581
188450	0.035404
188500	-0.090603
188550	-0.032374
188600	-0.002903
188650	0.269401
188700	0.112897
188750	0.057226
188800	0.008143
188850	0.099335
188900	0.044921
188950	0.045990
189000	0.007270
189050	0.021596
189100	-0.020938
189150	0.175249
189200	0.024715
189250	-0.051440
189300	0.057949
189350	-0.084670
189400	-0.066459
189450	-0.030273
189500	0.094312
189550	0.058809
189600	-0.197219
189650	-0.019904
189700	0.069992
189750	0.161017
189800	-0.195656
189850	0.073337
189900	0.096252
189950	0.135397
190000	-0.022833
190050	0.009874
190100	-0.236188
190150	0.009554
190200	0.116250
190250	-0.063404
190300	0.092121
190350	-0.159076
190400	0.010312
190450	0.081586
190500	0.277987
190550	0.285400
190600	-0.173076
190650	0.020120
190700	0.088828
190750	-0.183817
190800	-0.017120
190850	0.157708
190900	-0.047918
190950	-0.051554
191000	-0.015637
191050	0.137619
191100	0.125651
191150	-0.063302
191200	-0.219771
191250	-0.045015
191300	0.112945
191350	0.104263
191400	-0.088951
191450	0.167270
191500	0.248607
191550	0.234371
191600	0.002194
191650	0.004388
191700	-0.064023
191750	0.268395
191800	0.159812
191850	-0.006646
191900	0.155242
191950	0.210370
192000	-0.096740
192050	-0.144092
192100	-0.131010
192150	0.108672
192200	-0.046329
192250	-0.017877
192300	0.222654
192350	-0.138425
192400	0.096030
192450	0.033959
192500	0.210434
192550	-0.070018
192600	0.112507
192650	0.026566
192700	0.231162
192750	-0.165075
192800	0.076019
192850	0.158062
192900	-0.018225
192950	0.138468
193000	0.123036
193050	-0.116399
193100	-0.177475
193150	0.106350
193200	0.049688
193250	0.093118
193300	-0.127911
193350	-0.077768
193400	0.029076
193450	0.030564
193500	-0.180023
193550	-0.192419
193600	-0.070529
193650	-0.081221
193700	-0.085123
193750	0.140865
193800	-0.135418
193850	0.046925
193900	-0.106365
193950	-0.070135
194000	-0.110339
194050	-0.092776
194100	-0.051675
194150	-0.045234
194200	0.047019
194250	-0.176530
194300	0.049690
194350	0.099618
194400	0.089299
194450	0.069578
194500	-0.139460
194550	0.168892
194600	0.027257
194650	0.092854
194700	0.045337
194750	0.083233
194800	-0.074811
194850	0.186644
194900	-0.039373
194950	0.209489
195000	0.143848
195050	-0.030600
195100	0.213181
195150	0.074741
195200	-0.195561
195250	-0.109586
195300	0.008083
195350	0.067362
195400	0.006044
195450	0.039725
195500	-0.067428
195550	-0.089980
195600	-0.064397
195650	-0.286151
195700	-0.153137
195750	-0.111164
195800	-0.185498
195850	-0.045437
195900	0.001804
195950	0.039663
196000	0.088554
196050	0.063024
196100	0.086020
196150	0.039593
196200	0.226828
196250	-0.105600
196300	0.004739
196350	0.041331
196400	-0.031238
196450	0.129571
196500	0.174222
196550	0.206989
196600	0.031793
196650	0.056058
196700	-0.119587
196750	0.151768
196800	-0.055336
196850	0.018355
196900	-0.110759
196950	0.147245
197000	0.102128
197050	0.069329
197100	0.023984
197150	0.148234
197200	0.050385
197250	0.378070
197300	0.006651
197350	-0.061664
197400	0.037323
197450	-0.021709
197500	-0.067320
197550	-0.105869
197600	-0.108856
197650	-0.005622
197700	-0.011918
197750	-0.138942
197800	0.117412
197850	0.182651
197900	-0.164240
197950	-0.003115
198000	0.129339
198050	0.054100
198100	0.000563
198150	-0.216937
198200	-0.182334
198250	-0.051709
198300	-0.059380
198350	-0.151785
198400	0.029534
198450	-0.134314
198500	-0.013879
198550	0.053383
198600	0.151835
198650	0.022123
198700	-0.034684
198750	0.088151
198800	0.019212
198850	-0.114010
198900	-0.165330
198950	-0.013172
199000	-0.091956
199050	0.012895
199100	0.152154
199150	-0.042049
199200	-0.273206
199250	-0.026959
199300	0.049416
199350	-0.225486
199400	-0.133533
199450	0.110541
199500	0.099949
199550	0.072511
199600	0.036438
199650	-0.020148
199700	0.053084
199750	0.081427
199800	0.074031
199850	-0.055230
199900	-0.194692
199950	0.078866
