0	36.001116
50	2.403940
100	0.746523
150	0.259379
200	0.234010
250	0.232613
300	0.278856
350	0.170583
400	0.078169
450	0.087349
500	0.234025
550	-0.037546
600	0.036959
650	0.261669
700	0.085469
750	0.131619
800	0.243124
850	0.056993
900	0.053214
950	0.143456
1000	0.098117
1050	-0.016508
1100	0.094499
1150	0.147574
1200	0.053125
1250	0.021964
1300	0.230707
1350	0.103484
1400	0.088211
1450	0.241069
1500	0.112938
1550	0.061306
1600	0.203571
1650	0.191531
1700	-0.007858
1750	0.098418
1800	-0.204616
1850	0.040935
1900	0.082008
1950	-0.101478
2000	0.098725
2050	0.029487
2100	0.078450
2150	0.158947
2200	0.034116
2250	0.049154
2300	0.159267
2350	-0.051859
2400	0.039565
2450	-0.044928
2500	0.018871
2550	-0.031741
2600	-0.051940
2650	-0.020329
2700	0.143576
2750	0.132624
2800	0.165680
2850	0.214846
2900	0.226289
2950	0.071074
3000	0.175500
3050	0.107817
3100	0.066524
3150	0.096214
3200	0.082403
3250	0.151621
3300	-0.031997
3350	0.140239
3400	0.138253
3450	-0.114444
3500	-0.017627
3550	-0.089662
3600	-0.040909
3650	0.091955
3700	-0.023911
3750	0.042546
3800	0.060683
3850	-0.023000
3900	0.088585
3950	0.074031
4000	-0.027853
4050	0.037175
4100	0.098627
4150	0.099017
4200	0.078718
4250	0.226006
4300	0.037245
4350	0.078866
4400	0.212089
4450	-0.071009
4500	0.009248
4550	0.087419
4600	0.148758
4650	0.043547
4700	0.090991
4750	0.055502
4800	0.194174
4850	0.094142
4900	0.222790
4950	0.068567
5000	0.102028
5050	-0.045137
5100	0.156065
5150	0.064000
5200	0.008880
5250	-0.029583
5300	0.002676
5350	0.121910
5400	0.190646
5450	-0.090766
5500	0.108682
5550	-0.069536
5600	-0.133311
5650	-0.022110
5700	-0.027524
5750	-0.090278
5800	0.000472
5850	0.124484
5900	0.166847
5950	0.152760
6000	0.027805
6050	-0.031463
6100	0.067789
6150	0.040851
6200	0.020126
6250	0.205600
6300	0.185864
6350	0.084800
6400	0.079959
6450	-0.003791
6500	0.082551
6550	0.013376
6600	0.109169
6650	0.087770
6700	0.014706
6750	-0.058454
6800	-0.019836
6850	-0.013450
6900	0.077538
6950	-0.079113
7000	-0.211468
7050	-0.063836
7100	-0.074951
7150	0.124178
7200	-0.010744
7250	0.098547
7300	-0.034656
7350	0.064715
7400	0.076204
7450	-0.050864
7500	-0.074095
7550	0.112530
7600	0.185704
7650	0.086060
7700	0.341568
7750	-0.016288
7800	0.015492
7850	0.133210
7900	0.073463
7950	0.147038
8000	0.077547
8050	0.010878
8100	-0.089271
8150	-0.070824
8200	0.070624
8250	0.148705
8300	-0.087795
8350	-0.062830
8400	-0.096132
8450	-0.088837
8500	0.016550
8550	0.122437
8600	0.137804
8650	0.078138
8700	0.066661
8750	0.108704
8800	0.032651
8850	-0.154086
8900	-0.041729
8950	0.038268
9000	-0.054517
9050	0.070710
9100	-0.024999
9150	0.298365
9200	0.141851
9250	0.122918
9300	0.116828
9350	0.267955
9400	-0.047142
9450	0.102866
9500	0.168046
9550	-0.004797
9600	-0.039221
9650	0.056738
9700	0.084469
9750	-0.036864
9800	0.070504
9850	0.121611
9900	0.134758
9950	0.005400
10000	-0.053675
10050	0.050303
10100	0.068621
10150	0.103962
10200	0.052556
10250	-0.090978
10300	-0.068140
10350	0.005761
10400	-0.075952
10450	-0.023238
10500	-0.087107
10550	0.080136
10600	0.029623
10650	-0.036050
10700	0.121214
10750	0.154415
10800	0.101517
10850	0.025638
10900	0.088482
10950	-0.023717
11000	0.148617
11050	0.029804
11100	-0.012775
11150	0.150490
11200	0.095924
11250	0.068401
11300	0.031604
11350	0.111624
11400	-0.070600
11450	-0.072883
11500	0.067445
11550	0.057583
11600	0.128310
11650	-0.153976
11700	0.025337
11750	0.103355
11800	-0.002111
11850	-0.046708
11900	-0.094767
11950	-0.028400
12000	0.022795
12050	0.101625
12100	0.005773
12150	-0.009662
12200	-0.065555
12250	-0.094018
12300	0.217168
12350	-0.027947
12400	-0.085791
12450	0.049112
12500	-0.028704
12550	0.068838
12600	0.111793
12650	0.047571
12700	-0.050258
12750	-0.122266
12800	-0.002953
12850	0.173486
12900	-0.045006
12950	-0.060260
13000	-0.004930
13050	0.013369
13100	0.015803
13150	-0.093266
13200	-0.009112
13250	-0.282986
13300	0.095473
13350	-0.059959
13400	-0.020601
13450	-0.016121
13500	0.166630
13550	-0.037306
13600	-0.055335
13650	-0.024337
13700	-0.015884
13750	0.008866
13800	0.110057
13850	0.021597
13900	-0.055612
13950	0.099009
14000	-0.049663
14050	-0.089054
14100	-0.062941
14150	-0.075196
14200	-0.273240
14250	-0.009483
14300	-0.003952
14350	-0.064280
14400	0.065085
14450	-0.024330
14500	-0.002404
14550	0.039642
14600	-0.038678
14650	-0.015389
14700	-0.017923
14750	-0.084424
14800	0.040861
14850	0.073494
14900	0.042142
14950	0.187231
15000	-0.107637
15050	0.096554
15100	-0.059723
15150	0.092712
15200	0.181976
15250	-0.000573
15300	0.171597
15350	-0.049626
15400	0.039263
15450	-0.175694
15500	0.182944
15550	0.063017
15600	-0.000780
15650	-0.103240
15700	0.053342
15750	0.028006
15800	0.203159
15850	-0.043890
15900	0.069748
15950	0.050346
16000	0.101565
16050	0.059627
16100	0.213488
16150	0.058994
16200	0.074322
16250	0.086718
16300	0.044164
16350	-0.084468
16400	0.117338
16450	0.110573
16500	-0.234194
16550	-0.093449
16600	0.024000
16650	0.049069
16700	0.037656
16750	-0.019951
16800	-0.018789
16850	0.093861
16900	0.026318
16950	0.054130
17000	-0.139181
17050	0.239709
17100	-0.005414
17150	0.135879
17200	-0.147670
17250	0.095423
17300	-0.068697
17350	0.042608
17400	0.208017
17450	0.041099
17500	0.088289
17550	0.046762
17600	-0.023307
17650	0.026672
17700	0.032228
17750	0.084789
17800	0.033027
17850	-0.107214
17900	0.045255
17950	-0.082966
18000	-0.008100
18050	0.017619
18100	-0.006818
18150	-0.073890
18200	0.098808
18250	-0.164487
18300	0.221447
18350	0.090045
18400	0.048290
18450	0.011115
18500	0.063508
18550	0.281576
18600	0.184092
18650	0.017027
18700	0.130898
18750	-0.081259
18800	-0.183322
18850	-0.018882
18900	0.000247
18950	-0.164664
19000	-0.076770
19050	-0.117938
19100	-0.200459
19150	0.012559
19200	-0.022939
19250	-0.155980
19300	0.013370
19350	0.086710
19400	0.052440
19450	-0.044922
19500	-0.100472
19550	0.005022
19600	0.049564
19650	0.162229
19700	0.061872
19750	0.055553
19800	0.107090
19850	0.159950
19900	0.097002
19950	0.000482
20000	-0.014334
20050	-0.034355
20100	-0.040288
20150	-0.110025
20200	0.009650
20250	0.000338
20300	-0.119791
20350	0.105164
20400	-0.070433
20450	0.008987
20500	0.062114
20550	0.131761
20600	0.128257
20650	0.006532
20700	-0.072912
20750	-0.070233
20800	0.060868
20850	-0.035008
20900	-0.009500
20950	0.107280
21000	0.074587
21050	0.103270
21100	0.037296
21150	0.031528
21200	-0.038659
21250	0.037238
21300	-0.169100
21350	-0.058615
21400	-0.015531
21450	0.066983
21500	0.043289
21550	0.154881
21600	0.110620
21650	0.089783
21700	0.121350
21750	-0.065065
21800	0.018540
21850	-0.090776
21900	-0.032276
21950	-0.085999
22000	0.205890
22050	-0.063215
22100	-0.025808
22150	-0.230894
22200	0.010450
22250	-0.023570
22300	-0.002574
22350	0.271197
22400	-0.039973
22450	0.009140
22500	0.054083
22550	-0.057012
22600	0.153972
22650	0.001966
22700	0.111710
22750	-0.021822
22800	-0.038730
22850	-0.048907
22900	-0.007929
22950	-0.025361
23000	0.047241
23050	-0.101692
23100	-0.216903
23150	0.067252
23200	-0.086749
23250	-0.131698
23300	-0.064145
23350	0.006195
23400	-0.166504
23450	0.142200
23500	-0.060759
23550	-0.160639
23600	-0.120254
23650	0.149412
23700	0.232417
23750	0.096669
23800	-0.110881
23850	-0.001100
23900	0.162706
23950	0.075081
24000	0.126183
24050	0.003292
24100	-0.114836
24150	-0.102802
24200	-0.038975
24250	-0.070247
24300	0.030391
24350	-0.154511
24400	-0.097092
24450	-0.152106
24500	0.019680
24550	-0.032411
24600	0.103739
24650	0.116626
24700	0.002441
24750	-0.025303
24800	-0.097136
24850	0.191065
24900	-0.187955
24950	-0.031028
25000	0.050443
25050	-0.047450
25100	0.041848
25150	0.045557
25200	0.029186
25250	-0.013604
25300	0.057011
25350	-0.061878
25400	0.014259
25450	0.115110
25500	-0.015681
25550	0.024761
25600	-0.029385
25650	0.135068
25700	0.109078
25750	-0.114780
25800	-0.101356
25850	0.060666
25900	0.056162
25950	0.161405
26000	-0.157157
26050	-0.090633
26100	0.099005
26150	0.124400
26200	0.005957
26250	0.023099
26300	-0.115981
26350	-0.038113
26400	0.085868
26450	0.225481
26500	0.070274
26550	0.133336
26600	0.027672
26650	0.012677
26700	0.099619
26750	0.077750
26800	0.077241
26850	-0.061340
26900	-0.009831
26950	0.134400
27000	0.015708
27050	0.029788
27100	-0.003485
27150	0.189594
27200	-0.062203
27250	-0.156347
27300	0.026434
27350	0.082363
27400	0.024857
27450	-0.084526
27500	-0.020218
27550	-0.127365
27600	0.145641
27650	0.025932
27700	-0.235742
27750	-0.040332
27800	-0.211842
27850	-0.207922
27900	-0.025073
27950	-0.025387
28000	-0.028645
28050	-0.110926
28100	0.138103
28150	0.073465
28200	-0.024516
28250	0.040866
28300	-0.017133
28350	0.025276
28400	0.155972
28450	-0.014957
28500	-0.033535
28550	0.032924
28600	0.137763
28650	-0.045969
28700	-0.076148
28750	0.045881
28800	-0.013477
28850	0.015833
28900	0.147185
28950	0.146478
29000	0.067947
29050	0.027681
29100	-0.060606
29150	0.104004
29200	-0.178973
29250	0.004307
29300	-0.002048
29350	0.097225
29400	-0.044164
29450	-0.121506
29500	0.050614
29550	0.053135
29600	-0.129890
29650	0.135685
29700	0.028193
29750	0.042593
29800	-0.014448
29850	0.103325
29900	0.162877
29950	0.005194
30000	-0.004221
30050	-0.065088
30100	-0.084444
30150	-0.068699
30200	0.095010
30250	-0.020769
30300	-0.004353
30350	-0.097998
30400	0.129420
30450	0.051137
30500	-0.099841
30550	0.038479
30600	-0.073970
30650	-0.185182
30700	0.086120
30750	-0.013535
30800	-0.171565
30850	0.036361
30900	0.035236
30950	0.003621
31000	0.031359
31050	-0.083157
31100	0.068330
31150	-0.030526
31200	0.004457
31250	-0.185860
31300	0.030582
31350	0.002833
31400	-0.080197
31450	-0.054611
31500	-0.021931
31550	-0.128414
31600	0.007872
31650	-0.079295
31700	0.021992
31750	0.008810
31800	-0.113322
31850	-0.048350
31900	-0.101018
31950	0.009166
32000	0.129464
32050	-0.014405
32100	0.091956
32150	-0.114319
32200	0.090318
32250	0.043521
32300	0.023873
32350	0.089221
32400	-0.004610
32450	-0.015273
32500	0.058068
32550	0.035499
32600	0.159189
32650	0.173607
32700	0.038246
32750	0.053332
32800	0.045930
32850	0.257117
32900	0.098657
32950	-0.069831
33000	0.205806
33050	0.349380
33100	0.028850
33150	0.070921
33200	-0.012594
33250	-0.253562
33300	-0.157673
33350	-0.117486
33400	-0.012367
33450	0.038752
33500	0.205268
33550	0.012331
33600	0.174751
33650	-0.121256
33700	-0.053510
33750	-0.025049
33800	0.021082
33850	-0.196312
33900	-0.031709
33950	-0.012563
34000	-0.082594
34050	-0.071113
34100	-0.041773
34150	-0.048039
34200	0.025468
34250	-0.036670
34300	0.185925
34350	-0.079045
34400	0.336111
34450	0.250754
34500	0.082685
34550	0.056254
34600	0.075038
34650	0.165384
34700	-0.064311
34750	-0.048460
34800	0.110498
34850	0.048965
34900	0.036202
34950	-0.065122
35000	0.094699
35050	-0.134547
35100	0.074233
35150	-0.027015
35200	-0.065307
35250	0.133667
35300	0.071191
35350	0.114122
35400	0.034420
35450	0.172609
35500	0.114622
35550	-0.128605
35600	0.024580
35650	0.181609
35700	0.091186
35750	0.036021
35800	0.174151
35850	0.000022
35900	-0.028249
35950	-0.002471
36000	-0.073139
36050	0.041540
36100	0.007298
36150	0.040019
36200	0.107929
36250	-0.098582
36300	0.178203
36350	0.101372
36400	-0.043002
36450	0.111659
36500	-0.074367
36550	-0.091508
36600	-0.015271
36650	0.057707
36700	0.067248
36750	0.127524
36800	-0.028261
36850	0.079129
36900	-0.033916
36950	0.018824
37000	0.075803
37050	-0.036391
37100	0.023304
37150	0.117631
37200	0.142755
37250	-0.014613
37300	0.172815
37350	0.042120
37400	0.050845
37450	0.045215
37500	0.139652
37550	0.026716
37600	0.049512
37650	0.025927
37700	0.179598
37750	0.074354
37800	0.082834
37850	0.026901
37900	-0.113168
37950	0.085388
38000	0.039655
38050	-0.018893
38100	0.184710
38150	0.064741
38200	-0.073134
38250	-0.004425
38300	-0.029313
38350	0.113622
38400	0.084640
38450	0.098425
38500	0.109896
38550	0.167417
38600	-0.056888
38650	0.171571
38700	0.065083
38750	0.110172
38800	-0.099146
38850	0.077019
38900	-0.044118
38950	-0.018529
39000	-0.093381
39050	0.084460
39100	0.139500
39150	-0.005518
39200	0.033036
39250	0.019969
39300	-0.055285
39350	0.147927
39400	-0.114826
39450	-0.132153
39500	-0.008833
39550	0.003846
39600	0.058882
39650	0.114475
39700	0.164828
39750	-0.108072
39800	0.144568
39850	0.004852
39900	-0.239788
39950	-0.098416
40000	-0.132447
40050	0.013068
40100	0.037697
40150	-0.199749
40200	-0.113799
40250	0.191619
40300	-0.118668
40350	0.118396
40400	0.164834
40450	-0.084722
40500	-0.049248
40550	0.056656
40600	0.114398
40650	-0.034768
40700	0.027123
40750	0.085561
40800	0.071127
40850	-0.118477
40900	0.062262
40950	0.088690
41000	0.019666
41050	0.096959
41100	-0.051660
41150	-0.241577
41200	0.095761
41250	-0.037996
41300	0.073704
41350	0.130016
41400	0.047637
41450	0.139627
41500	0.109693
41550	0.036068
41600	0.041632
41650	0.140717
41700	0.116011
41750	0.019272
41800	0.044815
41850	-0.030481
41900	-0.186570
41950	-0.121343
42000	0.113649
42050	0.113976
42100	-0.026794
42150	0.062302
42200	-0.028833
42250	0.042258
42300	0.122735
42350	0.045042
42400	-0.013454
42450	0.169415
42500	-0.056840
42550	-0.168186
42600	-0.222649
42650	-0.039320
42700	0.189926
42750	0.004481
42800	-0.193202
42850	0.066704
42900	0.074359
42950	-0.187832
43000	0.080031
43050	0.158699
43100	0.035563
43150	-0.160788
43200	0.036143
43250	0.200446
43300	-0.027839
43350	0.051902
43400	-0.032100
43450	-0.154249
43500	-0.099112
43550	-0.202760
43600	-0.032143
43650	-0.032571
43700	-0.010191
43750	0.108803
43800	0.009206
43850	0.080446
43900	-0.046321
43950	0.046907
44000	0.105591
44050	-0.039014
44100	0.186662
44150	-0.143758
44200	-0.117217
44250	-0.010249
44300	-0.078269
44350	0.104883
44400	-0.082200
44450	0.098791
44500	0.066680
44550	0.059454
44600	-0.037613
44650	-0.070486
44700	-0.145412
44750	-0.101068
44800	-0.172907
44850	-0.047383
44900	-0.068262
44950	0.047400
45000	0.055930
45050	-0.030419
45100	0.062106
45150	-0.008010
45200	0.077315
45250	0.169449
45300	0.159802
45350	-0.074112
45400	0.056947
45450	-0.043929
45500	-0.069493
45550	-0.187333
45600	-0.179823
45650	-0.130318
45700	-0.080006
45750	0.022314
45800	-0.028881
45850	-0.122988
45900	-0.107180
45950	0.083250
46000	0.029207
46050	0.042887
46100	-0.045531
46150	0.018100
46200	0.007281
46250	-0.004924
46300	-0.027876
46350	0.190850
46400	-0.042508
46450	0.251214
46500	0.142847
46550	0.069238
46600	0.036567
46650	0.071680
46700	-0.077981
46750	0.055818
46800	0.025909
46850	0.053207
46900	-0.099707
46950	0.210818
47000	0.131328
47050	-0.047610
47100	-0.127373
47150	-0.002762
47200	-0.001186
47250	0.170525
47300	-0.020720
47350	-0.167670
47400	-0.187898
47450	-0.068526
47500	-0.000609
47550	-0.033228
47600	0.111217
47650	-0.038873
47700	-0.316500
47750	0.087911
47800	-0.121804
47850	0.062513
47900	-0.084112
47950	0.068424
48000	0.121547
48050	-0.049252
48100	0.263221
48150	-0.041816
48200	0.076485
48250	-0.142247
48300	0.001474
48350	0.093227
48400	0.005101
48450	0.031422
48500	-0.058742
48550	-0.003846
48600	0.247736
48650	0.151935
48700	0.105270
48750	-0.022150
48800	-0.045628
48850	0.086832
48900	-0.078600
48950	-0.024947
49000	-0.015427
49050	-0.062370
49100	0.000424
49150	0.081569
49200	0.111810
49250	0.083182
49300	-0.095413
49350	-0.042364
49400	-0.071149
49450	-0.046473
49500	0.106027
49550	-0.009693
49600	-0.020587
49650	-0.161578
49700	0.099663
49750	-0.009274
49800	-0.100274
49850	0.061138
49900	-0.121400
49950	-0.017113
50000	0.086817
50050	-0.115507
50100	-0.006721
50150	0.019873
50200	0.183339
50250	0.139735
50300	0.009394
50350	0.043769
50400	0.137663
50450	0.051972
50500	0.164420
50550	0.146748
50600	0.226947
50650	0.099251
50700	0.067886
50750	0.034319
50800	0.129232
50850	0.054674
50900	0.198293
50950	0.138011
51000	-0.128384
51050	-0.103972
51100	0.120439
51150	0.090662
51200	0.003725
51250	0.078724
51300	-0.022200
51350	0.053782
51400	0.098059
51450	0.054043
51500	0.127278
51550	0.111324
51600	0.154650
51650	-0.007760
51700	0.097213
51750	0.254098
51800	0.114589
51850	0.073932
51900	-0.077995
51950	-0.045087
52000	0.096485
52050	0.164130
52100	-0.045152
52150	0.057182
52200	-0.111374
52250	-0.094315
52300	-0.103276
52350	0.061989
52400	0.121981
52450	0.031249
52500	-0.043682
52550	0.022632
52600	0.097239
52650	-0.100839
52700	0.164473
52750	-0.082791
52800	0.102485
52850	-0.136220
52900	0.048461
52950	-0.001865
53000	-0.007512
53050	0.038104
53100	-0.053342
53150	-0.096142
53200	-0.125325
53250	-0.010329
53300	0.194771
53350	0.218495
53400	0.052669
53450	-0.097284
53500	-0.112702
53550	-0.185294
53600	0.047258
53650	0.044784
53700	-0.098374
53750	-0.081699
53800	0.096461
53850	-0.075609
53900	0.123986
53950	-0.035207
54000	0.166895
54050	0.016651
54100	0.126390
54150	-0.118136
54200	-0.054884
54250	-0.213753
54300	0.051789
54350	0.075476
54400	-0.221673
54450	-0.100049
54500	-0.107435
54550	0.213975
54600	0.135215
54650	-0.074787
54700	-0.050412
54750	0.049074
54800	0.103254
54850	0.076665
54900	0.089176
54950	-0.084480
55000	-0.127521
55050	-0.008275
55100	-0.005477
55150	0.029682
55200	-0.106763
55250	-0.021717
55300	-0.144846
55350	-0.039303
55400	-0.105177
55450	-0.018785
55500	0.095833
55550	0.113361
55600	0.050940
55650	-0.046583
55700	0.129937
55750	-0.004405
55800	-0.028804
55850	-0.031431
55900	-0.053689
55950	0.092874
56000	0.050548
56050	0.107914
56100	0.102555
56150	-0.000397
56200	0.100689
56250	-0.211306
56300	-0.140458
56350	-0.012493
56400	-0.066360
56450	-0.012495
56500	-0.022134
56550	0.069034
56600	-0.150006
56650	0.092583
56700	0.109554
56750	0.030587
56800	0.100707
56850	-0.076056
56900	0.041296
56950	-0.040287
57000	0.135171
57050	-0.096769
57100	0.032046
57150	0.222351
57200	0.082226
57250	0.019546
57300	-0.062012
57350	0.036152
57400	-0.073098
57450	-0.155831
57500	-0.084840
57550	0.122405
57600	-0.015762
57650	-0.214163
57700	-0.004179
57750	-0.063445
57800	-0.015733
57850	0.152936
57900	-0.117581
57950	0.081340
58000	-0.064615
58050	-0.031340
58100	0.011093
58150	0.114369
58200	0.050473
58250	0.078671
58300	0.120537
58350	0.021989
58400	-0.023037
58450	0.037493
58500	-0.171137
58550	-0.147268
58600	-0.231922
58650	-0.170346
58700	0.024977
58750	-0.169012
58800	-0.032593
58850	0.053441
58900	-0.128754
58950	-0.009115
59000	0.070664
59050	0.002328
59100	0.073364
59150	0.209637
59200	0.281295
59250	0.125517
59300	-0.064549
59350	-0.007333
59400	0.034181
59450	-0.114569
59500	-0.048843
59550	0.016294
59600	-0.065503
59650	0.118549
59700	-0.015781
59750	-0.066012
59800	0.001175
59850	-0.008738
59900	0.205134
59950	0.334206
60000	0.088882
60050	0.083208
60100	0.025501
60150	0.001150
60200	-0.102231
60250	-0.202542
60300	-0.090239
60350	-0.137694
60400	-0.072518
60450	0.151323
60500	-0.212690
60550	-0.100010
60600	0.005983
60650	-0.094352
60700	-0.134158
60750	0.022619
60800	0.083776
60850	-0.087448
60900	-0.267196
60950	-0.108616
61000	-0.133032
61050	0.246524
61100	-0.000031
61150	0.099323
61200	0.088041
61250	0.040903
61300	0.158636
61350	-0.006489
61400	0.068753
61450	0.082335
61500	-0.032742
61550	0.118242
61600	0.239088
61650	0.039487
61700	0.221492
61750	-0.005227
61800	0.061845
61850	-0.085765
61900	0.134987
61950	0.056325
62000	0.294920
62050	0.059446
62100	-0.156486
62150	-0.212501
62200	-0.070765
62250	-0.056741
62300	0.065289
62350	-0.195981
62400	-0.049335
62450	0.202419
62500	0.188929
62550	0.021555
62600	-0.118550
62650	-0.077523
62700	-0.064008
62750	0.114051
62800	0.045483
62850	0.006696
62900	-0.233702
62950	0.064428
63000	-0.209960
63050	0.049441
63100	0.032166
63150	0.001248
63200	0.011313
63250	0.166519
63300	-0.011811
63350	-0.072409
63400	-0.012329
63450	0.144815
63500	0.089259
63550	-0.051844
63600	0.050272
63650	-0.076207
63700	-0.193070
63750	-0.009893
63800	0.092075
63850	-0.035371
63900	0.107003
63950	-0.004737
64000	-0.022550
64050	-0.003049
64100	-0.043249
64150	-0.039785
64200	0.105549
64250	0.240511
64300	0.121857
64350	-0.084170
64400	-0.029713
64450	0.108836
64500	-0.050621
64550	0.242300
64600	0.130455
64650	0.122752
64700	0.004438
64750	0.121479
64800	0.104006
64850	0.071602
64900	-0.075634
64950	0.034455
65000	0.031109
65050	0.004136
65100	-0.108737
65150	0.046663
65200	-0.049254
65250	0.219878
65300	-0.100390
65350	0.009750
65400	0.039483
65450	0.003927
65500	-0.060133
65550	0.037723
65600	0.198197
65650	-0.024055
65700	0.026781
65750	-0.137438
65800	0.053857
65850	-0.164496
65900	-0.026619
65950	0.020426
66000	-0.010979
66050	-0.138933
66100	0.017036
66150	0.088836
66200	-0.021298
66250	-0.170288
66300	-0.164413
66350	-0.087175
66400	0.035083
66450	-0.049304
66500	0.308312
66550	-0.098279
66600	0.113191
66650	0.111341
66700	0.053409
66750	0.091892
66800	0.126519
66850	-0.085532
66900	0.047283
66950	-0.059955
67000	0.037943
67050	0.031290
67100	-0.171714
67150	-0.096837
67200	-0.080836
67250	0.036337
67300	-0.056657
67350	0.056585
67400	0.104951
67450	-0.083519
67500	0.072077
67550	-0.101223
67600	-0.025809
67650	0.067182
67700	0.080420
67750	0.099133
67800	0.088994
67850	0.215785
67900	0.013350
67950	0.077753
68000	0.028765
68050	0.100679
68100	-0.284519
68150	-0.160057
68200	-0.073991
68250	0.012148
68300	-0.004958
68350	0.040750
68400	-0.064818
68450	0.157867
68500	0.081122
68550	0.119427
68600	0.120412
68650	0.103573
68700	0.386616
68750	-0.064285
68800	0.132859
68850	0.066268
68900	-0.051378
68950	0.084296
69000	0.043760
69050	0.009741
69100	-0.081706
69150	0.274244
69200	0.052286
69250	0.000121
69300	0.025296
69350	0.004295
69400	-0.092743
69450	0.102199
69500	0.040893
69550	0.018070
69600	0.034727
69650	0.187834
69700	0.224339
69750	-0.202908
69800	0.020326
69850	0.110830
69900	-0.018240
69950	0.198722
70000	0.160888
70050	0.041162
70100	0.014948
70150	0.019590
70200	0.072288
70250	0.018466
70300	0.064658
70350	0.240924
70400	-0.023475
70450	0.120979
70500	0.021568
70550	-0.071372
70600	0.009048
70650	0.077281
70700	0.155783
70750	0.090632
70800	0.020148
70850	0.101217
70900	0.158328
70950	-0.076457
71000	0.028597
71050	0.140204
71100	0.026138
71150	0.125237
71200	0.073205
71250	0.170442
71300	-0.096840
71350	0.064208
71400	-0.034674
71450	-0.047108
71500	-0.042044
71550	0.017573
71600	-0.073509
71650	0.052250
71700	0.059474
71750	-0.059765
71800	-0.032510
71850	0.090686
71900	-0.175350
71950	-0.118192
72000	0.045496
72050	-0.147241
72100	-0.148701
72150	-0.052407
72200	0.025495
72250	0.009019
72300	-0.084681
72350	0.029511
72400	0.138860
72450	0.148836
72500	0.009528
72550	0.062153
72600	-0.167163
72650	0.007328
72700	0.074458
72750	0.048886
72800	0.119019
72850	0.116863
72900	0.058964
72950	-0.139246
73000	-0.175653
73050	0.071729
73100	-0.042968
73150	0.043910
73200	0.058332
73250	0.007201
73300	0.059230
73350	-0.093516
73400	0.096784
73450	-0.039990
73500	0.049335
73550	0.118959
73600	-0.063380
73650	-0.166733
73700	-0.022453
73750	-0.135654
73800	-0.134315
73850	-0.098589
73900	0.099596
73950	-0.044323
74000	0.027120
74050	0.138330
74100	0.133065
74150	-0.039674
74200	-0.182653
74250	-0.038772
74300	0.020655
74350	-0.114369
74400	-0.182852
74450	0.169988
74500	0.042767
74550	-0.050098
74600	0.253606
74650	0.088917
74700	-0.081077
74750	-0.017821
74800	0.030547
74850	-0.159503
74900	-0.043279
74950	-0.112381
75000	0.121535
75050	0.071618
75100	0.101001
75150	0.060220
75200	0.038182
75250	-0.010390
75300	0.082287
75350	-0.032882
75400	0.261400
75450	-0.117378
75500	0.046973
75550	-0.045298
75600	-0.078965
75650	-0.052954
75700	-0.091282
75750	0.139709
75800	-0.008429
75850	0.009944
75900	0.103616
75950	-0.134972
76000	-0.074102
76050	0.034154
76100	-0.015323
76150	-0.066219
76200	-0.113300
76250	0.002503
76300	-0.025552
76350	0.019918
76400	0.149352
76450	-0.188160
76500	0.222314
76550	0.063307
76600	0.053064
76650	-0.310555
76700	0.129102
76750	0.062071
76800	-0.134532
76850	-0.027521
76900	0.040208
76950	0.066945
77000	0.196672
77050	0.105955
77100	-0.153008
77150	0.045516
77200	-0.071378
77250	-0.122006
77300	-0.035944
77350	-0.143046
77400	-0.090473
77450	-0.103159
77500	0.000572
77550	-0.123274
77600	-0.082116
77650	0.017327
77700	-0.095240
77750	-0.076800
77800	-0.034908
77850	0.016148
77900	-0.057959
77950	0.196048
78000	0.110226
78050	0.128268
78100	-0.063927
78150	-0.012424
78200	-0.039637
78250	0.125533
78300	-0.270771
78350	0.041076
78400	0.086220
78450	0.080227
78500	-0.098510
78550	0.062877
78600	0.078283
78650	0.248357
78700	-0.072377
78750	0.058748
78800	0.077575
78850	-0.033253
78900	0.098831
78950	0.060694
79000	0.119047
79050	0.007328
79100	-0.067176
79150	-0.035297
79200	0.006914
79250	-0.010316
79300	-0.130385
79350	0.130474
79400	0.161270
79450	-0.018681
79500	-0.197444
79550	0.006870
79600	-0.014288
79650	-0.045568
79700	0.036975
79750	0.134879
79800	-0.018230
79850	0.026177
79900	-0.033930
79950	0.136692
80000	-0.031478
80050	-0.011727
80100	0.158442
80150	-0.041182
80200	0.138168
80250	-0.007503
80300	-0.002553
80350	0.024368
80400	-0.031324
80450	-0.048611
80500	0.027753
80550	-0.024385
80600	-0.127051
80650	0.119492
80700	0.082700
80750	0.050946
80800	-0.164102
80850	0.003272
80900	0.000151
80950	-0.094184
81000	0.015202
81050	-0.124276
81100	-0.031716
81150	-0.027373
81200	-0.045880
81250	0.113956
81300	0.087160
81350	0.120726
81400	0.117076
81450	-0.017702
81500	0.121082
81550	-0.031418
81600	0.015083
81650	-0.132284
81700	0.015762
81750	-0.107730
81800	-0.162486
81850	-0.019080
81900	-0.041645
81950	0.085428
82000	0.054902
82050	0.101784
82100	-0.055179
82150	-0.028873
82200	0.052409
82250	0.157571
82300	-0.099740
82350	0.005380
82400	-0.020162
82450	0.051518
82500	-0.164767
82550	0.057318
82600	0.067639
82650	0.046442
82700	0.013356
82750	0.011960
82800	0.002717
82850	0.211650
82900	0.111462
82950	-0.005068
83000	0.126656
83050	-0.013939
83100	0.250710
83150	-0.090336
83200	0.096895
83250	0.040395
83300	-0.115391
83350	0.069510
83400	0.039914
83450	-0.073520
83500	-0.088360
83550	0.056416
83600	0.196771
83650	-0.076665
83700	-0.060922
83750	0.080887
83800	0.083296
83850	-0.020443
83900	0.139165
83950	-0.189085
84000	-0.068480
84050	0.048403
84100	-0.010486
84150	0.167116
84200	-0.023443
84250	-0.154911
84300	0.135721
84350	-0.099197
84400	0.180005
84450	0.102291
84500	0.063480
84550	-0.027372
84600	0.206002
84650	-0.009305
84700	-0.096023
84750	0.142497
84800	-0.050325
84850	-0.117215
84900	-0.086103
84950	-0.080555
85000	-0.013627
85050	-0.027097
85100	-0.005207
85150	-0.018403
85200	0.039838
85250	0.018713
85300	0.115381
85350	-0.048311
85400	0.193909
85450	0.049599
85500	-0.105398
85550	0.108189
85600	-0.107408
85650	-0.064638
85700	0.038710
85750	-0.067329
85800	-0.087773
85850	-0.006192
85900	-0.003518
85950	0.161906
86000	-0.018696
86050	0.221003
86100	0.154723
86150	0.119852
86200	-0.056996
86250	-0.214392
86300	0.207416
86350	0.030606
86400	0.140125
86450	-0.048304
86500	0.018593
86550	0.090874
86600	0.070680
86650	0.021012
86700	0.072854
86750	0.119963
86800	0.055548
86850	0.018496
86900	0.056522
86950	-0.025120
87000	-0.015559
87050	0.052209
87100	-0.034959
87150	0.182464
87200	0.009733
87250	0.087899
87300	0.093327
87350	-0.117475
87400	0.092793
87450	-0.065476
87500	-0.105762
87550	-0.146999
87600	0.151787
87650	-0.093333
87700	0.009203
87750	-0.038607
87800	-0.075161
87850	0.012674
87900	-0.078716
87950	0.067503
88000	-0.078244
88050	0.016853
88100	0.024119
88150	0.053140
88200	0.022701
88250	0.017545
88300	0.087675
88350	0.100140
88400	0.109958
88450	0.081641
88500	0.145424
88550	-0.018555
88600	0.019490
88650	-0.049443
88700	0.018240
88750	0.020371
88800	-0.128599
88850	-0.088934
88900	-0.231511
88950	-0.019680
89000	-0.118148
89050	0.069940
89100	-0.090681
89150	-0.216542
89200	0.033978
89250	-0.080451
89300	0.081192
89350	-0.049319
89400	0.142419
89450	-0.122368
89500	-0.035555
89550	0.054534
89600	0.167758
89650	0.071657
89700	-0.129285
89750	-0.061163
89800	-0.089205
89850	-0.208782
89900	-0.090807
89950	0.042594
90000	0.008063
90050	0.110122
90100	-0.031672
90150	-0.124236
90200	-0.148973
90250	-0.155403
90300	-0.087708
90350	0.095597
90400	-0.082051
90450	0.187263
90500	-0.187576
90550	0.045608
90600	-0.089582
90650	0.121803
90700	0.058387
90750	-0.187701
90800	0.037975
90850	-0.101229
90900	-0.001695
90950	-0.123767
91000	-0.016237
91050	0.112618
91100	-0.003249
91150	-0.048742
91200	-0.106146
91250	0.118636
91300	0.107522
91350	0.034730
91400	0.107557
91450	-0.056470
91500	0.025823
91550	-0.094404
91600	0.121582
91650	-0.129871
91700	-0.087897
91750	0.120646
91800	0.066896
91850	0.086402
91900	-0.011850
91950	-0.043647
92000	-0.048038
92050	0.018863
92100	-0.144057
92150	-0.126656
92200	-0.154048
92250	0.052532
92300	-0.015699
92350	-0.071036
92400	0.041616
92450	-0.037286
92500	-0.074774
92550	0.142167
92600	-0.106319
92650	0.173421
92700	0.133247
92750	0.028906
92800	0.059495
92850	0.224354
92900	-0.215317
92950	0.038622
93000	0.065123
93050	0.039352
93100	0.039240
93150	-0.020060
93200	-0.134716
93250	-0.109015
93300	-0.082981
93350	-0.085534
93400	0.069215
93450	0.074822
93500	-0.172925
93550	-0.026425
93600	-0.082813
93650	-0.006194
93700	-0.084165
93750	0.084010
93800	-0.074607
93850	0.106411
93900	-0.096269
93950	0.186291
94000	-0.030216
94050	-0.048144
94100	-0.029731
94150	0.022270
94200	0.009399
94250	0.123655
94300	-0.017464
94350	0.009360
94400	0.124421
94450	0.037240
94500	0.084736
94550	-0.011239
94600	0.012089
94650	0.195625
94700	-0.031001
94750	0.085008
94800	-0.068134
94850	0.088076
94900	0.134217
94950	-0.006799
95000	0.139872
95050	0.045821
95100	0.088908
95150	-0.140223
95200	-0.211994
95250	0.004722
95300	0.093614
95350	0.130180
95400	-0.161042
95450	-0.025987
95500	0.053354
95550	-0.016509
95600	0.048144
95650	-0.041911
95700	-0.020205
95750	0.096597
95800	0.039633
95850	-0.034862
95900	-0.046687
95950	-0.144949
96000	-0.135719
96050	-0.122678
96100	0.095052
96150	-0.089268
96200	0.071492
96250	0.006990
96300	0.084471
96350	0.141630
96400	0.076169
96450	0.012797
96500	0.056010
96550	-0.094624
96600	-0.021809
96650	0.132891
96700	0.060053
96750	-0.001200
96800	-0.045987
96850	-0.046534
96900	0.209163
96950	0.080173
97000	0.131865
97050	-0.062712
97100	-0.029420
97150	-0.001893
97200	0.017205
97250	0.092555
97300	-0.184543
97350	-0.005838
97400	-0.067723
97450	0.069453
97500	-0.008358
97550	-0.095814
97600	-0.023287
97650	-0.068263
97700	0.065295
97750	0.095830
97800	0.149346
97850	0.177126
97900	-0.022147
97950	-0.223137
98000	-0.243389
98050	-0.030546
98100	0.027847
98150	-0.092174
98200	-0.095293
98250	-0.259434
98300	-0.097872
98350	-0.153974
98400	0.073782
98450	-0.022975
98500	-0.035258
98550	0.063957
98600	-0.052617
98650	-0.074476
98700	0.116846
98750	0.258633
98800	-0.066597
98850	-0.025398
98900	-0.015600
98950	0.081027
99000	0.069607
99050	0.248807
99100	0.201047
99150	-0.144914
99200	0.033802
99250	-0.108984
99300	-0.156281
99350	-0.021182
99400	0.137516
99450	-0.071624
99500	-0.243207
99550	-0.040230
99600	0.083021
99650	0.102885
99700	0.009205
99750	-0.221208
99800	0.047358
99850	-0.119281
99900	0.017942
99950	-0.093268
100000	-0.031481
100050	0.045585
100100	0.043841
100150	0.098953
100200	-0.034678
100250	0.135333
100300	0.087220
100350	-0.019638
100400	0.109601
100450	-0.094126
100500	0.048112
100550	-0.012943
100600	-0.062854
100650	0.087807
100700	0.112120
100750	-0.013620
100800	0.021241
100850	0.287941
100900	-0.096062
100950	0.039860
101000	0.295902
101050	-0.192277
101100	-0.194854
101150	0.140152
101200	0.006649
101250	-0.049527
101300	0.007929
101350	-0.025556
101400	-0.158007
101450	-0.068364
101500	0.068237
101550	0.004598
101600	0.033148
101650	-0.169483
101700	0.190033
101750	0.082815
101800	-0.233578
101850	-0.104064
101900	-0.184788
101950	-0.004587
102000	-0.069919
102050	-0.170186
102100	-0.010146
102150	-0.138969
102200	0.020501
102250	-0.036018
102300	0.011754
102350	-0.078786
102400	0.031805
102450	0.011842
102500	0.052691
102550	0.019662
102600	0.066796
102650	-0.170468
102700	-0.136974
102750	-0.129397
102800	0.108717
102850	0.058136
102900	-0.097977
102950	-0.064475
103000	0.109631
103050	0.055619
103100	0.058656
103150	-0.000591
103200	0.061444
103250	0.099356
103300	0.111632
103350	-0.056087
103400	-0.027705
103450	-0.045444
103500	0.072370
103550	0.013905
103600	0.019439
103650	-0.089332
103700	-0.230064
103750	0.052505
103800	-0.057110
103850	-0.119054
103900	0.044507
103950	-0.050193
104000	0.054214
104050	0.003419
104100	0.042930
104150	0.079566
104200	0.160568
104250	-0.096676
104300	0.049381
104350	-0.041043
104400	0.016699
104450	0.018848
104500	0.040984
104550	0.024535
104600	-0.105625
104650	-0.026161
104700	-0.124427
104750	0.115494
104800	-0.020732
104850	0.133139
104900	0.032348
104950	-0.056578
105000	0.278821
105050	-0.029697
105100	-0.007943
105150	0.144547
105200	0.072195
105250	0.080012
105300	-0.011373
105350	0.207850
105400	-0.018657
105450	0.055561
105500	-0.120619
105550	0.148148
105600	-0.255105
105650	0.010550
105700	0.024602
105750	0.054621
105800	0.020869
105850	-0.075644
105900	-0.079627
105950	-0.185668
106000	0.122527
106050	-0.104607
106100	-0.066788
106150	0.191585
106200	0.094543
106250	-0.057617
106300	0.084118
106350	-0.010509
106400	0.063117
106450	-0.112309
106500	-0.014299
106550	0.046435
106600	0.132505
106650	-0.006711
106700	-0.129944
106750	-0.101684
106800	0.059172
106850	0.030700
106900	0.136022
106950	0.165671
107000	0.006543
107050	0.019643
107100	0.022529
107150	-0.231716
107200	-0.174860
107250	0.003760
107300	0.198609
107350	0.022596
107400	-0.018755
107450	0.063615
107500	0.130367
107550	-0.011662
107600	0.173411
107650	-0.024543
107700	-0.123144
107750	0.029516
107800	0.076562
107850	-0.184441
107900	0.031009
107950	0.013909
108000	-0.023268
108050	0.061695
108100	0.198765
108150	0.037778
108200	0.090592
108250	-0.075355
108300	-0.191116
108350	0.014944
108400	0.087478
108450	0.022132
108500	0.092405
108550	-0.266367
108600	-0.020335
108650	-0.017871
108700	0.169562
108750	-0.039905
108800	-0.018789
108850	-0.161420
108900	0.206562
108950	0.219551
109000	-0.092347
109050	0.009047
109100	0.137500
109150	0.102665
109200	-0.117437
109250	0.016802
109300	0.039809
109350	-0.119612
109400	-0.000291
109450	-0.069281
109500	0.057179
109550	0.033040
109600	0.194843
109650	-0.000747
109700	-0.039573
109750	0.271371
109800	0.051186
109850	-0.130982
109900	0.089487
109950	-0.083363
110000	-0.145998
110050	0.078646
110100	0.139541
110150	-0.081719
110200	-0.027589
110250	0.165348
110300	0.150263
110350	-0.012842
110400	0.082789
110450	-0.061129
110500	0.099492
110550	-0.145209
110600	-0.121914
110650	-0.001726
110700	0.127316
110750	0.153069
110800	0.063981
110850	0.118299
110900	-0.180074
110950	-0.176166
111000	0.134536
111050	0.050055
111100	-0.058690
111150	0.270783
111200	0.149603
111250	-0.033045
111300	0.128584
111350	-0.087269
111400	0.157093
111450	0.108454
111500	0.090747
111550	-0.013419
111600	-0.064357
111650	0.057654
111700	0.141605
111750	0.025919
111800	-0.043842
111850	-0.152023
111900	0.022038
111950	0.051141
112000	-0.065170
112050	0.055656
112100	0.088305
112150	0.061170
112200	0.004640
112250	-0.046418
112300	0.143103
112350	-0.022437
112400	0.302493
112450	0.146616
112500	0.044808
112550	-0.023978
112600	-0.051286
112650	-0.118539
112700	0.043883
112750	-0.157528
112800	0.041201
112850	-0.155966
112900	-0.006793
112950	-0.046817
113000	-0.120109
113050	0.005839
113100	0.010650
113150	-0.050849
113200	-0.064000
113250	-0.101509
113300	0.060584
113350	0.171611
113400	-0.034893
113450	-0.177095
113500	-0.038293
113550	0.133805
113600	0.074814
113650	0.017199
113700	0.072510
113750	-0.130560
113800	-0.050319
113850	0.086237
113900	-0.077912
113950	-0.023754
114000	0.031029
114050	-0.032529
114100	-0.217771
114150	-0.088609
114200	0.029421
114250	-0.083509
114300	0.132181
114350	-0.073159
114400	-0.025690
114450	0.010447
114500	0.002283
114550	-0.215883
114600	-0.200389
114650	0.136065
114700	-0.058082
114750	-0.003156
114800	0.151695
114850	0.055476
114900	0.014702
114950	0.187712
115000	0.059848
115050	0.126375
115100	0.033982
115150	-0.011639
115200	0.211648
115250	0.106882
115300	0.060327
115350	0.164207
115400	0.091419
115450	-0.208507
115500	0.006793
115550	-0.051668
115600	-0.126487
115650	0.215511
115700	0.079401
115750	0.024419
115800	0.070398
115850	0.017957
115900	0.119933
115950	-0.000966
116000	-0.052649
116050	0.023907
116100	0.068513
116150	-0.003266
116200	0.004555
116250	0.013084
116300	0.093431
116350	0.114904
116400	0.089879
116450	-0.055464
116500	0.064412
116550	0.129261
116600	0.122114
116650	0.077573
116700	-0.075045
116750	-0.004469
116800	-0.080700
116850	-0.076744
116900	-0.084371
116950	0.046297
117000	0.091816
117050	0.015836
117100	0.085917
117150	-0.064796
117200	0.003299
117250	-0.059539
117300	-0.084206
117350	-0.079869
117400	0.015637
117450	-0.024272
117500	0.036086
117550	-0.039184
117600	-0.009726
117650	0.082530
117700	-0.060280
117750	-0.101153
117800	-0.066133
117850	0.092405
117900	-0.053892
117950	-0.097528
118000	0.028644
118050	-0.022985
118100	-0.013273
118150	-0.151707
118200	0.000352
118250	-0.050716
118300	0.025650
118350	0.171630
118400	-0.011025
118450	0.135503
118500	-0.062066
118550	0.020913
118600	0.074959
118650	-0.009617
118700	0.004365
118750	-0.065905
118800	-0.196898
118850	-0.169764
118900	-0.032552
118950	0.057458
119000	-0.009765
119050	-0.084539
119100	-0.120250
119150	0.105577
119200	0.246317
119250	-0.034439
119300	-0.018885
119350	-0.140234
119400	-0.117932
119450	0.038020
119500	0.077966
119550	-0.210688
119600	0.109019
119650	-0.106476
119700	-0.210004
119750	-0.117835
119800	0.113302
119850	0.031259
119900	-0.153136
119950	0.084459
120000	-0.034742
120050	0.130386
120100	0.121868
120150	-0.063423
120200	-0.008546
120250	0.110484
120300	0.153367
120350	-0.174001
120400	-0.139924
120450	-0.041466
120500	-0.250990
120550	-0.139292
120600	0.011618
120650	-0.110449
120700	-0.168054
120750	-0.046062
120800	-0.295713
120850	-0.152090
120900	0.162755
120950	-0.046386
121000	-0.030467
121050	0.185642
121100	0.212849
121150	0.168970
121200	0.143107
121250	-0.091260
121300	0.060984
121350	-0.178832
121400	-0.061518
121450	0.006900
121500	0.154771
121550	0.037853
121600	-0.021421
121650	0.029185
121700	-0.090974
121750	0.048409
121800	0.073446
121850	-0.012267
121900	-0.076097
121950	-0.096454
122000	-0.087828
122050	0.054394
122100	0.020845
122150	0.065939
122200	-0.015127
122250	-0.032428
122300	-0.224794
122350	-0.048644
122400	0.282513
122450	0.228817
122500	-0.129038
122550	-0.156094
122600	-0.015491
122650	0.152395
122700	0.064163
122750	0.242771
122800	-0.109002
122850	-0.200650
122900	0.081242
122950	0.036664
123000	-0.011780
123050	0.217900
123100	-0.107273
123150	-0.123238
123200	-0.045158
123250	-0.008577
123300	-0.051941
123350	-0.118307
123400	0.122563
123450	0.046909
123500	-0.131287
123550	0.058241
123600	0.148790
123650	0.007532
123700	0.121611
123750	0.137931
123800	-0.336061
123850	0.154248
123900	-0.028613
123950	0.029208
124000	-0.062579
124050	0.107882
124100	-0.031612
124150	-0.077308
124200	0.146084
124250	0.019619
124300	-0.001494
124350	0.046448
124400	-0.017685
124450	0.017437
124500	0.082205
124550	-0.048396
124600	-0.008049
124650	-0.041419
124700	-0.166999
124750	-0.069971
124800	0.086109
124850	-0.052967
124900	0.061702
124950	-0.027592
125000	0.219201
125050	-0.005110
125100	0.088417
125150	0.153254
125200	-0.113228
125250	0.074114
125300	-0.305248
125350	-0.081219
125400	-0.219095
125450	0.035668
125500	-0.072089
125550	0.179984
125600	0.107734
125650	-0.139552
125700	-0.064172
125750	-0.104679
125800	0.185956
125850	0.053768
125900	0.093658
125950	-0.015449
126000	-0.129285
126050	0.025462
126100	-0.132440
126150	0.169051
126200	0.155028
126250	0.080609
126300	-0.116950
126350	-0.016608
126400	0.263856
126450	0.054566
126500	0.222798
126550	0.036223
126600	-0.099142
126650	-0.230822
126700	0.051175
126750	0.072772
126800	-0.087833
126850	-0.173849
126900	-0.176134
126950	-0.329146
127000	0.151183
127050	-0.117366
127100	0.105289
127150	-0.149244
127200	-0.003505
127250	0.040701
127300	0.075722
127350	0.102750
127400	-0.132962
127450	0.078743
127500	0.034070
127550	0.128625
127600	0.003253
127650	0.084798
127700	0.047591
127750	0.272582
127800	0.123330
127850	0.199748
127900	-0.110353
127950	-0.211699
128000	-0.081858
128050	0.081119
128100	0.038328
128150	0.059644
128200	-0.070302
128250	-0.127794
128300	-0.067537
128350	-0.028685
128400	-0.094080
128450	-0.076191
128500	-0.056180
128550	-0.016418
128600	0.090211
128650	-0.047082
128700	-0.270941
128750	-0.168840
128800	0.038039
128850	0.059318
128900	-0.306529
128950	0.089221
129000	-0.095220
129050	-0.045206
129100	0.205757
129150	0.089537
129200	0.215450
129250	0.004191
129300	-0.040046
129350	-0.125449
129400	-0.122104
129450	0.143018
129500	0.002579
129550	-0.001016
129600	0.048779
129650	0.015428
129700	-0.086267
129750	-0.153989
129800	0.047513
129850	-0.002343
129900	-0.001144
129950	0.128852
130000	-0.031732
130050	0.133621
130100	-0.102795
130150	-0.014907
130200	0.044284
130250	0.020475
130300	-0.068427
130350	0.038657
130400	-0.021581
130450	0.008504
130500	-0.075716
130550	-0.174919
130600	-0.121273
130650	0.081559
130700	-0.070455
130750	-0.108254
130800	-0.069007
130850	0.100649
130900	-0.072710
130950	0.105531
131000	-0.020898
131050	-0.205212
131100	0.021002
131150	0.080121
131200	-0.182255
131250	-0.021934
131300	0.210750
131350	-0.052583
131400	0.081801
131450	0.153429
131500	-0.065664
131550	0.196994
131600	0.053401
131650	0.132730
131700	0.026325
131750	0.049543
131800	0.115478
131850	-0.128508
131900	-0.048122
131950	-0.032324
132000	-0.186581
132050	-0.113681
132100	-0.009685
132150	0.111167
132200	-0.022545
132250	0.041024
132300	0.145567
132350	-0.003080
132400	-0.056948
132450	-0.050308
132500	0.090989
132550	-0.047030
132600	-0.084573
132650	0.024256
132700	0.096708
132750	0.137470
132800	0.293064
132850	0.010087
132900	-0.002954
132950	-0.105525
133000	0.062322
133050	0.275204
133100	0.114987
133150	0.136247
133200	0.219154
133250	0.087354
133300	0.175760
133350	0.101863
133400	-0.020123
133450	-0.268844
133500	0.069333
133550	-0.011354
133600	-0.033585
133650	-0.060341
133700	-0.101934
133750	-0.011020
133800	0.055635
133850	0.028549
133900	-0.028269
133950	-0.172280
134000	0.211307
134050	0.189395
134100	0.072981
134150	0.168473
134200	-0.194287
134250	-0.182781
134300	0.008959
134350	-0.144210
134400	0.008081
134450	0.090873
134500	0.007304
134550	-0.235615
134600	-0.167897
134650	-0.139395
134700	0.037732
134750	-0.053928
134800	0.009695
134850	-0.013641
134900	0.017792
134950	0.128924
135000	0.074186
135050	-0.087963
135100	-0.151337
135150	-0.078523
135200	0.150041
135250	0.039697
135300	-0.167526
135350	-0.031516
135400	-0.083543
135450	0.083042
135500	-0.001172
135550	0.052984
135600	-0.045494
135650	-0.114856
135700	0.100900
135750	0.095514
135800	-0.115699
135850	0.053373
135900	0.164574
135950	-0.020012
136000	0.011454
136050	-0.143684
136100	-0.045775
136150	0.125299
136200	0.130062
136250	0.100548
136300	-0.117054
136350	-0.033944
136400	-0.101457
136450	-0.097061
136500	-0.121170
136550	-0.233575
136600	-0.020947
136650	0.041180
136700	-0.195428
136750	-0.019694
136800	0.007885
136850	0.141530
136900	-0.062271
136950	-0.183169
137000	-0.043703
137050	0.049981
137100	-0.043883
137150	-0.155059
137200	0.089459
137250	-0.080840
137300	0.109668
137350	0.066367
137400	-0.034359
137450	-0.055064
137500	-0.013343
137550	0.005796
137600	-0.124160
137650	-0.031363
137700	0.069405
137750	-0.040554
137800	0.154094
137850	-0.057184
137900	-0.187776
137950	0.041385
138000	-0.047006
138050	0.125669
138100	0.039158
138150	0.040436
138200	0.154369
138250	-0.058958
138300	-0.016010
138350	-0.071612
138400	0.096776
138450	0.143578
138500	0.077290
138550	0.001629
138600	-0.108118
138650	-0.061048
138700	0.049399
138750	0.025958
138800	-0.013553
138850	0.106903
138900	0.152554
138950	-0.116099
139000	-0.193100
139050	0.032388
139100	0.071695
139150	-0.113178
139200	-0.017175
139250	-0.035839
139300	0.011514
139350	-0.101214
139400	0.096419
139450	-0.114483
139500	-0.097635
139550	0.106827
139600	0.129470
139650	-0.246202
139700	0.139432
139750	-0.083022
139800	-0.077092
139850	-0.100722
139900	-0.042597
139950	0.084937
140000	0.050287
140050	0.003948
140100	-0.157330
140150	-0.026113
140200	-0.159941
140250	-0.163613
140300	-0.081398
140350	-0.054532
140400	-0.043050
140450	0.110197
140500	-0.013644
140550	0.060035
140600	-0.069291
140650	-0.101773
140700	-0.008850
140750	0.075676
140800	0.076972
140850	-0.020569
140900	0.001653
140950	0.091400
141000	0.009080
141050	-0.003295
141100	0.105147
141150	0.154148
141200	0.038596
141250	0.081319
141300	-0.055496
141350	-0.128091
141400	-0.006824
141450	0.171661
141500	-0.045526
141550	-0.118897
141600	-0.146091
141650	-0.054132
141700	-0.021803
141750	-0.001213
141800	0.079353
141850	0.060475
141900	-0.081416
141950	-0.136843
142000	-0.048123
142050	-0.242512
142100	-0.009801
142150	0.055790
142200	-0.068084
142250	-0.115817
142300	-0.033093
142350	-0.101432
142400	0.182476
142450	-0.036698
142500	0.104358
142550	0.140825
142600	-0.000450
142650	0.034237
142700	-0.282487
142750	-0.126171
142800	-0.158235
142850	0.047575
142900	0.215524
142950	-0.020277
143000	0.011382
143050	-0.036075
143100	0.186703
143150	0.075127
143200	0.094283
143250	0.103654
143300	0.019555
143350	-0.010153
143400	-0.106148
143450	-0.190048
143500	0.057965
143550	0.099261
143600	-0.108518
143650	-0.101705
143700	-0.023377
143750	-0.141758
143800	0.041097
143850	-0.019872
143900	-0.100343
143950	-0.055478
144000	0.119136
144050	0.003875
144100	-0.016262
144150	-0.004431
144200	-0.137959
144250	0.066767
144300	0.005799
144350	0.081473
144400	-0.117728
144450	-0.080894
144500	0.007885
144550	0.022972
144600	0.168074
144650	0.063627
144700	-0.028267
144750	0.083032
144800	0.000215
144850	0.208679
144900	0.164260
144950	-0.112157
145000	-0.169135
145050	-0.073760
145100	0.028353
145150	-0.121447
145200	-0.056843
145250	0.049997
145300	-0.023577
145350	0.073320
145400	-0.043059
145450	-0.040731
145500	0.022017
145550	0.184006
145600	0.068616
145650	0.049979
145700	-0.099993
145750	-0.201841
145800	-0.111830
145850	0.029752
145900	-0.091483
145950	0.106559
146000	0.023779
146050	0.032516
146100	0.079649
146150	0.015183
146200	0.095975
146250	0.068294
146300	-0.000822
146350	-0.015292
146400	-0.336320
146450	-0.172114
146500	0.002207
146550	-0.184054
146600	-0.029605
146650	0.086358
146700	-0.052015
146750	-0.094701
146800	-0.299437
146850	-0.177983
146900	-0.349499
146950	0.098560
147000	0.059031
147050	-0.053923
147100	0.025066
147150	-0.030536
147200	0.065332
147250	-0.108567
147300	-0.074715
147350	0.196277
147400	-0.004606
147450	0.028853
147500	0.252873
147550	-0.015256
147600	-0.007598
147650	-0.012564
147700	-0.050739
147750	-0.006724
147800	-0.012229
147850	-0.173080
147900	0.121328
147950	0.017566
148000	-0.152819
148050	0.004400
148100	0.160966
148150	-0.099880
148200	-0.035097
148250	0.087502
148300	0.042521
148350	0.032097
148400	0.122410
148450	0.020752
148500	0.051133
148550	0.030333
148600	0.041352
148650	-0.325486
148700	-0.312927
148750	-0.091061
148800	0.122875
148850	0.102268
148900	-0.198643
148950	-0.102919
149000	-0.044002
149050	-0.139222
149100	0.052634
149150	0.048268
149200	-0.107856
149250	-0.018096
149300	0.088758
149350	-0.009174
149400	-0.067102
149450	-0.167732
149500	-0.166186
149550	0.159921
149600	0.281150
149650	-0.005009
149700	-0.112810
149750	0.000684
149800	0.030044
149850	0.147095
149900	-0.019555
149950	-0.075140
150000	0.117966
150050	0.077663
150100	0.109726
150150	0.041888
150200	-0.070796
150250	0.046797
150300	-0.100946
150350	0.161638
150400	-0.072292
150450	0.078389
150500	0.036052
150550	-0.096462
150600	0.041304
150650	0.046277
150700	0.155333
150750	-0.088028
150800	0.067177
150850	0.001425
150900	-0.055941
150950	-0.071497
151000	-0.028494
151050	0.107563
151100	0.079165
151150	0.101065
151200	0.062252
151250	0.001106
151300	0.104285
151350	0.040301
151400	-0.006790
151450	0.043872
151500	-0.112690
151550	-0.033465
151600	-0.130802
151650	-0.012106
151700	0.035176
151750	0.001356
151800	-0.005702
151850	-0.182401
151900	0.000026
151950	-0.037836
152000	-0.131815
152050	0.141163
152100	-0.010722
152150	0.135139
152200	-0.043446
152250	0.020008
152300	0.120769
152350	-0.094520
152400	-0.099622
152450	-0.055712
152500	0.136935
152550	0.036605
152600	0.129394
152650	-0.105921
152700	-0.164619
152750	0.054972
152800	-0.322930
152850	-0.052655
152900	-0.036895
152950	-0.090227
153000	0.028476
153050	0.006155
153100	0.081650
153150	0.009294
153200	-0.147267
153250	-0.032161
153300	0.031176
153350	0.248514
153400	-0.039218
153450	0.053073
153500	-0.088123
153550	-0.026129
153600	-0.008970
153650	0.068413
153700	-0.019977
153750	0.196947
153800	0.168901
153850	-0.178168
153900	0.059062
153950	-0.058450
154000	-0.053411
154050	-0.215791
154100	-0.065162
154150	-0.048425
154200	-0.080177
154250	0.035688
154300	0.033007
154350	-0.136224
154400	0.005395
154450	-0.069379
154500	-0.171936
154550	-0.036873
154600	0.037832
154650	0.109039
154700	0.102535
154750	0.099900
154800	0.002900
154850	-0.063730
154900	-0.051170
154950	-0.031880
155000	0.035495
155050	0.010419
155100	-0.097837
155150	-0.108910
155200	0.017869
155250	0.114766
155300	-0.129331
155350	0.027428
155400	-0.005210
155450	0.130313
155500	0.064898
155550	-0.128063
155600	0.159890
155650	0.083330
155700	-0.054357
155750	0.030274
155800	-0.027654
155850	0.114535
155900	0.091809
155950	0.035076
156000	0.011701
156050	-0.050383
156100	0.009110
156150	0.256061
156200	0.130976
156250	-0.016383
156300	0.137037
156350	-0.086282
156400	0.071597
156450	0.259889
156500	0.010763
156550	0.134459
156600	0.027005
156650	0.155977
156700	-0.056576
156750	-0.016961
156800	0.055099
156850	0.038309
156900	-0.029367
156950	0.045904
157000	-0.144410
157050	-0.022750
157100	-0.241009
157150	-0.092706
157200	-0.094730
157250	-0.070776
157300	0.044787
157350	-0.074213
157400	-0.011768
157450	0.137372
157500	-0.000297
157550	-0.158332
157600	-0.068018
157650	-0.091933
157700	-0.039542
157750	-0.116247
157800	-0.073490
157850	-0.186083
157900	-0.030643
157950	0.104974
158000	-0.021386
158050	-0.081126
158100	0.125368
158150	0.325132
158200	0.096630
158250	-0.095625
158300	-0.040087
158350	0.132917
158400	0.050046
158450	0.027462
158500	-0.066458
158550	-0.082934
158600	-0.187960
158650	-0.203857
158700	0.136375
158750	0.052915
158800	-0.250186
158850	0.104209
158900	-0.208938
158950	-0.043911
159000	0.067078
159050	0.002381
159100	0.050977
159150	-0.019254
159200	-0.009671
159250	0.076623
159300	-0.082703
159350	0.274915
159400	-0.142033
159450	-0.100091
159500	-0.103966
159550	0.101341
159600	-0.017739
159650	-0.034954
159700	-0.084664
159750	0.011993
159800	0.034710
159850	0.009883
159900	-0.194818
159950	0.032837
160000	0.036569
160050	-0.039293
160100	0.076655
160150	-0.018291
160200	-0.085714
160250	0.134556
160300	-0.122039
160350	0.094925
160400	0.100837
160450	-0.054033
160500	0.370308
160550	0.084357
160600	-0.150368
160650	-0.045892
160700	0.135767
160750	-0.159874
160800	0.122283
160850	0.116540
160900	-0.149562
160950	0.107863
161000	0.038652
161050	0.013538
161100	-0.023207
161150	0.111909
161200	0.042070
161250	0.111898
161300	-0.104708
161350	0.137428
161400	0.048397
161450	0.267023
161500	-0.014123
161550	-0.029328
161600	0.095658
161650	-0.060417
161700	0.015526
161750	-0.176580
161800	0.030753
161850	0.153290
161900	-0.017548
161950	-0.150969
162000	-0.073968
162050	-0.193848
162100	0.011530
162150	-0.040505
162200	-0.211544
162250	-0.035778
162300	0.110929
162350	0.063179
162400	0.013773
162450	0.062606
162500	0.089417
162550	-0.031826
162600	-0.088404
162650	0.018319
162700	0.077875
162750	-0.011685
162800	-0.008916
162850	0.103406
162900	-0.046598
162950	-0.038239
163000	-0.266385
163050	-0.066290
163100	0.108362
163150	-0.214993
163200	-0.174450
163250	0.067291
163300	0.110398
163350	-0.025838
163400	-0.074763
163450	0.131431
163500	0.129735
163550	0.001374
163600	-0.215073
163650	-0.005722
163700	0.116106
163750	-0.124555
163800	-0.040885
163850	0.086905
163900	0.015986
163950	-0.106530
164000	0.010627
164050	-0.076317
164100	0.203663
164150	0.140997
164200	0.156870
164250	-0.014882
164300	0.019228
164350	0.018092
164400	0.024054
164450	-0.251765
164500	0.096815
164550	-0.069379
164600	0.016718
164650	-0.243415
164700	-0.063924
164750	-0.098559
164800	0.128537
164850	0.116646
164900	-0.257820
164950	0.051782
165000	0.074663
165050	0.115270
165100	-0.059362
165150	0.117307
165200	-0.056343
165250	-0.095383
165300	-0.034549
165350	-0.088508
165400	-0.055423
165450	-0.242439
165500	-0.029407
165550	-0.150165
165600	0.113135
165650	-0.027223
165700	-0.136099
165750	-0.003438
165800	-0.088602
165850	-0.164428
165900	-0.078650
165950	-0.163476
166000	-0.026494
166050	-0.002108
166100	0.179731
166150	0.017444
166200	0.022283
166250	-0.047932
166300	0.092732
166350	-0.063228
166400	-0.077320
166450	0.119580
166500	-0.052851
166550	-0.097419
166600	-0.138995
166650	0.053561
166700	0.192616
166750	-0.200004
166800	0.027912
166850	-0.078761
166900	-0.180119
166950	-0.012521
167000	0.058296
167050	0.108736
167100	0.069567
167150	-0.091495
167200	0.051162
167250	-0.056946
167300	0.036752
167350	-0.083577
167400	-0.004789
167450	-0.063009
167500	-0.106057
167550	-0.143244
167600	0.048252
167650	0.021355
167700	-0.021271
167750	0.066495
167800	-0.120562
167850	0.079270
167900	-0.075892
167950	-0.033358
168000	0.026418
168050	0.112943
168100	0.050747
168150	-0.097190
168200	-0.014774
168250	-0.087129
168300	0.030496
168350	0.248590
168400	0.105735
168450	0.022214
168500	0.082058
168550	-0.106163
168600	-0.190002
168650	0.093804
168700	-0.050956
168750	-0.280639
168800	-0.034567
168850	0.022828
168900	-0.026078
168950	0.050224
169000	-0.070184
169050	-0.045713
169100	-0.053354
169150	-0.107014
169200	-0.083877
169250	0.058771
169300	0.016167
169350	0.053521
169400	0.028874
169450	0.054837
169500	-0.038290
169550	0.086744
169600	-0.179982
169650	-0.067838
169700	0.070263
169750	0.109787
169800	0.114914
169850	-0.106230
169900	0.162864
169950	-0.182813
170000	-0.051126
170050	-0.150840
170100	0.076945
170150	-0.094884
170200	0.178433
170250	0.106640
170300	0.091656
170350	0.077810
170400	0.035063
170450	0.260553
170500	0.047535
170550	0.052185
170600	0.299648
170650	-0.067791
170700	-0.019266
170750	-0.140845
170800	-0.003857
170850	-0.057934
170900	0.017259
170950	-0.118760
171000	-0.164940
171050	0.066709
171100	0.104574
171150	0.148147
171200	0.170639
171250	0.041345
171300	0.169406
171350	-0.001360
171400	-0.003044
171450	-0.147044
171500	-0.069682
171550	0.078887
171600	0.107254
171650	0.077632
171700	0.048896
171750	-0.105571
171800	0.149938
171850	0.137402
171900	-0.005708
171950	0.061474
172000	0.286041
172050	0.058005
172100	0.041540
172150	0.153939
172200	0.148347
172250	-0.021708
172300	-0.220085
172350	-0.040931
172400	-0.170429
172450	-0.034102
172500	0.058506
172550	-0.025903
172600	0.003591
172650	0.083109
172700	-0.022785
172750	-0.040729
172800	0.123123
172850	0.189536
172900	0.073918
172950	-0.264398
173000	-0.038670
173050	-0.103065
173100	0.195620
173150	-0.021593
173200	-0.258516
173250	-0.139880
173300	-0.100286
173350	-0.153584
173400	-0.172159
173450	-0.148429
173500	0.113119
173550	0.066997
173600	-0.040118
173650	-0.062808
173700	0.027391
173750	0.017502
173800	-0.216981
173850	0.132657
173900	0.029139
173950	0.040695
174000	0.071955
174050	-0.101004
174100	0.104890
174150	0.061187
174200	-0.050016
174250	0.134354
174300	-0.098239
174350	-0.064613
174400	0.026918
174450	-0.193536
174500	0.020522
174550	0.074216
174600	0.101061
174650	-0.067270
174700	-0.149716
174750	0.094081
174800	-0.060410
174850	0.025737
174900	-0.110074
174950	-0.125753
175000	0.137649
175050	-0.140724
175100	-0.068395
175150	-0.156382
175200	-0.083312
175250	0.033284
175300	0.008000
175350	0.058960
175400	-0.013514
175450	-0.087113
175500	-0.138301
175550	-0.036760
175600	-0.122319
175650	-0.005865
175700	-0.006471
175750	-0.118874
175800	0.135943
175850	-0.039483
175900	-0.134722
175950	0.104353
176000	0.140750
176050	0.054562
176100	0.058698
176150	0.110432
176200	-0.023974
176250	-0.057229
176300	-0.084108
176350	0.070703
176400	0.017409
176450	0.040497
176500	-0.132906
176550	-0.116154
176600	-0.121449
176650	-0.039760
176700	0.073178
176750	-0.137598
176800	-0.047918
176850	-0.044524
176900	0.097801
176950	0.186911
177000	-0.052782
177050	-0.035145
177100	-0.138867
177150	-0.059242
177200	0.182208
177250	0.222733
177300	0.088109
177350	-0.033168
177400	-0.135135
177450	-0.043407
177500	-0.182621
177550	-0.088609
177600	-0.033615
177650	0.105893
177700	-0.072497
177750	0.051284
177800	-0.085672
177850	0.139288
177900	-0.025673
177950	0.060244
178000	-0.010005
178050	-0.045052
178100	-0.099408
178150	-0.145852
178200	-0.055919
178250	-0.032611
178300	-0.092608
178350	-0.216868
178400	-0.176542
178450	0.137248
178500	0.012749
178550	0.017225
178600	-0.015556
178650	0.014475
178700	-0.145393
178750	-0.134267
178800	0.092650
178850	0.025709
178900	-0.079422
178950	0.070735
179000	-0.113024
179050	0.033137
179100	0.103380
179150	0.211225
179200	-0.002512
179250	0.029025
179300	0.063117
179350	-0.071953
179400	-0.083187
179450	0.022471
179500	-0.131032
179550	-0.024595
179600	-0.087391
179650	0.056755
179700	0.079465
179750	-0.019197
179800	0.024263
179850	0.056341
179900	0.109293
179950	0.108435
180000	0.027318
180050	0.106658
180100	0.161401
180150	-0.016442
180200	-0.164049
180250	-0.008458
180300	-0.143466
180350	0.164757
180400	-0.118863
180450	0.233588
180500	0.020920
180550	-0.031156
180600	-0.052441
180650	-0.181720
180700	-0.011120
180750	0.016244
180800	-0.115934
180850	0.105509
180900	0.020457
180950	0.080122
181000	-0.118510
181050	0.179632
181100	0.033455
181150	-0.111279
181200	-0.056803
181250	0.071813
181300	0.042719
181350	0.121263
181400	-0.068790
181450	-0.002810
181500	-0.080502
181550	-0.098342
181600	-0.028581
181650	0.024088
181700	-0.007228
181750	-0.150822
181800	-0.068894
181850	-0.153145
181900	0.055950
181950	-0.066130
182000	-0.008652
182050	-0.071742
182100	-0.138035
182150	-0.016234
182200	-0.025327
182250	0.023972
182300	-0.046729
182350	-0.018502
182400	-0.072587
182450	-0.256041
182500	-0.182187
182550	-0.073991
182600	-0.117309
182650	-0.079547
182700	-0.088713
182750	-0.128953
182800	0.121980
182850	0.001556
182900	0.023766
182950	0.022098
183000	0.075835
183050	0.222578
183100	-0.019969
183150	0.141705
183200	-0.092081
183250	-0.164156
183300	-0.164989
183350	-0.104088
183400	0.028975
183450	-0.118898
183500	0.182530
183550	0.042050
183600	-0.174662
183650	0.006963
183700	0.171725
183750	0.129022
183800	0.268323
183850	0.114487
183900	-0.009092
183950	-0.095972
184000	-0.199582
184050	-0.205807
184100	-0.003469
184150	-0.006585
184200	-0.031109
184250	-0.114081
184300	-0.014170
184350	-0.044497
184400	-0.143379
184450	0.040458
184500	-0.005738
184550	-0.019668
184600	-0.026159
184650	0.052196
184700	-0.029236
184750	0.042826
184800	0.138124
184850	0.113945
184900	-0.107258
184950	-0.194436
185000	0.005434
185050	-0.068052
185100	-0.169998
185150	-0.095640
185200	-0.061839
185250	0.146826
185300	0.209360
185350	-0.018826
185400	-0.028081
185450	-0.142138
185500	0.122271
185550	0.042761
185600	-0.032487
185650	0.050984
185700	-0.073660
185750	-0.062281
185800	0.094857
185850	0.000035
185900	0.268001
185950	0.061362
186000	-0.000744
186050	-0.063134
186100	-0.253030
186150	-0.073755
186200	-0.137948
186250	-0.093591
186300	-0.033847
186350	0.000332
186400	0.028073
186450	-0.062441
186500	-0.054335
186550	-0.195097
186600	-0.219021
186650	-0.052988
186700	0.022828
186750	-0.226044
186800	-0.044185
186850	0.107286
186900	-0.153325
186950	0.194286
187000	0.084221
187050	0.119476
187100	-0.192892
187150	0.042485
187200	-0.029619
187250	-0.141386
187300	0.132335
187350	0.044782
187400	-0.010241
187450	-0.047448
187500	-0.048201
187550	-0.063010
187600	-0.167759
187650	0.045987
187700	-0.058888
187750	-0.207087
187800	-0.060124
187850	0.133879
187900	0.029361
187950	-0.185743
188000	-0.117755
188050	-0.000871
188100	-0.096201
188150	-0.011626
188200	0.054462
188250	0.144193
188300	0.070806
188350	0.101525
188400	-0.036006
188450	-0.171552
188500	-0.104618
188550	0.252319
188600	0.046841
188650	0.225642
188700	-0.079208
188750	0.074133
188800	0.078589
188850	0.032749
188900	-0.008050
188950	0.021540
189000	-0.091120
189050	-0.026660
189100	-0.165688
189150	0.258101
189200	-0.065860
189250	-0.007148
189300	-0.143722
189350	-0.029490
189400	0.079285
189450	-0.266085
189500	0.082541
189550	-0.097996
189600	0.007520
189650	0.051821
189700	-0.265050
189750	-0.076294
189800	0.047607
189850	0.001917
189900	0.041861
189950	-0.060969
190000	-0.197377
190050	-0.048742
190100	-0.110720
190150	-0.068390
190200	0.074117
190250	0.038945
190300	-0.028692
190350	-0.090867
190400	0.037133
190450	-0.005141
190500	0.133306
190550	-0.059261
190600	-0.146197
190650	-0.206683
190700	-0.061531
190750	-0.064809
190800	0.042330
190850	-0.090694
190900	-0.196628
190950	0.124462
191000	-0.079997
191050	0.126305
191100	0.018572
191150	-0.022215
191200	-0.013042
191250	0.150334
191300	0.064172
191350	-0.058514
191400	-0.115063
191450	0.039755
191500	-0.234918
191550	0.224257
191600	0.134271
191650	0.135341
191700	-0.037302
191750	0.212035
191800	-0.151822
191850	0.090517
191900	-0.093958
191950	0.126463
192000	-0.127400
192050	0.077317
192100	0.079864
192150	-0.139274
192200	-0.017590
192250	0.128061
192300	0.059423
192350	0.091248
192400	0.017153
192450	-0.095647
192500	-0.191017
192550	0.043400
192600	-0.093087
192650	-0.082083
192700	0.092517
192750	0.101027
192800	0.066660
192850	0.117351
192900	0.114565
192950	0.089884
193000	-0.141873
193050	-0.154725
193100	-0.082860
193150	0.133166
193200	0.076014
193250	0.102063
193300	0.065202
193350	0.018657
193400	0.138322
193450	-0.134109
193500	-0.136796
193550	-0.109021
193600	-0.066518
193650	0.048841
193700	-0.036159
193750	0.001386
193800	0.002065
193850	-0.044921
193900	-0.277605
193950	0.131614
194000	-0.077947
194050	-0.000860
194100	-0.110613
194150	0.032357
194200	-0.058969
194250	-0.085633
194300	-0.103937
194350	0.081560
194400	0.106969
194450	0.018848
194500	-0.182141
194550	0.232217
194600	0.126991
194650	0.007080
194700	-0.037424
194750	0.159130
194800	-0.038688
194850	0.038361
194900	-0.111185
194950	-0.160463
195000	-0.016286
195050	0.242814
195100	0.018991
195150	0.090945
195200	0.134825
195250	0.018801
195300	0.118688
195350	0.244635
195400	0.114718
195450	-0.042799
195500	-0.040634
195550	0.027645
195600	0.048599
195650	-0.058796
195700	0.183251
195750	-0.045323
195800	-0.080652
195850	-0.090664
195900	-0.052577
195950	-0.007036
196000	0.143653
196050	-0.003282
196100	0.040002
196150	-0.079163
196200	-0.186523
196250	0.124038
196300	0.056687
196350	0.134825
196400	-0.199127
196450	-0.018818
196500	-0.116030
196550	0.073742
196600	0.063569
196650	0.097100
196700	-0.052963
196750	0.161427
196800	0.035713
196850	-0.005462
196900	-0.048764
196950	-0.001569
197000	-0.062966
197050	0.032895
197100	0.118113
197150	-0.140826
197200	0.101581
197250	0.013268
197300	0.109079
197350	-0.085139
197400	0.099979
197450	0.041591
197500	0.075824
197550	-0.143080
197600	-0.154566
197650	0.043267
197700	-0.228511
197750	0.058679
197800	0.126889
197850	0.011417
197900	0.057563
197950	-0.110811
198000	-0.099889
198050	-0.179820
198100	-0.071425
198150	-0.002717
198200	-0.134408
198250	0.215287
198300	-0.026746
198350	0.000791
198400	-0.101945
198450	0.115711
198500	-0.337467
198550	0.090719
198600	0.001313
198650	-0.098812
198700	0.114547
198750	-0.065273
198800	0.063041
198850	-0.048918
198900	-0.282016
198950	-0.104630
199000	-0.015572
199050	-0.066710
199100	-0.048498
199150	0.172726
199200	-0.164177
199250	-0.060643
199300	-0.068872
199350	-0.164809
199400	-0.269026
199450	-0.046026
199500	-0.009934
199550	0.100440
199600	-0.045027
199650	-0.025056
199700	0.074419
199750	-0.091121
199800	0.103133
199850	0.056616
199900	0.031579
199950	-0.007088
