0	37.435943
50	2.189872
100	0.430904
150	0.320441
200	0.414783
250	0.330175
300	0.156105
350	0.437153
400	0.153593
450	0.145057
500	0.188469
550	0.329075
600	0.065916
650	0.123014
700	0.210973
750	0.275388
800	0.098672
850	-0.020908
900	0.144385
950	0.103255
1000	0.087991
1050	-0.084268
1100	0.032092
1150	0.144427
1200	0.051904
1250	-0.022520
1300	0.220353
1350	0.122255
1400	0.117121
1450	0.095364
1500	-0.106064
1550	-0.044833
1600	0.091441
1650	-0.008264
1700	0.098286
1750	0.018436
1800	-0.025174
1850	0.181005
1900	0.076233
1950	0.136537
2000	0.048584
2050	-0.003731
2100	0.197143
2150	0.018772
2200	-0.070285
2250	-0.052407
2300	-0.143668
2350	0.102266
2400	0.040634
2450	-0.045828
2500	0.143359
2550	0.119382
2600	-0.047829
2650	0.086780
2700	-0.041209
2750	-0.075514
2800	-0.191756
2850	0.128297
2900	-0.078572
2950	-0.070500
3000	-0.058425
3050	0.133489
3100	-0.157179
3150	-0.096880
3200	-0.177681
3250	-0.124767
3300	0.068113
3350	-0.094560
3400	-0.008604
3450	0.076560
3500	-0.062315
3550	0.217438
3600	-0.110118
3650	-0.165497
3700	0.031362
3750	-0.021112
3800	0.080321
3850	0.166393
3900	0.077841
3950	0.172768
4000	0.161119
4050	0.012810
4100	-0.132202
4150	-0.091108
4200	0.043129
4250	-0.065561
4300	0.285290
4350	-0.053053
4400	-0.048771
4450	0.160368
4500	0.117243
4550	0.064320
4600	-0.083028
4650	-0.250303
4700	-0.005086
4750	0.030054
4800	0.041416
4850	-0.127452
4900	-0.230312
4950	0.078368
5000	0.018418
5050	-0.041694
5100	-0.111611
5150	-0.036573
5200	-0.105113
5250	0.117766
5300	-0.050681
5350	-0.053860
5400	-0.034446
5450	0.093908
5500	0.062047
5550	-0.075653
5600	-0.092037
5650	-0.004436
5700	0.116567
5750	0.041691
5800	0.100971
5850	-0.163774
5900	0.145094
5950	0.080176
6000	-0.093998
6050	0.098070
6100	0.166883
6150	0.112864
6200	-0.161254
6250	0.024366
6300	-0.038876
6350	0.024681
6400	0.081133
6450	0.234977
6500	0.033990
6550	-0.148395
6600	0.200611
6650	-0.059215
6700	0.021105
6750	-0.052684
6800	0.204336
6850	-0.029236
6900	0.104399
6950	-0.137823
7000	0.013071
7050	-0.059552
7100	0.048223
7150	0.024930
7200	0.036173
7250	0.096279
7300	-0.083360
7350	0.139194
7400	0.089676
7450	0.218189
7500	0.121860
7550	0.077597
7600	0.190764
7650	-0.146061
7700	-0.002512
7750	0.119836
7800	0.046850
7850	-0.130778
7900	0.121234
7950	-0.112328
8000	-0.040004
8050	-0.127088
8100	-0.095908
8150	-0.079392
8200	0.082781
8250	0.150215
8300	0.195473
8350	0.061972
8400	0.070975
8450	0.084676
8500	0.024363
8550	0.173506
8600	-0.141687
8650	-0.242787
8700	0.038760
8750	0.042151
8800	0.128106
8850	0.168468
8900	-0.033854
8950	0.085789
9000	0.010732
9050	-0.016599
9100	-0.120516
9150	-0.146340
9200	-0.094497
9250	-0.030809
9300	-0.132366
9350	0.070300
9400	-0.006252
9450	-0.013372
9500	-0.010561
9550	-0.165695
9600	-0.030936
9650	0.146050
9700	0.114165
9750	0.042055
9800	0.007522
9850	0.000581
9900	0.086061
9950	0.062586
10000	-0.035603
10050	-0.160121
10100	0.115897
10150	0.111879
10200	0.039088
10250	-0.114071
10300	-0.007084
10350	-0.097501
10400	-0.142095
10450	-0.129268
10500	0.059155
10550	-0.020255
10600	0.025728
10650	0.041391
10700	-0.090210
10750	-0.117690
10800	-0.062139
10850	-0.020118
10900	-0.121188
10950	0.148079
11000	0.187356
11050	0.122106
11100	-0.141700
11150	0.125261
11200	-0.036110
11250	0.052067
11300	-0.113597
11350	-0.013811
11400	-0.083730
11450	-0.105964
11500	0.021710
11550	-0.009133
11600	0.109489
11650	0.044597
11700	0.006298
11750	0.185610
11800	0.339695
11850	-0.111144
11900	0.182434
11950	-0.196311
12000	-0.164808
12050	-0.091479
12100	0.003845
12150	0.058318
12200	-0.012059
12250	-0.028423
12300	-0.101952
12350	-0.061481
12400	0.089274
12450	0.081708
12500	-0.005670
12550	0.067422
12600	0.307235
12650	0.108303
12700	0.141137
12750	0.207941
12800	-0.005543
12850	-0.041027
12900	0.127554
12950	0.099419
13000	0.056324
13050	0.036127
13100	-0.037832
13150	-0.024814
13200	0.206278
13250	0.148126
13300	-0.068993
13350	0.124215
13400	0.075553
13450	-0.141483
13500	-0.087128
13550	0.127544
13600	-0.040862
13650	-0.229063
13700	0.057126
13750	-0.062012
13800	-0.093158
13850	-0.058494
13900	0.076469
13950	-0.053961
14000	0.123272
14050	0.141332
14100	-0.053002
14150	-0.081973
14200	0.040377
14250	-0.030332
14300	0.042031
14350	-0.057430
14400	-0.134663
14450	-0.000434
14500	0.072801
14550	-0.007150
14600	0.241929
14650	-0.002655
14700	-0.027978
14750	0.032361
14800	0.146316
14850	0.105013
14900	0.128239
14950	0.074620
15000	0.302488
15050	0.107314
15100	0.110607
15150	0.088455
15200	0.038710
15250	-0.136945
15300	0.051874
15350	-0.033878
15400	0.041133
15450	0.079243
15500	-0.054337
15550	-0.133865
15600	0.100326
15650	0.095759
15700	0.002397
15750	-0.046757
15800	0.151871
15850	0.105944
15900	0.288667
15950	0.025793
16000	-0.113644
16050	-0.047892
16100	0.067390
16150	0.045549
16200	0.092799
16250	0.109638
16300	0.211988
16350	0.004195
16400	-0.002622
16450	-0.000188
16500	0.124443
16550	0.065207
16600	-0.065484
16650	0.056487
16700	0.086939
16750	-0.020249
16800	-0.145076
16850	0.176891
16900	0.065203
16950	0.039352
17000	0.043106
17050	-0.015333
17100	0.141359
17150	0.072370
17200	-0.021129
17250	0.021145
17300	-0.070898
17350	-0.036558
17400	-0.099204
17450	-0.087869
17500	-0.097731
17550	-0.142570
17600	-0.130693
17650	0.064098
17700	-0.010100
17750	0.056339
17800	-0.056472
17850	0.118815
17900	0.239223
17950	0.211521
18000	0.054692
18050	-0.000977
18100	-0.130584
18150	-0.062704
18200	0.041665
18250	0.182761
18300	-0.012675
18350	-0.072244
18400	0.021699
18450	-0.108230
18500	0.021500
18550	0.049583
18600	0.200089
18650	-0.019406
18700	0.060296
18750	-0.031777
18800	0.026102
18850	-0.046473
18900	0.062738
18950	-0.090955
19000	-0.138029
19050	0.147095
19100	0.160241
19150	0.201903
19200	-0.222136
19250	0.170900
19300	0.208851
19350	0.260138
19400	-0.018651
19450	-0.176136
19500	-0.155456
19550	-0.089902
19600	0.130264
19650	0.037480
19700	0.097620
19750	0.045625
19800	-0.117354
19850	-0.013933
19900	-0.117774
19950	-0.045030
20000	0.018838
20050	0.203712
20100	-0.094760
20150	-0.039825
20200	-0.123032
20250	-0.019663
20300	-0.042505
20350	-0.102796
20400	-0.048061
20450	-0.154689
20500	-0.055118
20550	0.031334
20600	0.031106
20650	0.177900
20700	-0.086920
20750	0.029159
20800	-0.056182
20850	0.139436
20900	-0.069969
20950	-0.033194
21000	-0.029139
21050	0.044661
21100	0.231225
21150	-0.090423
21200	0.042480
21250	-0.066750
21300	-0.088205
21350	0.042286
21400	-0.281274
21450	-0.155430
21500	0.028714
21550	0.038996
21600	0.074276
21650	0.159361
21700	-0.130968
21750	0.052476
21800	0.026329
21850	-0.083484
21900	-0.185887
21950	-0.006135
22000	-0.068538
22050	0.085027
22100	0.100961
22150	-0.007635
22200	0.018407
22250	-0.098981
22300	0.103595
22350	-0.040175
22400	0.207798
22450	0.049552
22500	0.145741
22550	0.102144
22600	0.103928
22650	-0.017203
22700	0.005494
22750	0.012387
22800	0.042601
22850	0.286074
22900	0.025960
22950	0.103989
23000	-0.122290
23050	0.131145
23100	-0.160399
23150	0.090472
23200	0.049408
23250	-0.000307
23300	0.021384
23350	0.012532
23400	-0.042655
23450	-0.129096
23500	0.107596
23550	-0.160523
23600	-0.055804
23650	0.161093
23700	0.213007
23750	-0.163613
23800	-0.162941
23850	-0.093922
23900	0.028291
23950	-0.034498
24000	0.017190
24050	0.197270
24100	-0.079452
24150	-0.062415
24200	-0.100935
24250	-0.080254
24300	-0.029557
24350	-0.025515
24400	0.003290
24450	0.128206
24500	0.126491
24550	0.259020
24600	0.236503
24650	-0.066759
24700	-0.090406
24750	0.253440
24800	0.166515
24850	0.025832
24900	0.085541
24950	0.088892
25000	0.050973
25050	0.053830
25100	0.136102
25150	0.163257
25200	0.023089
25250	-0.111895
25300	-0.185698
25350	-0.125248
25400	-0.209460
25450	-0.018861
25500	0.194392
25550	0.080677
25600	-0.012182
25650	-0.052202
25700	0.067269
25750	0.078976
25800	0.085445
25850	0.283467
25900	0.229882
25950	0.200143
26000	0.018454
26050	0.170655
26100	-0.052826
26150	0.111111
26200	0.099778
26250	0.026692
26300	0.121164
26350	-0.318000
26400	0.105417
26450	0.161314
26500	0.276664
26550	0.059962
26600	0.220290
26650	0.024423
26700	0.086575
26750	0.249736
26800	0.113600
26850	0.018001
26900	0.085088
26950	-0.016245
27000	-0.135397
27050	-0.091623
27100	0.136048
27150	-0.246053
27200	-0.113905
27250	-0.228675
27300	-0.138791
27350	-0.131038
27400	0.084252
27450	0.107416
27500	-0.110141
27550	-0.047880
27600	0.325156
27650	0.157602
27700	-0.086068
27750	-0.054355
27800	0.043276
27850	-0.030209
27900	-0.031279
27950	-0.087500
28000	-0.044619
28050	-0.065097
28100	0.032968
28150	0.182698
28200	-0.035322
28250	0.092523
28300	-0.111060
28350	-0.010846
28400	0.069410
28450	0.173866
28500	0.066306
28550	-0.040516
28600	-0.082967
28650	0.097346
28700	-0.028372
28750	-0.034549
28800	-0.020418
28850	0.010600
28900	0.038740
28950	-0.163386
29000	0.037472
29050	0.071204
29100	0.241832
29150	-0.100071
29200	0.033667
29250	-0.061117
29300	-0.035243
29350	0.253516
29400	0.091748
29450	0.044847
29500	0.001664
29550	-0.078535
29600	0.117890
29650	0.017706
29700	-0.054680
29750	0.155521
29800	-0.034377
29850	-0.040624
29900	0.090753
29950	0.164376
30000	0.062309
30050	0.185027
30100	0.043663
30150	0.351708
30200	-0.169639
30250	-0.046704
30300	0.147327
30350	0.053141
30400	-0.192583
30450	0.164168
30500	0.161611
30550	-0.142165
30600	-0.102002
30650	-0.112222
30700	0.097291
30750	-0.105825
30800	-0.033372
30850	0.033611
30900	0.017886
30950	-0.037318
31000	0.012778
31050	-0.114750
31100	0.059316
31150	0.195620
31200	0.035132
31250	-0.125563
31300	0.110470
31350	-0.025490
31400	0.014529
31450	0.076434
31500	-0.026404
31550	0.024342
31600	-0.064225
31650	0.206305
31700	0.013882
31750	0.008237
31800	0.083053
31850	0.085650
31900	0.035639
31950	0.010169
32000	0.122513
32050	-0.090786
32100	-0.048279
32150	-0.106438
32200	-0.124990
32250	0.047442
32300	0.040777
32350	-0.003269
32400	-0.045580
32450	-0.090905
32500	-0.068054
32550	0.184166
32600	-0.024903
32650	-0.034380
32700	0.018770
32750	-0.124248
32800	0.067660
32850	-0.005316
32900	0.029517
32950	0.088977
33000	0.050295
33050	0.116253
33100	0.272138
33150	0.007871
33200	0.176823
33250	-0.023792
33300	0.168330
33350	0.093816
33400	-0.133750
33450	-0.053847
33500	0.015468
33550	0.195254
33600	-0.011381
33650	0.090612
33700	0.165557
33750	0.108424
33800	-0.010781
33850	0.060743
33900	0.214673
33950	0.056957
34000	0.126434
34050	0.054200
34100	-0.055910
34150	-0.013441
34200	0.100541
34250	0.042059
34300	-0.024624
34350	0.069450
34400	0.207425
34450	0.105352
34500	-0.073666
34550	0.040807
34600	-0.155723
34650	0.017926
34700	0.051472
34750	0.070634
34800	-0.101182
34850	0.174636
34900	0.068347
34950	0.149324
35000	0.038994
35050	-0.096681
35100	-0.129465
35150	0.148322
35200	0.171308
35250	-0.080852
35300	-0.111927
35350	-0.106544
35400	0.006216
35450	-0.083621
35500	-0.238725
35550	-0.013643
35600	0.120531
35650	-0.250819
35700	-0.092581
35750	-0.088110
35800	-0.048070
35850	-0.007329
35900	-0.025756
35950	0.134874
36000	-0.237827
36050	-0.263482
36100	-0.058791
36150	0.083447
36200	-0.066321
36250	0.200412
36300	0.102493
36350	0.031415
36400	-0.026533
36450	-0.028473
36500	0.170268
36550	0.028595
36600	0.007646
36650	-0.006681
36700	-0.060513
36750	-0.009459
36800	0.101446
36850	0.024064
36900	-0.056737
36950	-0.229302
37000	-0.330220
37050	-0.025025
37100	0.045224
37150	-0.200815
37200	-0.080626
37250	0.066886
37300	-0.095752
37350	-0.056075
37400	0.031895
37450	0.144123
37500	0.104230
37550	0.046835
37600	-0.069723
37650	0.124458
37700	-0.008759
37750	0.191667
37800	-0.064051
37850	-0.131681
37900	0.054561
37950	0.172522
38000	0.039972
38050	-0.014561
38100	-0.089896
38150	-0.032612
38200	-0.112201
38250	-0.182571
38300	0.016777
38350	-0.045893
38400	-0.076014
38450	0.017374
38500	-0.103553
38550	-0.028860
38600	-0.018494
38650	-0.101796
38700	0.089916
38750	0.159491
38800	-0.080236
38850	-0.169492
38900	0.036181
38950	0.136189
39000	-0.043528
39050	-0.241151
39100	-0.193526
39150	-0.043603
39200	0.180060
39250	0.068998
39300	0.130941
39350	0.282932
39400	-0.051929
39450	0.080955
39500	-0.103638
39550	0.204904
39600	-0.042985
39650	-0.246585
39700	0.193870
39750	-0.078526
39800	0.082288
39850	0.079944
39900	0.165378
39950	-0.017401
40000	0.131987
40050	0.109434
40100	-0.010162
40150	0.060143
40200	-0.013209
40250	-0.105022
40300	0.043049
40350	-0.043992
40400	0.026430
40450	0.116197
40500	-0.081386
40550	-0.107242
40600	0.080569
40650	0.004906
40700	0.116402
40750	0.122859
40800	0.115641
40850	-0.214094
40900	0.034088
40950	0.121216
41000	0.074720
41050	-0.055714
41100	-0.043214
41150	0.119256
41200	-0.049915
41250	-0.174922
41300	-0.019865
41350	-0.157898
41400	0.106636
41450	0.023197
41500	0.127093
41550	0.050830
41600	0.105237
41650	0.111230
41700	0.206809
41750	0.179873
41800	0.242853
41850	0.123060
41900	0.006397
41950	-0.036014
42000	-0.123592
42050	-0.192858
42100	-0.008203
42150	0.034261
42200	0.037999
42250	0.066459
42300	0.128615
42350	0.016191
42400	0.063180
42450	0.067052
42500	0.010734
42550	0.188304
42600	0.147779
42650	-0.170228
42700	-0.085140
42750	0.165106
42800	0.119847
42850	-0.014148
42900	-0.246447
42950	0.026661
43000	0.002316
43050	-0.010883
43100	-0.056708
43150	-0.127509
43200	0.062571
43250	-0.069105
43300	-0.059327
43350	0.013856
43400	0.011808
43450	0.041069
43500	-0.034705
43550	0.064481
43600	-0.035113
43650	0.032101
43700	-0.034682
43750	0.134499
43800	-0.049808
43850	0.131976
43900	0.036428
43950	-0.092874
44000	0.060225
44050	-0.097802
44100	-0.198612
44150	0.181013
44200	0.005443
44250	-0.152471
44300	-0.115475
44350	-0.057919
44400	-0.003537
44450	-0.081531
44500	-0.005464
44550	0.132444
44600	0.107853
44650	-0.130451
44700	-0.013978
44750	0.087232
44800	0.159237
44850	0.118513
44900	-0.024310
44950	0.096291
45000	-0.014200
45050	-0.040894
45100	0.131024
45150	-0.058005
45200	-0.079715
45250	0.000512
45300	0.101322
45350	0.183324
45400	-0.193161
45450	0.157207
45500	-0.071174
45550	0.150854
45600	0.057091
45650	-0.011259
45700	0.235855
45750	-0.141027
45800	-0.049070
45850	-0.081113
45900	0.029413
45950	-0.074962
46000	0.129136
46050	-0.113116
46100	0.050111
46150	-0.082818
46200	0.183566
46250	0.109700
46300	0.041009
46350	0.176794
46400	-0.064358
46450	0.056458
46500	0.271344
46550	-0.086653
46600	-0.024603
46650	0.080335
46700	-0.160930
46750	0.202525
46800	-0.003393
46850	-0.206269
46900	-0.050828
46950	-0.250577
47000	-0.133182
47050	-0.124409
47100	-0.063107
47150	-0.137071
47200	-0.092969
47250	-0.026037
47300	0.079320
47350	-0.203070
47400	-0.133198
47450	-0.107448
47500	-0.068480
47550	0.108791
47600	0.031669
47650	-0.143602
47700	0.082222
47750	-0.030462
47800	-0.143273
47850	-0.010637
47900	0.021740
47950	0.010527
48000	0.012774
48050	-0.065767
48100	0.106805
48150	-0.007727
48200	0.169004
48250	0.170678
48300	0.017585
48350	0.069154
48400	0.132558
48450	0.031873
48500	0.022342
48550	-0.138419
48600	-0.132058
48650	0.101425
48700	0.233290
48750	-0.154218
48800	-0.035288
48850	-0.051842
48900	-0.025173
48950	-0.134556
49000	-0.147328
49050	-0.033217
49100	0.076133
49150	-0.034430
49200	0.030879
49250	0.023641
49300	0.091197
49350	-0.060329
49400	0.135040
49450	0.129127
49500	0.098342
49550	0.006258
49600	0.087118
49650	-0.123682
49700	-0.039979
49750	0.144401
49800	-0.099434
49850	0.081301
49900	0.073118
49950	0.153889
50000	-0.145240
50050	0.134120
50100	0.042466
50150	-0.055059
50200	0.148155
50250	0.101225
50300	0.091072
50350	-0.149921
50400	0.009473
50450	0.116768
50500	0.185929
50550	0.113436
50600	0.068101
50650	-0.010011
50700	0.003285
50750	0.213047
50800	0.015587
50850	0.150181
50900	0.133828
50950	0.016926
51000	0.153343
51050	0.129432
51100	-0.072448
51150	-0.010453
51200	0.062563
51250	0.239761
51300	0.021800
51350	0.107539
51400	-0.076238
51450	0.032171
51500	0.131565
51550	0.150128
51600	0.023662
51650	0.099222
51700	-0.075413
51750	-0.133753
51800	-0.052551
51850	0.024439
51900	-0.069433
51950	0.075614
52000	0.105466
52050	0.003008
52100	0.003483
52150	0.038061
52200	0.026011
52250	-0.063506
52300	0.200648
52350	0.118040
52400	0.000062
52450	0.019269
52500	0.142159
52550	0.051024
52600	0.084080
52650	0.074715
52700	-0.032974
52750	-0.116287
52800	0.023035
52850	-0.083857
52900	-0.047354
52950	-0.055592
53000	-0.197342
53050	0.057433
53100	0.217031
53150	-0.139596
53200	-0.141998
53250	-0.100026
53300	-0.035765
53350	-0.139312
53400	0.059027
53450	-0.193292
53500	-0.013530
53550	-0.147739
53600	-0.166017
53650	0.179367
53700	-0.019914
53750	-0.036444
53800	0.016016
53850	0.003088
53900	0.085666
53950	-0.187972
54000	0.039523
54050	0.103171
54100	-0.159851
54150	0.073897
54200	0.165004
54250	-0.098129
54300	-0.243821
54350	-0.046052
54400	-0.059208
54450	-0.159267
54500	0.054501
54550	-0.109949
54600	-0.024465
54650	0.086392
54700	-0.065319
54750	-0.186562
54800	0.104869
54850	0.150952
54900	-0.018985
54950	0.088445
55000	0.099357
55050	-0.003553
55100	0.003070
55150	0.130047
55200	0.100104
55250	-0.092986
55300	-0.106022
55350	-0.217681
55400	0.037804
55450	0.125652
55500	0.176789
55550	-0.034649
55600	0.068049
55650	-0.007256
55700	0.057947
55750	-0.132809
55800	-0.063725
55850	0.045238
55900	-0.112526
55950	-0.030709
56000	-0.140204
56050	-0.006832
56100	-0.025744
56150	-0.024631
56200	-0.055005
56250	-0.101290
56300	0.015898
56350	0.238878
56400	0.093247
56450	0.070050
56500	0.181465
56550	0.105313
56600	0.215629
56650	0.071305
56700	0.117110
56750	-0.157404
56800	-0.064786
56850	-0.059642
56900	0.145118
56950	-0.051841
57000	0.075825
57050	0.151148
57100	-0.170282
57150	0.079662
57200	-0.011082
57250	-0.091085
57300	-0.014541
57350	0.061193
57400	0.140794
57450	0.170269
57500	-0.048526
57550	0.153260
57600	0.060364
57650	0.000239
57700	0.024413
57750	0.053357
57800	-0.094939
57850	-0.011095
57900	0.035341
57950	-0.046716
58000	-0.083245
58050	0.101830
58100	0.050340
58150	0.009511
58200	0.138171
58250	-0.050235
58300	-0.050732
58350	-0.001748
58400	-0.097440
58450	0.143158
58500	0.085381
58550	0.033179
58600	-0.227563
58650	0.076462
58700	-0.090654
58750	0.202373
58800	-0.019896
58850	0.113494
58900	0.205995
58950	-0.099061
59000	0.024531
59050	-0.057845
59100	0.131321
59150	-0.042431
59200	0.028407
59250	0.225332
59300	-0.034951
59350	-0.050670
59400	-0.133302
59450	-0.061517
59500	0.223136
59550	0.008052
59600	-0.065634
59650	-0.063621
59700	-0.002049
59750	0.089737
59800	0.076908
59850	-0.137601
59900	-0.104230
59950	0.034414
60000	-0.099351
60050	0.063250
60100	0.016384
60150	0.102311
60200	0.085991
60250	-0.074776
60300	-0.058372
60350	0.002744
60400	-0.050239
60450	0.043909
60500	0.281666
60550	-0.006531
60600	-0.002467
60650	0.092639
60700	0.022941
60750	0.059212
60800	-0.226845
60850	0.105291
60900	0.072494
60950	0.091403
61000	-0.057676
61050	-0.237682
61100	0.056491
61150	0.095916
61200	0.116014
61250	0.074591
61300	0.126473
61350	-0.111555
61400	0.041943
61450	0.121297
61500	0.072457
61550	-0.107995
61600	0.004864
61650	0.066171
61700	0.100614
61750	-0.058450
61800	0.129587
61850	-0.144888
61900	-0.005907
61950	0.067400
62000	-0.138836
62050	-0.017956
62100	0.050936
62150	-0.113003
62200	0.008849
62250	-0.139080
62300	-0.034422
62350	-0.123451
62400	0.112554
62450	0.097886
62500	-0.154938
62550	0.029642
62600	-0.082631
62650	-0.074799
62700	-0.059564
62750	-0.067730
62800	-0.188737
62850	-0.182363
62900	-0.327614
62950	-0.015675
63000	-0.096820
63050	0.061507
63100	-0.093560
63150	-0.094159
63200	-0.029023
63250	0.038782
63300	0.036714
63350	0.083789
63400	-0.123428
63450	-0.135548
63500	-0.036275
63550	0.099876
63600	-0.062525
63650	0.079748
63700	0.007748
63750	0.021675
63800	-0.260481
63850	0.097085
63900	-0.088506
63950	0.040880
64000	0.047298
64050	-0.100044
64100	-0.059428
64150	0.043572
64200	-0.197451
64250	0.039632
64300	-0.071480
64350	0.096216
64400	-0.109952
64450	0.062592
64500	-0.051512
64550	0.019891
64600	0.055472
64650	-0.001665
64700	-0.177492
64750	-0.092222
64800	-0.135713
64850	-0.050984
64900	0.040252
64950	-0.118289
65000	-0.238014
65050	-0.283570
65100	-0.307699
65150	-0.056416
65200	-0.077016
65250	0.158927
65300	-0.078785
65350	0.060400
65400	-0.140518
65450	0.016563
65500	0.116614
65550	0.164047
65600	0.099720
65650	0.043529
65700	0.076740
65750	0.191948
65800	-0.021953
65850	-0.039837
65900	0.159765
65950	-0.116097
66000	0.076881
66050	-0.258116
66100	-0.019709
66150	0.013910
66200	-0.038048
66250	0.080581
66300	0.073567
66350	0.123436
66400	-0.044102
66450	0.197365
66500	0.040381
66550	0.016653
66600	-0.049231
66650	0.107780
66700	0.021934
66750	-0.247993
66800	-0.029639
66850	-0.051730
66900	-0.079198
66950	-0.189679
67000	-0.049675
67050	0.051612
67100	-0.063789
67150	-0.134625
67200	-0.081142
67250	0.145029
67300	-0.118856
67350	0.136209
67400	0.004113
67450	-0.178577
67500	-0.037631
67550	-0.104456
67600	0.106093
67650	0.072104
67700	-0.162305
67750	-0.028390
67800	0.145910
67850	0.011628
67900	0.081626
67950	0.096080
68000	-0.084150
68050	0.004850
68100	0.014244
68150	-0.086735
68200	-0.098086
68250	0.164961
68300	0.197588
68350	0.127891
68400	0.023478
68450	-0.120739
68500	-0.123575
68550	-0.207716
68600	-0.092612
68650	-0.175724
68700	-0.041354
68750	0.118538
68800	-0.156159
68850	0.008899
68900	-0.199362
68950	0.400116
69000	0.119197
69050	-0.006037
69100	-0.009491
69150	0.072397
69200	-0.027762
69250	-0.100055
69300	0.062673
69350	0.100209
69400	0.124885
69450	0.096551
69500	0.102647
69550	0.115805
69600	0.130462
69650	0.026025
69700	-0.024930
69750	0.314303
69800	0.175736
69850	-0.084693
69900	-0.026837
69950	-0.039533
70000	0.110216
70050	-0.009043
70100	-0.226296
70150	0.210488
70200	0.024201
70250	-0.118551
70300	0.005703
70350	-0.012136
70400	0.080643
70450	0.173438
70500	-0.136046
70550	-0.258272
70600	0.307215
70650	0.190049
70700	-0.182689
70750	0.084212
70800	-0.089543
70850	-0.104700
70900	-0.106915
70950	0.092978
71000	0.097672
71050	0.023582
71100	-0.020497
71150	0.012251
71200	0.052894
71250	0.131641
71300	0.183348
71350	-0.138878
71400	-0.097878
71450	0.210283
71500	0.102166
71550	-0.030335
71600	-0.053178
71650	0.034768
71700	-0.008967
71750	-0.123130
71800	-0.015136
71850	0.168970
71900	0.009659
71950	-0.193003
72000	0.022361
72050	-0.171646
72100	0.043778
72150	0.064398
72200	0.020425
72250	0.130178
72300	-0.100788
72350	0.116921
72400	-0.011629
72450	0.245416
72500	-0.080623
72550	0.003089
72600	0.097598
72650	0.043267
72700	0.142982
72750	0.106477
72800	-0.067497
72850	-0.056158
72900	0.145629
72950	0.128630
73000	0.123923
73050	-0.042820
73100	0.072590
73150	-0.125098
73200	0.011157
73250	0.015796
73300	0.020867
73350	0.080703
73400	0.199199
73450	-0.016946
73500	-0.204351
73550	0.013309
73600	-0.115235
73650	0.069397
73700	-0.011233
73750	0.123945
73800	0.014693
73850	0.201769
73900	0.120063
73950	0.011158
74000	-0.119684
74050	0.024738
74100	0.031208
74150	0.012902
74200	-0.042748
74250	0.006043
74300	-0.148662
74350	0.073838
74400	0.045117
74450	0.143082
74500	-0.201816
74550	0.066634
74600	-0.123789
74650	-0.103507
74700	0.039389
74750	-0.018243
74800	0.015852
74850	0.047692
74900	0.109618
74950	-0.102681
75000	0.159149
75050	0.070464
75100	-0.012129
75150	0.106587
75200	0.092473
75250	0.059839
75300	-0.060132
75350	0.086753
75400	0.070701
75450	0.064789
75500	0.257224
75550	-0.079718
75600	0.109991
75650	0.080414
75700	-0.080796
75750	0.119529
75800	0.032502
75850	0.187131
75900	-0.035731
75950	0.070620
76000	0.040819
76050	-0.000577
76100	-0.085894
76150	0.023335
76200	0.173782
76250	-0.031065
76300	-0.004129
76350	-0.186914
76400	0.123473
76450	0.067824
76500	-0.027634
76550	-0.180553
76600	-0.134025
76650	0.001073
76700	0.013573
76750	0.050747
76800	-0.067109
76850	-0.021045
76900	0.021844
76950	0.191413
77000	-0.216242
77050	0.032446
77100	-0.057953
77150	-0.021118
77200	-0.160041
77250	0.007942
77300	0.187138
77350	0.192950
77400	0.045988
77450	0.079477
77500	0.011555
77550	-0.010097
77600	-0.078968
77650	-0.032970
77700	-0.063001
77750	-0.165312
77800	0.074046
77850	0.071189
77900	-0.170536
77950	0.043794
78000	-0.172303
78050	-0.052112
78100	-0.096019
78150	-0.060901
78200	-0.135933
78250	-0.002047
78300	0.012024
78350	0.005487
78400	0.126784
78450	-0.193547
78500	-0.087527
78550	-0.116919
78600	-0.249314
78650	0.116368
78700	-0.074023
78750	0.015484
78800	0.088307
78850	-0.114428
78900	-0.074094
78950	-0.020471
79000	-0.128293
79050	0.184035
79100	0.257471
79150	0.081177
79200	0.212232
79250	0.056574
79300	-0.002943
79350	0.118039
79400	0.015265
79450	-0.040622
79500	0.036965
79550	0.165483
79600	-0.075174
79650	-0.118103
79700	0.000357
79750	-0.014238
79800	0.022653
79850	-0.041129
79900	0.027799
79950	0.034058
80000	-0.036304
80050	0.025333
80100	0.094081
80150	0.004265
80200	-0.174583
80250	0.066540
80300	-0.203031
80350	-0.046006
80400	-0.191360
80450	-0.016679
80500	-0.094101
80550	-0.148166
80600	-0.215436
80650	-0.130182
80700	0.074895
80750	0.032900
80800	0.014671
80850	-0.043342
80900	-0.005034
80950	0.193506
81000	-0.102574
81050	0.015315
81100	-0.238013
81150	0.174843
81200	-0.067246
81250	0.029109
81300	-0.127151
81350	0.007546
81400	-0.019915
81450	0.042469
81500	0.031308
81550	-0.237691
81600	-0.153931
81650	0.117442
81700	-0.000513
81750	-0.064731
81800	0.134091
81850	-0.046692
81900	-0.011186
81950	-0.122919
82000	0.153190
82050	0.109205
82100	0.161158
82150	0.042799
82200	-0.134147
82250	-0.033426
82300	0.010690
82350	0.098577
82400	-0.027855
82450	-0.122620
82500	0.169533
82550	0.079076
82600	0.002741
82650	-0.199005
82700	-0.056858
82750	0.107498
82800	0.023676
82850	-0.154965
82900	0.056477
82950	-0.251308
83000	0.105574
83050	0.027253
83100	0.067006
83150	-0.034138
83200	0.002706
83250	0.065243
83300	0.064588
83350	-0.172515
83400	-0.099937
83450	-0.028032
83500	-0.071333
83550	0.047550
83600	0.196912
83650	-0.116233
83700	-0.321859
83750	-0.037064
83800	0.023608
83850	-0.033466
83900	0.048924
83950	0.084822
84000	0.107884
84050	-0.170241
84100	0.023107
84150	-0.013888
84200	-0.076139
84250	-0.078848
84300	-0.111229
84350	0.015812
84400	-0.055322
84450	0.056479
84500	0.180828
84550	0.171556
84600	-0.156561
84650	0.032401
84700	0.022758
84750	-0.043837
84800	-0.174337
84850	-0.120610
84900	0.060204
84950	-0.006130
85000	-0.020431
85050	0.045137
85100	0.023304
85150	0.163981
85200	0.135667
85250	0.333240
85300	-0.061415
85350	-0.125923
85400	-0.019426
85450	0.000425
85500	-0.091763
85550	-0.158472
85600	-0.074725
85650	0.081657
85700	0.110070
85750	-0.049165
85800	-0.097213
85850	0.115454
85900	0.145385
85950	-0.024998
86000	0.083813
86050	-0.074726
86100	0.051591
86150	0.068197
86200	-0.193441
86250	-0.136515
86300	-0.040162
86350	-0.155045
86400	0.163330
86450	0.015085
86500	-0.144302
86550	-0.117173
86600	0.013730
86650	-0.013238
86700	-0.178129
86750	-0.096560
86800	0.039191
86850	0.015447
86900	-0.157957
86950	-0.039507
87000	-0.206568
87050	-0.020069
87100	-0.096375
87150	0.016273
87200	-0.152688
87250	-0.060460
87300	-0.092269
87350	-0.026727
87400	0.166004
87450	0.008340
87500	-0.113284
87550	0.042403
87600	0.017159
87650	0.059957
87700	0.038933
87750	-0.064844
87800	0.033162
87850	0.042402
87900	-0.097302
87950	-0.109703
88000	-0.056129
88050	0.014172
88100	-0.190172
88150	0.090835
88200	0.054463
88250	0.014922
88300	0.086535
88350	-0.004278
88400	0.111340
88450	0.084801
88500	-0.087633
88550	0.164915
88600	-0.031981
88650	-0.028657
88700	0.003586
88750	0.052363
88800	-0.047958
88850	-0.086701
88900	-0.005639
88950	0.051998
89000	-0.056952
89050	0.070118
89100	-0.188863
89150	-0.013206
89200	0.058298
89250	0.124971
89300	-0.066777
89350	0.050319
89400	0.024695
89450	0.035807
89500	-0.102394
89550	-0.020958
89600	-0.073270
89650	-0.061723
89700	0.042450
89750	-0.004618
89800	-0.219513
89850	0.044490
89900	-0.035604
89950	0.093810
90000	0.134850
90050	0.212302
90100	0.042076
90150	0.078878
90200	0.011380
90250	-0.138202
90300	0.051329
90350	0.120981
90400	0.042221
90450	-0.018921
90500	-0.018522
90550	-0.008457
90600	-0.068511
90650	0.084444
90700	0.038767
90750	-0.157756
90800	-0.061299
90850	0.075604
90900	-0.150726
90950	-0.167457
91000	-0.110935
91050	-0.154219
91100	-0.023699
91150	-0.126643
91200	-0.074721
91250	-0.008706
91300	-0.078263
91350	0.159255
91400	0.088639
91450	0.060469
91500	-0.056700
91550	0.053561
91600	0.017073
91650	-0.079932
91700	-0.050047
91750	0.121745
91800	-0.041628
91850	-0.130168
91900	0.039912
91950	0.096262
92000	0.119313
92050	-0.062744
92100	-0.039173
92150	-0.116485
92200	0.140228
92250	0.068284
92300	-0.089026
92350	0.220872
92400	0.310145
92450	-0.032124
92500	-0.063357
92550	-0.128770
92600	-0.015845
92650	-0.187593
92700	0.080789
92750	-0.038524
92800	-0.047268
92850	-0.079038
92900	-0.008215
92950	-0.034424
93000	0.117091
93050	-0.142157
93100	0.028775
93150	-0.036964
93200	-0.030158
93250	0.025899
93300	0.105651
93350	-0.090152
93400	-0.130807
93450	-0.010696
93500	0.000515
93550	-0.144746
93600	-0.051255
93650	-0.061748
93700	-0.010395
93750	0.058881
93800	0.110260
93850	-0.024188
93900	0.029172
93950	0.177490
94000	0.088991
94050	0.242440
94100	0.023724
94150	0.168593
94200	-0.152932
94250	0.050774
94300	-0.019584
94350	0.050978
94400	0.106638
94450	-0.010045
94500	-0.180171
94550	0.208433
94600	-0.015505
94650	-0.132487
94700	-0.102812
94750	0.005305
94800	0.276133
94850	0.055815
94900	0.082761
94950	-0.234263
95000	-0.129652
95050	0.034599
95100	0.016635
95150	0.113566
95200	0.174119
95250	0.079739
95300	0.137656
95350	0.080828
95400	0.093270
95450	0.009155
95500	0.176191
95550	0.009048
95600	-0.023753
95650	-0.011733
95700	0.152065
95750	0.198110
95800	0.080890
95850	0.085080
95900	0.063048
95950	0.027574
96000	-0.194232
96050	0.106330
96100	0.082133
96150	-0.139590
96200	0.024194
96250	-0.077204
96300	-0.184322
96350	0.047355
96400	-0.129617
96450	-0.054015
96500	0.103329
96550	-0.027168
96600	0.217679
96650	0.032545
96700	-0.155704
96750	0.077246
96800	0.109839
96850	0.047504
96900	-0.099024
96950	-0.009679
97000	0.106577
97050	0.155705
97100	0.153743
97150	-0.010296
97200	0.138558
97250	0.051615
97300	0.084429
97350	0.018525
97400	-0.023127
97450	0.134998
97500	-0.024365
97550	-0.035374
97600	-0.090928
97650	-0.109471
97700	-0.143934
97750	0.167728
97800	0.099052
97850	0.097737
97900	-0.115578
97950	0.125401
98000	0.041319
98050	0.043955
98100	-0.001856
98150	0.011672
98200	-0.012117
98250	-0.045324
98300	0.078626
98350	0.067003
98400	-0.032791
98450	-0.097635
98500	-0.144865
98550	0.079450
98600	0.123210
98650	0.022175
98700	-0.110259
98750	-0.094474
98800	0.046630
98850	0.222317
98900	0.008193
98950	0.002346
99000	-0.028234
99050	-0.227664
99100	-0.034606
99150	0.116080
99200	-0.107756
99250	-0.098979
99300	-0.126896
99350	0.024787
99400	0.107834
99450	0.005825
99500	-0.096173
99550	-0.306272
99600	0.123080
99650	-0.029122
99700	-0.048861
99750	0.102349
99800	0.013072
99850	0.065777
99900	-0.085912
99950	0.056735
100000	0.178401
100050	0.024939
100100	0.040038
100150	0.007146
100200	0.020234
100250	0.126894
100300	0.082487
100350	0.012391
100400	0.143052
100450	0.174348
100500	0.040180
100550	0.046196
100600	-0.081746
100650	0.121677
100700	0.143863
100750	-0.079134
100800	-0.166520
100850	0.020082
100900	0.306450
100950	0.256091
101000	-0.066754
101050	0.158470
101100	0.033909
101150	-0.002321
101200	0.082506
101250	0.029268
101300	0.124817
101350	-0.037994
101400	0.035573
101450	-0.146352
101500	-0.057196
101550	0.100720
101600	0.069918
101650	-0.117628
101700	-0.054337
101750	0.127842
101800	0.217537
101850	0.033689
101900	0.169834
101950	-0.069586
102000	-0.009538
102050	0.330478
102100	0.257122
102150	0.147976
102200	-0.185988
102250	-0.226858
102300	0.133779
102350	-0.257455
102400	-0.122144
102450	-0.190745
102500	-0.080781
102550	-0.062565
102600	-0.033269
102650	0.036237
102700	0.024085
102750	0.105233
102800	-0.063077
102850	0.051597
102900	0.180173
102950	-0.098707
103000	0.211530
103050	0.149812
103100	0.066078
103150	0.194198
103200	-0.002438
103250	-0.128739
103300	0.159580
103350	-0.076866
103400	0.061603
103450	-0.025577
103500	-0.001640
103550	-0.068234
103600	-0.051416
103650	0.093345
103700	0.099548
103750	0.066714
103800	-0.022909
103850	-0.083330
103900	0.108439
103950	0.008847
104000	0.066223
104050	0.101872
104100	-0.028468
104150	-0.103046
104200	0.048158
104250	0.044091
104300	-0.186943
104350	0.030463
104400	-0.393963
104450	-0.215563
104500	-0.105440
104550	0.025506
104600	-0.077919
104650	0.120378
104700	-0.059296
104750	0.193796
104800	-0.159819
104850	0.064067
104900	0.049422
104950	0.043243
105000	-0.018239
105050	0.069195
105100	0.006426
105150	-0.017057
105200	-0.040789
105250	-0.270862
105300	0.260476
105350	0.044424
105400	0.144430
105450	0.053369
105500	-0.061378
105550	-0.065437
105600	-0.051374
105650	-0.120054
105700	-0.006916
105750	0.011166
105800	-0.024834
105850	-0.106409
105900	-0.184329
105950	-0.196389
106000	0.115271
106050	0.031592
106100	0.114054
106150	0.072000
106200	-0.139674
106250	0.086440
106300	-0.022097
106350	-0.001328
106400	0.002595
106450	0.157783
106500	-0.138121
106550	0.002617
106600	0.016078
106650	-0.116781
106700	0.114994
106750	-0.094487
106800	-0.064174
106850	0.024878
106900	-0.103587
106950	0.205381
107000	-0.016065
107050	0.103105
107100	-0.033485
107150	0.136760
107200	0.047369
107250	-0.215422
107300	0.140233
107350	-0.014266
107400	-0.054061
107450	-0.113953
107500	0.045394
107550	0.156906
107600	0.073602
107650	-0.080477
107700	0.146398
107750	-0.148647
107800	0.132173
107850	0.103741
107900	-0.042595
107950	-0.071798
108000	-0.072272
108050	0.020225
108100	0.025181
108150	0.033870
108200	-0.056062
108250	0.118486
108300	-0.054578
108350	0.138033
108400	0.103850
108450	0.100719
108500	-0.070691
108550	0.079651
108600	-0.088705
108650	0.004476
108700	-0.000388
108750	-0.055841
108800	0.085403
108850	-0.024078
108900	-0.180465
108950	0.018161
109000	0.004346
109050	-0.017096
109100	-0.138571
109150	-0.120206
109200	0.134075
109250	0.064487
109300	0.006869
109350	-0.062028
109400	-0.107435
109450	-0.024221
109500	-0.167235
109550	-0.175089
109600	-0.188658
109650	-0.171294
109700	-0.048924
109750	-0.224118
109800	-0.068029
109850	-0.138210
109900	-0.094718
109950	0.115693
110000	0.013456
110050	0.032252
110100	-0.243583
110150	0.038634
110200	-0.063362
110250	0.059977
110300	0.020305
110350	0.034047
110400	-0.008149
110450	0.107439
110500	-0.179511
110550	0.171090
110600	0.170228
110650	0.051898
110700	0.080060
110750	0.021951
110800	-0.038258
110850	0.007541
110900	-0.216716
110950	-0.061599
111000	0.035951
111050	-0.129636
111100	-0.011162
111150	-0.057374
111200	-0.071557
111250	-0.017575
111300	-0.253260
111350	-0.136713
111400	-0.172624
111450	-0.078841
111500	0.171999
111550	0.156483
111600	-0.110929
111650	-0.143844
111700	-0.064137
111750	0.102977
111800	-0.219592
111850	-0.032952
111900	-0.077324
111950	0.025322
112000	0.175546
112050	-0.017969
112100	-0.017979
112150	0.082937
112200	0.117116
112250	0.079121
112300	-0.115833
112350	0.022355
112400	0.019472
112450	-0.027797
112500	0.033711
112550	0.177087
112600	-0.053941
112650	-0.144662
112700	0.076681
112750	-0.083998
112800	-0.172117
112850	0.169542
112900	0.156393
112950	-0.014191
113000	0.038906
113050	0.121551
113100	-0.093747
113150	-0.049547
113200	0.082647
113250	0.040644
113300	-0.048214
113350	-0.122617
113400	0.014492
113450	-0.002813
113500	0.047086
113550	0.083213
113600	0.084193
113650	-0.000584
113700	0.059992
113750	-0.054042
113800	-0.249453
113850	-0.200056
113900	0.171287
113950	-0.001807
114000	0.025459
114050	0.075559
114100	-0.058246
114150	0.073304
114200	0.116916
114250	-0.001778
114300	0.019901
114350	-0.058430
114400	-0.006050
114450	0.114438
114500	0.277462
114550	0.024565
114600	-0.008758
114650	-0.148371
114700	-0.043097
114750	0.136314
114800	0.126056
114850	-0.014458
114900	-0.092192
114950	-0.020531
115000	0.271562
115050	0.026371
115100	0.139830
115150	0.138157
115200	-0.167035
115250	-0.092029
115300	0.058429
115350	0.123846
115400	0.003264
115450	-0.051430
115500	0.059796
115550	-0.049713
115600	-0.071894
115650	0.132691
115700	0.038339
115750	0.060245
115800	-0.083062
115850	-0.009926
115900	0.052249
115950	-0.078496
116000	0.014766
116050	0.175269
116100	0.027173
116150	-0.044065
116200	-0.222624
116250	-0.132265
116300	0.138276
116350	-0.076015
116400	0.011811
116450	-0.075640
116500	-0.078873
116550	0.198972
116600	0.038881
116650	0.104808
116700	0.002357
116750	0.064986
116800	-0.082356
116850	-0.090411
116900	0.215280
116950	0.127977
117000	-0.146270
117050	-0.150953
117100	0.091676
117150	0.174493
117200	0.065583
117250	-0.014025
117300	-0.179350
117350	0.014189
117400	0.009501
117450	-0.165305
117500	-0.003598
117550	0.128124
117600	-0.105298
117650	0.069799
117700	0.130097
117750	0.042903
117800	-0.016730
117850	0.119334
117900	0.084877
117950	0.079578
118000	-0.184691
118050	0.119098
118100	-0.093305
118150	-0.102200
118200	-0.025545
118250	-0.012060
118300	-0.074375
118350	-0.040435
118400	0.068543
118450	0.215491
118500	-0.021969
118550	0.183191
118600	0.189643
118650	-0.178953
118700	-0.221246
118750	0.046814
118800	0.211256
118850	-0.055862
118900	0.061867
118950	0.208793
119000	0.056996
119050	-0.128090
119100	0.186435
119150	-0.052645
119200	-0.049935
119250	0.020747
119300	-0.048103
119350	0.133666
119400	-0.097646
119450	-0.045646
119500	0.039224
119550	-0.170423
119600	-0.052555
119650	-0.029109
119700	0.001049
119750	0.003990
119800	-0.021307
119850	0.086737
119900	-0.022543
119950	0.089360
120000	0.027559
120050	-0.073497
120100	-0.061216
120150	-0.086348
120200	0.030566
120250	-0.016011
120300	0.062114
120350	0.204465
120400	-0.046059
120450	-0.175717
120500	-0.021758
120550	-0.085202
120600	0.016447
120650	-0.038194
120700	0.043238
120750	-0.171203
120800	-0.025834
120850	-0.155185
120900	-0.109016
120950	0.198756
121000	-0.101426
121050	-0.094726
121100	0.100474
121150	0.222156
121200	0.032042
121250	0.109719
121300	0.079120
121350	0.131180
121400	-0.107829
121450	-0.119940
121500	-0.088666
121550	0.088497
121600	0.167849
121650	0.044869
121700	0.124002
121750	-0.086988
121800	0.053247
121850	0.054341
121900	-0.031611
121950	-0.193988
122000	-0.112501
122050	0.100018
122100	0.113660
122150	-0.047125
122200	0.032172
122250	0.137244
122300	-0.092258
122350	-0.196082
122400	0.061166
122450	0.161904
122500	0.192008
122550	-0.154851
122600	-0.095329
122650	0.066437
122700	-0.045914
122750	-0.021239
122800	-0.125654
122850	0.026463
122900	-0.056916
122950	-0.144718
123000	-0.064571
123050	-0.201896
123100	-0.086568
123150	-0.078506
123200	-0.006771
123250	-0.043831
123300	-0.092031
123350	-0.087046
123400	0.342436
123450	0.017541
123500	-0.012580
123550	-0.031526
123600	-0.073915
123650	-0.133099
123700	-0.037014
123750	0.196228
123800	0.096754
123850	0.174043
123900	0.125169
123950	-0.082520
124000	-0.010176
124050	-0.151892
124100	0.135108
124150	-0.097817
124200	0.241429
124250	0.026469
124300	0.120051
124350	-0.090869
124400	-0.062345
124450	-0.180031
124500	-0.050002
124550	0.090442
124600	0.073382
124650	-0.024398
124700	-0.084811
124750	0.003299
124800	-0.088280
124850	-0.016579
124900	-0.118796
124950	0.052269
125000	-0.075649
125050	-0.175380
125100	0.007279
125150	-0.088861
125200	-0.127088
125250	-0.127320
125300	0.098964
125350	-0.107101
125400	-0.005853
125450	0.195477
125500	-0.060075
125550	-0.002508
125600	-0.063123
125650	0.069597
125700	-0.066005
125750	-0.017564
125800	-0.000072
125850	0.168245
125900	-0.078452
125950	-0.080115
126000	-0.109747
126050	0.162174
126100	0.086506
126150	0.117557
126200	0.126721
126250	0.059968
126300	-0.057474
126350	-0.087997
126400	-0.134219
126450	0.010353
126500	0.012054
126550	-0.015113
126600	-0.120889
126650	0.021755
126700	0.108338
126750	0.055653
126800	-0.080019
126850	-0.080819
126900	0.104403
126950	0.118211
127000	0.167550
127050	0.066969
127100	-0.138182
127150	0.041348
127200	-0.002263
127250	0.028397
127300	-0.054048
127350	-0.231748
127400	0.040493
127450	0.001427
127500	-0.113398
127550	0.019983
127600	-0.044425
127650	0.027591
127700	0.006485
127750	-0.062630
127800	-0.138012
127850	0.138137
127900	-0.155098
127950	-0.157275
128000	-0.195714
128050	-0.093143
128100	-0.042013
128150	0.094669
128200	0.190629
128250	-0.092795
128300	0.198188
128350	0.095772
128400	-0.183819
128450	0.021391
128500	0.101771
128550	-0.017465
128600	-0.000073
128650	-0.122692
128700	0.058500
128750	-0.104345
128800	0.096937
128850	-0.260865
128900	0.234160
128950	-0.049891
129000	-0.060962
129050	0.106322
129100	-0.249543
129150	-0.290878
129200	-0.128603
129250	-0.066437
129300	0.360996
129350	0.047959
129400	-0.006298
129450	-0.051109
129500	0.045473
129550	-0.366926
129600	-0.178557
129650	0.149359
129700	0.089740
129750	-0.039957
129800	0.067873
129850	0.008583
129900	0.020213
129950	-0.063459
130000	0.143119
130050	0.124313
130100	0.167970
130150	0.001690
130200	-0.030776
130250	0.022246
130300	-0.092228
130350	-0.020737
130400	-0.060497
130450	0.189728
130500	-0.019068
130550	-0.013852
130600	0.110010
130650	-0.013126
130700	0.098870
130750	0.096081
130800	0.058258
130850	0.022922
130900	0.086974
130950	0.053728
131000	-0.053801
131050	-0.105284
131100	-0.150560
131150	0.182490
131200	0.104886
131250	-0.012098
131300	-0.147778
131350	0.005719
131400	0.281033
131450	0.110211
131500	0.212452
131550	0.125799
131600	0.113574
131650	0.137647
131700	0.023671
131750	0.074922
131800	-0.114113
131850	-0.132408
131900	0.112271
131950	0.209488
132000	-0.030852
132050	-0.071201
132100	-0.017939
132150	0.075229
132200	-0.105574
132250	-0.148425
132300	-0.022662
132350	-0.108332
132400	-0.165760
132450	-0.042590
132500	-0.189358
132550	-0.073321
132600	-0.129788
132650	-0.105497
132700	0.052771
132750	0.138662
132800	-0.098243
132850	-0.048199
132900	-0.069177
132950	0.038069
133000	-0.054971
133050	0.009893
133100	-0.049575
133150	-0.131083
133200	0.062182
133250	-0.065086
133300	0.014360
133350	0.148098
133400	0.122285
133450	-0.102249
133500	-0.042796
133550	0.203140
133600	0.201934
133650	-0.150388
133700	-0.053891
133750	0.138670
133800	-0.098197
133850	0.018870
133900	-0.025490
133950	0.304246
134000	-0.108549
134050	-0.023778
134100	0.085313
134150	-0.285586
134200	-0.097719
134250	0.057467
134300	-0.049547
134350	0.042771
134400	-0.007960
134450	0.055751
134500	0.051933
134550	-0.213274
134600	-0.080006
134650	-0.209363
134700	0.112030
134750	0.086066
134800	0.116632
134850	0.062077
134900	0.098572
134950	0.183514
135000	-0.010778
135050	0.068058
135100	0.120586
135150	0.112401
135200	0.166252
135250	0.083380
135300	-0.167135
135350	-0.107766
135400	0.134080
135450	0.149088
135500	-0.014677
135550	0.021570
135600	-0.061880
135650	0.028675
135700	-0.142139
135750	-0.011771
135800	0.090029
135850	0.000204
135900	0.064556
135950	-0.220530
136000	0.058632
136050	0.167176
136100	-0.015604
136150	-0.149385
136200	-0.133210
136250	-0.110793
136300	-0.041152
136350	-0.145738
136400	0.048713
136450	0.096626
136500	-0.013292
136550	0.132490
136600	-0.044242
136650	0.094828
136700	-0.094166
136750	-0.001566
136800	0.013261
136850	0.206958
136900	0.084053
136950	-0.040183
137000	0.023881
137050	0.049659
137100	-0.037734
137150	-0.071812
137200	-0.088696
137250	-0.198636
137300	0.016512
137350	-0.070453
137400	-0.045819
137450	-0.023425
137500	-0.141631
137550	0.008832
137600	-0.082332
137650	-0.169159
137700	-0.225930
137750	0.049172
137800	-0.075562
137850	0.048396
137900	-0.052766
137950	-0.038850
138000	0.132924
138050	0.071969
138100	0.045361
138150	0.204020
138200	0.175427
138250	0.021972
138300	-0.000006
138350	0.016182
138400	-0.058722
138450	-0.179190
138500	-0.064631
138550	-0.143285
138600	0.231538
138650	0.038070
138700	0.281182
138750	-0.038489
138800	0.124849
138850	-0.078115
138900	0.217301
138950	-0.019878
139000	-0.008927
139050	0.076919
139100	-0.376141
139150	0.048799
139200	-0.095900
139250	-0.015959
139300	0.194387
139350	0.066799
139400	-0.218319
139450	-0.108114
139500	-0.079030
139550	0.112136
139600	-0.025641
139650	0.094328
139700	0.279651
139750	0.000364
139800	-0.078205
139850	-0.189728
139900	0.146469
139950	0.191823
140000	0.136872
140050	-0.000410
140100	0.137396
140150	-0.137218
140200	-0.041373
140250	0.140735
140300	0.055120
140350	0.031625
140400	0.018249
140450	-0.101731
140500	0.101589
140550	0.049532
140600	0.055246
140650	-0.109425
140700	-0.000559
140750	0.083792
140800	0.134191
140850	0.028408
140900	0.048490
140950	0.088492
141000	0.013130
141050	0.088372
141100	-0.131970
141150	-0.019609
141200	0.025700
141250	0.183904
141300	0.026747
141350	0.071238
141400	-0.114572
141450	-0.030706
141500	-0.031071
141550	0.165113
141600	0.025507
141650	0.102221
141700	-0.048234
141750	-0.068398
141800	-0.016035
141850	0.125229
141900	0.058698
141950	0.017584
142000	-0.211271
142050	0.074995
142100	-0.041599
142150	-0.037361
142200	0.100505
142250	-0.122367
142300	-0.008414
142350	0.062800
142400	0.119782
142450	-0.044504
142500	0.088880
142550	-0.150077
142600	0.195695
142650	0.049776
142700	0.280342
142750	0.117786
142800	0.080516
142850	0.107213
142900	0.076724
142950	0.260730
143000	0.087215
143050	-0.019396
143100	-0.016437
143150	-0.121240
143200	0.013325
143250	0.173911
143300	-0.137185
143350	0.122487
143400	0.030875
143450	0.127058
143500	0.026647
143550	0.028497
143600	-0.284730
143650	-0.067874
143700	-0.025608
143750	0.178053
143800	-0.107757
143850	-0.061373
143900	-0.149810
143950	-0.026440
144000	-0.109765
144050	-0.040110
144100	0.037388
144150	-0.258170
144200	0.084820
144250	-0.167918
144300	0.002340
144350	-0.018485
144400	0.145352
144450	0.058442
144500	-0.030154
144550	0.033347
144600	0.069067
144650	-0.143550
144700	0.151062
144750	0.006519
144800	0.117764
144850	0.101184
144900	0.121576
144950	0.023219
145000	0.011415
145050	0.121071
145100	0.085494
145150	-0.091566
145200	0.119276
145250	0.051234
145300	0.119991
145350	0.170799
145400	0.254672
145450	0.023186
145500	0.189256
145550	-0.032502
145600	0.172935
145650	0.054807
145700	-0.085907
145750	-0.015213
145800	-0.004129
145850	0.011672
145900	-0.169037
145950	0.083931
146000	0.173040
146050	0.082664
146100	0.061673
146150	-0.028293
146200	-0.053819
146250	0.021881
146300	0.144290
146350	-0.033041
146400	0.241662
146450	-0.217042
146500	0.016877
146550	-0.006355
146600	-0.031537
146650	-0.110712
146700	0.003386
146750	-0.042405
146800	-0.138750
146850	0.039261
146900	0.000391
146950	0.049697
147000	-0.145322
147050	0.055948
147100	-0.137387
147150	-0.076449
147200	0.056870
147250	-0.063075
147300	0.124330
147350	-0.120875
147400	0.043562
147450	0.055945
147500	0.015724
147550	-0.193398
147600	0.232422
147650	0.070107
147700	-0.007422
147750	0.084733
147800	0.105360
147850	0.095502
147900	0.053497
147950	-0.081247
148000	0.000008
148050	-0.055286
148100	0.005575
148150	0.053290
148200	-0.022626
148250	-0.005098
148300	-0.012201
148350	0.085581
148400	0.018284
148450	-0.275977
148500	0.051952
148550	0.078866
148600	-0.152347
148650	0.073847
148700	-0.293912
148750	0.000814
148800	-0.035093
148850	-0.190953
148900	-0.022772
148950	-0.103313
149000	-0.016887
149050	-0.029323
149100	-0.130387
149150	0.150532
149200	-0.324820
149250	-0.204089
149300	-0.127098
149350	-0.093920
149400	0.023136
149450	0.097127
149500	-0.177499
149550	0.004420
149600	-0.109794
149650	0.049285
149700	0.042780
149750	0.056012
149800	-0.033878
149850	0.058756
149900	0.014615
149950	-0.200039
150000	0.100729
150050	-0.116914
150100	-0.078526
150150	-0.123957
150200	-0.062538
150250	0.100162
150300	-0.055905
150350	-0.002732
150400	-0.009823
150450	-0.008996
150500	0.057794
150550	-0.082067
150600	0.126868
150650	0.041301
150700	0.010481
150750	0.101709
150800	-0.014823
150850	0.024832
150900	-0.022495
150950	-0.101576
151000	-0.116351
151050	-0.381793
151100	-0.118962
151150	-0.112530
151200	-0.081929
151250	-0.141748
151300	0.054642
151350	0.076214
151400	0.056818
151450	0.092178
151500	-0.024546
151550	0.104209
151600	0.056416
151650	0.124956
151700	-0.147422
151750	-0.089524
151800	0.005596
151850	0.091401
151900	0.177257
151950	0.060327
152000	-0.154055
152050	0.078565
152100	-0.150649
152150	-0.103387
152200	0.106851
152250	0.014065
152300	0.019989
152350	-0.118064
152400	-0.043917
152450	0.073188
152500	-0.186121
152550	-0.124717
152600	0.223044
152650	-0.207735
152700	-0.048194
152750	-0.004492
152800	0.021843
152850	0.079691
152900	0.110599
152950	0.020531
153000	-0.095406
153050	-0.192337
153100	-0.086296
153150	-0.060196
153200	-0.039678
153250	-0.055925
153300	0.039258
153350	-0.056786
153400	0.062009
153450	0.105514
153500	0.009806
153550	0.101387
153600	-0.063095
153650	0.267218
153700	-0.081482
153750	0.011212
153800	0.133308
153850	-0.147130
153900	0.044774
153950	0.056543
154000	-0.191307
154050	-0.141301
154100	0.054619
154150	0.063043
154200	-0.104094
154250	0.080302
154300	0.016815
154350	-0.009161
154400	0.051424
154450	-0.194829
154500	0.004425
154550	-0.142931
154600	0.101245
154650	-0.071548
154700	0.007051
154750	-0.301081
154800	-0.130851
154850	-0.040618
154900	0.014660
154950	0.064669
155000	-0.173803
155050	-0.193273
155100	-0.171020
155150	0.064016
155200	0.093058
155250	0.001973
155300	-0.055150
155350	-0.107555
155400	-0.109612
155450	-0.202852
155500	-0.130473
155550	0.147071
155600	0.072725
155650	0.001395
155700	0.001827
155750	-0.087418
155800	-0.065138
155850	0.040563
155900	-0.106686
155950	0.048377
156000	0.118433
156050	0.070952
156100	-0.094872
156150	0.063724
156200	0.129398
156250	0.015836
156300	-0.006445
156350	0.064820
156400	0.065119
156450	-0.078728
156500	0.050656
156550	0.183244
156600	-0.061912
156650	-0.063863
156700	0.019460
156750	0.016431
156800	0.191514
156850	-0.175137
156900	0.144502
156950	-0.030110
157000	0.040775
157050	0.180094
157100	0.082427
157150	-0.065488
157200	-0.044940
157250	-0.030463
157300	0.081773
157350	0.131137
157400	-0.076078
157450	0.056040
157500	0.055508
157550	0.052021
157600	0.212703
157650	0.104261
157700	-0.106375
157750	-0.003143
157800	0.048704
157850	0.105044
157900	-0.059387
157950	0.145854
158000	-0.090457
158050	0.070735
158100	0.139132
158150	-0.074558
158200	0.108256
158250	0.063788
158300	0.055573
158350	0.021365
158400	0.040701
158450	-0.081471
158500	0.103265
158550	-0.077867
158600	0.037062
158650	-0.014763
158700	-0.115281
158750	-0.024986
158800	0.090221
158850	0.034102
158900	0.075161
158950	-0.041516
159000	0.180248
159050	0.020605
159100	0.024544
159150	0.088014
159200	0.034566
159250	-0.143614
159300	-0.146228
159350	-0.080246
159400	-0.173336
159450	0.069066
159500	0.065269
159550	-0.001899
159600	0.072193
159650	0.081323
159700	-0.037356
159750	0.033566
159800	0.084810
159850	-0.011802
159900	-0.073129
159950	0.107895
160000	-0.126356
160050	-0.074175
160100	0.040877
160150	-0.021252
160200	-0.015531
160250	0.056172
160300	-0.020611
160350	-0.011495
160400	-0.060744
160450	0.044642
160500	0.083282
160550	-0.112885
160600	-0.132220
160650	-0.133278
160700	-0.065243
160750	-0.019456
160800	-0.025362
160850	-0.134308
160900	-0.188957
160950	0.018683
161000	0.138578
161050	0.049023
161100	0.052324
161150	-0.129640
161200	0.241223
161250	-0.080969
161300	0.038270
161350	-0.052756
161400	0.006016
161450	-0.121519
161500	-0.001366
161550	-0.102980
161600	-0.005942
161650	-0.159782
161700	-0.185263
161750	-0.175655
161800	0.103344
161850	-0.001100
161900	0.072417
161950	0.032787
162000	-0.217611
162050	-0.067594
162100	-0.046351
162150	-0.114278
162200	0.056781
162250	-0.154546
162300	0.124607
162350	0.026512
162400	-0.044706
162450	-0.021149
162500	-0.015204
162550	-0.105968
162600	0.026026
162650	-0.159196
162700	0.185340
162750	0.127958
162800	-0.011058
162850	-0.010280
162900	0.083644
162950	-0.049405
163000	0.023277
163050	0.002943
163100	-0.082458
163150	0.112148
163200	0.063684
163250	0.095870
163300	0.064099
163350	-0.147906
163400	-0.164461
163450	0.226703
163500	0.197350
163550	0.152111
163600	-0.138548
163650	0.097540
163700	0.142022
163750	-0.067056
163800	-0.087797
163850	-0.103924
163900	0.167702
163950	0.016027
164000	-0.165458
164050	-0.095466
164100	-0.007090
164150	-0.220599
164200	0.060416
164250	0.092163
164300	-0.005897
164350	-0.376665
164400	-0.006205
164450	0.096508
164500	0.085225
164550	0.018708
164600	-0.032320
164650	0.196082
164700	-0.164026
164750	0.139185
164800	0.049955
164850	-0.071855
164900	0.002660
164950	-0.073688
165000	-0.151142
165050	-0.095902
165100	-0.002514
165150	-0.050955
165200	0.180541
165250	0.160442
165300	0.099248
165350	0.125840
165400	-0.021672
165450	0.011716
165500	0.004029
165550	0.072491
165600	-0.109245
165650	-0.158930
165700	-0.140268
165750	-0.098376
165800	-0.092182
165850	-0.003506
165900	-0.189250
165950	-0.057179
166000	-0.022558
166050	-0.101652
166100	-0.100204
166150	-0.045464
166200	0.060424
166250	-0.012787
166300	-0.106865
166350	-0.038109
166400	0.028199
166450	-0.307271
166500	-0.117217
166550	-0.117725
166600	0.108315
166650	-0.104279
166700	-0.073957
166750	0.027516
166800	0.056322
166850	-0.009480
166900	-0.135750
166950	-0.077106
167000	-0.147754
167050	0.042240
167100	-0.157902
167150	0.098037
167200	-0.110642
167250	0.035552
167300	0.071231
167350	0.036098
167400	0.006006
167450	-0.130913
167500	0.139340
167550	0.092727
167600	-0.030383
167650	0.037778
167700	-0.121375
167750	-0.082133
167800	-0.012525
167850	-0.082412
167900	0.218403
167950	0.134294
168000	-0.101841
168050	-0.026502
168100	0.001900
168150	-0.086960
168200	-0.085696
168250	-0.056118
168300	-0.009776
168350	-0.003360
168400	-0.194879
168450	0.035338
168500	0.051952
168550	-0.047472
168600	-0.193420
168650	-0.066919
168700	-0.045561
168750	-0.020513
168800	-0.042264
168850	0.006873
168900	0.035704
168950	-0.008934
169000	-0.093566
169050	-0.075985
169100	-0.006022
169150	-0.228836
169200	0.086618
169250	0.044325
169300	-0.013482
169350	0.096101
169400	0.068345
169450	-0.037383
169500	0.049555
169550	0.047529
169600	0.023649
169650	0.029792
169700	-0.042907
169750	-0.162954
169800	0.039904
169850	-0.089009
169900	0.148437
169950	0.060851
170000	-0.083169
170050	0.110821
170100	-0.105253
170150	-0.218290
170200	-0.074093
170250	-0.059042
170300	0.002617
170350	-0.111662
170400	-0.068897
170450	0.052589
170500	-0.126242
170550	0.060279
170600	0.074206
170650	0.039906
170700	-0.084559
170750	-0.039042
170800	0.158712
170850	-0.020043
170900	0.037792
170950	-0.165348
171000	0.083948
171050	-0.032775
171100	0.015516
171150	0.056733
171200	0.068915
171250	-0.040360
171300	0.194376
171350	-0.044563
171400	-0.203511
171450	0.021337
171500	0.103018
171550	-0.151799
171600	-0.005332
171650	-0.114850
171700	0.080923
171750	-0.033307
171800	-0.009110
171850	-0.119659
171900	-0.053090
171950	0.002139
172000	0.142567
172050	0.064342
172100	-0.191561
172150	0.233502
172200	0.241468
172250	0.036751
172300	0.063571
172350	-0.010810
172400	0.096459
172450	0.095316
172500	0.098830
172550	0.045484
172600	-0.066711
172650	0.203889
172700	0.180622
172750	-0.055392
172800	0.099230
172850	-0.002106
172900	0.017624
172950	0.007976
173000	0.173410
173050	0.234833
173100	0.006297
173150	0.098611
173200	0.204169
173250	0.042284
173300	-0.062972
173350	-0.189306
173400	-0.101174
173450	0.163708
173500	-0.142737
173550	-0.114892
173600	-0.079939
173650	0.110584
173700	0.149740
173750	-0.094242
173800	0.098451
173850	0.083481
173900	0.058838
173950	0.098286
174000	-0.008505
174050	-0.019664
174100	-0.134510
174150	0.020850
174200	0.029611
174250	0.045669
174300	0.344796
174350	0.088579
174400	-0.095585
174450	-0.110877
174500	0.187234
174550	0.146366
174600	0.076648
174650	0.093794
174700	-0.088363
174750	-0.116855
174800	-0.044582
174850	0.063065
174900	0.093027
174950	0.050500
175000	0.080335
175050	-0.267919
175100	0.010095
175150	-0.152518
175200	-0.091524
175250	-0.030574
175300	0.126537
175350	-0.093672
175400	0.038843
175450	-0.159208
175500	-0.120493
175550	0.041824
175600	-0.082553
175650	-0.125381
175700	0.019822
175750	0.011604
175800	-0.031419
175850	-0.069012
175900	0.033153
175950	-0.090167
176000	-0.030435
176050	0.044228
176100	0.098589
176150	-0.143608
176200	0.135020
176250	-0.151490
176300	0.093607
176350	0.133225
176400	-0.127652
176450	-0.020749
176500	0.231232
176550	-0.144346
176600	-0.154442
176650	0.053226
176700	0.212561
176750	-0.000589
176800	0.038749
176850	0.078881
176900	-0.046384
176950	-0.142752
177000	-0.005089
177050	0.138137
177100	-0.068080
177150	-0.181633
177200	0.097897
177250	-0.004914
177300	0.068642
177350	0.200311
177400	-0.067900
177450	-0.016972
177500	0.085254
177550	-0.101069
177600	-0.089005
177650	0.119489
177700	0.126129
177750	0.189149
177800	0.105571
177850	-0.011619
177900	0.054374
177950	0.114590
178000	0.039685
178050	-0.077773
178100	-0.120519
178150	0.028714
178200	0.094164
178250	-0.105871
178300	-0.074897
178350	-0.168570
178400	0.026750
178450	0.074910
178500	0.078110
178550	0.024692
178600	-0.236461
178650	-0.087574
178700	0.117089
178750	0.062454
178800	0.036267
178850	-0.104885
178900	0.090095
178950	-0.097445
179000	0.143244
179050	0.042996
179100	0.058842
179150	0.079580
179200	0.149410
179250	0.109749
179300	0.008915
179350	-0.018417
179400	-0.047337
179450	-0.129298
179500	-0.195084
179550	-0.227837
179600	-0.146422
179650	0.160510
179700	-0.021301
179750	-0.270557
179800	-0.129524
179850	-0.104656
179900	-0.090470
179950	0.106092
180000	0.059530
180050	-0.008475
180100	0.032475
180150	-0.163725
180200	-0.046345
180250	0.002942
180300	0.210351
180350	-0.181944
180400	-0.054021
180450	0.091195
180500	0.061562
180550	-0.028739
180600	-0.228751
180650	-0.136349
180700	0.062190
180750	-0.146633
180800	-0.089974
180850	-0.197586
180900	-0.263546
180950	-0.006438
181000	-0.019739
181050	-0.007122
181100	-0.144344
181150	0.094774
181200	0.092039
181250	-0.173439
181300	0.022775
181350	0.024660
181400	0.043577
181450	0.017628
181500	0.097584
181550	-0.088473
181600	0.083117
181650	0.193434
181700	-0.102818
181750	-0.063673
181800	0.060988
181850	0.127302
181900	-0.094806
181950	-0.098054
182000	-0.086926
182050	0.068953
182100	-0.102279
182150	-0.082847
182200	-0.135022
182250	-0.160484
182300	-0.058783
182350	0.025811
182400	0.073635
182450	0.083441
182500	0.042344
182550	-0.020378
182600	-0.216955
182650	-0.009935
182700	0.061583
182750	0.059952
182800	0.065467
182850	-0.122531
182900	0.029471
182950	-0.142205
183000	0.120587
183050	-0.051719
183100	-0.170691
183150	-0.077767
183200	-0.111885
183250	-0.175162
183300	-0.018131
183350	0.028664
183400	-0.099086
183450	-0.003503
183500	0.038249
183550	0.213876
183600	0.044563
183650	-0.225826
183700	-0.012344
183750	-0.004919
183800	-0.031563
183850	-0.140999
183900	0.188669
183950	0.046272
184000	0.091834
184050	-0.211713
184100	-0.041884
184150	0.052832
184200	-0.087258
184250	0.040573
184300	0.034346
184350	0.071762
184400	0.112433
184450	0.090437
184500	0.031796
184550	-0.007888
184600	-0.118056
184650	0.027761
184700	-0.095852
184750	-0.162425
184800	-0.050273
184850	0.082712
184900	-0.100523
184950	-0.114391
185000	-0.026477
185050	-0.034857
185100	0.164364
185150	-0.058846
185200	0.000098
185250	0.035742
185300	0.002046
185350	0.042621
185400	-0.092768
185450	-0.134636
185500	-0.028666
185550	0.247981
185600	0.138756
185650	0.025623
185700	-0.026932
185750	0.007939
185800	-0.024119
185850	-0.063771
185900	0.031503
185950	0.002819
186000	-0.044380
186050	-0.013157
186100	-0.120725
186150	0.030687
186200	-0.205689
186250	-0.092116
186300	0.046982
186350	0.158294
186400	0.052108
186450	-0.074627
186500	-0.069912
186550	-0.071437
186600	0.112264
186650	0.104621
186700	0.000646
186750	-0.088467
186800	0.123244
186850	0.232951
186900	0.284406
186950	0.035106
187000	0.007145
187050	0.217444
187100	0.075747
187150	-0.013488
187200	-0.022830
187250	0.195504
187300	0.059964
187350	0.092030
187400	0.075857
187450	0.067515
187500	0.078048
187550	0.051068
187600	0.014874
187650	0.098058
187700	-0.170825
187750	-0.152965
187800	0.067813
187850	0.003923
187900	0.065686
187950	-0.051980
188000	0.170281
188050	0.113855
188100	0.067180
188150	-0.004746
188200	0.110294
188250	0.004420
188300	0.156399
188350	-0.073607
188400	-0.023199
188450	0.007812
188500	0.051973
188550	0.148324
188600	-0.069393
188650	-0.030056
188700	-0.156020
188750	-0.170462
188800	0.040392
188850	0.073130
188900	0.128936
188950	0.174753
189000	0.295716
189050	0.099970
189100	-0.019318
189150	0.202818
189200	0.003526
189250	-0.036558
189300	-0.115562
189350	-0.020736
189400	-0.017026
189450	-0.007213
189500	0.033561
189550	-0.049002
189600	0.019185
189650	-0.064710
189700	-0.074154
189750	-0.048883
189800	-0.088643
189850	0.051640
189900	0.152043
189950	0.001934
190000	-0.053748
190050	0.027304
190100	0.062819
190150	-0.075406
190200	0.033892
190250	-0.023708
190300	-0.046331
190350	0.110737
190400	0.219362
190450	-0.032067
190500	-0.166190
190550	-0.114780
190600	-0.019703
190650	0.104972
190700	-0.059792
190750	-0.216598
190800	-0.082870
190850	0.000706
190900	-0.000963
190950	0.169732
191000	-0.082358
191050	-0.113519
191100	-0.064192
191150	-0.051285
191200	-0.025097
191250	-0.058376
191300	-0.162457
191350	0.133134
191400	0.108011
191450	0.056063
191500	0.078422
191550	-0.219797
191600	0.005698
191650	0.155052
191700	0.176389
191750	0.022937
191800	0.070360
191850	0.194297
191900	-0.115176
191950	-0.108845
192000	-0.163173
192050	0.084994
192100	-0.014366
192150	0.002157
192200	0.172246
192250	0.129776
192300	0.171649
192350	0.108029
192400	-0.059100
192450	-0.093559
192500	-0.071147
192550	-0.021121
192600	0.005276
192650	-0.092424
192700	-0.093638
192750	0.048900
192800	0.063210
192850	0.026654
192900	-0.141919
192950	0.089022
193000	-0.046814
193050	0.101419
193100	0.160192
193150	0.019482
193200	0.116674
193250	0.173776
193300	0.158871
193350	0.088990
193400	-0.072728
193450	0.096833
193500	-0.019859
193550	-0.236059
193600	0.142074
193650	-0.025709
193700	0.129500
193750	-0.096300
193800	-0.129435
193850	0.164252
193900	0.005564
193950	-0.220997
194000	0.077622
194050	-0.038741
194100	0.044396
194150	-0.279965
194200	-0.085220
194250	0.005668
194300	-0.203206
194350	-0.110921
194400	-0.057424
194450	-0.106640
194500	0.018277
194550	0.046009
194600	-0.218702
194650	-0.254773
194700	-0.116071
194750	0.066826
194800	0.024902
194850	-0.084308
194900	-0.046850
194950	-0.053785
195000	0.088526
195050	0.017321
195100	-0.044081
195150	-0.044092
195200	0.033915
195250	-0.063839
195300	0.188349
195350	0.012207
195400	0.127283
195450	0.118416
195500	0.041339
195550	0.003709
195600	0.058951
195650	0.090975
195700	0.105338
195750	-0.090732
195800	-0.152586
195850	0.051030
195900	0.043321
195950	0.071827
196000	-0.028959
196050	0.009674
196100	0.048089
196150	-0.175398
196200	0.109497
196250	-0.263207
196300	-0.099129
196350	0.138735
196400	0.170226
196450	-0.098825
196500	-0.162843
196550	-0.015601
196600	-0.069263
196650	-0.312658
196700	0.031155
196750	-0.114200
196800	-0.087459
196850	0.126688
196900	0.072772
196950	-0.226005
197000	0.133014
197050	0.170273
197100	0.073859
197150	0.026332
197200	0.062805
197250	-0.077356
197300	0.220602
197350	0.051640
197400	0.009290
197450	0.295615
197500	0.131293
197550	-0.035632
197600	0.119548
197650	-0.060845
197700	0.085999
197750	-0.008732
197800	0.048981
197850	0.057708
197900	-0.069984
197950	-0.031797
198000	0.010454
198050	-0.052215
198100	-0.021736
198150	-0.006860
198200	-0.017983
198250	-0.017952
198300	-0.026325
198350	0.049516
198400	0.105477
198450	0.186108
198500	0.064033
198550	-0.081498
198600	0.210733
198650	-0.053497
198700	-0.189442
198750	-0.097972
198800	0.074616
198850	-0.002054
198900	0.086142
198950	-0.025248
199000	-0.040793
199050	0.127799
199100	0.019043
199150	0.074999
199200	-0.071455
199250	0.100191
199300	0.084545
199350	0.117775
199400	0.123981
199450	0.129293
199500	0.038400
199550	-0.033531
199600	-0.043102
199650	0.159809
199700	0.041131
199750	0.157887
199800	0.200788
199850	0.008675
199900	0.244531
199950	0.043742
