0	50.840911
50	2.559442
100	1.195529
150	1.020625
200	1.175473
250	0.972182
300	0.653285
350	0.535026
400	0.485430
450	0.151047
500	0.369617
550	0.105820
600	0.227651
650	0.262009
700	0.346899
750	-0.077799
800	0.064288
850	-0.009614
900	0.119264
950	-0.106739
1000	0.344361
1050	0.231068
1100	-0.127190
1150	-0.174398
1200	-0.311429
1250	-0.193274
1300	-0.200286
1350	0.134720
1400	-0.010382
1450	0.257751
1500	-0.024819
1550	-0.110636
1600	0.135805
1650	0.099933
1700	0.342818
1750	0.023169
1800	0.084653
1850	-0.161040
1900	0.118428
1950	-0.014383
2000	-0.063407
2050	0.215998
2100	0.058845
2150	0.076513
2200	-0.062996
2250	-0.036202
2300	-0.066946
2350	-0.141861
2400	0.039519
2450	-0.162058
2500	-0.076263
2550	0.018905
2600	0.022835
2650	0.063657
2700	-0.214956
2750	0.109592
2800	-0.116747
2850	0.122139
2900	0.048750
2950	0.175273
3000	0.070035
3050	-0.128742
3100	-0.096119
3150	-0.032948
3200	0.033301
3250	0.304290
3300	-0.128492
3350	-0.007482
3400	0.053773
3450	0.131124
3500	0.478657
3550	0.111015
3600	0.255749
3650	0.155467
3700	0.086571
3750	-0.028827
3800	-0.032405
3850	-0.049407
3900	0.257218
3950	0.010519
4000	-0.119100
4050	-0.154419
4100	-0.224276
4150	0.131424
4200	-0.074900
4250	0.104155
4300	0.043991
4350	-0.155255
4400	-0.126134
4450	-0.336216
4500	-0.115184
4550	0.172360
4600	0.433011
4650	0.154427
4700	0.181878
4750	0.116740
4800	-0.050888
4850	0.166144
4900	0.307260
4950	0.042033
5000	0.448171
5050	0.300135
5100	0.118142
5150	-0.125535
5200	0.189653
5250	0.077924
5300	0.026233
5350	-0.000851
5400	0.333230
5450	0.224971
5500	-0.138467
5550	0.198891
5600	0.205338
5650	0.130370
5700	0.290570
5750	0.272250
5800	0.173339
5850	0.044027
5900	0.287133
5950	0.074535
6000	-0.139957
6050	-0.026023
6100	0.271286
6150	0.167477
6200	0.119927
6250	-0.189830
6300	-0.110115
6350	-0.093021
6400	-0.002244
6450	-0.056946
6500	-0.050869
6550	-0.161526
6600	-0.102838
6650	-0.188548
6700	0.004216
6750	0.129976
6800	-0.068464
6850	-0.116782
6900	0.075100
6950	0.277303
7000	0.393259
7050	-0.063775
7100	0.011817
7150	0.114106
7200	0.058000
7250	-0.095252
7300	0.161148
7350	0.318453
7400	0.035341
7450	0.128882
7500	0.232150
7550	0.139264
7600	0.069828
7650	0.022841
7700	0.200049
7750	0.088941
7800	0.167448
7850	-0.042284
7900	0.043601
7950	-0.205770
8000	-0.114321
8050	-0.043948
8100	-0.003474
8150	-0.049527
8200	0.059775
8250	0.065236
8300	-0.021295
8350	-0.071942
8400	-0.087544
8450	-0.033002
8500	-0.114420
8550	0.170301
8600	0.308048
8650	-0.249759
8700	-0.307688
8750	0.131524
8800	0.292611
8850	0.213216
8900	0.104794
8950	0.298310
9000	0.110304
9050	-0.014804
9100	0.207862
9150	0.017208
9200	0.365986
9250	0.092792
9300	0.215412
9350	-0.114005
9400	0.164434
9450	-0.049148
9500	0.129139
9550	-0.054202
9600	0.281974
9650	-0.048075
9700	-0.211309
9750	0.114821
9800	0.110162
9850	-0.034304
9900	0.131684
9950	-0.278008
10000	-0.243530
10050	0.006070
10100	0.083954
10150	0.087115
10200	0.261206
10250	0.038613
10300	-0.041081
10350	-0.149493
10400	-0.067223
10450	-0.044345
10500	-0.114685
10550	0.027912
10600	-0.062874
10650	-0.371810
10700	0.170299
10750	-0.045337
10800	0.008639
10850	-0.040389
10900	0.199279
10950	-0.217635
11000	0.184460
11050	-0.112801
11100	0.028518
11150	-0.043756
11200	0.061696
11250	0.109417
11300	0.304053
11350	-0.167734
11400	0.111993
11450	0.102083
11500	-0.142687
11550	-0.132299
11600	0.119946
11650	0.168575
11700	-0.021025
11750	0.266376
11800	0.217110
11850	0.155682
11900	-0.180106
11950	0.153171
12000	0.288935
12050	-0.081605
12100	0.017219
12150	-0.050183
12200	-0.052251
12250	-0.073793
12300	0.285235
12350	0.324991
12400	0.021171
12450	0.054779
12500	0.392057
12550	0.213346
12600	-0.131889
12650	-0.114604
12700	0.087715
12750	-0.024571
12800	0.193407
12850	-0.168407
12900	-0.042279
12950	-0.108912
13000	0.108611
13050	-0.105668
13100	0.044193
13150	-0.088120
13200	-0.096003
13250	0.235005
13300	0.167604
13350	0.297189
13400	-0.033745
13450	0.216020
13500	-0.023738
13550	0.092219
13600	-0.120876
13650	-0.034274
13700	0.014143
13750	0.217061
13800	0.181862
13850	-0.297321
13900	-0.017356
13950	-0.028125
14000	-0.216372
14050	-0.214383
14100	-0.066433
14150	0.026056
14200	0.110368
14250	0.070266
14300	0.061023
14350	0.024615
14400	-0.104409
14450	-0.162540
14500	0.189768
14550	0.127683
14600	-0.127020
14650	-0.123122
14700	-0.020635
14750	-0.139075
14800	0.175911
14850	0.066033
14900	-0.032089
14950	0.251383
15000	-0.051247
15050	-0.001738
15100	0.207626
15150	0.004562
15200	0.147630
15250	-0.110113
15300	-0.033276
15350	-0.042163
15400	-0.176382
15450	-0.270085
15500	0.250890
15550	-0.019587
15600	-0.195823
15650	-0.206031
15700	-0.061514
15750	-0.186927
15800	-0.134086
15850	-0.001607
15900	-0.141529
15950	-0.043780
16000	-0.016263
16050	0.204152
16100	-0.397983
16150	-0.328545
16200	0.084853
16250	0.038366
16300	0.006859
16350	-0.198620
16400	0.022160
16450	0.302855
16500	0.012339
16550	0.033488
16600	-0.116237
16650	0.134972
16700	0.085765
16750	0.127474
16800	0.144995
16850	-0.000754
16900	-0.046479
16950	0.074303
17000	-0.218113
17050	-0.080947
17100	-0.125381
17150	0.240009
17200	-0.090821
17250	0.050982
17300	0.124794
17350	-0.072783
17400	-0.053285
17450	-0.111722
17500	-0.128463
17550	0.156038
17600	-0.112504
17650	0.019657
17700	-0.311335
17750	0.112247
17800	-0.122050
17850	-0.200429
17900	0.051068
17950	0.079437
18000	0.051801
18050	0.245331
18100	0.083405
18150	-0.075678
18200	0.260152
18250	0.253060
18300	0.086525
18350	0.047718
18400	0.148314
18450	0.288894
18500	0.185760
18550	-0.166554
18600	0.038263
18650	0.134722
18700	-0.052830
18750	0.261333
18800	0.142464
18850	0.184038
18900	-0.264584
18950	-0.065774
19000	0.337529
19050	0.164432
19100	0.256839
19150	0.138157
19200	0.047561
19250	0.034913
19300	0.043912
19350	0.053589
19400	-0.082170
19450	-0.000442
19500	0.049899
19550	0.095146
19600	-0.177707
19650	-0.068253
19700	-0.011472
19750	-0.078344
19800	0.113947
19850	0.187532
19900	0.214481
19950	0.163685
20000	0.155662
20050	0.018423
20100	0.078132
20150	0.064684
20200	-0.097583
20250	0.104529
20300	-0.126117
20350	0.126761
20400	0.185221
20450	-0.069907
20500	-0.048262
20550	-0.000945
20600	0.379881
20650	0.098960
20700	-0.020284
20750	-0.135317
20800	0.376180
20850	0.200204
20900	-0.146949
20950	0.200205
21000	-0.010658
21050	0.060528
21100	-0.273714
21150	-0.037062
21200	0.142306
21250	0.261065
21300	0.305381
21350	-0.090154
21400	-0.033251
21450	0.187787
21500	0.084181
21550	0.186297
21600	0.305217
21650	0.317337
21700	0.190021
21750	-0.029798
21800	0.067997
21850	0.347673
21900	0.103840
21950	-0.049211
22000	0.216338
22050	0.131348
22100	0.092114
22150	0.319760
22200	0.325203
22250	0.019968
22300	0.381298
22350	0.033744
22400	-0.166734
22450	0.108453
22500	0.121193
22550	0.018773
22600	-0.058563
22650	0.103804
22700	0.039545
22750	-0.066710
22800	-0.169454
22850	-0.128868
22900	0.079306
22950	0.062592
23000	0.108965
23050	0.106358
23100	-0.116033
23150	-0.012669
23200	-0.183822
23250	-0.130958
23300	0.018905
23350	-0.105788
23400	0.180895
23450	-0.216538
23500	-0.255843
23550	-0.166915
23600	0.167071
23650	0.143398
23700	-0.241143
23750	0.140741
23800	-0.203885
23850	-0.104788
23900	-0.072418
23950	-0.104857
24000	-0.232228
24050	0.121698
24100	-0.044746
24150	0.107343
24200	-0.048379
24250	0.089986
24300	0.006386
24350	0.190709
24400	0.212532
24450	0.270751
24500	-0.007953
24550	0.071401
24600	-0.052099
24650	0.091672
24700	0.235436
24750	-0.070115
24800	-0.093491
24850	-0.062141
24900	-0.112381
24950	-0.079354
25000	0.038164
25050	0.171501
25100	0.239352
25150	-0.007257
25200	-0.194971
25250	0.041073
25300	-0.051141
25350	-0.129486
25400	0.264784
25450	0.147285
25500	0.014230
25550	-0.182210
25600	-0.037696
25650	-0.040110
25700	0.024126
25750	-0.116001
25800	-0.001864
25850	0.421944
25900	-0.031244
25950	0.124003
26000	0.145047
26050	0.121782
26100	-0.173595
26150	-0.182255
26200	-0.020623
26250	0.160620
26300	0.236872
26350	0.022941
26400	-0.015551
26450	-0.001808
26500	-0.008025
26550	-0.049258
26600	0.024152
26650	0.077022
26700	-0.024293
26750	-0.133369
26800	0.065901
26850	0.107853
26900	0.153566
26950	0.220373
27000	0.188489
27050	0.031677
27100	-0.282792
27150	-0.180339
27200	0.302809
27250	-0.086417
27300	0.007489
27350	-0.341758
27400	-0.180934
27450	0.076523
27500	-0.029538
27550	0.159908
27600	0.220573
27650	0.124907
27700	0.119482
27750	-0.115679
27800	-0.106951
27850	0.098993
27900	0.020011
27950	-0.059138
28000	0.198893
28050	0.141507
28100	0.167978
28150	0.016943
28200	-0.012834
28250	-0.105843
28300	-0.088384
28350	0.199238
28400	0.137158
28450	-0.117258
28500	-0.310597
28550	-0.012545
28600	0.142682
28650	-0.145850
28700	0.043121
28750	-0.339625
28800	-0.023653
28850	-0.024906
28900	-0.014726
28950	0.125512
29000	-0.047211
29050	0.067997
29100	0.314630
29150	0.046845
29200	0.205211
29250	0.066403
29300	0.062067
29350	0.018080
29400	0.283135
29450	0.234352
29500	-0.132999
29550	0.071832
29600	0.132975
29650	-0.106464
29700	-0.019134
29750	0.120680
29800	0.199009
29850	0.053297
29900	0.129083
29950	0.192508
30000	0.157291
30050	0.374079
30100	0.152596
30150	0.093070
30200	0.018205
30250	-0.092354
30300	-0.089150
30350	0.119810
30400	0.001486
30450	-0.002008
30500	0.223644
30550	0.022794
30600	-0.160690
30650	0.089708
30700	-0.082452
30750	0.101686
30800	0.158609
30850	0.139559
30900	-0.030112
30950	-0.067907
31000	-0.280200
31050	-0.120367
31100	-0.180396
31150	0.081764
31200	-0.128071
31250	-0.176082
31300	-0.280390
31350	-0.228542
31400	0.196086
31450	-0.136188
31500	-0.109571
31550	0.262545
31600	-0.306458
31650	-0.160227
31700	0.020826
31750	0.161577
31800	0.167828
31850	-0.057434
31900	0.271909
31950	0.110873
32000	0.202813
32050	0.015831
32100	-0.021511
32150	-0.109572
32200	0.244806
32250	0.213468
32300	0.036033
32350	0.043232
32400	0.044660
32450	0.002986
32500	0.004883
32550	-0.052730
32600	-0.016390
32650	-0.243576
32700	0.164647
32750	0.010592
32800	-0.152587
32850	-0.143106
32900	0.038495
32950	-0.087916
33000	0.156442
33050	-0.034112
33100	-0.172481
33150	0.263025
33200	0.054974
33250	-0.351622
33300	-0.038862
33350	-0.201018
33400	-0.056927
33450	-0.423865
33500	0.000829
33550	-0.136585
33600	-0.149595
33650	0.136850
33700	0.008792
33750	-0.218809
33800	-0.110898
33850	0.133891
33900	-0.127694
33950	0.101429
34000	0.153817
34050	-0.105115
34100	0.040928
34150	0.029178
34200	-0.060127
34250	0.117411
34300	-0.109323
34350	-0.082463
34400	-0.040400
34450	0.274478
34500	0.169511
34550	-0.233050
34600	-0.220320
34650	0.104275
34700	0.021001
34750	-0.082717
34800	0.262163
34850	0.097134
34900	0.159276
34950	-0.089250
35000	-0.006878
35050	0.032377
35100	-0.051554
35150	-0.019514
35200	-0.316695
35250	0.089887
35300	-0.020265
35350	0.159417
35400	-0.025318
35450	-0.108019
35500	-0.161670
35550	-0.233835
35600	-0.135994
35650	-0.217192
35700	0.301604
35750	0.253595
35800	0.107488
35850	0.218121
35900	0.209277
35950	-0.010405
36000	0.048912
36050	0.433735
36100	-0.158993
36150	-0.254556
36200	-0.221780
36250	0.052532
36300	0.199208
36350	-0.182542
36400	0.010128
36450	-0.187265
36500	0.034895
36550	-0.242796
36600	-0.317291
36650	0.021471
36700	-0.161732
36750	-0.282872
36800	0.186622
36850	-0.136317
36900	-0.022830
36950	-0.015651
37000	-0.080271
37050	-0.015868
37100	-0.179507
37150	0.029085
37200	0.027832
37250	0.106662
37300	-0.028838
37350	-0.028215
37400	0.105261
37450	0.012870
37500	-0.005427
37550	-0.063770
37600	0.157642
37650	0.043475
37700	-0.153072
37750	0.083950
37800	0.202525
37850	-0.103875
37900	-0.055904
37950	-0.011675
38000	0.043295
38050	-0.072926
38100	-0.360469
38150	-0.040443
38200	-0.114218
38250	0.193269
38300	0.088509
38350	-0.020187
38400	0.246393
38450	-0.258604
38500	0.066231
38550	0.313528
38600	-0.022225
38650	0.216287
38700	-0.040016
38750	0.009090
38800	-0.133649
38850	-0.127940
38900	0.015147
38950	-0.017301
39000	-0.217380
39050	-0.145875
39100	-0.235868
39150	0.365866
39200	0.216319
39250	0.072445
39300	-0.089408
39350	-0.088290
39400	0.169182
39450	-0.129008
39500	0.218222
39550	0.030263
39600	0.056535
39650	0.106426
39700	0.257075
39750	0.133471
39800	0.016146
39850	0.040490
39900	0.275294
39950	0.001652
40000	-0.145960
40050	-0.213891
40100	0.108135
40150	0.120545
40200	-0.038241
40250	-0.147700
40300	0.137694
40350	-0.152030
40400	-0.147236
40450	-0.093064
40500	0.069376
40550	-0.159158
40600	-0.056709
40650	0.097520
40700	0.095538
40750	0.038953
40800	0.079203
40850	0.098210
40900	0.083874
40950	-0.321531
41000	0.074499
41050	0.023011
41100	0.081266
41150	-0.117919
41200	-0.188661
41250	-0.134202
41300	-0.114894
41350	-0.342238
41400	-0.086125
41450	0.249430
41500	-0.104331
41550	-0.063020
41600	0.045127
41650	-0.065928
41700	-0.021803
41750	0.021516
41800	0.027592
41850	-0.082660
41900	-0.124912
41950	-0.078074
42000	-0.061181
42050	-0.139533
42100	-0.005193
42150	-0.069088
42200	-0.348917
42250	-0.112889
42300	-0.120412
42350	-0.173057
42400	-0.275486
42450	-0.297991
42500	-0.304999
42550	-0.387854
42600	-0.024866
42650	-0.029054
42700	-0.074051
42750	-0.094990
42800	-0.159030
42850	-0.019796
42900	-0.207947
42950	-0.318781
43000	-0.142843
43050	0.187380
43100	-0.080660
43150	0.082892
43200	0.158511
43250	0.202914
43300	0.184500
43350	0.199789
43400	0.475018
43450	0.253205
43500	-0.061532
43550	0.268386
43600	0.183800
43650	0.100867
43700	0.147620
43750	0.170256
43800	-0.051480
43850	0.073177
43900	0.206931
43950	0.116110
44000	-0.239608
44050	0.111411
44100	0.043873
44150	0.168837
44200	-0.139463
44250	0.090034
44300	0.128235
44350	-0.025405
44400	-0.015294
44450	-0.067744
44500	0.075744
44550	-0.195648
44600	0.019155
44650	0.024966
44700	-0.144866
44750	-0.148192
44800	-0.036711
44850	0.050025
44900	-0.025553
44950	0.110243
45000	-0.154899
45050	-0.026294
45100	-0.204093
45150	-0.061145
45200	-0.108729
45250	-0.246695
45300	-0.147068
45350	0.256964
45400	-0.146005
45450	-0.130285
45500	0.231417
45550	0.052001
45600	-0.179259
45650	0.169294
45700	0.123768
45750	-0.215535
45800	0.011552
45850	-0.057693
45900	0.113480
45950	-0.114160
46000	-0.092027
46050	-0.078897
46100	0.016858
46150	0.041939
46200	0.155098
46250	0.162055
46300	0.086803
46350	0.097900
46400	0.109418
46450	0.045463
46500	-0.324117
46550	0.136957
46600	-0.097361
46650	-0.027373
46700	0.175484
46750	0.105434
46800	-0.133303
46850	-0.150857
46900	0.111759
46950	-0.125834
47000	0.003003
47050	-0.187990
47100	-0.062600
47150	0.033518
47200	-0.179630
47250	0.040609
47300	0.179349
47350	0.065215
47400	-0.126198
47450	-0.102129
47500	-0.060830
47550	-0.139533
47600	-0.061738
47650	0.017557
47700	-0.099187
47750	0.185334
47800	-0.081402
47850	0.190421
47900	0.316307
47950	-0.176384
48000	-0.009799
48050	-0.093022
48100	0.043099
48150	0.069351
48200	-0.081139
48250	0.056542
48300	0.033715
48350	-0.307648
48400	0.118891
48450	0.158651
48500	0.006664
48550	0.137864
48600	0.126535
48650	-0.103017
48700	0.028899
48750	0.025176
48800	0.078908
48850	-0.150578
48900	0.195424
48950	-0.040645
49000	0.030292
49050	0.273313
49100	0.027978
49150	0.156404
49200	0.195517
49250	-0.133188
49300	0.082268
49350	-0.187423
49400	-0.219666
49450	-0.297821
49500	0.191224
49550	0.170817
49600	-0.061467
49650	-0.039985
49700	0.055565
49750	-0.032003
49800	0.117528
49850	-0.250482
49900	0.224242
49950	0.060996
50000	0.170396
50050	0.216663
50100	-0.080529
50150	0.108888
50200	0.003759
50250	0.305972
50300	0.161162
50350	0.359828
50400	-0.031731
50450	0.180919
50500	0.047814
50550	0.367165
50600	0.268237
50650	0.120303
50700	0.312294
50750	-0.234542
50800	0.104041
50850	-0.012719
50900	0.127305
50950	-0.059782
51000	0.009358
51050	-0.197665
51100	0.088673
51150	-0.182115
51200	0.140378
51250	0.263061
51300	0.149364
51350	-0.062396
51400	0.122486
51450	-0.040198
51500	-0.263793
51550	0.160689
51600	0.305496
51650	0.262406
51700	0.164879
51750	0.059234
51800	0.234544
51850	-0.040160
51900	0.260908
51950	0.078034
52000	-0.021988
52050	0.217266
52100	0.325438
52150	-0.019454
52200	0.083022
52250	-0.057064
52300	-0.001522
52350	-0.083060
52400	0.206837
52450	0.129249
52500	0.001824
52550	0.093180
52600	-0.117132
52650	0.130616
52700	0.246341
52750	0.064508
52800	0.076608
52850	0.130639
52900	0.013380
52950	0.225102
53000	-0.109951
53050	0.004905
53100	0.041037
53150	0.059010
53200	-0.120417
53250	0.062758
53300	0.050616
53350	0.189672
53400	-0.017568
53450	-0.046131
53500	-0.116785
53550	0.291420
53600	-0.105883
53650	-0.169627
53700	-0.141072
53750	0.130790
53800	-0.179408
53850	-0.124319
53900	-0.089122
53950	0.066875
54000	0.139970
54050	0.031401
54100	0.226606
54150	0.318374
54200	0.044070
54250	-0.033886
54300	-0.122628
54350	0.102891
54400	-0.317108
54450	-0.041626
54500	0.042508
54550	-0.176853
54600	0.070496
54650	-0.045109
54700	-0.101859
54750	-0.029816
54800	0.141757
54850	-0.088858
54900	-0.064342
54950	-0.038515
55000	-0.122008
55050	0.045523
55100	0.301747
55150	0.051996
55200	0.401883
55250	0.229238
55300	0.279199
55350	0.099235
55400	-0.034123
55450	0.041309
55500	-0.120187
55550	-0.033744
55600	-0.144127
55650	-0.024320
55700	0.068601
55750	0.104125
55800	0.120426
55850	0.208278
55900	0.190695
55950	0.027299
56000	0.174756
56050	0.049963
56100	0.241652
56150	0.213278
56200	-0.138829
56250	0.081591
56300	-0.029429
56350	0.047643
56400	0.278613
56450	0.236182
56500	0.044681
56550	-0.104339
56600	0.162386
56650	0.157558
56700	0.097723
56750	-0.020070
56800	0.009546
56850	-0.048692
56900	0.186854
56950	0.032066
57000	0.078148
57050	0.356796
57100	0.082235
57150	-0.016598
57200	-0.321906
57250	-0.099735
57300	-0.164767
57350	-0.155700
57400	-0.217522
57450	-0.276083
57500	-0.323553
57550	-0.263553
57600	0.080776
57650	0.115671
57700	0.084803
57750	-0.102336
57800	0.263789
57850	0.182429
57900	-0.025946
57950	0.008016
58000	0.076363
58050	-0.024118
58100	0.037925
58150	-0.009765
58200	-0.151755
58250	0.168433
58300	-0.092700
58350	-0.148400
58400	-0.104540
58450	0.185501
58500	0.049870
58550	0.070713
58600	0.037496
58650	-0.144930
58700	0.089930
58750	0.118095
58800	-0.192610
58850	0.165666
58900	0.061313
58950	-0.053220
59000	0.157146
59050	-0.225482
59100	-0.171186
59150	0.220637
59200	-0.063063
59250	0.163229
59300	0.124921
59350	0.016666
59400	0.092923
59450	0.134607
59500	0.060435
59550	-0.058742
59600	0.233990
59650	-0.490479
59700	0.005175
59750	-0.037256
59800	0.073211
59850	0.207087
59900	-0.326858
59950	-0.065271
60000	-0.283833
60050	-0.008864
60100	-0.240964
60150	-0.009923
60200	-0.082069
60250	-0.051498
60300	-0.300951
60350	-0.009676
60400	-0.263658
60450	-0.098698
60500	-0.197707
60550	0.058442
60600	-0.024928
60650	0.021928
60700	0.061074
60750	0.199486
60800	-0.291400
60850	-0.161143
60900	0.114743
60950	0.160932
61000	0.045932
61050	-0.249329
61100	-0.038064
61150	0.190271
61200	0.125440
61250	-0.022071
61300	-0.051480
61350	-0.105875
61400	-0.195876
61450	0.006306
61500	-0.005546
61550	0.107802
61600	-0.095501
61650	0.128023
61700	0.336971
61750	-0.313799
61800	0.171629
61850	-0.039537
61900	-0.114069
61950	-0.317822
62000	0.157819
62050	-0.107021
62100	-0.196195
62150	0.042767
62200	0.140753
62250	0.164124
62300	0.272324
62350	0.176482
62400	-0.008683
62450	-0.166341
62500	-0.054165
62550	-0.049111
62600	-0.034191
62650	-0.195635
62700	-0.015050
62750	-0.181421
62800	0.093805
62850	-0.089945
62900	-0.172497
62950	-0.125516
63000	-0.118855
63050	0.058093
63100	-0.323492
63150	-0.209285
63200	0.076795
63250	0.109927
63300	-0.085536
63350	-0.000363
63400	0.159979
63450	-0.106126
63500	-0.197415
63550	-0.163991
63600	0.030871
63650	0.345785
63700	0.047610
63750	0.053318
63800	-0.204354
63850	-0.193216
63900	-0.509042
63950	0.059025
64000	-0.139661
64050	-0.066905
64100	0.094922
64150	-0.022520
64200	0.024455
64250	0.134721
64300	-0.096872
64350	0.028790
64400	-0.063283
64450	0.010058
64500	-0.164133
64550	0.076580
64600	-0.039036
64650	-0.160356
64700	-0.189779
64750	-0.004198
64800	0.069844
64850	0.087859
64900	-0.139957
64950	0.159194
65000	0.139923
65050	0.173689
65100	-0.117855
65150	0.081646
65200	0.192915
65250	0.121736
65300	0.080811
65350	0.012402
65400	0.010219
65450	-0.083579
65500	-0.051928
65550	-0.098601
65600	0.138508
65650	-0.046249
65700	0.092837
65750	0.000446
65800	0.260948
65850	-0.005276
65900	-0.011453
65950	-0.158170
66000	-0.131392
66050	-0.119251
66100	-0.118877
66150	-0.054690
66200	-0.062704
66250	-0.079979
66300	-0.048076
66350	0.002141
66400	-0.128433
66450	0.183648
66500	0.088392
66550	-0.005683
66600	-0.017847
66650	-0.046317
66700	0.062003
66750	0.072762
66800	-0.046183
66850	0.042026
66900	-0.139825
66950	0.297663
67000	-0.040315
67050	-0.192249
67100	0.070114
67150	-0.327226
67200	-0.409961
67250	-0.252005
67300	-0.034758
67350	0.017360
67400	0.112912
67450	0.016568
67500	-0.025284
67550	0.032648
67600	-0.038639
67650	0.276991
67700	0.086865
67750	-0.111820
67800	0.096285
67850	0.276402
67900	-0.014818
67950	0.071473
68000	0.148633
68050	0.022699
68100	-0.190469
68150	-0.136230
68200	0.159728
68250	-0.005342
68300	-0.055708
68350	-0.184173
68400	0.323111
68450	0.085322
68500	-0.108952
68550	-0.175932
68600	0.103835
68650	-0.266035
68700	0.114054
68750	-0.135400
68800	0.049330
68850	-0.055853
68900	-0.064749
68950	-0.022914
69000	-0.182332
69050	-0.065364
69100	-0.158448
69150	-0.213703
69200	-0.135400
69250	-0.318593
69300	-0.072825
69350	0.043814
69400	-0.179114
69450	0.097450
69500	0.045705
69550	0.047334
69600	-0.096079
69650	0.048860
69700	-0.149786
69750	-0.305610
69800	-0.030797
69850	0.018442
69900	-0.033631
69950	0.260018
70000	0.161100
70050	0.020158
70100	-0.120221
70150	0.217055
70200	0.434845
70250	0.074005
70300	0.059051
70350	0.093337
70400	0.086205
70450	0.094432
70500	0.176206
70550	0.116868
70600	0.072400
70650	-0.014566
70700	-0.023774
70750	0.068389
70800	0.021149
70850	0.109727
70900	0.058519
70950	0.098329
71000	0.045679
71050	0.129369
71100	-0.188845
71150	0.229147
71200	0.488161
71250	0.061201
71300	-0.231464
71350	0.035677
71400	0.053345
71450	0.073507
71500	0.043554
71550	0.114473
71600	0.140799
71650	0.094401
71700	0.132909
71750	-0.061145
71800	0.127379
71850	0.252455
71900	0.173664
71950	0.189737
72000	-0.033868
72050	0.203897
72100	0.392191
72150	-0.030110
72200	-0.071099
72250	-0.072675
72300	-0.027604
72350	0.264033
72400	-0.181750
72450	0.005836
72500	0.019808
72550	-0.091365
72600	0.054814
72650	0.060500
72700	0.141768
72750	0.196899
72800	0.137797
72850	-0.157975
72900	0.110023
72950	-0.025872
73000	-0.129667
73050	-0.047265
73100	0.069042
73150	-0.073376
73200	0.109260
73250	-0.132058
73300	0.117503
73350	-0.150362
73400	-0.029616
73450	0.050483
73500	0.246436
73550	0.139154
73600	0.009881
73650	0.057417
73700	0.099469
73750	0.018784
73800	0.115844
73850	0.014929
73900	-0.030335
73950	0.155436
74000	0.153399
74050	-0.059224
74100	-0.295858
74150	-0.227802
74200	-0.092328
74250	0.285865
74300	0.006048
74350	0.029372
74400	-0.169787
74450	0.197841
74500	0.184388
74550	0.021724
74600	0.084404
74650	-0.097850
74700	-0.079005
74750	0.174431
74800	-0.124436
74850	0.027455
74900	-0.178513
74950	0.017167
75000	0.005540
75050	-0.107414
75100	-0.126279
75150	0.190795
75200	-0.274736
75250	0.176696
75300	-0.166126
75350	-0.031058
75400	0.009613
75450	0.188309
75500	-0.115630
75550	-0.085243
75600	0.080469
75650	-0.043436
75700	-0.043588
75750	0.154681
75800	0.100827
75850	0.210422
75900	0.036158
75950	-0.116422
76000	-0.061903
76050	-0.147441
76100	-0.228645
76150	0.183316
76200	-0.067143
76250	0.049496
76300	-0.235907
76350	-0.126126
76400	-0.135813
76450	0.033070
76500	-0.170874
76550	-0.069119
76600	0.232013
76650	0.300279
76700	0.031092
76750	0.254000
76800	0.089333
76850	0.044256
76900	-0.094512
76950	-0.002620
77000	-0.054961
77050	-0.130923
77100	-0.011794
77150	0.044173
77200	0.028651
77250	-0.286516
77300	0.024042
77350	-0.027584
77400	-0.007334
77450	0.165548
77500	-0.065967
77550	0.112343
77600	-0.024027
77650	0.083057
77700	0.247221
77750	0.316335
77800	-0.051009
77850	0.221876
77900	0.062013
77950	0.110608
78000	0.165940
78050	0.012300
78100	0.188526
78150	0.268773
78200	0.062866
78250	0.007159
78300	-0.081636
78350	0.212242
78400	0.234052
78450	0.127481
78500	0.343587
78550	0.321335
78600	0.008647
78650	0.220082
78700	0.082507
78750	0.035268
78800	0.193751
78850	-0.097729
78900	0.136732
78950	0.180887
79000	0.009131
79050	0.116385
79100	0.077425
79150	0.207537
79200	0.039115
79250	-0.050568
79300	0.074051
79350	-0.103599
79400	-0.061934
79450	-0.008538
79500	-0.014319
79550	0.070617
79600	0.125556
79650	-0.051211
79700	-0.132657
79750	-0.009484
79800	0.116681
79850	0.077689
79900	-0.170660
79950	0.033161
80000	0.315182
80050	-0.022488
80100	-0.063880
80150	-0.181145
80200	-0.072187
80250	-0.090400
80300	0.420725
80350	0.012119
80400	-0.110781
80450	0.033679
80500	-0.004581
80550	0.157297
80600	-0.125904
80650	0.084148
80700	-0.072298
80750	-0.031548
80800	0.243380
80850	0.090509
80900	-0.076289
80950	-0.102588
81000	0.067980
81050	0.161175
81100	0.045550
81150	-0.176633
81200	-0.172396
81250	-0.031142
81300	-0.247267
81350	0.078018
81400	-0.180305
81450	-0.003601
81500	0.063210
81550	0.315038
81600	0.125069
81650	0.205900
81700	0.064896
81750	0.222723
81800	0.314223
81850	0.197297
81900	-0.027231
81950	-0.199617
82000	-0.199344
82050	-0.020520
82100	-0.053958
82150	-0.081663
82200	0.027252
82250	0.090902
82300	-0.116592
82350	-0.144705
82400	-0.294523
82450	-0.155851
82500	-0.096241
82550	0.054633
82600	0.137642
82650	-0.037057
82700	-0.048540
82750	-0.105838
82800	-0.010199
82850	0.170256
82900	-0.031166
82950	-0.093102
83000	0.107503
83050	0.151159
83100	0.194738
83150	0.130273
83200	-0.146096
83250	-0.040289
83300	0.369551
83350	-0.081733
83400	-0.022245
83450	-0.197845
83500	0.064263
83550	0.053384
83600	0.308298
83650	-0.035926
83700	0.048943
83750	0.050549
83800	0.302103
83850	-0.071189
83900	0.153059
83950	0.016055
84000	0.310729
84050	-0.032386
84100	0.014570
84150	-0.102050
84200	0.159019
84250	-0.210979
84300	-0.192284
84350	0.172615
84400	-0.107298
84450	-0.023244
84500	0.080626
84550	0.325525
84600	-0.030847
84650	-0.368437
84700	-0.127483
84750	-0.013663
84800	-0.116367
84850	-0.109211
84900	0.210717
84950	-0.084985
85000	-0.098233
85050	0.006856
85100	-0.336298
85150	0.080060
85200	0.125926
85250	0.184520
85300	0.012895
85350	0.204760
85400	0.254059
85450	0.083414
85500	0.285520
85550	-0.066356
85600	-0.069756
85650	0.170543
85700	-0.017932
85750	0.068528
85800	-0.174123
85850	-0.228844
85900	0.153447
85950	-0.055467
86000	0.160679
86050	-0.015014
86100	0.203385
86150	-0.161498
86200	-0.097153
86250	0.089380
86300	0.120839
86350	0.155588
86400	0.294708
86450	0.138838
86500	0.057037
86550	-0.180828
86600	0.118029
86650	-0.084719
86700	-0.036244
86750	0.042817
86800	-0.133607
86850	-0.068975
86900	-0.182166
86950	0.323402
87000	0.061972
87050	0.191490
87100	-0.029051
87150	0.056179
87200	0.163259
87250	0.263863
87300	-0.320405
87350	0.000612
87400	-0.010211
87450	-0.111460
87500	0.207720
87550	-0.084871
87600	0.050912
87650	0.025214
87700	-0.281312
87750	-0.171842
87800	0.086049
87850	0.146027
87900	0.138120
87950	0.066319
88000	-0.483770
88050	0.001154
88100	0.014746
88150	-0.133717
88200	0.225083
88250	-0.031295
88300	0.016127
88350	0.087507
88400	0.246974
88450	-0.048235
88500	-0.163942
88550	0.064662
88600	0.139382
88650	-0.062403
88700	0.385125
88750	0.021721
88800	-0.104018
88850	-0.228628
88900	0.054703
88950	-0.118009
89000	-0.193919
89050	-0.023602
89100	-0.165542
89150	0.192694
89200	0.012029
89250	0.192992
89300	-0.043935
89350	-0.296155
89400	0.056157
89450	-0.106544
89500	0.110298
89550	0.147556
89600	0.037137
89650	0.283004
89700	-0.074674
89750	-0.232583
89800	-0.131897
89850	-0.008004
89900	0.085344
89950	0.217033
90000	0.091103
90050	0.041412
90100	0.148081
90150	0.264763
90200	0.231681
90250	0.129262
90300	-0.094780
90350	0.190285
90400	0.023788
90450	-0.100025
90500	-0.026086
90550	-0.060234
90600	-0.001521
90650	0.116216
90700	0.201535
90750	0.010587
90800	0.217018
90850	-0.091238
90900	-0.123820
90950	0.117682
91000	-0.154645
91050	-0.051351
91100	-0.011043
91150	-0.040129
91200	-0.130937
91250	-0.080440
91300	-0.189536
91350	-0.229132
91400	-0.171109
91450	-0.040738
91500	-0.054000
91550	0.046813
91600	-0.050421
91650	-0.298935
91700	-0.064366
91750	0.050374
91800	0.289043
91850	0.133864
91900	-0.150271
91950	-0.200261
92000	0.043552
92050	0.272655
92100	-0.215723
92150	0.062174
92200	0.181558
92250	-0.033934
92300	-0.047345
92350	0.136785
92400	-0.101229
92450	0.077444
92500	-0.078315
92550	0.030602
92600	-0.129314
92650	0.018183
92700	0.059673
92750	0.076999
92800	-0.300716
92850	-0.097083
92900	-0.067123
92950	-0.271491
93000	-0.330266
93050	0.052015
93100	-0.252942
93150	-0.092734
93200	-0.356048
93250	-0.242332
93300	-0.006429
93350	-0.068351
93400	-0.060466
93450	-0.194342
93500	-0.087082
93550	0.011781
93600	-0.010781
93650	0.164398
93700	0.248930
93750	0.140723
93800	0.023587
93850	0.028174
93900	0.015189
93950	0.096665
94000	0.125345
94050	0.139498
94100	-0.258504
94150	0.044978
94200	-0.130141
94250	0.096551
94300	0.217218
94350	-0.104462
94400	0.226571
94450	-0.003493
94500	0.107781
94550	0.341111
94600	0.295742
94650	0.346471
94700	-0.000031
94750	-0.056179
94800	-0.205123
94850	-0.071350
94900	-0.248985
94950	-0.163979
95000	-0.192771
95050	0.115408
95100	0.111159
95150	-0.239959
95200	0.074885
95250	0.061177
95300	-0.195094
95350	0.079633
95400	0.008310
95450	-0.256321
95500	-0.000028
95550	-0.294462
95600	0.322995
95650	-0.121871
95700	0.109008
95750	-0.390141
95800	0.001140
95850	-0.267013
95900	0.023094
95950	0.296795
96000	0.189281
96050	0.225303
96100	-0.223539
96150	-0.205370
96200	0.113500
96250	-0.171814
96300	0.072434
96350	-0.070033
96400	-0.190754
96450	0.034189
96500	-0.080795
96550	0.029282
96600	0.016415
96650	-0.329157
96700	-0.154442
96750	0.090495
96800	-0.004743
96850	0.027583
96900	0.145003
96950	-0.016502
97000	-0.109513
97050	-0.118903
97100	-0.206040
97150	0.142420
97200	-0.215851
97250	0.089974
97300	-0.240878
97350	0.140459
97400	0.017084
97450	0.091200
97500	-0.103153
97550	-0.202314
97600	0.013145
97650	-0.010974
97700	0.295590
97750	-0.076858
97800	0.001523
97850	-0.133198
97900	0.225479
97950	-0.188872
98000	0.003926
98050	0.117485
98100	-0.186571
98150	0.090755
98200	0.017692
98250	-0.192232
98300	0.005206
98350	-0.267464
98400	0.011137
98450	-0.157826
98500	-0.018313
98550	-0.048497
98600	0.210978
98650	-0.004223
98700	0.129279
98750	0.005455
98800	0.028332
98850	0.040501
98900	0.091920
98950	-0.026201
99000	-0.036202
99050	-0.130447
99100	0.095753
99150	-0.218902
99200	-0.123509
99250	-0.085262
99300	-0.050395
99350	0.009438
99400	-0.041960
99450	-0.180337
99500	0.144957
99550	-0.073903
99600	0.040531
99650	-0.119773
99700	0.198087
99750	0.156251
99800	-0.162549
99850	0.062607
99900	-0.055523
99950	0.125191
100000	0.048039
100050	0.019353
100100	0.183034
100150	0.186470
100200	0.383390
100250	0.174107
100300	-0.029492
100350	0.067530
100400	0.247487
100450	-0.145420
100500	-0.344127
100550	-0.168895
100600	-0.096086
100650	-0.008686
100700	-0.009710
100750	-0.048934
100800	-0.075063
100850	-0.099631
100900	-0.039248
100950	0.019008
101000	-0.007272
101050	0.059766
101100	-0.096195
101150	0.162533
101200	-0.047556
101250	-0.205673
101300	0.042406
101350	0.103412
101400	-0.022361
101450	0.253051
101500	0.199940
101550	-0.136460
101600	-0.104818
101650	0.003414
101700	-0.162958
101750	0.117166
101800	-0.051098
101850	-0.184734
101900	-0.002190
101950	0.318440
102000	-0.019739
102050	-0.067946
102100	0.214075
102150	0.134087
102200	0.247147
102250	0.009490
102300	0.116567
102350	0.036818
102400	0.067350
102450	0.036944
102500	-0.201124
102550	0.235429
102600	-0.058725
102650	-0.079159
102700	-0.088220
102750	-0.141965
102800	-0.015511
102850	-0.095330
102900	0.071745
102950	0.163164
103000	0.051955
103050	-0.210076
103100	0.046904
103150	-0.123891
103200	-0.160399
103250	0.047569
103300	0.335282
103350	-0.047534
103400	0.001613
103450	0.089824
103500	0.037813
103550	-0.276895
103600	0.146180
103650	-0.011003
103700	0.028563
103750	-0.196713
103800	0.115717
103850	-0.071781
103900	0.140774
103950	0.085147
104000	-0.140496
104050	-0.440709
104100	0.062031
104150	-0.159914
104200	-0.140663
104250	0.002283
104300	0.240251
104350	0.324646
104400	0.023562
104450	-0.225407
104500	0.171953
104550	-0.073208
104600	-0.075011
104650	0.116847
104700	0.144098
104750	-0.289815
104800	-0.209165
104850	-0.232847
104900	-0.232111
104950	-0.134320
105000	0.101601
105050	-0.099330
105100	-0.026368
105150	0.202407
105200	0.203550
105250	0.015777
105300	-0.041660
105350	0.117520
105400	0.057653
105450	0.192126
105500	-0.216977
105550	0.056994
105600	-0.093113
105650	-0.214619
105700	-0.081692
105750	0.190082
105800	0.031852
105850	0.071932
105900	0.075970
105950	-0.011548
106000	0.048759
106050	0.171388
106100	0.139408
106150	0.277109
106200	-0.058643
106250	0.351951
106300	-0.187355
106350	-0.061807
106400	0.136389
106450	0.115790
106500	-0.103124
106550	-0.222121
106600	0.163501
106650	0.237184
106700	0.224834
106750	-0.053535
106800	-0.191280
106850	0.112513
106900	0.167139
106950	0.129418
107000	0.008327
107050	0.157234
107100	-0.073255
107150	0.065371
107200	0.020621
107250	-0.095668
107300	-0.233627
107350	0.090609
107400	0.102620
107450	0.274594
107500	0.172075
107550	0.262514
107600	0.051103
107650	0.211476
107700	-0.077313
107750	0.073847
107800	0.040551
107850	0.267356
107900	0.053961
107950	0.137157
108000	0.124973
108050	0.186421
108100	-0.065708
108150	-0.053087
108200	-0.007063
108250	-0.190807
108300	-0.094018
108350	0.143413
108400	0.139892
108450	0.064577
108500	-0.128973
108550	0.058314
108600	0.262969
108650	-0.299688
108700	0.114260
108750	-0.174611
108800	-0.120770
108850	-0.058605
108900	-0.162020
108950	-0.033486
109000	0.196665
109050	-0.115479
109100	0.152424
109150	0.076775
109200	0.012995
109250	-0.198212
109300	0.147936
109350	-0.036794
109400	-0.019057
109450	0.150088
109500	0.014063
109550	-0.063924
109600	-0.048707
109650	0.269439
109700	0.069421
109750	0.251514
109800	0.014171
109850	-0.082602
109900	0.002910
109950	0.005443
110000	-0.090101
110050	0.068817
110100	0.105533
110150	-0.028841
110200	0.135660
110250	-0.123082
110300	0.025311
110350	-0.183411
110400	0.102143
110450	0.059081
110500	0.053901
110550	-0.097605
110600	0.023000
110650	0.214993
110700	-0.090434
110750	0.280208
110800	-0.095255
110850	0.076983
110900	-0.037096
110950	0.120508
111000	0.060366
111050	0.323292
111100	0.371341
111150	0.056592
111200	0.361185
111250	0.103457
111300	-0.209860
111350	0.135015
111400	0.139332
111450	0.028701
111500	0.016522
111550	0.046530
111600	0.238000
111650	-0.186485
111700	0.042807
111750	0.028849
111800	-0.055295
111850	0.119597
111900	-0.187090
111950	0.173975
112000	0.069434
112050	-0.093089
112100	-0.159092
112150	0.027781
112200	-0.112047
112250	0.045080
112300	-0.163498
112350	0.013695
112400	0.113808
112450	-0.095637
112500	-0.089499
112550	-0.329851
112600	-0.034787
112650	-0.068731
112700	-0.079234
112750	0.085022
112800	-0.027537
112850	0.101993
112900	0.058819
112950	-0.043597
113000	0.054742
113050	0.185251
113100	-0.159744
113150	0.062542
113200	0.099630
113250	-0.146094
113300	0.104662
113350	-0.263655
113400	-0.115035
113450	-0.145868
113500	0.142425
113550	-0.007517
113600	0.289507
113650	0.095480
113700	0.007005
113750	0.038249
113800	-0.143397
113850	0.163833
113900	0.239485
113950	0.231819
114000	-0.106343
114050	-0.073643
114100	-0.036260
114150	-0.379346
114200	0.147166
114250	0.150772
114300	-0.389017
114350	0.020844
114400	-0.145667
114450	0.113919
114500	-0.059186
114550	0.101080
114600	-0.195046
114650	-0.333566
114700	-0.083655
114750	-0.048927
114800	-0.155959
114850	0.093146
114900	-0.038362
114950	-0.170229
115000	0.088715
115050	0.047832
115100	0.167065
115150	-0.056395
115200	-0.015127
115250	0.028509
115300	-0.076720
115350	0.016409
115400	-0.109853
115450	-0.010231
115500	-0.196632
115550	-0.104821
115600	0.073710
115650	-0.024572
115700	-0.109993
115750	0.000467
115800	-0.302080
115850	-0.001068
115900	-0.148719
115950	-0.387178
116000	-0.197726
116050	-0.094298
116100	-0.091588
116150	0.100289
116200	-0.055590
116250	-0.078299
116300	0.088954
116350	-0.037545
116400	-0.160376
116450	0.261220
116500	0.089931
116550	-0.002348
116600	0.243289
116650	0.085561
116700	-0.308970
116750	0.097475
116800	-0.007616
116850	0.055846
116900	0.272828
116950	-0.270840
117000	-0.249732
117050	0.158319
117100	-0.341205
117150	0.217772
117200	-0.318120
117250	0.009174
117300	-0.132514
117350	-0.043252
117400	-0.214400
117450	0.011287
117500	-0.181814
117550	0.068776
117600	0.137622
117650	0.004436
117700	0.095498
117750	-0.012129
117800	0.125430
117850	-0.111951
117900	0.173699
117950	0.022991
118000	-0.030066
118050	-0.310814
118100	-0.098470
118150	-0.046235
118200	-0.114660
118250	-0.143291
118300	-0.102896
118350	0.216104
118400	-0.186048
118450	0.098189
118500	-0.145858
118550	-0.086868
118600	0.107452
118650	-0.040906
118700	0.138005
118750	-0.082726
118800	-0.260944
118850	-0.134098
118900	0.142727
118950	0.052388
119000	0.068645
119050	0.047092
119100	-0.016887
119150	0.255508
119200	0.123625
119250	-0.048774
119300	0.131347
119350	-0.108049
119400	-0.282200
119450	-0.111526
119500	0.174266
119550	-0.012726
119600	-0.407316
119650	-0.199127
119700	-0.233054
119750	-0.146163
119800	-0.148045
119850	0.082120
119900	0.160256
119950	-0.042373
120000	-0.031821
120050	-0.017532
120100	0.108526
120150	0.125730
120200	0.138992
120250	0.075920
120300	-0.270241
120350	0.114553
120400	-0.034630
120450	0.007208
120500	-0.096405
120550	-0.065929
120600	-0.115867
120650	-0.440214
120700	-0.144844
120750	-0.033455
120800	0.055576
120850	-0.069261
120900	-0.013301
120950	0.168508
121000	-0.193304
121050	0.204168
121100	0.188115
121150	0.099853
121200	0.003474
121250	-0.099089
121300	0.102628
121350	0.107789
121400	-0.048549
121450	0.076921
121500	0.169013
121550	0.107560
121600	0.088704
121650	0.103491
121700	0.185895
121750	0.165400
121800	0.029547
121850	0.021182
121900	0.425671
121950	-0.022119
122000	-0.059999
122050	-0.012027
122100	-0.076542
122150	0.068778
122200	-0.113010
122250	0.089263
122300	-0.094778
122350	0.123909
122400	0.339312
122450	-0.149348
122500	0.002469
122550	0.147188
122600	0.064340
122650	0.342970
122700	0.212430
122750	-0.082349
122800	-0.003290
122850	-0.149330
122900	0.003898
122950	0.141030
123000	0.053798
123050	-0.242787
123100	-0.156882
123150	0.018704
123200	-0.049947
123250	-0.192071
123300	-0.043380
123350	-0.124225
123400	-0.103713
123450	-0.259908
123500	-0.080456
123550	-0.253837
123600	-0.132930
123650	0.163328
123700	0.212409
123750	0.065461
123800	0.000788
123850	-0.108483
123900	0.012625
123950	-0.015477
124000	-0.141592
124050	0.216622
124100	0.269638
124150	0.022882
124200	0.225458
124250	-0.002081
124300	0.126098
124350	0.042669
124400	-0.059569
124450	0.128015
124500	-0.155443
124550	-0.050743
124600	0.224120
124650	0.053090
124700	-0.038749
124750	-0.118874
124800	-0.038192
124850	0.022726
124900	-0.343148
124950	-0.132015
125000	-0.064052
125050	-0.223806
125100	-0.049803
125150	0.064509
125200	-0.247021
125250	-0.164411
125300	-0.116486
125350	-0.085540
125400	0.032405
125450	-0.198872
125500	-0.242065
125550	-0.256806
125600	0.084190
125650	0.168698
125700	-0.012361
125750	0.168554
125800	0.114881
125850	0.099240
125900	0.105742
125950	0.032087
126000	-0.154727
126050	0.133491
126100	-0.323893
126150	0.005711
126200	0.198069
126250	0.082738
126300	0.101786
126350	0.170378
126400	0.128854
126450	0.125411
126500	-0.061063
126550	0.232663
126600	0.033060
126650	-0.108389
126700	-0.049449
126750	0.042652
126800	-0.138673
126850	-0.106236
126900	0.185838
126950	0.016944
127000	-0.119640
127050	-0.078706
127100	-0.005829
127150	0.097053
127200	0.059963
127250	-0.102732
127300	-0.172906
127350	0.103502
127400	0.095661
127450	0.107121
127500	-0.039145
127550	-0.127174
127600	0.120511
127650	-0.166476
127700	-0.133932
127750	-0.099999
127800	0.338496
127850	0.021468
127900	-0.070200
127950	-0.181880
128000	0.160621
128050	0.129261
128100	-0.095850
128150	-0.180683
128200	-0.219709
128250	-0.173861
128300	-0.019958
128350	-0.192469
128400	-0.336844
128450	-0.000236
128500	0.181062
128550	0.061932
128600	-0.104254
128650	-0.006660
128700	0.017798
128750	-0.049893
128800	-0.043122
128850	-0.056391
128900	0.068485
128950	0.089076
129000	-0.017909
129050	0.150318
129100	0.012708
129150	0.168661
129200	-0.320771
129250	-0.042649
129300	-0.083598
129350	-0.074079
129400	-0.205175
129450	-0.037624
129500	-0.092237
129550	-0.064220
129600	-0.332119
129650	0.182732
129700	0.134973
129750	0.064494
129800	0.049175
129850	-0.196772
129900	0.143511
129950	-0.132921
130000	0.024040
130050	0.131840
130100	0.051627
130150	-0.056255
130200	0.157937
130250	0.097604
130300	-0.040866
130350	0.050082
130400	0.306488
130450	0.039971
130500	0.309259
130550	0.095721
130600	-0.018187
130650	0.124136
130700	0.068343
130750	0.152402
130800	0.019230
130850	0.127981
130900	0.015033
130950	-0.083887
131000	0.183406
131050	0.047350
131100	0.032865
131150	-0.051905
131200	-0.137724
131250	-0.120690
131300	-0.182735
131350	-0.033438
131400	0.164043
131450	-0.111377
131500	0.046572
131550	0.018424
131600	0.057325
131650	0.220633
131700	0.210736
131750	0.163551
131800	-0.006046
131850	-0.228696
131900	-0.000607
131950	0.006615
132000	-0.018709
132050	-0.128725
132100	-0.346854
132150	-0.081433
132200	0.029376
132250	0.149966
132300	0.195022
132350	-0.056728
132400	-0.083342
132450	-0.513282
132500	-0.140043
132550	-0.271440
132600	0.036009
132650	0.140313
132700	-0.059174
132750	-0.001040
132800	0.001906
132850	-0.103558
132900	-0.081117
132950	-0.326017
133000	-0.170506
133050	-0.398887
133100	0.062748
133150	-0.093338
133200	-0.039932
133250	0.148553
133300	0.230265
133350	-0.339868
133400	-0.105441
133450	-0.011364
133500	0.200211
133550	0.308477
133600	-0.120437
133650	-0.178967
133700	-0.114110
133750	0.119080
133800	0.303829
133850	0.271280
133900	0.084967
133950	-0.166387
134000	-0.088926
134050	0.123428
134100	0.021815
134150	-0.222767
134200	0.184858
134250	-0.060318
134300	-0.142897
134350	0.272216
134400	0.037524
134450	0.002244
134500	0.037965
134550	-0.016858
134600	-0.056374
134650	-0.249080
134700	-0.310428
134750	-0.243709
134800	0.142316
134850	-0.110212
134900	-0.057749
134950	-0.249020
135000	0.241773
135050	-0.043620
135100	-0.038051
135150	0.263603
135200	-0.095401
135250	0.066902
135300	-0.167184
135350	-0.052027
135400	0.063941
135450	0.126334
135500	0.014265
135550	0.080938
135600	0.113197
135650	0.082729
135700	-0.038420
135750	-0.011693
135800	-0.119501
135850	-0.108196
135900	-0.013770
135950	0.224679
136000	0.058153
136050	0.068086
136100	0.049874
136150	0.126055
136200	-0.042375
136250	-0.324487
136300	0.166099
136350	0.106917
136400	0.129279
136450	-0.015303
136500	0.091312
136550	-0.173179
136600	0.055249
136650	-0.037833
136700	0.094469
136750	0.066793
136800	0.117620
136850	-0.251748
136900	0.125941
136950	-0.023025
137000	0.176147
137050	-0.052380
137100	0.264723
137150	0.043074
137200	-0.090535
137250	-0.016136
137300	0.284601
137350	-0.109135
137400	-0.041410
137450	-0.015850
137500	-0.154639
137550	-0.067723
137600	-0.394404
137650	-0.107838
137700	-0.133166
137750	-0.230623
137800	-0.169367
137850	-0.155731
137900	-0.001027
137950	-0.143451
138000	0.061367
138050	-0.329815
138100	-0.083403
138150	-0.109904
138200	-0.171731
138250	0.036548
138300	-0.113608
138350	0.066521
138400	-0.122381
138450	0.069470
138500	-0.157707
138550	-0.316167
138600	0.092854
138650	0.171577
138700	-0.225135
138750	0.006222
138800	-0.057814
138850	-0.218834
138900	0.019274
138950	0.048285
139000	-0.182224
139050	0.054055
139100	0.199102
139150	-0.038589
139200	0.214436
139250	0.001165
139300	-0.137330
139350	-0.081595
139400	-0.083485
139450	0.069314
139500	0.047472
139550	0.274157
139600	0.010790
139650	0.037875
139700	0.069162
139750	-0.133888
139800	0.036740
139850	0.077123
139900	-0.085612
139950	0.217290
140000	0.050364
140050	-0.150515
140100	0.024086
140150	-0.077069
140200	-0.098841
140250	-0.140430
140300	0.068354
140350	-0.046959
140400	0.057570
140450	-0.050276
140500	0.131429
140550	0.009213
140600	0.091013
140650	-0.089881
140700	-0.078879
140750	0.168833
140800	0.041796
140850	0.036354
140900	-0.196525
140950	0.093554
141000	-0.004216
141050	-0.139115
141100	-0.059092
141150	0.240168
141200	0.006089
141250	0.037226
141300	0.361119
141350	0.054776
141400	0.177875
141450	-0.346434
141500	-0.086846
141550	-0.173237
141600	-0.014728
141650	-0.135477
141700	0.051999
141750	-0.102128
141800	-0.246813
141850	-0.095216
141900	-0.099625
141950	0.168108
142000	0.119500
142050	0.110752
142100	-0.124916
142150	0.182140
142200	0.214125
142250	-0.040998
142300	0.017809
142350	-0.051616
142400	-0.289042
142450	-0.053231
142500	0.247503
142550	0.155012
142600	0.012491
142650	-0.127097
142700	-0.142684
142750	-0.081812
142800	-0.043134
142850	0.108366
142900	0.146360
142950	-0.060323
143000	0.157736
143050	-0.000050
143100	-0.106588
143150	0.246034
143200	-0.133585
143250	0.230726
143300	-0.225975
143350	-0.056433
143400	-0.093375
143450	-0.207905
143500	0.169495
143550	-0.102003
143600	-0.304164
143650	-0.162860
143700	-0.061792
143750	-0.105429
143800	0.009438
143850	-0.013436
143900	0.176505
143950	-0.214621
144000	-0.284176
144050	0.063124
144100	0.013170
144150	-0.067126
144200	0.055902
144250	0.318731
144300	-0.156535
144350	-0.113396
144400	-0.018904
144450	0.243149
144500	0.113190
144550	0.014852
144600	0.060312
144650	-0.202869
144700	0.078504
144750	0.195582
144800	-0.154920
144850	0.251334
144900	0.035602
144950	-0.181343
145000	-0.012553
145050	0.161366
145100	-0.151335
145150	-0.183243
145200	-0.118050
145250	-0.164626
145300	-0.094860
145350	-0.027049
145400	-0.135616
145450	-0.228492
145500	0.000997
145550	-0.184767
145600	0.016021
145650	-0.064994
145700	-0.179604
145750	-0.015705
145800	0.045151
145850	0.069975
145900	0.241818
145950	0.009733
146000	0.052157
146050	-0.262256
146100	-0.170061
146150	-0.000287
146200	-0.113838
146250	-0.116236
146300	0.209102
146350	-0.035302
146400	-0.048647
146450	0.270260
146500	-0.130066
146550	0.045794
146600	0.012361
146650	0.060836
146700	-0.067402
146750	-0.037439
146800	0.324245
146850	0.030453
146900	0.126076
146950	-0.108958
147000	-0.071112
147050	0.041298
147100	-0.122725
147150	-0.072483
147200	-0.039751
147250	0.098592
147300	-0.061295
147350	0.064391
147400	0.063029
147450	-0.321310
147500	-0.043862
147550	-0.067355
147600	-0.096959
147650	-0.138263
147700	-0.168888
147750	0.199085
147800	-0.164296
147850	-0.007906
147900	0.015294
147950	-0.186079
148000	-0.200637
148050	0.217896
148100	-0.083697
148150	0.132609
148200	0.009632
148250	-0.205923
148300	0.086146
148350	-0.025374
148400	-0.075721
148450	-0.044275
148500	-0.063956
148550	-0.139143
148600	0.123167
148650	0.193388
148700	0.052564
148750	-0.142170
148800	0.112816
148850	-0.003943
148900	-0.157658
148950	0.056392
149000	-0.115294
149050	-0.222787
149100	-0.118412
149150	0.047193
149200	0.172069
149250	-0.108727
149300	0.213871
149350	0.091954
149400	-0.098460
149450	-0.150715
149500	0.026222
149550	0.081120
149600	0.339025
149650	0.219288
149700	0.331132
149750	0.019063
149800	0.012956
149850	0.272315
149900	-0.299930
149950	-0.071688
150000	0.208105
150050	-0.005567
150100	0.200145
150150	0.222884
150200	0.264570
150250	-0.042786
150300	0.150884
150350	0.024716
150400	0.079453
150450	-0.032566
150500	0.115312
150550	-0.062831
150600	0.029325
150650	0.148019
150700	0.154892
150750	0.152157
150800	-0.241215
150850	-0.100136
150900	0.127980
150950	-0.197720
151000	0.142059
151050	-0.085902
151100	-0.173282
151150	-0.234101
151200	0.226715
151250	-0.048552
151300	-0.159434
151350	0.146225
151400	0.015592
151450	0.123409
151500	-0.301555
151550	0.017883
151600	0.196291
151650	0.139674
151700	-0.157853
151750	-0.079792
151800	0.161880
151850	0.060029
151900	-0.144179
151950	-0.199430
152000	-0.093785
152050	0.074452
152100	0.111381
152150	-0.043037
152200	-0.013603
152250	0.088933
152300	-0.170465
152350	-0.255889
152400	0.120072
152450	-0.116332
152500	-0.170291
152550	0.111551
152600	0.307516
152650	-0.052589
152700	-0.230990
152750	0.017056
152800	0.019119
152850	-0.226380
152900	0.121157
152950	-0.202558
153000	-0.265810
153050	-0.310487
153100	-0.067680
153150	-0.099889
153200	-0.039987
153250	0.015870
153300	0.019545
153350	0.133503
153400	0.139240
153450	-0.083672
153500	-0.058438
153550	0.059106
153600	0.357003
153650	0.078370
153700	-0.099244
153750	-0.022048
153800	-0.088244
153850	0.041875
153900	-0.010576
153950	0.136845
154000	0.148019
154050	-0.072749
154100	-0.050868
154150	0.084807
154200	0.237079
154250	0.168844
154300	-0.163809
154350	-0.063371
154400	0.048697
154450	-0.301633
154500	0.058676
154550	0.128876
154600	-0.125282
154650	-0.141482
154700	-0.177432
154750	0.120277
154800	0.077199
154850	0.118335
154900	-0.218547
154950	0.064574
155000	0.015054
155050	0.110209
155100	-0.315375
155150	-0.227482
155200	0.116811
155250	0.067609
155300	-0.211630
155350	0.223797
155400	0.290508
155450	0.245820
155500	-0.243247
155550	-0.097490
155600	0.207147
155650	0.153639
155700	0.399739
155750	0.129942
155800	-0.031433
155850	0.280720
155900	0.255932
155950	-0.123771
156000	0.035347
156050	-0.148583
156100	0.062166
156150	0.000718
156200	-0.048899
156250	-0.169128
156300	0.305186
156350	0.202673
156400	0.284996
156450	0.222011
156500	-0.057736
156550	0.197326
156600	-0.068704
156650	0.219529
156700	-0.035679
156750	0.009864
156800	-0.087882
156850	-0.032685
156900	-0.073665
156950	-0.210623
157000	0.307562
157050	0.411500
157100	0.002449
157150	0.069360
157200	-0.173811
157250	-0.063704
157300	0.174291
157350	0.229389
157400	0.127630
157450	-0.069908
157500	0.047423
157550	-0.002722
157600	0.079394
157650	0.030605
157700	0.033969
157750	0.093003
157800	-0.029883
157850	-0.176430
157900	0.070121
157950	0.164261
158000	0.100430
158050	0.000144
158100	-0.119466
158150	-0.177776
158200	0.086958
158250	-0.127854
158300	-0.328377
158350	0.038580
158400	-0.136104
158450	-0.044297
158500	0.213665
158550	-0.166371
158600	0.013875
158650	0.128641
158700	-0.073340
158750	-0.165327
158800	0.156541
158850	0.343844
158900	0.015319
158950	0.200866
159000	0.163457
159050	-0.069760
159100	-0.092824
159150	0.162409
159200	0.016693
159250	-0.011958
159300	0.089563
159350	0.026251
159400	0.105221
159450	-0.005259
159500	-0.018652
159550	0.089512
159600	0.392876
159650	-0.050475
159700	0.079068
159750	-0.071430
159800	-0.158274
159850	-0.037230
159900	-0.141679
159950	-0.197446
160000	-0.159204
160050	-0.126673
160100	-0.230367
160150	-0.270073
160200	0.031440
160250	0.077238
160300	-0.125283
160350	-0.141266
160400	0.037294
160450	0.017492
160500	-0.138697
160550	-0.088643
160600	-0.117903
160650	0.167713
160700	0.221193
160750	-0.012957
160800	0.146794
160850	-0.041672
160900	0.029233
160950	0.014577
161000	-0.040940
161050	-0.045172
161100	-0.081095
161150	0.160284
161200	0.188430
161250	-0.087481
161300	-0.041397
161350	-0.200941
161400	-0.002968
161450	-0.179600
161500	-0.096300
161550	-0.198941
161600	-0.178470
161650	-0.066450
161700	-0.095277
161750	-0.020286
161800	-0.028173
161850	-0.172767
161900	0.007812
161950	0.031985
162000	0.043239
162050	-0.126385
162100	-0.002965
162150	0.092414
162200	0.051638
162250	-0.162814
162300	0.056086
162350	-0.041225
162400	-0.040289
162450	-0.073402
162500	0.039033
162550	-0.246839
162600	0.120645
162650	0.194516
162700	-0.109748
162750	-0.165620
162800	-0.012794
162850	-0.061046
162900	0.164390
162950	0.243362
163000	0.159325
163050	0.021911
163100	0.207759
163150	0.188400
163200	0.230804
163250	0.082322
163300	0.060565
163350	-0.017807
163400	0.176666
163450	0.143265
163500	-0.025734
163550	0.137119
163600	0.047658
163650	0.186010
163700	-0.057855
163750	0.196215
163800	0.119087
163850	0.047192
163900	-0.114141
163950	0.061577
164000	-0.124448
164050	-0.086127
164100	-0.000338
164150	0.150122
164200	-0.179584
164250	-0.227737
164300	-0.007232
164350	0.332043
164400	-0.116941
164450	-0.036006
164500	-0.160311
164550	0.253746
164600	-0.088439
164650	-0.184100
164700	-0.126850
164750	0.086654
164800	0.019143
164850	0.130362
164900	0.443276
164950	0.185451
165000	0.074381
165050	-0.126198
165100	-0.136090
165150	0.138219
165200	0.208007
165250	-0.211133
165300	-0.100250
165350	-0.055403
165400	-0.139273
165450	-0.025331
165500	-0.152070
165550	0.042230
165600	0.051690
165650	-0.166533
165700	-0.170859
165750	0.111459
165800	-0.063724
165850	0.158203
165900	-0.251096
165950	0.246259
166000	-0.211129
166050	-0.088239
166100	-0.338695
166150	-0.373722
166200	0.365901
166250	0.000529
166300	0.260016
166350	-0.054962
166400	0.060323
166450	0.186232
166500	-0.088922
166550	0.137970
166600	0.113361
166650	-0.270550
166700	-0.132394
166750	0.000212
166800	0.137940
166850	0.111778
166900	-0.215608
166950	0.094469
167000	0.119754
167050	-0.088251
167100	-0.103091
167150	0.003983
167200	-0.021102
167250	-0.246080
167300	-0.240055
167350	0.084268
167400	-0.028766
167450	-0.082013
167500	-0.298311
167550	-0.048178
167600	0.031773
167650	0.055065
167700	0.230294
167750	0.161026
167800	-0.117806
167850	0.106240
167900	0.243599
167950	0.122560
168000	-0.186754
168050	0.036432
168100	-0.100593
168150	0.205620
168200	-0.204447
168250	0.074073
168300	0.177917
168350	0.187893
168400	0.072598
168450	0.153993
168500	-0.246763
168550	0.122616
168600	-0.171236
168650	-0.151219
168700	-0.012625
168750	-0.178280
168800	0.027627
168850	-0.123152
168900	-0.165945
168950	0.119766
169000	0.220306
169050	-0.074654
169100	-0.035852
169150	0.107241
169200	-0.015514
169250	0.149811
169300	-0.061625
169350	0.031921
169400	-0.274586
169450	-0.005433
169500	0.146049
169550	-0.177320
169600	0.045693
169650	0.055751
169700	0.381340
169750	0.300560
169800	0.003124
169850	0.085400
169900	0.217111
169950	-0.081665
170000	0.125021
170050	0.186135
170100	0.102790
170150	-0.287081
170200	0.215278
170250	-0.374856
170300	0.105907
170350	0.180125
170400	0.067917
170450	-0.084007
170500	0.125551
170550	-0.028238
170600	0.078228
170650	-0.022967
170700	0.070321
170750	-0.137439
170800	-0.091303
170850	0.128788
170900	-0.007666
170950	0.400733
171000	0.320524
171050	-0.065461
171100	0.103240
171150	0.105931
171200	0.240506
171250	-0.092009
171300	0.087432
171350	-0.010583
171400	-0.061216
171450	-0.073427
171500	0.236681
171550	-0.072161
171600	-0.071530
171650	0.011359
171700	0.134787
171750	-0.037422
171800	-0.206168
171850	-0.029823
171900	-0.046501
171950	0.029679
172000	-0.059722
172050	0.076332
172100	-0.141311
172150	0.007097
172200	-0.099094
172250	-0.173506
172300	-0.006190
172350	0.127924
172400	0.121806
172450	0.110180
172500	-0.095017
172550	-0.098638
172600	-0.053428
172650	-0.014645
172700	-0.092328
172750	-0.003696
172800	-0.310846
172850	-0.018319
172900	-0.146479
172950	-0.108513
173000	-0.008132
173050	-0.069667
173100	0.144394
173150	-0.118702
173200	-0.182886
173250	0.089568
173300	-0.248032
173350	-0.052545
173400	-0.385039
173450	-0.061029
173500	0.087805
173550	0.105096
173600	-0.008333
173650	-0.315817
173700	0.003101
173750	-0.294548
173800	-0.323611
173850	-0.026390
173900	0.078467
173950	0.104682
174000	0.130389
174050	-0.049241
174100	0.156246
174150	0.067353
174200	0.164725
174250	-0.185192
174300	0.025987
174350	0.139535
174400	-0.009134
174450	0.071633
174500	0.052930
174550	0.059656
174600	0.498991
174650	0.155779
174700	-0.194285
174750	0.302836
174800	0.069311
174850	-0.207349
174900	0.081260
174950	0.055168
175000	-0.276922
175050	0.034788
175100	-0.148629
175150	0.100137
175200	-0.059718
175250	-0.257742
175300	0.070909
175350	0.138620
175400	-0.060912
175450	0.256194
175500	-0.251341
175550	0.167989
175600	0.112753
175650	0.220208
175700	-0.002882
175750	-0.066503
175800	-0.067136
175850	-0.053195
175900	0.075615
175950	-0.013269
176000	0.175092
176050	0.062794
176100	0.137972
176150	0.083373
176200	-0.132656
176250	0.005508
176300	-0.416387
176350	-0.152577
176400	-0.024148
176450	-0.148322
176500	-0.042227
176550	0.033448
176600	0.252249
176650	0.143984
176700	-0.093236
176750	0.233119
176800	-0.086807
176850	-0.023561
176900	-0.067782
176950	-0.043338
177000	-0.241862
177050	-0.053089
177100	0.105315
177150	-0.065035
177200	0.152841
177250	0.028557
177300	0.143277
177350	-0.227950
177400	0.164266
177450	0.044541
177500	-0.048075
177550	-0.123932
177600	-0.131343
177650	0.024810
177700	0.163677
177750	0.214961
177800	0.034008
177850	-0.002558
177900	0.167923
177950	-0.014052
178000	-0.162832
178050	0.115076
178100	0.126649
178150	0.146414
178200	-0.046190
178250	0.243151
178300	0.041725
178350	-0.206560
178400	-0.020844
178450	-0.110037
178500	0.049323
178550	-0.003377
178600	-0.166747
178650	-0.189321
178700	-0.000457
178750	-0.070080
178800	0.211201
178850	0.176371
178900	0.132224
178950	-0.065177
179000	0.061863
179050	0.041511
179100	0.095894
179150	0.221610
179200	0.102994
179250	-0.109992
179300	0.111294
179350	-0.060647
179400	-0.052442
179450	-0.070329
179500	-0.037753
179550	0.099749
179600	-0.051078
179650	-0.070339
179700	-0.126195
179750	-0.010654
179800	0.176997
179850	0.174148
179900	-0.364058
179950	0.032997
180000	-0.285961
180050	-0.221386
180100	0.107771
180150	-0.076238
180200	-0.035596
180250	-0.008630
180300	-0.062670
180350	-0.299489
180400	0.066449
180450	0.075887
180500	0.088413
180550	0.274636
180600	-0.010025
180650	0.174924
180700	0.340720
180750	-0.073566
180800	0.010857
180850	-0.038062
180900	0.135379
180950	0.047043
181000	-0.137520
181050	0.170505
181100	0.296494
181150	0.129130
181200	-0.125390
181250	-0.133303
181300	0.204279
181350	0.101646
181400	-0.022670
181450	-0.117948
181500	-0.123602
181550	-0.163764
181600	-0.103903
181650	0.101973
181700	0.031430
181750	-0.011312
181800	-0.173549
181850	-0.280603
181900	-0.060851
181950	-0.009409
182000	-0.222853
182050	-0.259266
182100	0.239496
182150	-0.026941
182200	0.349392
182250	0.192780
182300	0.008173
182350	0.007703
182400	0.129789
182450	-0.049189
182500	0.052913
182550	-0.147200
182600	0.415953
182650	0.119436
182700	-0.098024
182750	0.109835
182800	0.245571
182850	0.143365
182900	-0.024838
182950	0.137670
183000	0.007920
183050	-0.000337
183100	0.222812
183150	0.008054
183200	0.029118
183250	0.032539
183300	0.173883
183350	-0.141917
183400	-0.044400
183450	-0.083088
183500	-0.111958
183550	0.136233
183600	0.149523
183650	0.115455
183700	0.362389
183750	0.150734
183800	0.119007
183850	-0.116286
183900	0.143360
183950	0.088235
184000	0.211231
184050	-0.090956
184100	-0.272573
184150	0.361226
184200	0.120315
184250	-0.000284
184300	-0.077811
184350	-0.035942
184400	0.179928
184450	0.055042
184500	-0.127585
184550	0.084455
184600	0.022184
184650	0.010385
184700	-0.102923
184750	-0.036397
184800	0.039384
184850	-0.063213
184900	-0.239483
184950	0.039429
185000	0.256106
185050	-0.043674
185100	-0.103192
185150	-0.095468
185200	0.060886
185250	-0.142944
185300	-0.143747
185350	-0.001009
185400	-0.134836
185450	-0.210377
185500	-0.093512
185550	-0.166768
185600	-0.154613
185650	-0.089210
185700	0.192039
185750	-0.277178
185800	-0.290574
185850	-0.149388
185900	0.340615
185950	-0.076050
186000	0.066058
186050	-0.028868
186100	-0.071818
186150	0.155407
186200	-0.015995
186250	0.048753
186300	-0.224464
186350	-0.104765
186400	-0.123413
186450	0.044325
186500	0.095261
186550	0.243245
186600	0.037664
186650	0.055217
186700	0.252572
186750	-0.254543
186800	-0.098195
186850	-0.364162
186900	0.040990
186950	0.020024
187000	-0.196245
187050	-0.078936
187100	-0.211268
187150	-0.086820
187200	0.074158
187250	0.203107
187300	0.053805
187350	-0.115511
187400	0.129966
187450	-0.073735
187500	0.000995
187550	0.112765
187600	0.114046
187650	-0.168926
187700	0.030454
187750	-0.093931
187800	-0.132018
187850	0.003304
187900	0.033392
187950	0.038765
188000	-0.003384
188050	0.221661
188100	-0.049004
188150	-0.086401
188200	0.260027
188250	-0.031571
188300	0.050982
188350	-0.059437
188400	0.062269
188450	0.009955
188500	0.027549
188550	-0.180203
188600	0.040377
188650	0.003670
188700	0.075666
188750	0.041933
188800	0.126800
188850	-0.056270
188900	-0.052544
188950	0.190941
189000	0.138398
189050	-0.158024
189100	-0.254727
189150	-0.263496
189200	0.065909
189250	0.067843
189300	0.403223
189350	0.069318
189400	-0.020022
189450	-0.322718
189500	0.345162
189550	-0.060962
189600	0.358112
189650	-0.110174
189700	0.240785
189750	-0.013055
189800	0.258639
189850	0.154035
189900	-0.008467
189950	0.121190
190000	0.020603
190050	0.052675
190100	-0.123285
190150	0.108173
190200	-0.021601
190250	0.182571
190300	-0.148562
190350	0.407092
190400	0.198718
190450	-0.170852
190500	0.102277
190550	0.148086
190600	0.117087
190650	0.093910
190700	-0.168998
190750	0.000704
190800	-0.041001
190850	0.148425
190900	-0.134540
190950	-0.226298
191000	0.002726
191050	-0.246571
191100	-0.135359
191150	0.149789
191200	0.138060
191250	0.007097
191300	0.391048
191350	0.133791
191400	0.254258
191450	0.132668
191500	-0.255641
191550	-0.032171
191600	0.165357
191650	0.128852
191700	-0.084989
191750	-0.073284
191800	0.078809
191850	0.017309
191900	-0.060216
191950	0.004024
192000	-0.313857
192050	-0.032783
192100	-0.020516
192150	-0.299701
192200	-0.087280
192250	-0.244124
192300	0.068242
192350	-0.232301
192400	-0.108023
192450	-0.032521
192500	-0.155639
192550	0.056436
192600	0.083904
192650	0.004423
192700	-0.144767
192750	0.154820
192800	0.301626
192850	0.073539
192900	0.002461
192950	0.197687
193000	-0.067369
193050	-0.165495
193100	-0.133362
193150	-0.108428
193200	-0.030994
193250	0.228680
193300	0.446900
193350	-0.143700
193400	-0.088121
193450	0.196563
193500	0.228926
193550	0.108127
193600	-0.283010
193650	0.449301
193700	0.397044
193750	0.039036
193800	-0.081902
193850	0.245607
193900	0.213509
193950	-0.022294
194000	0.157377
194050	0.099384
194100	-0.148928
194150	0.017998
194200	0.043351
194250	0.062300
194300	-0.156426
194350	0.082879
194400	0.227034
194450	-0.189434
194500	0.231862
194550	0.064087
194600	-0.043992
194650	0.092530
194700	0.057624
194750	0.395671
194800	-0.197123
194850	-0.183871
194900	-0.127629
194950	-0.023940
195000	-0.092118
195050	0.087093
195100	-0.165831
195150	0.029573
195200	-0.144167
195250	0.023410
195300	0.006791
195350	-0.127018
195400	-0.114555
195450	-0.129309
195500	-0.015388
195550	0.126521
195600	-0.198274
195650	0.024811
195700	-0.015439
195750	-0.214166
195800	-0.301718
195850	-0.137857
195900	0.049351
195950	0.180498
196000	-0.081119
196050	0.251703
196100	-0.019571
196150	-0.037022
196200	0.073628
196250	0.041545
196300	0.075442
196350	0.078507
196400	-0.142192
196450	-0.233473
196500	-0.070366
196550	-0.084739
196600	0.244398
196650	0.213175
196700	0.276724
196750	-0.020642
196800	-0.113260
196850	-0.283356
196900	-0.246549
196950	0.181855
197000	0.200984
197050	0.031392
197100	-0.260526
197150	0.022939
197200	0.080685
197250	-0.016039
197300	-0.055641
197350	0.195172
197400	0.004715
197450	0.276289
197500	0.319656
197550	0.090034
197600	0.146995
197650	0.075608
197700	-0.372623
197750	-0.247176
197800	-0.031419
197850	-0.066213
197900	-0.094753
197950	-0.374878
198000	-0.342395
198050	0.040314
198100	0.159668
198150	-0.288409
198200	-0.018707
198250	0.242796
198300	0.115547
198350	-0.058696
198400	-0.053989
198450	-0.004472
198500	-0.047807
198550	0.008227
198600	0.106195
198650	-0.249986
198700	0.046346
198750	-0.032803
198800	-0.096117
198850	-0.192224
198900	0.045974
198950	0.305902
199000	-0.246718
199050	-0.112864
199100	0.173344
199150	0.173258
199200	0.242652
199250	-0.007495
199300	-0.178258
199350	-0.200305
199400	-0.180176
199450	0.134473
199500	-0.130962
199550	-0.199112
199600	-0.194178
199650	-0.199281
199700	0.252030
199750	-0.073873
199800	-0.271204
199850	0.004583
199900	-0.034712
199950	-0.067405
