0	37.906230
50	2.003515
100	0.519129
150	0.345745
200	0.217642
250	-0.003853
300	0.057935
350	0.253933
400	0.254292
450	0.239692
500	0.145215
550	0.139258
600	0.291383
650	0.315993
700	0.154028
750	0.072699
800	0.209730
850	0.142803
900	0.246668
950	0.172953
1000	0.127196
1050	-0.016795
1100	0.008021
1150	0.051191
1200	0.031678
1250	0.170090
1300	-0.024520
1350	-0.088025
1400	0.048366
1450	-0.144376
1500	0.042558
1550	0.010680
1600	-0.137152
1650	0.017095
1700	0.003199
1750	0.147850
1800	-0.134873
1850	-0.021584
1900	0.156006
1950	-0.219343
2000	-0.218224
2050	0.062205
2100	-0.036808
2150	-0.012029
2200	0.253240
2250	-0.007581
2300	0.162737
2350	0.100457
2400	0.186702
2450	0.212596
2500	0.133774
2550	0.187268
2600	0.142020
2650	0.020804
2700	0.017869
2750	0.009352
2800	0.063415
2850	0.165354
2900	-0.218080
2950	0.070486
3000	0.289020
3050	0.236820
3100	0.050038
3150	0.271418
3200	0.025817
3250	0.046877
3300	0.072444
3350	-0.017291
3400	0.222916
3450	0.107112
3500	0.042624
3550	0.175845
3600	0.034454
3650	-0.066915
3700	0.043190
3750	0.108451
3800	0.166429
3850	0.137817
3900	-0.019747
3950	0.020375
4000	0.143578
4050	0.002507
4100	-0.141521
4150	-0.107929
4200	0.115792
4250	0.119819
4300	0.204464
4350	0.144789
4400	0.036001
4450	0.189258
4500	0.138765
4550	0.001931
4600	0.088693
4650	0.051509
4700	-0.036854
4750	-0.117917
4800	-0.006367
4850	-0.075040
4900	0.021226
4950	-0.024149
5000	-0.111903
5050	0.043984
5100	0.283247
5150	-0.014670
5200	-0.014391
5250	0.079983
5300	0.079472
5350	0.125504
5400	0.128750
5450	0.045804
5500	0.121813
5550	-0.063538
5600	-0.101242
5650	0.009044
5700	-0.239279
5750	0.002642
5800	-0.027988
5850	-0.170194
5900	-0.160511
5950	-0.097984
6000	-0.033248
6050	-0.108193
6100	0.021735
6150	0.017052
6200	0.004586
6250	0.113461
6300	-0.007314
6350	0.090875
6400	-0.057802
6450	0.055819
6500	0.114941
6550	0.158663
6600	-0.113453
6650	0.006308
6700	-0.002619
6750	0.251120
6800	0.085598
6850	0.248981
6900	0.111868
6950	0.126534
7000	0.149989
7050	0.116363
7100	0.096732
7150	-0.082310
7200	-0.075377
7250	0.186424
7300	0.109114
7350	-0.047982
7400	0.146260
7450	0.045292
7500	-0.089574
7550	-0.121809
7600	-0.156529
7650	0.015274
7700	0.060028
7750	0.041217
7800	-0.070154
7850	0.268561
7900	0.129609
7950	0.049295
8000	-0.136963
8050	0.031372
8100	0.078742
8150	-0.139480
8200	0.089300
8250	-0.001213
8300	0.116873
8350	0.033796
8400	0.311630
8450	0.061055
8500	0.121425
8550	-0.134410
8600	-0.005446
8650	-0.010482
8700	0.201577
8750	0.062345
8800	0.296233
8850	0.141206
8900	0.143733
8950	0.032926
9000	0.058932
9050	-0.005654
9100	0.097329
9150	0.018332
9200	0.172719
9250	0.081886
9300	0.077746
9350	0.108811
9400	-0.068871
9450	0.082474
9500	-0.017944
9550	-0.007615
9600	-0.149429
9650	-0.055680
9700	0.089320
9750	0.059277
9800	-0.002891
9850	-0.162371
9900	0.016294
9950	0.039083
10000	0.141290
10050	0.190342
10100	0.126725
10150	0.198615
10200	0.119493
10250	0.026713
10300	0.037495
10350	0.151478
10400	0.076111
10450	-0.000008
10500	-0.032421
10550	0.001912
10600	-0.099953
10650	0.047595
10700	-0.012865
10750	0.279074
10800	0.074796
10850	0.036024
10900	0.058809
10950	0.078847
11000	0.233319
11050	0.235800
11100	-0.073205
11150	0.218504
11200	-0.081194
11250	0.209648
11300	0.095899
11350	0.217731
11400	0.016465
11450	0.174787
11500	0.047353
11550	0.038559
11600	0.300626
11650	0.104665
11700	-0.069288
11750	0.002087
11800	-0.075801
11850	-0.077577
11900	0.094582
11950	0.241255
12000	0.090548
12050	0.146801
12100	0.045022
12150	0.043232
12200	-0.068938
12250	-0.143834
12300	0.082243
12350	0.164525
12400	0.147346
12450	0.097219
12500	0.105574
12550	-0.064092
12600	0.004626
12650	-0.111594
12700	-0.070746
12750	0.280386
12800	0.044144
12850	-0.183005
12900	-0.144661
12950	0.012367
13000	-0.023628
13050	0.270974
13100	-0.188813
13150	0.114364
13200	0.062612
13250	-0.076773
13300	-0.041730
13350	-0.095252
13400	0.164774
13450	0.083281
13500	-0.046823
13550	0.091088
13600	-0.022719
13650	-0.075681
13700	0.128506
13750	-0.049989
13800	0.085144
13850	-0.014574
13900	0.197337
13950	-0.056203
14000	0.006684
14050	0.268069
14100	0.180294
14150	0.129779
14200	0.068418
14250	0.250299
14300	0.079944
14350	-0.016082
14400	-0.285053
14450	0.053361
14500	0.090452
14550	0.147451
14600	0.072508
14650	-0.189512
14700	0.059972
14750	0.308233
14800	-0.009761
14850	-0.004711
14900	-0.058040
14950	0.002278
15000	0.137083
15050	-0.069085
15100	0.022141
15150	0.168309
15200	-0.093815
15250	0.030959
15300	0.126501
15350	0.093238
15400	0.154405
15450	-0.025350
15500	0.032539
15550	0.067098
15600	0.153364
15650	-0.012244
15700	-0.197525
15750	0.063040
15800	0.234149
15850	-0.129297
15900	0.185128
15950	-0.028990
16000	0.037416
16050	-0.030169
16100	0.029177
16150	-0.159878
16200	0.071966
16250	0.000159
16300	-0.123661
16350	0.006177
16400	-0.158187
16450	0.110953
16500	-0.077242
16550	-0.094961
16600	-0.110593
16650	0.078299
16700	0.185628
16750	0.072662
16800	0.091426
16850	-0.122856
16900	0.175186
16950	0.011494
17000	-0.099224
17050	0.061336
17100	0.050468
17150	0.067795
17200	0.230548
17250	0.069282
17300	0.036719
17350	0.028274
17400	-0.250586
17450	0.015778
17500	-0.018409
17550	0.021139
17600	0.001950
17650	0.174742
17700	0.139983
17750	-0.006326
17800	0.182876
17850	0.170119
17900	0.043977
17950	-0.119887
18000	0.142740
18050	-0.045256
18100	0.384014
18150	0.054384
18200	-0.080728
18250	-0.142550
18300	-0.080022
18350	-0.241502
18400	0.064635
18450	-0.057124
18500	0.228239
18550	0.059628
18600	-0.036870
18650	0.063907
18700	-0.143447
18750	-0.014987
18800	-0.146545
18850	-0.015204
18900	0.111850
18950	0.278677
19000	0.130377
19050	0.106037
19100	0.102798
19150	-0.017522
19200	-0.016363
19250	0.198111
19300	0.204039
19350	0.019734
19400	-0.007959
19450	0.252244
19500	0.120198
19550	0.030159
19600	-0.158933
19650	-0.019174
19700	0.392902
19750	0.087221
19800	0.062673
19850	0.064168
19900	0.020696
19950	-0.114529
20000	-0.076834
20050	0.199171
20100	0.130409
20150	0.042946
20200	0.157399
20250	0.102930
20300	0.119659
20350	0.134147
20400	0.141435
20450	0.135640
20500	0.049705
20550	-0.015516
20600	-0.016026
20650	0.148009
20700	-0.146139
20750	0.035238
20800	0.086130
20850	0.119771
20900	-0.206320
20950	-0.173684
21000	-0.055890
21050	-0.044578
21100	0.068907
21150	0.067201
21200	-0.141628
21250	0.207614
21300	0.007491
21350	-0.035985
21400	0.134123
21450	0.086189
21500	0.067916
21550	0.143827
21600	-0.058806
21650	-0.029583
21700	-0.076719
21750	-0.322680
21800	-0.040752
21850	-0.023134
21900	-0.004485
21950	-0.041115
22000	0.159846
22050	0.103491
22100	0.050827
22150	0.079327
22200	-0.050784
22250	0.135962
22300	0.052122
22350	0.079899
22400	0.249815
22450	0.048583
22500	-0.093375
22550	0.053171
22600	-0.008594
22650	-0.135207
22700	0.133502
22750	-0.016749
22800	0.009870
22850	0.094170
22900	-0.048677
22950	-0.028993
23000	0.119220
23050	0.095632
23100	0.005649
23150	0.075851
23200	-0.007802
23250	-0.166931
23300	0.002036
23350	-0.137231
23400	-0.105085
23450	-0.011836
23500	0.030317
23550	0.103460
23600	-0.160617
23650	0.072112
23700	-0.086767
23750	0.115450
23800	-0.128638
23850	-0.154750
23900	-0.089797
23950	-0.017661
24000	0.065368
24050	0.089551
24100	-0.008127
24150	-0.117903
24200	0.031069
24250	-0.056896
24300	0.023957
24350	0.182301
24400	0.033914
24450	0.189217
24500	0.067631
24550	-0.160293
24600	0.008010
24650	0.082758
24700	0.099161
24750	0.099077
24800	0.061043
24850	0.325032
24900	-0.034892
24950	0.091267
25000	0.025962
25050	-0.212798
25100	-0.017669
25150	0.084222
25200	-0.108032
25250	-0.058058
25300	0.209601
25350	-0.240812
25400	-0.103485
25450	-0.055179
25500	0.086326
25550	-0.105856
25600	-0.084712
25650	0.132103
25700	0.066603
25750	0.129762
25800	-0.022640
25850	0.021979
25900	0.085570
25950	-0.022418
26000	-0.062962
26050	-0.029085
26100	0.089404
26150	-0.150548
26200	-0.109611
26250	-0.063623
26300	-0.073340
26350	0.159722
26400	-0.042497
26450	0.029223
26500	0.092393
26550	-0.058833
26600	-0.134020
26650	-0.084705
26700	0.002800
26750	-0.141388
26800	-0.011583
26850	0.076559
26900	0.026896
26950	0.000872
27000	0.036132
27050	-0.016572
27100	0.028769
27150	-0.034624
27200	0.305582
27250	-0.055316
27300	0.074018
27350	-0.040233
27400	-0.227206
27450	0.049536
27500	0.129510
27550	0.006670
27600	-0.221050
27650	-0.237267
27700	-0.083172
27750	-0.012070
27800	-0.115762
27850	0.072447
27900	0.073695
27950	-0.055243
28000	-0.059995
28050	-0.084774
28100	0.281390
28150	0.164300
28200	0.041328
28250	-0.060956
28300	-0.079019
28350	0.054357
28400	-0.233012
28450	-0.029062
28500	-0.037231
28550	0.022548
28600	0.015278
28650	0.165084
28700	0.122928
28750	-0.036889
28800	0.236887
28850	-0.048206
28900	-0.039952
28950	0.190406
29000	-0.116108
29050	0.036250
29100	0.042387
29150	-0.002049
29200	0.228716
29250	0.070417
29300	-0.106294
29350	-0.015940
29400	-0.084288
29450	0.002942
29500	0.066094
29550	0.233459
29600	0.068664
29650	-0.023299
29700	0.039429
29750	0.073408
29800	-0.172477
29850	-0.058050
29900	0.074656
29950	-0.153238
30000	-0.046694
30050	0.036071
30100	-0.086004
30150	-0.190083
30200	0.206797
30250	0.099276
30300	-0.129538
30350	-0.019976
30400	0.079432
30450	0.131433
30500	-0.010353
30550	-0.285840
30600	-0.201031
30650	-0.097222
30700	-0.139960
30750	-0.130390
30800	0.127875
30850	0.044688
30900	0.132628
30950	-0.029607
31000	-0.041198
31050	-0.047544
31100	-0.034538
31150	-0.043080
31200	0.079910
31250	-0.010693
31300	-0.093671
31350	-0.137007
31400	0.008209
31450	0.150623
31500	0.143294
31550	0.042648
31600	0.184711
31650	-0.018140
31700	0.014117
31750	-0.027834
31800	0.114460
31850	0.004413
31900	-0.079305
31950	0.025124
32000	-0.119692
32050	0.068957
32100	-0.067013
32150	0.211653
32200	0.043311
32250	0.070213
32300	-0.045647
32350	0.160434
32400	0.008748
32450	0.028009
32500	-0.030552
32550	-0.004682
32600	-0.150184
32650	-0.068595
32700	0.053765
32750	0.041249
32800	0.179860
32850	0.206495
32900	-0.011311
32950	-0.103278
33000	-0.141598
33050	0.105295
33100	0.070998
33150	-0.039116
33200	-0.009799
33250	0.127096
33300	0.022120
33350	-0.172098
33400	0.064052
33450	-0.069357
33500	0.074182
33550	-0.165014
33600	0.290269
33650	0.145683
33700	0.174216
33750	-0.006548
33800	-0.065423
33850	0.039752
33900	0.074789
33950	-0.011297
34000	0.243416
34050	0.248753
34100	0.014981
34150	0.132266
34200	-0.011307
34250	-0.026290
34300	0.050781
34350	0.083099
34400	-0.070404
34450	-0.034940
34500	-0.100566
34550	0.111496
34600	-0.057075
34650	0.255010
34700	-0.073930
34750	0.020888
34800	-0.130276
34850	0.280718
34900	0.242704
34950	0.087064
35000	0.206150
35050	0.171633
35100	0.024998
35150	-0.121981
35200	-0.009413
35250	0.021991
35300	0.233525
35350	-0.024113
35400	0.051223
35450	-0.100497
35500	0.032169
35550	0.029886
35600	-0.151967
35650	-0.086299
35700	0.062387
35750	-0.013022
35800	-0.083467
35850	-0.169874
35900	-0.064885
35950	-0.177957
36000	0.012781
36050	-0.066778
36100	-0.038207
36150	-0.155794
36200	0.149783
36250	0.046746
36300	-0.012648
36350	0.064858
36400	-0.165340
36450	0.213890
36500	-0.016553
36550	0.188091
36600	0.151259
36650	-0.130492
36700	0.029500
36750	-0.111631
36800	0.080170
36850	-0.085005
36900	0.161706
36950	0.004899
37000	-0.075611
37050	-0.007512
37100	0.035284
37150	0.141024
37200	0.160635
37250	-0.167947
37300	0.146099
37350	-0.008845
37400	0.017987
37450	0.081790
37500	0.148805
37550	0.077185
37600	0.079608
37650	0.318809
37700	0.078027
37750	0.025419
37800	-0.034669
37850	0.026883
37900	-0.150400
37950	0.036329
38000	0.044845
38050	-0.071635
38100	-0.031176
38150	0.210191
38200	-0.020209
38250	0.091456
38300	0.298523
38350	0.072710
38400	0.063280
38450	0.221356
38500	-0.072715
38550	0.072535
38600	-0.000321
38650	0.063289
38700	-0.033013
38750	-0.062505
38800	-0.124463
38850	-0.231021
38900	-0.006299
38950	-0.035962
39000	-0.002857
39050	-0.010411
39100	0.135514
39150	0.028407
39200	-0.004531
39250	0.081399
39300	0.068765
39350	0.169603
39400	-0.085451
39450	-0.122994
39500	0.219049
39550	-0.199558
39600	-0.103377
39650	0.105959
39700	-0.066174
39750	-0.150587
39800	0.020698
39850	-0.098686
39900	0.171275
39950	0.122690
40000	0.179904
40050	0.100064
40100	0.005511
40150	0.189363
40200	0.089644
40250	-0.024244
40300	0.077341
40350	0.028363
40400	0.020439
40450	-0.080797
40500	0.118307
40550	-0.051270
40600	-0.004449
40650	-0.131101
40700	0.028313
40750	-0.135196
40800	-0.183812
40850	-0.080070
40900	0.084639
40950	-0.128583
41000	-0.040494
41050	-0.170502
41100	-0.034669
41150	0.034244
41200	0.154867
41250	0.063392
41300	-0.108571
41350	0.004729
41400	-0.061211
41450	0.082292
41500	0.046717
41550	-0.002543
41600	0.112596
41650	-0.036452
41700	0.037507
41750	0.081246
41800	-0.130384
41850	0.054699
41900	-0.098413
41950	-0.046183
42000	-0.046477
42050	-0.073831
42100	-0.099376
42150	-0.094331
42200	-0.147099
42250	-0.112067
42300	0.175833
42350	0.181026
42400	-0.058974
42450	0.064677
42500	-0.026377
42550	0.041814
42600	0.088269
42650	-0.052708
42700	-0.039092
42750	0.042519
42800	-0.027633
42850	-0.049578
42900	0.047930
42950	0.042107
43000	-0.149318
43050	0.006031
43100	-0.087999
43150	-0.014830
43200	-0.148846
43250	0.036956
43300	-0.003890
43350	0.107453
43400	0.167679
43450	0.044586
43500	0.272581
43550	0.092181
43600	0.178562
43650	0.088226
43700	-0.074694
43750	0.034402
43800	-0.209062
43850	0.056614
43900	-0.041141
43950	-0.003849
44000	-0.171224
44050	0.129855
44100	0.039777
44150	-0.022642
44200	-0.045712
44250	-0.135708
44300	0.060875
44350	-0.001652
44400	0.109334
44450	-0.089027
44500	0.110593
44550	0.030610
44600	0.060957
44650	0.136650
44700	0.077180
44750	0.043154
44800	0.044874
44850	0.042935
44900	0.058475
44950	0.023847
45000	0.016931
45050	-0.230081
45100	0.098130
45150	0.033298
45200	-0.078567
45250	0.049701
45300	0.049028
45350	-0.101976
45400	-0.008089
45450	0.064222
45500	0.031138
45550	-0.057886
45600	0.071216
45650	0.076714
45700	-0.119398
45750	-0.030814
45800	0.102548
45850	0.094148
45900	0.226272
45950	0.049774
46000	0.065476
46050	0.204434
46100	0.082658
46150	-0.141709
46200	-0.123977
46250	0.056836
46300	-0.226721
46350	0.114769
46400	0.296940
46450	0.157135
46500	0.164946
46550	0.154952
46600	-0.068735
46650	0.105478
46700	-0.013108
46750	0.006768
46800	0.146137
46850	0.030001
46900	-0.015839
46950	0.043698
47000	0.007727
47050	-0.078321
47100	0.015110
47150	0.050552
47200	-0.078037
47250	-0.055718
47300	0.093071
47350	0.126120
47400	-0.030499
47450	-0.080325
47500	-0.145607
47550	-0.069026
47600	0.100458
47650	-0.028407
47700	-0.015749
47750	0.156474
47800	0.265612
47850	-0.037314
47900	0.116201
47950	0.079088
48000	-0.117927
48050	-0.033819
48100	-0.156591
48150	0.014566
48200	-0.009249
48250	0.040706
48300	-0.017112
48350	0.113091
48400	-0.102060
48450	0.086911
48500	0.087537
48550	-0.030850
48600	-0.108939
48650	-0.114129
48700	-0.159862
48750	0.093721
48800	0.061503
48850	0.077323
48900	0.126160
48950	0.080532
49000	0.138900
49050	-0.054864
49100	0.182994
49150	0.064542
49200	-0.098889
49250	0.238262
49300	0.076502
49350	0.023695
49400	-0.164767
49450	-0.019537
49500	-0.077965
49550	-0.001006
49600	0.001691
49650	0.061020
49700	-0.074451
49750	-0.066285
49800	-0.012344
49850	-0.036139
49900	0.045934
49950	-0.151445
50000	0.059218
50050	0.154795
50100	-0.153176
50150	-0.103691
50200	-0.158749
50250	-0.008940
50300	-0.111115
50350	-0.135334
50400	-0.074402
50450	0.079422
50500	-0.170682
50550	0.003833
50600	-0.183958
50650	-0.080670
50700	0.043202
50750	0.103079
50800	0.014274
50850	0.040122
50900	0.069807
50950	-0.008385
51000	0.062646
51050	0.050420
51100	-0.011836
51150	0.099281
51200	0.182154
51250	-0.069187
51300	0.159764
51350	0.036288
51400	-0.103074
51450	0.015503
51500	-0.153961
51550	0.060135
51600	-0.088499
51650	0.126450
51700	0.016235
51750	-0.087228
51800	0.095624
51850	-0.055888
51900	-0.191087
51950	-0.071756
52000	0.072573
52050	-0.131255
52100	-0.001997
52150	0.126708
52200	-0.061909
52250	0.210075
52300	0.006493
52350	-0.067688
52400	-0.216644
52450	0.018232
52500	0.074501
52550	0.114210
52600	0.077523
52650	-0.160130
52700	-0.042014
52750	-0.040715
52800	-0.015633
52850	0.006041
52900	-0.140620
52950	-0.052179
53000	-0.075444
53050	-0.162980
53100	0.042082
53150	0.029767
53200	-0.033210
53250	-0.073005
53300	-0.013257
53350	0.086308
53400	-0.312009
53450	-0.032009
53500	-0.027928
53550	0.059079
53600	0.108098
53650	-0.040965
53700	0.036380
53750	0.033637
53800	0.093741
53850	0.023644
53900	0.142018
53950	0.135374
54000	-0.022256
54050	0.060058
54100	0.074213
54150	0.015116
54200	0.113310
54250	0.211403
54300	-0.027446
54350	0.195385
54400	0.167718
54450	0.109687
54500	-0.054820
54550	-0.017267
54600	0.000010
54650	0.041509
54700	0.127951
54750	-0.099828
54800	0.109338
54850	-0.031732
54900	-0.117555
54950	-0.040898
55000	-0.022867
55050	0.032401
55100	-0.258671
55150	-0.027178
55200	0.175943
55250	-0.131351
55300	0.068075
55350	0.057212
55400	0.032385
55450	0.024507
55500	-0.168264
55550	0.006960
55600	-0.068897
55650	0.227662
55700	0.076985
55750	-0.135539
55800	0.252606
55850	-0.063596
55900	-0.102385
55950	0.037684
56000	0.197046
56050	0.069087
56100	0.171871
56150	0.061011
56200	-0.045158
56250	0.018213
56300	0.144213
56350	0.016977
56400	-0.083715
56450	-0.072183
56500	-0.136838
56550	0.062155
56600	-0.020872
56650	0.099301
56700	0.243915
56750	-0.018138
56800	0.159878
56850	0.137884
56900	0.114698
56950	0.062804
57000	-0.083900
57050	0.096647
57100	-0.036404
57150	-0.006860
57200	0.114486
57250	-0.033641
57300	0.088376
57350	0.095665
57400	-0.004956
57450	0.038479
57500	-0.059232
57550	-0.118770
57600	0.013159
57650	-0.025626
57700	-0.105423
57750	-0.043137
57800	-0.228766
57850	0.097528
57900	-0.046002
57950	-0.107657
58000	-0.057562
58050	-0.005984
58100	-0.018050
58150	0.070744
58200	0.144192
58250	0.002449
58300	0.031116
58350	0.051149
58400	-0.042274
58450	-0.010861
58500	0.020598
58550	0.053308
58600	-0.140413
58650	0.113135
58700	0.096782
58750	0.034868
58800	0.043743
58850	0.144898
58900	0.022718
58950	-0.034837
59000	0.030021
59050	-0.058487
59100	0.002237
59150	-0.076973
59200	0.008376
59250	0.217899
59300	0.202170
59350	0.064068
59400	-0.028146
59450	-0.250026
59500	0.060633
59550	-0.244119
59600	0.099534
59650	-0.031641
59700	0.028556
59750	0.046654
59800	0.181737
59850	-0.002262
59900	-0.053901
59950	0.025390
60000	-0.097189
60050	-0.079459
60100	-0.078689
60150	-0.018645
60200	0.008010
60250	-0.229318
60300	-0.116361
60350	-0.081360
60400	0.057044
60450	-0.104851
60500	-0.136512
60550	-0.063148
60600	-0.140071
60650	0.107140
60700	0.038644
60750	0.168922
60800	-0.077876
60850	0.008964
60900	0.110355
60950	-0.092896
61000	0.005271
61050	0.226503
61100	0.104941
61150	-0.030911
61200	-0.121112
61250	0.059626
61300	0.203613
61350	-0.124072
61400	0.169992
61450	-0.064368
61500	-0.039781
61550	0.084706
61600	0.112624
61650	0.168543
61700	0.237858
61750	-0.072894
61800	-0.037934
61850	0.028950
61900	0.057372
61950	0.008325
62000	0.022379
62050	-0.042661
62100	0.162263
62150	0.041792
62200	0.025062
62250	-0.063981
62300	0.003097
62350	0.102101
62400	0.078638
62450	0.062120
62500	0.007506
62550	0.077086
62600	-0.017712
62650	0.101378
62700	0.120410
62750	-0.241370
62800	-0.007407
62850	0.085475
62900	-0.160175
62950	-0.128902
63000	-0.046952
63050	0.152864
63100	-0.022429
63150	0.271115
63200	-0.186846
63250	0.114551
63300	-0.205968
63350	-0.036045
63400	-0.054315
63450	-0.007254
63500	-0.057894
63550	-0.124535
63600	0.007769
63650	0.096823
63700	0.074218
63750	0.147452
63800	-0.183068
63850	-0.211877
63900	-0.016683
63950	0.061582
64000	0.016205
64050	-0.026267
64100	0.216486
64150	0.163605
64200	-0.189475
64250	-0.016017
64300	-0.048138
64350	-0.043678
64400	0.075981
64450	-0.015242
64500	0.213584
64550	0.113609
64600	0.015021
64650	0.024177
64700	-0.036847
64750	0.221466
64800	-0.088255
64850	0.007867
64900	-0.016475
64950	-0.055898
65000	0.019458
65050	0.174050
65100	-0.100568
65150	-0.122542
65200	-0.132094
65250	0.010017
65300	-0.120067
65350	-0.126783
65400	0.121218
65450	0.029073
65500	0.224225
65550	0.146593
65600	0.031739
65650	0.107023
65700	-0.147834
65750	0.083547
65800	0.027490
65850	0.189200
65900	-0.188499
65950	-0.031119
66000	0.171640
66050	-0.154178
66100	0.007151
66150	0.056384
66200	-0.033958
66250	-0.021216
66300	-0.031693
66350	0.157271
66400	0.083597
66450	0.114493
66500	-0.115199
66550	-0.159434
66600	-0.121524
66650	0.080372
66700	0.265382
66750	-0.060336
66800	0.117350
66850	0.082040
66900	-0.021562
66950	0.025000
67000	0.053457
67050	0.034355
67100	0.079849
67150	0.019744
67200	-0.115344
67250	-0.077164
67300	-0.259521
67350	0.079411
67400	0.120333
67450	0.039285
67500	-0.057055
67550	-0.033656
67600	-0.009644
67650	0.086518
67700	0.166728
67750	0.051962
67800	0.156509
67850	0.071665
67900	-0.150490
67950	0.035654
68000	0.066222
68050	0.001533
68100	-0.136253
68150	-0.203149
68200	0.044226
68250	-0.113189
68300	0.025532
68350	-0.153005
68400	-0.002602
68450	0.090803
68500	-0.100709
68550	0.080558
68600	0.107911
68650	-0.205757
68700	-0.040959
68750	0.034616
68800	0.016559
68850	0.062873
68900	-0.063746
68950	0.167537
69000	0.079432
69050	-0.158491
69100	-0.166832
69150	-0.043927
69200	-0.120255
69250	0.003633
69300	0.295440
69350	0.037778
69400	-0.119904
69450	-0.017199
69500	0.090681
69550	0.255547
69600	0.035370
69650	0.071015
69700	0.189526
69750	0.047613
69800	0.164757
69850	-0.085328
69900	-0.177489
69950	0.047346
70000	-0.064768
70050	0.057414
70100	0.227266
70150	0.087842
70200	0.033042
70250	-0.023597
70300	-0.015333
70350	-0.047048
70400	0.012942
70450	-0.098976
70500	-0.101445
70550	-0.171793
70600	-0.131761
70650	0.133037
70700	-0.185481
70750	0.347938
70800	0.097250
70850	0.098841
70900	0.115860
70950	0.037775
71000	-0.094243
71050	0.136383
71100	0.046486
71150	0.153655
71200	-0.037002
71250	-0.106424
71300	-0.056214
71350	0.056265
71400	0.016776
71450	-0.056835
71500	0.118627
71550	0.054217
71600	-0.039337
71650	-0.107821
71700	0.110927
71750	0.141080
71800	0.144798
71850	0.180055
71900	-0.134627
71950	0.025441
72000	-0.026021
72050	0.168594
72100	0.158899
72150	0.112938
72200	-0.193754
72250	0.015468
72300	-0.112689
72350	-0.018840
72400	-0.148330
72450	0.224056
72500	-0.029939
72550	0.030443
72600	0.008555
72650	0.110324
72700	0.156864
72750	0.086723
72800	0.003835
72850	0.153433
72900	0.047047
72950	-0.139670
73000	-0.055784
73050	0.200926
73100	0.015080
73150	0.127989
73200	0.023658
73250	0.125228
73300	-0.018591
73350	0.136840
73400	-0.007565
73450	0.090857
73500	0.055915
73550	0.063401
73600	0.100171
73650	-0.059331
73700	0.108624
73750	-0.182866
73800	0.095894
73850	0.043027
73900	0.367016
73950	0.062791
74000	0.163301
74050	-0.091169
74100	0.304495
74150	0.192085
74200	-0.066338
74250	0.038478
74300	0.038898
74350	-0.011082
74400	-0.134241
74450	0.081626
74500	-0.042557
74550	-0.104482
74600	-0.101772
74650	-0.066632
74700	-0.159186
74750	-0.110756
74800	0.093295
74850	-0.066759
74900	0.052313
74950	-0.048847
75000	-0.267203
75050	0.092054
75100	0.117309
75150	-0.055118
75200	-0.031879
75250	-0.155812
75300	0.089485
75350	-0.086614
75400	0.100457
75450	0.180165
75500	-0.000347
75550	0.106222
75600	0.050197
75650	0.124826
75700	0.186557
75750	0.057823
75800	-0.011520
75850	-0.000556
75900	0.274375
75950	-0.171289
76000	0.094990
76050	0.085604
76100	-0.172113
76150	-0.068631
76200	0.052691
76250	-0.122599
76300	-0.008310
76350	-0.090865
76400	-0.034615
76450	0.144444
76500	0.010204
76550	0.056779
76600	-0.051730
76650	-0.178456
76700	-0.057524
76750	-0.021396
76800	-0.002445
76850	0.035938
76900	0.008310
76950	0.128636
77000	-0.007707
77050	-0.189529
77100	0.069021
77150	0.069372
77200	0.034030
77250	-0.127541
77300	0.032134
77350	0.115315
77400	0.094552
77450	0.084217
77500	0.049935
77550	0.075263
77600	0.097918
77650	0.258111
77700	0.011364
77750	0.138201
77800	0.174115
77850	0.086570
77900	0.236998
77950	0.090981
78000	0.041333
78050	-0.113197
78100	-0.198122
78150	-0.001447
78200	0.201356
78250	0.025792
78300	0.016747
78350	-0.125532
78400	0.006612
78450	0.047263
78500	-0.029756
78550	0.191297
78600	0.198733
78650	0.058100
78700	-0.027911
78750	0.035307
78800	0.015590
78850	-0.106428
78900	-0.079333
78950	0.013167
79000	-0.078737
79050	0.226430
79100	0.084421
79150	0.072197
79200	0.083213
79250	0.029416
79300	0.067714
79350	-0.009316
79400	0.018262
79450	-0.124368
79500	0.000976
79550	0.100000
79600	0.026864
79650	0.134537
79700	0.028875
79750	0.138299
79800	-0.012835
79850	-0.037337
79900	-0.016093
79950	0.009602
80000	0.098582
80050	-0.000771
80100	-0.012614
80150	0.079667
80200	0.135090
80250	-0.019496
80300	-0.026021
80350	0.058386
80400	-0.139130
80450	0.074409
80500	0.020266
80550	0.110129
80600	-0.008398
80650	-0.055841
80700	0.031568
80750	-0.068940
80800	0.120299
80850	0.090100
80900	-0.020610
80950	0.059464
81000	-0.047483
81050	-0.077153
81100	-0.016726
81150	0.119012
81200	0.047928
81250	0.054216
81300	-0.058405
81350	-0.138506
81400	0.102122
81450	0.061839
81500	-0.163092
81550	0.100241
81600	0.080204
81650	0.005324
81700	-0.042344
81750	0.064341
81800	0.028367
81850	-0.079211
81900	0.061181
81950	0.037553
82000	0.142541
82050	0.021848
82100	0.016622
82150	-0.057390
82200	-0.106983
82250	0.091919
82300	-0.073223
82350	0.027051
82400	-0.000502
82450	0.000712
82500	0.094931
82550	-0.063027
82600	-0.059576
82650	-0.174935
82700	-0.142684
82750	0.136771
82800	-0.125153
82850	0.176633
82900	0.073420
82950	0.065980
83000	-0.108517
83050	0.007484
83100	0.161064
83150	-0.163369
83200	-0.060198
83250	-0.030173
83300	0.077776
83350	0.072736
83400	0.021328
83450	-0.071149
83500	0.120380
83550	0.002951
83600	-0.060933
83650	0.088356
83700	0.002488
83750	-0.066911
83800	0.037023
83850	0.198514
83900	-0.067340
83950	0.087152
84000	0.138524
84050	-0.082706
84100	-0.041254
84150	0.270279
84200	0.139260
84250	0.120476
84300	0.204037
84350	0.022999
84400	-0.179751
84450	0.040548
84500	0.109053
84550	-0.128684
84600	-0.138178
84650	-0.069080
84700	0.138122
84750	-0.022490
84800	-0.067899
84850	-0.040191
84900	-0.075736
84950	-0.048227
85000	-0.060797
85050	-0.085442
85100	-0.164926
85150	0.105852
85200	0.034647
85250	0.164056
85300	0.026666
85350	0.033908
85400	0.151554
85450	-0.107603
85500	-0.062328
85550	0.147107
85600	0.047354
85650	-0.109635
85700	-0.064326
85750	-0.130818
85800	0.010858
85850	-0.171113
85900	0.049784
85950	0.139631
86000	-0.167874
86050	0.171655
86100	-0.031145
86150	-0.102779
86200	-0.047688
86250	0.025085
86300	0.240925
86350	0.084768
86400	-0.046676
86450	-0.101327
86500	-0.009865
86550	-0.053158
86600	-0.016030
86650	-0.032788
86700	0.047566
86750	0.121889
86800	0.209769
86850	-0.106123
86900	0.111439
86950	0.225660
87000	-0.009435
87050	0.013064
87100	0.004340
87150	-0.095559
87200	0.163587
87250	-0.111862
87300	-0.149501
87350	-0.061232
87400	0.013735
87450	-0.005936
87500	0.082923
87550	-0.053773
87600	-0.075005
87650	-0.177439
87700	0.055427
87750	0.090855
87800	0.053948
87850	0.046976
87900	0.074174
87950	-0.035906
88000	-0.250052
88050	0.299211
88100	0.167823
88150	0.098862
88200	0.103893
88250	0.072145
88300	0.141215
88350	0.133384
88400	0.035936
88450	-0.105358
88500	0.273407
88550	0.059443
88600	-0.062828
88650	-0.059130
88700	-0.046290
88750	0.070586
88800	0.046218
88850	0.031706
88900	-0.007735
88950	-0.127374
89000	-0.131401
89050	0.072888
89100	0.087304
89150	0.026838
89200	0.075325
89250	0.115197
89300	-0.152928
89350	0.069639
89400	-0.217250
89450	0.055256
89500	0.179966
89550	-0.105094
89600	-0.045913
89650	0.002679
89700	0.080462
89750	-0.095454
89800	-0.046632
89850	-0.050125
89900	-0.152263
89950	0.049211
90000	-0.184926
90050	-0.056794
90100	-0.125964
90150	-0.029273
90200	-0.031032
90250	-0.025032
90300	-0.037468
90350	0.262061
90400	0.045770
90450	0.116652
90500	0.057095
90550	0.030937
90600	-0.051860
90650	0.087362
90700	0.030356
90750	0.030772
90800	0.118859
90850	0.202352
90900	0.202402
90950	0.178899
91000	-0.027199
91050	-0.088724
91100	0.083078
91150	0.105381
91200	0.106926
91250	0.184975
91300	-0.012955
91350	0.002518
91400	-0.223407
91450	0.001868
91500	-0.069234
91550	0.196974
91600	0.111762
91650	-0.014165
91700	0.008514
91750	-0.066918
91800	-0.149880
91850	-0.049151
91900	-0.015829
91950	0.093741
92000	0.128066
92050	-0.001707
92100	0.059580
92150	-0.017451
92200	0.025012
92250	-0.027969
92300	0.035047
92350	-0.071863
92400	-0.056632
92450	-0.028277
92500	-0.075067
92550	0.046568
92600	0.074747
92650	0.034644
92700	-0.094090
92750	-0.008112
92800	-0.136546
92850	0.177205
92900	0.044858
92950	0.021670
93000	-0.167934
93050	0.058285
93100	-0.163984
93150	-0.031994
93200	-0.095114
93250	-0.052542
93300	-0.156597
93350	0.172717
93400	-0.128580
93450	-0.112870
93500	-0.237926
93550	0.179404
93600	-0.005877
93650	-0.128078
93700	-0.025706
93750	-0.090961
93800	-0.033138
93850	0.101465
93900	0.141864
93950	-0.006091
94000	0.062460
94050	0.085777
94100	0.113399
94150	0.364171
94200	0.139973
94250	0.083587
94300	0.153588
94350	-0.000895
94400	-0.074679
94450	0.000364
94500	0.097212
94550	0.333117
94600	0.048443
94650	0.065243
94700	-0.083622
94750	-0.086689
94800	-0.239511
94850	-0.212625
94900	-0.071338
94950	0.049161
95000	0.069934
95050	-0.165595
95100	0.023209
95150	-0.005882
95200	-0.086758
95250	0.074738
95300	0.273007
95350	0.106224
95400	-0.022125
95450	-0.069734
95500	0.059754
95550	0.095234
95600	0.101107
95650	0.095576
95700	0.070919
95750	0.073825
95800	-0.000297
95850	0.021110
95900	-0.109031
95950	0.243054
96000	0.116498
96050	-0.080803
96100	-0.202715
96150	-0.046036
96200	0.027873
96250	0.118812
96300	0.288579
96350	0.053767
96400	-0.127696
96450	0.119126
96500	-0.076272
96550	0.146172
96600	-0.143097
96650	0.057079
96700	0.167691
96750	-0.179843
96800	0.054684
96850	-0.087129
96900	0.027766
96950	-0.111167
97000	-0.178520
97050	-0.146169
97100	-0.013594
97150	-0.024858
97200	0.103887
97250	-0.010728
97300	0.064168
97350	0.064239
97400	-0.010396
97450	-0.227779
97500	0.103765
97550	0.035340
97600	-0.072816
97650	-0.094383
97700	-0.063546
97750	0.115647
97800	0.113511
97850	0.220936
97900	0.138505
97950	-0.169985
98000	-0.153254
98050	0.252844
98100	-0.023669
98150	0.164618
98200	0.000070
98250	0.123460
98300	-0.058829
98350	-0.088637
98400	-0.162488
98450	0.026063
98500	-0.042279
98550	0.047093
98600	-0.228771
98650	-0.099198
98700	-0.049225
98750	0.172199
98800	-0.306261
98850	0.063973
98900	0.012671
98950	-0.098929
99000	0.074407
99050	0.134445
99100	-0.052542
99150	-0.090715
99200	0.039889
99250	-0.194976
99300	-0.092602
99350	-0.008240
99400	-0.093667
99450	0.136216
99500	0.163413
99550	0.100951
99600	-0.140400
99650	-0.125014
99700	0.119662
99750	-0.069765
99800	-0.024072
99850	-0.067399
99900	0.023582
99950	0.094302
100000	0.090822
100050	-0.043429
100100	0.073526
100150	0.236471
100200	0.116097
100250	-0.105811
100300	0.027744
100350	0.013062
100400	0.045694
100450	0.029387
100500	-0.051711
100550	-0.006837
100600	0.112371
100650	-0.004013
100700	-0.110035
100750	-0.043482
100800	-0.028255
100850	0.049487
100900	0.192535
100950	0.072141
101000	-0.061540
101050	-0.004586
101100	0.092191
101150	-0.231115
101200	-0.029558
101250	0.021642
101300	0.153461
101350	0.220239
101400	0.175623
101450	-0.083925
101500	-0.066815
101550	-0.169436
101600	-0.062693
101650	0.036781
101700	0.199334
101750	-0.178729
101800	0.038569
101850	-0.040536
101900	-0.046922
101950	0.013702
102000	0.228961
102050	-0.048485
102100	-0.116066
102150	-0.058799
102200	-0.093919
102250	0.115075
102300	-0.070539
102350	0.094885
102400	-0.084534
102450	-0.103619
102500	-0.283846
102550	-0.094808
102600	-0.093688
102650	0.191849
102700	0.035114
102750	0.032041
102800	0.185366
102850	-0.032155
102900	0.032166
102950	-0.105326
103000	0.163465
103050	0.109424
103100	0.027025
103150	0.144372
103200	-0.111659
103250	-0.150814
103300	0.044413
103350	-0.068429
103400	-0.147911
103450	0.047150
103500	-0.022962
103550	0.071617
103600	0.131290
103650	0.069648
103700	0.085082
103750	-0.004697
103800	-0.005955
103850	0.018072
103900	-0.050680
103950	-0.034870
104000	0.016853
104050	0.011005
104100	-0.077717
104150	-0.132147
104200	0.043844
104250	-0.105371
104300	0.077665
104350	-0.204109
104400	-0.031756
104450	-0.013626
104500	-0.059280
104550	0.010451
104600	-0.049769
104650	0.116022
104700	-0.009433
104750	-0.173925
104800	0.010007
104850	-0.080724
104900	0.247072
104950	0.273389
105000	0.336950
105050	0.023324
105100	0.246134
105150	0.122135
105200	-0.102068
105250	0.036338
105300	0.053672
105350	-0.203117
105400	-0.120815
105450	0.087925
105500	0.152944
105550	-0.044315
105600	0.013841
105650	0.042974
105700	0.156587
105750	0.020400
105800	0.015971
105850	0.141438
105900	0.018079
105950	0.144539
106000	-0.005613
106050	0.194212
106100	-0.031488
106150	0.081528
106200	-0.005082
106250	0.199493
106300	0.056845
106350	0.112869
106400	0.145101
106450	0.240660
106500	0.084967
106550	-0.096207
106600	0.059754
106650	0.019365
106700	0.104990
106750	0.101547
106800	-0.087278
106850	0.003332
106900	-0.054125
106950	-0.006465
107000	-0.055463
107050	0.040680
107100	0.160726
107150	-0.130459
107200	0.007659
107250	0.267914
107300	0.112619
107350	-0.066855
107400	-0.050341
107450	0.152408
107500	0.014307
107550	0.091411
107600	0.044967
107650	0.044626
107700	0.096173
107750	-0.200804
107800	-0.040495
107850	-0.075784
107900	-0.037006
107950	0.019403
108000	0.184082
108050	0.059313
108100	0.075811
108150	-0.024633
108200	-0.003917
108250	0.249577
108300	0.167763
108350	0.203050
108400	0.036097
108450	-0.149840
108500	-0.117780
108550	-0.079037
108600	0.011696
108650	0.302780
108700	0.086074
108750	0.069801
108800	-0.066127
108850	-0.161784
108900	0.068331
108950	0.037692
109000	0.136423
109050	0.132735
109100	0.177500
109150	0.151516
109200	0.173190
109250	0.068031
109300	0.134951
109350	-0.117831
109400	-0.201834
109450	-0.053972
109500	0.035166
109550	0.132846
109600	0.059114
109650	-0.036492
109700	0.022022
109750	-0.134320
109800	-0.075221
109850	0.132933
109900	0.167892
109950	-0.156421
110000	0.012447
110050	0.109030
110100	0.099946
110150	0.186582
110200	0.172892
110250	0.094398
110300	0.118811
110350	0.186887
110400	0.053531
110450	0.137437
110500	0.127499
110550	0.068167
110600	-0.013449
110650	0.072544
110700	0.092176
110750	0.122319
110800	0.051312
110850	0.041089
110900	0.195010
110950	-0.125470
111000	0.089325
111050	0.011313
111100	0.190350
111150	0.092408
111200	0.085060
111250	0.032582
111300	-0.177215
111350	0.052925
111400	-0.208881
111450	0.000374
111500	-0.143008
111550	0.144313
111600	-0.011514
111650	-0.028235
111700	-0.005055
111750	0.062432
111800	0.014385
111850	-0.019531
111900	-0.013437
111950	0.110629
112000	-0.090572
112050	0.058577
112100	-0.290954
112150	-0.030365
112200	-0.085358
112250	0.142008
112300	0.083699
112350	-0.019483
112400	-0.068617
112450	-0.175124
112500	0.065514
112550	0.062387
112600	0.005580
112650	0.040475
112700	-0.176630
112750	0.352035
112800	-0.242255
112850	0.026430
112900	-0.016190
112950	-0.123751
113000	-0.166231
113050	-0.059987
113100	0.097529
113150	0.060849
113200	0.110332
113250	0.055098
113300	0.147959
113350	0.032074
113400	0.125619
113450	0.180176
113500	-0.123538
113550	0.182907
113600	0.118392
113650	-0.047482
113700	-0.032697
113750	0.106760
113800	0.106205
113850	0.020086
113900	-0.055994
113950	-0.035506
114000	-0.059644
114050	0.033754
114100	-0.010546
114150	-0.023240
114200	-0.036022
114250	0.008536
114300	0.203079
114350	0.070127
114400	0.067067
114450	0.010404
114500	0.093776
114550	-0.047595
114600	-0.043555
114650	-0.095402
114700	0.078706
114750	-0.038826
114800	-0.095413
114850	-0.104100
114900	-0.103780
114950	-0.030480
115000	0.067859
115050	-0.085310
115100	-0.028989
115150	-0.061346
115200	0.090934
115250	-0.113225
115300	-0.037728
115350	0.118093
115400	0.011712
115450	-0.046678
115500	0.063826
115550	-0.091775
115600	0.099620
115650	0.131218
115700	-0.029764
115750	0.050411
115800	-0.004286
115850	0.041498
115900	-0.006614
115950	0.035191
116000	0.045616
116050	0.345415
116100	0.153420
116150	-0.090412
116200	-0.056902
116250	-0.036459
116300	-0.166033
116350	-0.127329
116400	-0.055610
116450	0.012410
116500	0.008604
116550	0.015518
116600	-0.010367
116650	0.048645
116700	0.074204
116750	-0.014334
116800	0.009860
116850	-0.010267
116900	-0.108305
116950	0.135509
117000	-0.144859
117050	-0.029980
117100	0.092788
117150	-0.099784
117200	-0.000382
117250	-0.017157
117300	0.187748
117350	0.029830
117400	0.105176
117450	0.032058
117500	0.041139
117550	0.170808
117600	-0.019491
117650	0.145722
117700	0.009477
117750	0.302006
117800	0.049184
117850	-0.047338
117900	-0.055263
117950	-0.069492
118000	-0.068206
118050	-0.016134
118100	-0.143628
118150	-0.032052
118200	0.153408
118250	-0.004460
118300	-0.046231
118350	0.020120
118400	-0.057606
118450	0.135300
118500	-0.185560
118550	0.001819
118600	0.041845
118650	0.129318
118700	-0.082852
118750	-0.000826
118800	-0.022705
118850	-0.144734
118900	0.048140
118950	0.214088
119000	0.181419
119050	0.179788
119100	0.016934
119150	-0.117034
119200	0.036198
119250	0.129025
119300	-0.038884
119350	-0.053378
119400	-0.057280
119450	-0.041368
119500	0.059308
119550	0.009064
119600	-0.022008
119650	-0.063904
119700	-0.065838
119750	0.055842
119800	0.241858
119850	0.116272
119900	-0.091921
119950	0.044226
120000	-0.059366
120050	-0.001686
120100	0.160313
120150	-0.021474
120200	0.119680
120250	0.214718
120300	0.051872
120350	0.074963
120400	-0.002813
120450	0.002203
120500	0.017006
120550	-0.088539
120600	-0.017853
120650	0.130085
120700	0.133933
120750	0.093983
120800	0.091148
120850	0.068840
120900	0.012020
120950	-0.002079
121000	-0.071355
121050	0.001624
121100	0.064176
121150	0.185186
121200	0.082774
121250	0.133364
121300	-0.033371
121350	-0.079044
121400	0.083138
121450	0.113545
121500	-0.013359
121550	-0.028421
121600	0.079847
121650	0.026138
121700	-0.085584
121750	0.038804
121800	-0.083237
121850	-0.004947
121900	0.020707
121950	-0.013311
122000	0.212273
122050	-0.047174
122100	0.089777
122150	0.036090
122200	0.105393
122250	0.035266
122300	-0.082158
122350	0.062278
122400	0.015180
122450	0.068559
122500	0.095647
122550	0.085136
122600	0.167115
122650	0.030403
122700	-0.000502
122750	0.037107
122800	-0.138611
122850	0.206615
122900	0.200947
122950	-0.023563
123000	-0.292299
123050	-0.057413
123100	0.024481
123150	-0.054054
123200	-0.044645
123250	0.322110
123300	-0.017184
123350	-0.114734
123400	0.071697
123450	-0.002175
123500	0.044933
123550	0.049086
123600	0.070015
123650	0.067221
123700	-0.012192
123750	0.106087
123800	-0.023621
123850	-0.165802
123900	0.024610
123950	-0.004111
124000	0.081881
124050	0.037212
124100	0.112077
124150	0.008401
124200	0.116796
124250	0.006365
124300	-0.135167
124350	0.017896
124400	0.290810
124450	0.125029
124500	-0.123349
124550	0.098931
124600	0.041228
124650	0.094318
124700	-0.022730
124750	-0.014517
124800	0.049393
124850	-0.091438
124900	-0.070594
124950	-0.201379
125000	-0.072649
125050	0.168753
125100	-0.048112
125150	-0.132933
125200	0.018445
125250	-0.098631
125300	-0.003054
125350	-0.005789
125400	0.196021
125450	-0.141347
125500	0.179887
125550	-0.030158
125600	0.116107
125650	-0.125950
125700	0.219303
125750	0.088130
125800	0.116652
125850	-0.041987
125900	0.184898
125950	-0.115208
126000	-0.044706
126050	0.075321
126100	-0.059996
126150	0.095115
126200	0.194555
126250	0.270442
126300	0.063440
126350	-0.123944
126400	-0.165782
126450	-0.071702
126500	-0.029127
126550	-0.050217
126600	-0.011219
126650	-0.014971
126700	-0.141646
126750	-0.022452
126800	-0.037847
126850	-0.082589
126900	-0.072532
126950	-0.043599
127000	-0.060612
127050	0.008175
127100	-0.172035
127150	-0.053034
127200	-0.218767
127250	0.134032
127300	0.097830
127350	-0.248220
127400	0.003455
127450	0.032508
127500	0.135306
127550	0.160512
127600	-0.016598
127650	0.063881
127700	-0.068808
127750	0.142079
127800	-0.013460
127850	-0.141797
127900	-0.022398
127950	0.057323
128000	-0.011408
128050	-0.035849
128100	0.135888
128150	0.036919
128200	-0.035380
128250	-0.039225
128300	0.010287
128350	0.082854
128400	0.124842
128450	0.109078
128500	0.244068
128550	-0.000425
128600	0.004939
128650	0.175168
128700	-0.154015
128750	0.074922
128800	-0.018507
128850	-0.218681
128900	0.207266
128950	-0.120643
129000	0.115191
129050	-0.169678
129100	0.310092
129150	-0.065764
129200	0.056019
129250	-0.050119
129300	-0.016922
129350	0.070552
129400	0.062867
129450	-0.328779
129500	-0.044688
129550	0.177295
129600	0.146962
129650	0.072652
129700	-0.097713
129750	0.058245
129800	-0.125227
129850	-0.107237
129900	-0.143594
129950	0.039442
130000	0.082987
130050	-0.090603
130100	-0.046581
130150	0.010051
130200	0.204902
130250	-0.048729
130300	-0.070277
130350	-0.078597
130400	-0.082971
130450	-0.091796
130500	0.003146
130550	0.102025
130600	0.050202
130650	0.030514
130700	0.024843
130750	-0.051930
130800	-0.003103
130850	0.081092
130900	0.046503
130950	0.006429
131000	-0.061503
131050	-0.145523
131100	-0.071106
131150	-0.118325
131200	0.101462
131250	0.031275
131300	0.054985
131350	-0.040551
131400	0.035182
131450	0.064786
131500	0.047026
131550	0.143781
131600	0.069526
131650	0.202051
131700	0.033807
131750	0.022336
131800	0.003433
131850	-0.034792
131900	-0.013962
131950	0.131104
132000	-0.021690
132050	0.060480
132100	0.055911
132150	0.097839
132200	0.022071
132250	0.082538
132300	-0.149621
132350	0.138796
132400	0.044295
132450	0.059100
132500	-0.069037
132550	-0.187155
132600	-0.048178
132650	-0.085904
132700	-0.070858
132750	0.142131
132800	0.018305
132850	-0.020951
132900	0.075405
132950	0.227685
133000	-0.012505
133050	-0.006288
133100	0.014710
133150	0.218036
133200	0.112310
133250	0.042056
133300	-0.041954
133350	-0.114532
133400	-0.124669
133450	-0.065847
133500	0.057161
133550	0.097234
133600	-0.051283
133650	0.088881
133700	-0.022071
133750	0.271559
133800	-0.026759
133850	-0.026791
133900	0.242963
133950	0.065428
134000	-0.053977
134050	-0.098228
134100	0.019137
134150	-0.182281
134200	0.024858
134250	0.106344
134300	0.008938
134350	-0.111126
134400	-0.036128
134450	0.090610
134500	0.019568
134550	-0.270760
134600	-0.124949
134650	-0.061714
134700	-0.045825
134750	0.059004
134800	0.078252
134850	0.013565
134900	-0.019045
134950	-0.089960
135000	0.161018
135050	-0.183691
135100	0.035527
135150	0.012225
135200	-0.014942
135250	-0.003776
135300	0.032428
135350	0.097342
135400	0.212888
135450	0.126648
135500	0.109860
135550	-0.161080
135600	-0.103018
135650	0.138106
135700	-0.069152
135750	-0.130351
135800	-0.072996
135850	0.022190
135900	0.197166
135950	-0.041223
136000	-0.012027
136050	-0.037933
136100	-0.345067
136150	0.110020
136200	0.102408
136250	-0.099652
136300	-0.072767
136350	0.132770
136400	-0.104669
136450	0.223032
136500	0.227976
136550	-0.092668
136600	0.012738
136650	0.072981
136700	0.033517
136750	-0.165172
136800	-0.073832
136850	0.016888
136900	0.188652
136950	-0.250170
137000	-0.113786
137050	-0.011497
137100	0.175661
137150	0.029288
137200	-0.212444
137250	-0.081460
137300	0.165515
137350	0.037599
137400	-0.173338
137450	-0.004772
137500	-0.043323
137550	-0.040789
137600	-0.054414
137650	0.055663
137700	-0.144913
137750	0.025947
137800	-0.125914
137850	0.017468
137900	-0.124259
137950	-0.303365
138000	-0.016701
138050	-0.066800
138100	0.027918
138150	-0.016739
138200	0.166809
138250	-0.024230
138300	-0.037513
138350	0.009928
138400	0.007599
138450	0.184904
138500	-0.032384
138550	0.020329
138600	-0.062737
138650	-0.199106
138700	0.109083
138750	-0.028103
138800	0.029226
138850	-0.141782
138900	-0.022147
138950	0.037672
139000	-0.185856
139050	-0.165543
139100	-0.008338
139150	0.066380
139200	0.120505
139250	0.108288
139300	-0.000417
139350	0.241899
139400	-0.038599
139450	0.050434
139500	0.079350
139550	-0.044227
139600	-0.043291
139650	0.077180
139700	0.203253
139750	-0.008541
139800	0.068316
139850	-0.193499
139900	-0.130068
139950	0.064995
140000	-0.199531
140050	-0.150475
140100	-0.047356
140150	0.259499
140200	0.002453
140250	-0.087302
140300	0.095087
140350	0.041420
140400	0.014778
140450	0.045028
140500	0.032725
140550	0.193031
140600	0.228707
140650	-0.015773
140700	-0.088992
140750	-0.122378
140800	0.002705
140850	0.227556
140900	-0.166171
140950	0.152570
141000	-0.039778
141050	0.196771
141100	0.077454
141150	0.030865
141200	0.014876
141250	0.070176
141300	0.099809
141350	0.094694
141400	0.098738
141450	-0.028570
141500	-0.076864
141550	-0.008430
141600	-0.024895
141650	0.125343
141700	-0.135994
141750	0.187515
141800	0.120293
141850	0.161404
141900	-0.030841
141950	0.049294
142000	0.108685
142050	-0.121609
142100	0.091949
142150	0.206619
142200	-0.031647
142250	-0.132720
142300	-0.025471
142350	-0.274566
142400	0.080601
142450	-0.031628
142500	0.210163
142550	-0.058199
142600	-0.216424
142650	0.122517
142700	0.103728
142750	0.181442
142800	0.107427
142850	0.064669
142900	0.007389
142950	0.123261
143000	-0.087206
143050	-0.081716
143100	0.116893
143150	0.292242
143200	-0.028798
143250	-0.214541
143300	0.124436
143350	-0.110404
143400	-0.074825
143450	-0.033440
143500	-0.017830
143550	-0.231851
143600	0.204425
143650	0.097779
143700	0.101171
143750	-0.099275
143800	-0.087632
143850	0.219652
143900	0.314037
143950	-0.094828
144000	0.125916
144050	0.137531
144100	0.041196
144150	-0.074906
144200	0.151462
144250	0.142273
144300	0.001596
144350	-0.170032
144400	-0.062854
144450	-0.097067
144500	-0.164459
144550	-0.073619
144600	0.101921
144650	0.046449
144700	-0.030154
144750	-0.009731
144800	0.196307
144850	0.049529
144900	0.177154
144950	0.205073
145000	-0.171371
145050	0.031115
145100	0.271348
145150	0.180990
145200	0.076950
145250	0.085134
145300	-0.098112
145350	0.173814
145400	-0.016366
145450	0.112529
145500	0.147422
145550	0.155855
145600	0.046788
145650	-0.161447
145700	0.102292
145750	0.074157
145800	0.112301
145850	-0.205006
145900	-0.290274
145950	-0.181356
146000	-0.124937
146050	-0.062140
146100	0.024129
146150	0.031870
146200	0.016155
146250	0.020794
146300	0.048234
146350	-0.003948
146400	-0.164546
146450	-0.102073
146500	-0.059361
146550	0.133676
146600	0.025139
146650	0.009471
146700	0.165787
146750	-0.143052
146800	-0.054948
146850	0.367701
146900	0.185484
146950	0.108928
147000	0.126524
147050	-0.198561
147100	0.103534
147150	-0.064524
147200	0.081660
147250	0.160462
147300	0.098198
147350	-0.060062
147400	0.062233
147450	0.301501
147500	0.269146
147550	-0.002909
147600	0.051665
147650	0.075688
147700	-0.160652
147750	-0.004915
147800	0.119499
147850	0.012194
147900	-0.104088
147950	-0.009402
148000	-0.005305
148050	0.105907
148100	0.052012
148150	0.106125
148200	-0.015796
148250	0.112141
148300	0.078454
148350	0.056318
148400	0.098162
148450	-0.114916
148500	-0.035357
148550	-0.035967
148600	-0.088333
148650	-0.215697
148700	-0.066816
148750	-0.084777
148800	0.046057
148850	-0.213368
148900	0.114728
148950	-0.108333
149000	-0.121206
149050	0.024772
149100	0.054485
149150	-0.149554
149200	0.134586
149250	0.028457
149300	-0.143637
149350	-0.015176
149400	0.078608
149450	-0.063493
149500	-0.000603
149550	-0.007716
149600	-0.164297
149650	0.158862
149700	0.062215
149750	0.008533
149800	-0.093232
149850	-0.037356
149900	0.021123
149950	0.211835
150000	-0.045425
150050	0.054959
150100	-0.364206
150150	-0.092999
150200	0.146183
150250	0.176479
150300	-0.043595
150350	-0.044835
150400	-0.141812
150450	0.059029
150500	0.062478
150550	0.003682
150600	0.318823
150650	0.000123
150700	0.022414
150750	-0.110717
150800	0.140163
150850	0.073114
150900	0.033915
150950	0.014755
151000	0.052152
151050	0.247807
151100	0.115791
151150	0.009743
151200	0.082557
151250	0.001004
151300	0.005317
151350	-0.180022
151400	-0.234951
151450	0.022409
151500	-0.105731
151550	-0.091372
151600	-0.030878
151650	0.020079
151700	-0.049914
151750	-0.083276
151800	0.089593
151850	0.008716
151900	0.109307
151950	0.053075
152000	-0.139108
152050	-0.163786
152100	0.059510
152150	0.168159
152200	-0.135224
152250	-0.106229
152300	0.046734
152350	0.147164
152400	0.053167
152450	-0.130002
152500	-0.079993
152550	-0.002628
152600	0.055971
152650	-0.035734
152700	0.046904
152750	-0.046708
152800	0.084319
152850	-0.183919
152900	0.005797
152950	-0.100246
153000	-0.110676
153050	-0.018807
153100	-0.028210
153150	0.046834
153200	0.093442
153250	0.010021
153300	-0.239499
153350	0.031794
153400	-0.055474
153450	0.009945
153500	0.060756
153550	0.002988
153600	0.085188
153650	0.071654
153700	-0.143909
153750	0.123907
153800	-0.069020
153850	-0.078224
153900	0.023284
153950	-0.041236
154000	0.224193
154050	0.080876
154100	-0.105574
154150	0.020823
154200	-0.093687
154250	-0.031460
154300	-0.264306
154350	-0.043522
154400	-0.198499
154450	0.006497
154500	0.042278
154550	-0.127761
154600	-0.119080
154650	-0.174515
154700	-0.098998
154750	-0.176177
154800	-0.239497
154850	-0.095474
154900	-0.182581
154950	0.068978
155000	0.168273
155050	0.003442
155100	0.310133
155150	0.157622
155200	0.113645
155250	0.007719
155300	0.028293
155350	-0.255930
155400	-0.072205
155450	-0.004371
155500	-0.098588
155550	-0.063617
155600	-0.003708
155650	0.045802
155700	0.070938
155750	0.061061
155800	0.035338
155850	-0.139603
155900	0.325009
155950	-0.108525
156000	0.121084
156050	-0.150464
156100	0.236393
156150	0.232564
156200	0.137184
156250	0.028342
156300	-0.228994
156350	-0.089120
156400	-0.011942
156450	0.146327
156500	-0.104446
156550	-0.103659
156600	0.014041
156650	-0.009831
156700	-0.185873
156750	0.000059
156800	-0.009252
156850	0.222228
156900	0.071893
156950	-0.058157
157000	0.161149
157050	0.170294
157100	-0.160271
157150	-0.111658
157200	-0.147369
157250	0.065624
157300	-0.101942
157350	-0.096825
157400	0.054600
157450	-0.022509
157500	-0.222488
157550	0.103540
157600	0.081356
157650	-0.009548
157700	-0.032153
157750	-0.054119
157800	-0.129315
157850	0.124956
157900	-0.159518
157950	0.036313
158000	-0.219729
158050	0.120477
158100	0.067708
158150	0.107471
158200	-0.257798
158250	0.012682
158300	-0.050010
158350	0.077464
158400	-0.086977
158450	-0.043250
158500	-0.231604
158550	0.047679
158600	-0.054562
158650	0.061489
158700	0.038530
158750	-0.124723
158800	0.179186
158850	0.090048
158900	0.087874
158950	0.165750
159000	0.022631
159050	0.119809
159100	0.013664
159150	0.024923
159200	0.229028
159250	-0.059144
159300	0.043675
159350	-0.020809
159400	0.039370
159450	0.139318
159500	0.130941
159550	0.135658
159600	0.058847
159650	0.110260
159700	-0.025639
159750	-0.063200
159800	0.084344
159850	0.105565
159900	-0.027371
159950	0.032317
160000	0.017532
160050	0.053909
160100	0.057684
160150	0.164295
160200	-0.079982
160250	-0.114084
160300	0.230128
160350	0.036487
160400	-0.033043
160450	-0.159245
160500	-0.033225
160550	-0.256217
160600	-0.042345
160650	-0.073829
160700	0.066104
160750	0.019012
160800	0.042208
160850	0.153047
160900	-0.003413
160950	-0.127109
161000	-0.014902
161050	0.003924
161100	-0.047009
161150	-0.039885
161200	-0.159980
161250	0.229283
161300	0.009555
161350	0.131741
161400	-0.019119
161450	-0.264142
161500	0.099971
161550	0.004479
161600	-0.073649
161650	0.077267
161700	0.053979
161750	0.055029
161800	0.012908
161850	0.192910
161900	-0.050017
161950	0.151762
162000	0.013530
162050	0.016181
162100	0.183315
162150	0.049931
162200	-0.044233
162250	-0.170961
162300	0.038912
162350	0.057142
162400	0.049799
162450	0.024103
162500	0.157535
162550	0.091611
162600	0.121962
162650	-0.161315
162700	0.003545
162750	-0.055071
162800	-0.120524
162850	0.019220
162900	-0.015268
162950	0.093613
163000	-0.036749
163050	-0.133624
163100	-0.151476
163150	-0.089471
163200	0.020937
163250	-0.024431
163300	0.138532
163350	0.094013
163400	0.293048
163450	0.258802
163500	0.063479
163550	0.062271
163600	0.138812
163650	0.063846
163700	0.301111
163750	0.135836
163800	-0.032687
163850	-0.020874
163900	-0.029922
163950	0.015111
164000	-0.165122
164050	0.063326
164100	-0.351742
164150	-0.116699
164200	0.026510
164250	0.071235
164300	0.166541
164350	0.068770
164400	-0.043001
164450	-0.268947
164500	0.131589
164550	0.064357
164600	-0.018558
164650	0.038945
164700	-0.094497
164750	-0.056071
164800	0.052896
164850	0.197035
164900	-0.012086
164950	0.046344
165000	0.065336
165050	-0.232926
165100	-0.161453
165150	-0.296128
165200	-0.333126
165250	0.195134
165300	0.261410
165350	-0.048278
165400	0.105615
165450	-0.015465
165500	-0.128654
165550	0.168862
165600	-0.062739
165650	-0.128348
165700	0.049406
165750	0.034140
165800	0.071153
165850	-0.164176
165900	0.069571
165950	0.065872
166000	-0.081947
166050	0.018374
166100	-0.111290
166150	-0.037992
166200	-0.099990
166250	-0.053331
166300	-0.044286
166350	-0.020987
166400	-0.024888
166450	-0.143112
166500	0.119161
166550	0.007358
166600	0.055474
166650	0.113221
166700	0.017014
166750	0.099891
166800	0.049741
166850	-0.048103
166900	-0.017071
166950	-0.028193
167000	0.053822
167050	0.037503
167100	-0.066696
167150	-0.222257
167200	0.127720
167250	0.104251
167300	0.058008
167350	0.007118
167400	0.014351
167450	-0.024849
167500	0.062985
167550	0.165257
167600	0.026006
167650	0.175047
167700	0.069161
167750	0.075453
167800	0.161111
167850	0.101776
167900	0.148652
167950	-0.008968
168000	-0.010652
168050	-0.009417
168100	0.013754
168150	-0.066218
168200	0.075589
168250	-0.074648
168300	-0.006582
168350	-0.104707
168400	-0.136587
168450	-0.049772
168500	-0.089600
168550	0.162586
168600	0.019132
168650	-0.117394
168700	-0.104713
168750	-0.077687
168800	-0.070421
168850	0.113668
168900	0.117059
168950	-0.018757
169000	-0.116053
169050	-0.017474
169100	0.122121
169150	0.070246
169200	-0.074188
169250	-0.022141
169300	-0.087260
169350	-0.412207
169400	-0.256776
169450	-0.150422
169500	0.035515
169550	0.053529
169600	0.023634
169650	0.069854
169700	0.071761
169750	0.061820
169800	-0.155613
169850	-0.003632
169900	-0.073387
169950	-0.123539
170000	0.094865
170050	-0.065793
170100	-0.295176
170150	-0.049983
170200	-0.059264
170250	-0.048738
170300	0.089191
170350	-0.019182
170400	-0.011212
170450	0.021757
170500	0.073257
170550	-0.008783
170600	0.091493
170650	-0.007854
170700	0.086625
170750	-0.248606
170800	-0.137661
170850	-0.091543
170900	0.254337
170950	0.028010
171000	0.012382
171050	0.040443
171100	-0.037607
171150	-0.302502
171200	0.184096
171250	0.088369
171300	-0.000523
171350	0.163738
171400	-0.133867
171450	-0.022967
171500	-0.169847
171550	-0.022209
171600	-0.136314
171650	-0.190684
171700	0.006200
171750	0.156318
171800	-0.113269
171850	0.013495
171900	-0.026635
171950	-0.055938
172000	0.172808
172050	-0.045241
172100	0.163418
172150	0.085495
172200	-0.012010
172250	-0.015430
172300	0.024390
172350	0.195705
172400	-0.203650
172450	0.012600
172500	-0.131926
172550	-0.231125
172600	0.051897
172650	-0.086825
172700	-0.030417
172750	0.083160
172800	-0.123306
172850	0.041637
172900	0.059433
172950	-0.020514
173000	0.144663
173050	-0.041716
173100	-0.003468
173150	0.008593
173200	-0.077629
173250	0.041554
173300	-0.130132
173350	-0.025552
173400	0.097445
173450	-0.114782
173500	-0.052974
173550	0.187055
173600	-0.026427
173650	0.043010
173700	-0.017238
173750	0.138481
173800	-0.217741
173850	0.111962
173900	0.031450
173950	-0.008574
174000	0.088803
174050	-0.013399
174100	0.066408
174150	0.016591
174200	-0.064942
174250	0.008506
174300	-0.255959
174350	-0.044615
174400	-0.050492
174450	0.101271
174500	0.009326
174550	-0.062763
174600	0.046639
174650	0.230951
174700	-0.096676
174750	-0.007311
174800	0.026028
174850	-0.084627
174900	0.106228
174950	-0.099915
175000	0.136921
175050	0.174366
175100	-0.208954
175150	0.112181
175200	0.113564
175250	0.016389
175300	-0.063720
175350	0.037783
175400	-0.162155
175450	-0.095016
175500	-0.033759
175550	-0.146602
175600	-0.104136
175650	-0.111488
175700	0.070978
175750	-0.051105
175800	0.220088
175850	-0.060833
175900	0.108036
175950	-0.068752
176000	-0.016930
176050	0.062747
176100	-0.063991
176150	-0.204930
176200	-0.080897
176250	0.102605
176300	-0.015811
176350	-0.156712
176400	-0.085119
176450	0.034807
176500	-0.169276
176550	-0.033437
176600	-0.017606
176650	-0.026977
176700	-0.133088
176750	-0.202924
176800	-0.045695
176850	-0.011926
176900	-0.260786
176950	-0.027502
177000	0.101743
177050	-0.033830
177100	-0.130557
177150	-0.055668
177200	0.004345
177250	0.123089
177300	-0.031216
177350	0.084148
177400	0.094748
177450	0.017262
177500	-0.051211
177550	0.225573
177600	-0.018908
177650	-0.095025
177700	-0.052952
177750	-0.111655
177800	0.002537
177850	-0.232112
177900	0.049621
177950	0.117718
178000	0.087836
178050	-0.017245
178100	0.056876
178150	-0.161724
178200	-0.142125
178250	0.051292
178300	-0.131297
178350	-0.141546
178400	0.002255
178450	0.111530
178500	-0.065319
178550	0.127014
178600	-0.106368
178650	-0.053497
178700	0.071865
178750	0.119480
178800	-0.002228
178850	0.098154
178900	-0.214228
178950	-0.032869
179000	0.126149
179050	0.185101
179100	0.073132
179150	-0.024269
179200	-0.049303
179250	0.132121
179300	-0.020012
179350	0.091928
179400	-0.078511
179450	0.046096
179500	-0.106075
179550	-0.099406
179600	0.036670
179650	0.039033
179700	-0.006479
179750	0.036450
179800	0.065120
179850	-0.038696
179900	-0.009021
179950	0.103598
180000	0.071525
180050	-0.036171
180100	0.003442
180150	0.164880
180200	-0.043344
180250	0.059952
180300	0.153878
180350	-0.031079
180400	-0.026612
180450	-0.126779
180500	0.061097
180550	-0.189160
180600	-0.015248
180650	0.017126
180700	-0.052710
180750	-0.279229
180800	-0.049205
180850	-0.011415
180900	0.115408
180950	-0.080654
181000	0.032482
181050	-0.030005
181100	0.255636
181150	-0.114280
181200	-0.002636
181250	-0.020633
181300	-0.125361
181350	-0.198797
181400	-0.036265
181450	0.005921
181500	0.047783
181550	-0.170870
181600	-0.191925
181650	-0.204845
181700	0.003394
181750	0.062529
181800	-0.033331
181850	0.094977
181900	-0.048266
181950	-0.101113
182000	-0.078113
182050	0.180018
182100	-0.007902
182150	-0.024712
182200	0.162067
182250	-0.133722
182300	0.041272
182350	0.204197
182400	-0.028392
182450	-0.125525
182500	-0.040948
182550	-0.070625
182600	-0.136469
182650	-0.238212
182700	0.111411
182750	0.078807
182800	-0.094274
182850	-0.079197
182900	-0.085956
182950	0.072540
183000	0.019521
183050	-0.166208
183100	0.206421
183150	0.145576
183200	0.107125
183250	0.052820
183300	0.087046
183350	-0.024013
183400	0.048749
183450	-0.199653
183500	-0.010415
183550	0.044243
183600	-0.206664
183650	0.081949
183700	-0.050103
183750	-0.089591
183800	-0.066736
183850	-0.060472
183900	0.045618
183950	0.038901
184000	0.050265
184050	-0.128538
184100	0.065297
184150	-0.322927
184200	-0.080321
184250	-0.164498
184300	-0.119646
184350	0.096867
184400	-0.029447
184450	-0.042729
184500	0.137712
184550	0.128111
184600	-0.079711
184650	-0.033289
184700	-0.040724
184750	-0.143403
184800	0.007738
184850	-0.140667
184900	0.074893
184950	-0.155334
185000	0.018928
185050	-0.131725
185100	-0.084627
185150	-0.227327
185200	-0.186697
185250	0.050582
185300	-0.021233
185350	-0.218993
185400	-0.059207
185450	-0.077982
185500	-0.010396
185550	-0.029332
185600	0.039425
185650	-0.197092
185700	0.085193
185750	0.203742
185800	-0.131941
185850	-0.159520
185900	-0.165953
185950	0.060255
186000	-0.148623
186050	-0.114651
186100	-0.094969
186150	0.014560
186200	0.046943
186250	0.081928
186300	-0.107505
186350	-0.166431
186400	0.010392
186450	-0.125603
186500	-0.044286
186550	-0.076346
186600	-0.002130
186650	-0.009314
186700	0.145206
186750	-0.023090
186800	0.059215
186850	0.029414
186900	-0.044646
186950	-0.053795
187000	-0.016221
187050	-0.080965
187100	-0.168692
187150	0.077349
187200	-0.046738
187250	-0.131181
187300	-0.041194
187350	0.029222
187400	-0.065518
187450	0.039066
187500	-0.015596
187550	0.024163
187600	0.191083
187650	0.140768
187700	-0.156998
187750	0.078590
187800	-0.238533
187850	0.072769
187900	0.034035
187950	0.089904
188000	-0.135885
188050	-0.080307
188100	0.085001
188150	0.016568
188200	-0.128541
188250	0.053458
188300	0.111537
188350	0.096994
188400	0.020258
188450	0.120845
188500	0.037914
188550	0.029614
188600	0.089215
188650	-0.082743
188700	-0.069527
188750	-0.104116
188800	0.062944
188850	0.057786
188900	-0.282499
188950	0.104462
189000	0.074765
189050	-0.215600
189100	0.065766
189150	-0.068075
189200	-0.013034
189250	-0.266852
189300	0.063885
189350	-0.033889
189400	-0.030114
189450	-0.159686
189500	-0.100902
189550	-0.252638
189600	0.044801
189650	0.069883
189700	-0.091687
189750	-0.015843
189800	0.102231
189850	-0.168082
189900	-0.152855
189950	-0.101906
190000	-0.160752
190050	-0.030823
190100	0.063021
190150	0.084325
190200	0.020380
190250	-0.046637
190300	0.162962
190350	-0.023229
190400	0.077239
190450	0.027194
190500	0.095420
190550	0.100335
190600	0.023538
190650	-0.025647
190700	-0.007939
190750	0.048892
190800	-0.020739
190850	0.051250
190900	-0.055814
190950	0.051251
191000	0.017668
191050	0.188087
191100	-0.098501
191150	-0.084164
191200	0.064787
191250	0.103092
191300	-0.054002
191350	-0.113928
191400	-0.301811
191450	0.004800
191500	0.046806
191550	-0.074480
191600	-0.108879
191650	0.077309
191700	-0.096659
191750	-0.044045
191800	0.241568
191850	0.084979
191900	0.216462
191950	-0.078566
192000	0.001838
192050	0.122400
192100	-0.043322
192150	0.064692
192200	-0.124061
192250	0.196230
192300	0.058864
192350	-0.272017
192400	-0.139824
192450	-0.029198
192500	-0.011820
192550	-0.052018
192600	0.039960
192650	-0.028295
192700	0.215088
192750	0.160832
192800	0.053637
192850	-0.003419
192900	0.016684
192950	0.138577
193000	-0.034799
193050	0.122261
193100	0.016110
193150	0.116715
193200	0.077027
193250	0.025439
193300	0.098011
193350	0.076207
193400	0.103393
193450	-0.178351
193500	0.067980
193550	0.041729
193600	-0.066087
193650	-0.044562
193700	0.108992
193750	0.007796
193800	-0.209861
193850	-0.000808
193900	-0.031766
193950	0.122779
194000	0.044511
194050	0.028233
194100	-0.066821
194150	0.034214
194200	0.000018
194250	-0.155579
194300	-0.066941
194350	0.197565
194400	0.230836
194450	-0.035551
194500	0.080583
194550	-0.014038
194600	-0.062607
194650	-0.061954
194700	0.005476
194750	0.112315
194800	-0.112785
194850	0.000682
194900	-0.107322
194950	-0.133491
195000	-0.022932
195050	0.063922
195100	0.142434
195150	-0.079690
195200	-0.056165
195250	-0.018517
195300	-0.023730
195350	0.033696
195400	0.068245
195450	0.022959
195500	0.149829
195550	0.111259
195600	0.198793
195650	-0.126411
195700	0.002206
195750	0.067779
195800	-0.012549
195850	-0.085991
195900	-0.146985
195950	-0.099720
196000	0.119634
196050	-0.146877
196100	0.024028
196150	0.053101
196200	0.083376
196250	-0.011032
196300	0.009149
196350	0.064621
196400	0.173726
196450	0.066475
196500	-0.031571
196550	-0.041233
196600	0.025779
196650	-0.063923
196700	-0.093817
196750	-0.037457
196800	-0.106654
196850	-0.105384
196900	0.164573
196950	0.040466
197000	-0.138559
197050	0.143227
197100	0.012786
197150	0.071981
197200	-0.217571
197250	-0.126717
197300	-0.149902
197350	-0.077621
197400	-0.068643
197450	0.113993
197500	0.060726
197550	0.011142
197600	0.059801
197650	-0.011943
197700	-0.044244
197750	-0.050295
197800	-0.171851
197850	0.155949
197900	-0.166370
197950	0.003271
198000	-0.038812
198050	-0.002612
198100	0.068327
198150	-0.068551
198200	0.122143
198250	-0.179100
198300	0.118118
198350	0.074082
198400	0.058463
198450	0.029119
198500	0.009652
198550	0.181324
198600	0.032863
198650	0.166004
198700	0.153784
198750	0.182524
198800	0.010920
198850	-0.036897
198900	-0.020078
198950	0.223107
199000	0.042400
199050	0.027740
199100	0.050947
199150	0.043007
199200	-0.072983
199250	0.025876
199300	-0.049101
199350	0.009274
199400	-0.016215
199450	0.108195
199500	0.020466
199550	-0.038921
199600	0.044795
199650	-0.079957
199700	-0.304780
199750	-0.036626
199800	0.089391
199850	0.234471
199900	0.106203
199950	0.031286
