0	44.561572
50	2.485230
100	0.773342
150	0.708466
200	0.490956
250	0.423810
300	0.383721
350	0.155784
400	0.301846
450	0.082212
500	-0.063636
550	0.153232
600	0.237386
650	0.252714
700	0.170242
750	0.115986
800	-0.091935
850	0.399070
900	0.117762
950	0.200626
1000	0.203212
1050	-0.032982
1100	0.041125
1150	0.013848
1200	-0.079763
1250	-0.066789
1300	-0.139094
1350	0.007011
1400	0.198334
1450	-0.039003
1500	-0.026741
1550	0.024174
1600	-0.114871
1650	-0.019236
1700	0.174906
1750	-0.093064
1800	0.148054
1850	0.184483
1900	-0.013152
1950	0.254676
2000	0.046824
2050	-0.220262
2100	0.125567
2150	0.046161
2200	0.250372
2250	0.051650
2300	0.079654
2350	-0.111069
2400	0.280901
2450	0.188527
2500	0.157448
2550	-0.130643
2600	-0.110925
2650	-0.207675
2700	0.024187
2750	-0.046772
2800	0.108970
2850	-0.140559
2900	-0.002231
2950	0.115251
3000	-0.164885
3050	-0.022115
3100	-0.122090
3150	0.159329
3200	0.004396
3250	-0.009789
3300	0.065844
3350	-0.113458
3400	-0.156428
3450	-0.043400
3500	-0.015810
3550	-0.040927
3600	0.002233
3650	-0.056868
3700	-0.139714
3750	0.333891
3800	0.080962
3850	-0.042448
3900	0.087879
3950	0.206603
4000	0.096346
4050	0.167063
4100	0.016986
4150	-0.259359
4200	-0.268104
4250	-0.148152
4300	-0.080055
4350	-0.113036
4400	-0.090459
4450	0.037840
4500	-0.039868
4550	-0.062930
4600	0.035528
4650	0.066263
4700	0.071825
4750	-0.048269
4800	0.175084
4850	0.004974
4900	-0.031700
4950	0.082084
5000	-0.023897
5050	-0.028678
5100	0.206200
5150	-0.172806
5200	0.125293
5250	-0.059003
5300	0.015511
5350	0.027850
5400	0.019249
5450	0.125285
5500	0.194773
5550	0.137340
5600	0.048630
5650	0.160140
5700	-0.086517
5750	0.260256
5800	0.039467
5850	-0.049585
5900	0.057543
5950	0.145294
6000	-0.154382
6050	-0.026839
6100	0.164378
6150	0.125819
6200	0.042625
6250	0.132880
6300	-0.133533
6350	-0.159388
6400	0.234960
6450	-0.061872
6500	0.009852
6550	-0.148193
6600	-0.306159
6650	-0.114030
6700	-0.133851
6750	-0.017478
6800	0.115061
6850	0.057614
6900	0.239701
6950	0.156879
7000	0.058622
7050	0.076270
7100	-0.032423
7150	0.243772
7200	0.132945
7250	-0.071785
7300	0.038315
7350	-0.002908
7400	0.072132
7450	0.127824
7500	0.289790
7550	0.035720
7600	-0.073129
7650	0.150445
7700	0.095510
7750	-0.042022
7800	-0.073811
7850	-0.226930
7900	0.066224
7950	-0.122898
8000	-0.245340
8050	-0.043759
8100	-0.117484
8150	-0.027252
8200	-0.181173
8250	-0.148079
8300	0.063892
8350	0.187702
8400	0.043763
8450	-0.133482
8500	0.177324
8550	-0.027722
8600	0.161982
8650	0.084126
8700	0.236759
8750	-0.031476
8800	-0.075605
8850	0.065046
8900	-0.043342
8950	0.092256
9000	0.203464
9050	0.012714
9100	-0.145048
9150	0.087985
9200	-0.016222
9250	-0.169193
9300	0.124033
9350	0.055390
9400	0.097140
9450	0.092562
9500	0.172707
9550	0.014520
9600	0.076550
9650	0.153895
9700	0.019522
9750	0.102705
9800	-0.186480
9850	0.099220
9900	0.122702
9950	0.212229
10000	0.008894
10050	0.172618
10100	0.404900
10150	0.194616
10200	-0.049074
10250	0.102880
10300	-0.081802
10350	-0.084416
10400	-0.194911
10450	0.167928
10500	0.034737
10550	0.060474
10600	0.082469
10650	0.103286
10700	0.108341
10750	0.114084
10800	-0.065090
10850	0.026699
10900	0.054046
10950	0.151721
11000	-0.114612
11050	-0.175280
11100	-0.040719
11150	0.005367
11200	-0.016025
11250	-0.139781
11300	-0.081484
11350	0.127206
11400	0.067930
11450	-0.077255
11500	-0.113054
11550	0.110709
11600	0.343233
11650	0.280737
11700	0.007111
11750	-0.198322
11800	0.091940
11850	0.043874
11900	0.087972
11950	0.014388
12000	0.062120
12050	-0.192308
12100	-0.052900
12150	0.127406
12200	-0.126735
12250	-0.033504
12300	-0.050240
12350	-0.125181
12400	-0.084260
12450	-0.220040
12500	0.070299
12550	0.128563
12600	-0.093965
12650	-0.034578
12700	-0.025276
12750	-0.147855
12800	0.016498
12850	0.249507
12900	0.112289
12950	-0.162293
13000	0.162373
13050	0.252657
13100	-0.147029
13150	-0.180801
13200	0.059140
13250	0.016075
13300	-0.053728
13350	-0.047976
13400	0.049256
13450	-0.126802
13500	0.058077
13550	0.136120
13600	0.172016
13650	0.045651
13700	0.195842
13750	-0.034496
13800	-0.057340
13850	0.072825
13900	0.128795
13950	0.193112
14000	-0.224871
14050	-0.043673
14100	0.032983
14150	-0.029139
14200	0.078973
14250	0.070995
14300	-0.090673
14350	-0.019703
14400	0.135292
14450	0.029092
14500	0.149112
14550	-0.023776
14600	-0.012707
14650	0.049873
14700	0.201234
14750	0.210552
14800	0.004073
14850	-0.159293
14900	-0.086092
14950	-0.066131
15000	0.239853
15050	0.145628
15100	-0.002021
15150	0.048538
15200	-0.065473
15250	0.085426
15300	0.107264
15350	-0.187751
15400	-0.076388
15450	0.092954
15500	0.088604
15550	0.008455
15600	-0.017150
15650	0.087779
15700	0.000744
15750	-0.137062
15800	0.155422
15850	0.134514
15900	-0.056664
15950	-0.173502
16000	0.013835
16050	0.185415
16100	0.126346
16150	-0.068787
16200	-0.144549
16250	0.161836
16300	0.101980
16350	-0.274965
16400	0.033473
16450	-0.179211
16500	-0.222293
16550	-0.076733
16600	-0.156330
16650	0.204246
16700	0.004569
16750	0.101767
16800	0.128916
16850	0.116922
16900	-0.001900
16950	-0.043978
17000	-0.069178
17050	0.008069
17100	0.036166
17150	-0.104087
17200	0.156155
17250	0.190729
17300	-0.068304
17350	-0.008984
17400	-0.065890
17450	0.088759
17500	0.113274
17550	0.142035
17600	0.120489
17650	-0.091745
17700	0.242407
17750	0.106665
17800	-0.093622
17850	-0.051757
17900	-0.118723
17950	0.163753
18000	0.054228
18050	0.045776
18100	0.076414
18150	0.159872
18200	0.092674
18250	0.068383
18300	0.013176
18350	0.008106
18400	0.138421
18450	-0.259271
18500	-0.009898
18550	0.053982
18600	-0.036339
18650	-0.122656
18700	-0.208083
18750	-0.131248
18800	0.083037
18850	0.199775
18900	-0.020981
18950	0.080118
19000	0.061014
19050	-0.286835
19100	0.117395
19150	0.196998
19200	0.148201
19250	0.153574
19300	-0.076552
19350	-0.051123
19400	0.043143
19450	-0.030289
19500	0.059825
19550	-0.181728
19600	0.065099
19650	0.053477
19700	0.004133
19750	-0.045658
19800	-0.268699
19850	-0.003568
19900	0.193508
19950	0.021704
20000	0.067195
20050	-0.126243
20100	0.009644
20150	-0.356533
20200	-0.090613
20250	-0.034878
20300	0.239219
20350	0.117518
20400	-0.061119
20450	-0.128990
20500	0.011918
20550	0.135721
20600	-0.011820
20650	-0.045065
20700	0.053930
20750	-0.065704
20800	0.033690
20850	0.088237
20900	-0.035701
20950	-0.002449
21000	0.160912
21050	0.061386
21100	-0.156132
21150	-0.217781
21200	0.031936
21250	-0.098375
21300	0.047991
21350	-0.123800
21400	-0.094762
21450	0.034974
21500	0.003834
21550	0.002615
21600	0.082430
21650	0.193948
21700	0.115339
21750	-0.151568
21800	-0.055953
21850	0.207619
21900	-0.106245
21950	-0.166863
22000	-0.037119
22050	0.069666
22100	0.101786
22150	-0.140471
22200	0.076865
22250	0.082112
22300	-0.075304
22350	-0.144840
22400	-0.129111
22450	-0.028622
22500	0.153894
22550	-0.000314
22600	-0.008654
22650	-0.133759
22700	-0.051989
22750	-0.299803
22800	-0.045542
22850	0.198642
22900	-0.117734
22950	-0.070649
23000	0.182158
23050	0.080833
23100	-0.100170
23150	-0.111888
23200	0.046243
23250	0.162602
23300	-0.077449
23350	0.143120
23400	0.097665
23450	-0.050933
23500	-0.231602
23550	0.019766
23600	-0.123867
23650	-0.244990
23700	-0.043977
23750	0.046998
23800	-0.230353
23850	-0.065594
23900	-0.102027
23950	-0.129316
24000	0.002854
24050	0.043561
24100	-0.260600
24150	-0.126036
24200	-0.022339
24250	-0.049482
24300	-0.272674
24350	-0.072434
24400	0.004605
24450	0.050461
24500	-0.105856
24550	-0.049545
24600	0.027613
24650	-0.118685
24700	-0.032309
24750	0.040758
24800	-0.194338
24850	-0.070010
24900	0.083139
24950	-0.068647
25000	0.150310
25050	0.070925
25100	-0.083040
25150	-0.078682
25200	-0.218671
25250	-0.060451
25300	-0.173392
25350	-0.017645
25400	0.028807
25450	-0.022207
25500	0.038624
25550	0.112649
25600	0.001934
25650	-0.097417
25700	-0.213035
25750	-0.068461
25800	-0.039788
25850	-0.142426
25900	-0.033303
25950	-0.081220
26000	-0.032944
26050	0.126543
26100	-0.027544
26150	-0.137671
26200	0.090683
26250	-0.019317
26300	0.035232
26350	-0.087956
26400	-0.238451
26450	-0.104583
26500	-0.013428
26550	0.073242
26600	-0.086291
26650	-0.105902
26700	0.137386
26750	-0.011706
26800	-0.235439
26850	-0.097993
26900	0.026486
26950	0.114313
27000	0.004412
27050	-0.085325
27100	0.073043
27150	-0.251573
27200	0.040713
27250	-0.255807
27300	-0.035159
27350	-0.001745
27400	-0.045696
27450	0.036297
27500	0.056628
27550	0.064049
27600	-0.015795
27650	-0.030526
27700	-0.226607
27750	-0.200724
27800	0.064298
27850	-0.051625
27900	0.036455
27950	-0.026193
28000	0.134893
28050	-0.134797
28100	-0.077066
28150	-0.126283
28200	-0.096370
28250	-0.088360
28300	-0.035331
28350	0.169352
28400	-0.068486
28450	-0.092742
28500	0.201207
28550	-0.164820
28600	0.206614
28650	0.078907
28700	-0.042387
28750	0.063707
28800	0.029581
28850	-0.177112
28900	-0.216318
28950	0.191803
29000	0.085267
29050	0.158164
29100	-0.310667
29150	-0.071426
29200	-0.033429
29250	-0.061972
29300	-0.167444
29350	0.010263
29400	-0.103779
29450	0.089590
29500	-0.052957
29550	0.013265
29600	-0.107639
29650	-0.100672
29700	-0.119919
29750	-0.040211
29800	-0.012018
29850	0.114374
29900	-0.199100
29950	0.028532
30000	-0.199417
30050	-0.111203
30100	-0.101484
30150	-0.060751
30200	0.154635
30250	0.076684
30300	-0.027406
30350	0.002630
30400	0.060769
30450	-0.144188
30500	-0.068895
30550	0.014788
30600	-0.078595
30650	0.133849
30700	0.041820
30750	-0.052326
30800	-0.057093
30850	-0.145700
30900	0.013909
30950	-0.108987
31000	0.044078
31050	-0.166621
31100	-0.075581
31150	0.181748
31200	0.048047
31250	0.298820
31300	0.044090
31350	0.000106
31400	0.099311
31450	0.134960
31500	0.013961
31550	0.058026
31600	-0.082123
31650	0.135788
31700	-0.059594
31750	-0.033159
31800	-0.007429
31850	0.127646
31900	-0.095583
31950	-0.147411
32000	-0.091683
32050	-0.072133
32100	0.060541
32150	0.168657
32200	0.074168
32250	0.183572
32300	-0.178031
32350	0.049258
32400	0.120937
32450	-0.017806
32500	-0.006955
32550	-0.033182
32600	0.108050
32650	0.119756
32700	-0.017806
32750	0.136407
32800	0.155417
32850	-0.185253
32900	-0.149675
32950	0.008385
33000	0.025296
33050	-0.045910
33100	-0.088676
33150	0.025437
33200	-0.278667
33250	0.020055
33300	0.061631
33350	0.054925
33400	0.227483
33450	0.238429
33500	-0.204502
33550	0.002360
33600	0.048510
33650	-0.015552
33700	-0.080515
33750	-0.053952
33800	0.018449
33850	0.005757
33900	0.106585
33950	0.150266
34000	0.011587
34050	0.076712
34100	0.131468
34150	-0.013441
34200	0.060282
34250	0.213822
34300	-0.068273
34350	0.321903
34400	-0.012041
34450	-0.037205
34500	0.080045
34550	0.109889
34600	0.187428
34650	0.187996
34700	0.080295
34750	0.137196
34800	-0.158699
34850	-0.170759
34900	-0.046194
34950	-0.289110
35000	-0.100579
35050	0.241258
35100	-0.113877
35150	0.150518
35200	0.148584
35250	0.014722
35300	-0.065621
35350	-0.254732
35400	0.101308
35450	0.181149
35500	0.028123
35550	-0.022273
35600	0.060939
35650	0.029019
35700	0.033673
35750	-0.208883
35800	-0.114868
35850	0.089543
35900	-0.017948
35950	0.062324
36000	0.041528
36050	0.183898
36100	-0.120513
36150	0.101643
36200	0.040559
36250	-0.081273
36300	-0.085095
36350	0.025120
36400	-0.233219
36450	0.143932
36500	0.149069
36550	-0.094597
36600	0.012912
36650	-0.041127
36700	-0.164148
36750	0.225611
36800	0.059764
36850	0.100233
36900	-0.288436
36950	-0.110144
37000	-0.156472
37050	0.205911
37100	-0.001759
37150	-0.051252
37200	-0.114677
37250	-0.017523
37300	0.001198
37350	-0.089104
37400	-0.131649
37450	0.032511
37500	0.022703
37550	-0.005579
37600	-0.085153
37650	0.142650
37700	0.085088
37750	0.088793
37800	0.011235
37850	-0.057958
37900	-0.158293
37950	-0.095978
38000	-0.061433
38050	0.191190
38100	0.004086
38150	0.177809
38200	-0.280175
38250	-0.138969
38300	-0.142412
38350	0.014953
38400	-0.298718
38450	-0.008615
38500	0.073611
38550	0.011474
38600	-0.108754
38650	-0.308709
38700	-0.068807
38750	0.032771
38800	0.219466
38850	0.156716
38900	0.154599
38950	-0.103035
39000	-0.010959
39050	0.049251
39100	0.067035
39150	0.225066
39200	0.166045
39250	0.283911
39300	-0.275879
39350	0.209251
39400	-0.047802
39450	0.101080
39500	0.046651
39550	0.214206
39600	0.089939
39650	-0.035256
39700	0.347641
39750	0.038948
39800	-0.042563
39850	-0.214870
39900	-0.026796
39950	-0.130103
40000	0.023201
40050	-0.050230
40100	0.108179
40150	0.015578
40200	-0.046354
40250	-0.061601
40300	0.153042
40350	-0.071656
40400	-0.151171
40450	0.029428
40500	0.061541
40550	-0.116840
40600	0.088465
40650	0.068567
40700	-0.209119
40750	0.068383
40800	-0.073426
40850	-0.126951
40900	0.002428
40950	0.127880
41000	-0.072395
41050	-0.219457
41100	-0.134810
41150	-0.302703
41200	-0.252238
41250	0.010590
41300	-0.075278
41350	-0.199735
41400	-0.117971
41450	0.057399
41500	-0.023509
41550	-0.103870
41600	-0.106182
41650	-0.204460
41700	0.061745
41750	-0.009157
41800	0.249545
41850	-0.293902
41900	-0.264053
41950	0.004920
42000	-0.082775
42050	0.188411
42100	-0.010695
42150	0.160852
42200	-0.255271
42250	-0.067630
42300	0.015782
42350	-0.118036
42400	-0.161362
42450	-0.061210
42500	-0.011462
42550	0.043491
42600	-0.048134
42650	0.207475
42700	0.266861
42750	0.023985
42800	0.087413
42850	-0.060691
42900	-0.271904
42950	0.094641
43000	-0.000192
43050	-0.001425
43100	0.085717
43150	0.099301
43200	-0.078479
43250	0.033728
43300	0.027985
43350	-0.030385
43400	-0.124757
43450	0.385867
43500	0.209435
43550	-0.134868
43600	-0.126510
43650	-0.008997
43700	0.135552
43750	0.072372
43800	0.023215
43850	0.012215
43900	0.034134
43950	-0.105062
44000	0.089851
44050	-0.083586
44100	0.021587
44150	-0.072528
44200	-0.081954
44250	0.188631
44300	-0.053814
44350	-0.191075
44400	-0.032828
44450	0.015216
44500	-0.198816
44550	0.111839
44600	-0.054668
44650	0.149801
44700	-0.158917
44750	-0.046393
44800	-0.103661
44850	0.156979
44900	0.082766
44950	-0.045713
45000	-0.038986
45050	-0.078996
45100	-0.097526
45150	0.089060
45200	-0.038372
45250	0.011240
45300	-0.008288
45350	0.148035
45400	0.139728
45450	0.069353
45500	-0.043446
45550	0.135351
45600	-0.218855
45650	-0.159376
45700	0.063958
45750	-0.091376
45800	0.119662
45850	-0.025920
45900	-0.039921
45950	-0.034568
46000	0.047606
46050	-0.258881
46100	0.066645
46150	-0.349061
46200	-0.112677
46250	-0.025308
46300	-0.149537
46350	-0.318355
46400	0.005979
46450	-0.155973
46500	0.001930
46550	-0.039260
46600	0.012214
46650	0.292760
46700	-0.092704
46750	0.090385
46800	0.078355
46850	-0.096668
46900	-0.037928
46950	-0.105092
47000	0.058325
47050	-0.062697
47100	-0.170475
47150	-0.133863
47200	0.179554
47250	-0.019803
47300	-0.008883
47350	-0.103507
47400	-0.117270
47450	0.029959
47500	0.065813
47550	0.073195
47600	-0.035747
47650	-0.115377
47700	0.296712
47750	0.110826
47800	0.012046
47850	0.094250
47900	0.011444
47950	0.112128
48000	-0.199160
48050	-0.115575
48100	-0.140516
48150	-0.065202
48200	0.054850
48250	-0.119953
48300	0.106566
48350	-0.242305
48400	0.078901
48450	-0.123023
48500	0.075702
48550	0.065352
48600	0.156455
48650	-0.178870
48700	0.007365
48750	0.036864
48800	-0.124170
48850	-0.083170
48900	0.194626
48950	0.208260
49000	0.072274
49050	0.165530
49100	-0.072515
49150	-0.099047
49200	-0.075648
49250	0.000971
49300	0.122617
49350	-0.013796
49400	0.050043
49450	0.224390
49500	-0.046788
49550	0.085809
49600	-0.172969
49650	0.018702
49700	0.064115
49750	-0.110327
49800	0.046383
49850	-0.077807
49900	0.045326
49950	0.040591
50000	0.031686
50050	-0.023761
50100	-0.070510
50150	0.161923
50200	0.199089
50250	0.090081
50300	0.266394
50350	-0.142223
50400	0.165255
50450	0.138846
50500	-0.098570
50550	-0.049449
50600	0.008702
50650	0.251437
50700	-0.123431
50750	-0.073839
50800	-0.009703
50850	0.038200
50900	-0.070088
50950	-0.082865
51000	0.147511
51050	-0.124984
51100	0.081014
51150	0.157704
51200	0.024875
51250	-0.009880
51300	0.101142
51350	-0.093502
51400	-0.159275
51450	0.014553
51500	0.093444
51550	0.040529
51600	-0.222361
51650	-0.206461
51700	-0.135982
51750	-0.212203
51800	-0.013112
51850	0.096333
51900	-0.099364
51950	-0.246954
52000	-0.188016
52050	-0.009142
52100	-0.068433
52150	0.009411
52200	0.102478
52250	-0.123255
52300	0.034389
52350	0.046067
52400	-0.167128
52450	-0.146952
52500	-0.127754
52550	-0.127165
52600	-0.138525
52650	-0.138892
52700	-0.123498
52750	0.022064
52800	0.046289
52850	-0.110257
52900	0.122718
52950	-0.216306
53000	0.017751
53050	0.050378
53100	0.110530
53150	-0.075490
53200	0.227759
53250	0.173675
53300	-0.240183
53350	0.095804
53400	0.063650
53450	0.180587
53500	0.012417
53550	-0.129074
53600	0.216481
53650	0.238260
53700	0.105974
53750	0.071576
53800	-0.140371
53850	-0.065154
53900	0.077724
53950	0.207018
54000	0.139283
54050	-0.081824
54100	-0.122475
54150	0.133878
54200	-0.126962
54250	-0.037454
54300	-0.091764
54350	0.070471
54400	-0.004337
54450	0.275399
54500	-0.023934
54550	0.107994
54600	0.127269
54650	-0.018321
54700	0.068184
54750	0.079516
54800	0.153556
54850	0.044485
54900	-0.133283
54950	-0.003332
55000	0.022286
55050	-0.064951
55100	-0.008204
55150	-0.107568
55200	-0.034781
55250	0.238227
55300	0.106425
55350	0.161613
55400	0.030604
55450	0.119194
55500	0.147671
55550	0.150533
55600	0.131055
55650	0.190510
55700	0.027094
55750	0.102124
55800	-0.101636
55850	-0.261339
55900	-0.141032
55950	-0.017427
56000	0.084282
56050	-0.016038
56100	-0.099567
56150	0.272760
56200	0.145331
56250	0.186111
56300	-0.070791
56350	0.087451
56400	0.002511
56450	0.061069
56500	-0.078805
56550	-0.046414
56600	-0.271786
56650	-0.148634
56700	0.036683
56750	-0.080994
56800	-0.137264
56850	-0.067075
56900	-0.338002
56950	-0.169305
57000	0.112056
57050	-0.135838
57100	0.088887
57150	0.209768
57200	0.025791
57250	-0.047249
57300	0.065650
57350	-0.018032
57400	-0.065762
57450	-0.243771
57500	-0.033362
57550	-0.289013
57600	0.048789
57650	-0.002542
57700	0.111579
57750	0.287411
57800	-0.050705
57850	0.049050
57900	-0.072393
57950	-0.104519
58000	0.171846
58050	0.170338
58100	-0.071855
58150	0.029880
58200	-0.141657
58250	-0.136023
58300	-0.110263
58350	-0.019446
58400	-0.005159
58450	0.072505
58500	0.005780
58550	-0.049484
58600	-0.146063
58650	-0.107169
58700	-0.077814
58750	0.051893
58800	-0.061020
58850	0.007881
58900	-0.028246
58950	0.019715
59000	0.023507
59050	-0.203083
59100	0.092923
59150	0.020810
59200	-0.027662
59250	0.057938
59300	-0.205333
59350	-0.001468
59400	0.037132
59450	-0.010379
59500	0.091468
59550	-0.025955
59600	-0.043710
59650	-0.200123
59700	0.093507
59750	-0.129694
59800	-0.085099
59850	-0.139792
59900	-0.197227
59950	-0.051013
60000	-0.238698
60050	-0.078785
60100	-0.149167
60150	0.066872
60200	-0.091703
60250	0.101896
60300	0.240087
60350	-0.074514
60400	-0.074434
60450	0.000751
60500	-0.131917
60550	0.168017
60600	-0.111214
60650	-0.204168
60700	-0.011075
60750	0.234688
60800	0.130782
60850	-0.040503
60900	0.019922
60950	-0.359121
61000	-0.024630
61050	-0.226331
61100	-0.026307
61150	-0.158894
61200	-0.020042
61250	0.109146
61300	0.153479
61350	0.024307
61400	-0.037487
61450	-0.246376
61500	0.016033
61550	0.100573
61600	-0.013211
61650	-0.032312
61700	-0.242793
61750	0.230044
61800	0.214957
61850	-0.308510
61900	0.018014
61950	-0.128554
62000	-0.213447
62050	0.103665
62100	0.020007
62150	0.038801
62200	-0.063666
62250	0.035014
62300	0.049496
62350	0.096903
62400	-0.043544
62450	0.322817
62500	-0.009394
62550	0.149025
62600	-0.144038
62650	0.237553
62700	0.152514
62750	-0.100377
62800	-0.010217
62850	-0.066055
62900	0.014127
62950	0.011614
63000	-0.150509
63050	-0.047114
63100	-0.229259
63150	0.139168
63200	0.049424
63250	0.301281
63300	0.103319
63350	0.205922
63400	-0.148270
63450	0.080486
63500	0.311990
63550	-0.181892
63600	-0.211992
63650	0.257632
63700	0.324457
63750	-0.018061
63800	0.089148
63850	-0.203905
63900	0.037078
63950	-0.070662
64000	0.013586
64050	0.084654
64100	-0.091489
64150	-0.052264
64200	0.144935
64250	-0.157152
64300	0.049452
64350	-0.122023
64400	-0.068431
64450	-0.022333
64500	-0.207652
64550	-0.039406
64600	-0.116347
64650	0.049599
64700	-0.106275
64750	-0.099924
64800	0.128274
64850	0.012631
64900	0.094608
64950	-0.109775
65000	0.126130
65050	-0.104209
65100	-0.062432
65150	0.235617
65200	0.027417
65250	-0.029126
65300	-0.327579
65350	-0.055727
65400	-0.122205
65450	-0.079829
65500	0.031112
65550	-0.127030
65600	-0.136120
65650	0.101102
65700	-0.041429
65750	0.038385
65800	-0.023174
65850	0.028206
65900	-0.209239
65950	-0.092143
66000	0.164625
66050	-0.123767
66100	0.195092
66150	0.230635
66200	0.096057
66250	-0.070842
66300	0.157348
66350	-0.129772
66400	0.058232
66450	-0.323174
66500	0.163466
66550	-0.231891
66600	-0.124893
66650	-0.038526
66700	0.011114
66750	-0.184652
66800	0.015774
66850	-0.014796
66900	-0.124148
66950	-0.161386
67000	-0.157656
67050	-0.236939
67100	-0.076252
67150	-0.045603
67200	0.123478
67250	-0.015186
67300	0.077942
67350	-0.086177
67400	0.207815
67450	-0.031098
67500	-0.218167
67550	-0.199922
67600	-0.107883
67650	-0.031120
67700	-0.119560
67750	-0.249739
67800	0.133087
67850	0.052137
67900	0.109243
67950	-0.062293
68000	-0.116802
68050	-0.066282
68100	0.045820
68150	0.171776
68200	0.129556
68250	-0.029031
68300	-0.014644
68350	-0.074004
68400	-0.104908
68450	0.078861
68500	-0.227527
68550	0.036459
68600	0.164212
68650	-0.139781
68700	0.172579
68750	-0.140752
68800	-0.247283
68850	0.292224
68900	0.065757
68950	0.092798
69000	-0.037023
69050	-0.130573
69100	0.093851
69150	-0.047621
69200	-0.367970
69250	-0.048121
69300	-0.069724
69350	-0.050884
69400	0.004045
69450	0.012993
69500	-0.026206
69550	-0.111754
69600	0.107803
69650	-0.106193
69700	0.141855
69750	-0.009911
69800	-0.008893
69850	0.031615
69900	0.002876
69950	-0.240159
70000	0.181958
70050	-0.098524
70100	-0.204553
70150	0.016591
70200	-0.000814
70250	-0.044063
70300	-0.142209
70350	-0.132658
70400	-0.167616
70450	0.126553
70500	-0.088180
70550	0.092847
70600	-0.044533
70650	-0.173351
70700	0.034757
70750	0.041227
70800	-0.013103
70850	-0.075666
70900	-0.195724
70950	-0.012864
71000	-0.015026
71050	-0.205202
71100	0.009848
71150	-0.009978
71200	0.060130
71250	-0.000637
71300	-0.080071
71350	-0.027263
71400	0.100022
71450	0.158162
71500	-0.016149
71550	0.291062
71600	0.161531
71650	0.192169
71700	0.111690
71750	-0.052408
71800	-0.031672
71850	-0.096456
71900	0.048275
71950	-0.190385
72000	-0.201218
72050	0.203364
72100	0.143229
72150	0.129356
72200	0.178084
72250	-0.043676
72300	-0.020845
72350	0.082033
72400	-0.066717
72450	-0.102287
72500	-0.099090
72550	-0.050586
72600	-0.163417
72650	0.096061
72700	0.020555
72750	-0.033906
72800	0.108873
72850	-0.069427
72900	-0.081475
72950	0.194505
73000	0.061607
73050	-0.170142
73100	-0.200437
73150	0.032042
73200	-0.078774
73250	0.027792
73300	0.107290
73350	-0.000036
73400	0.026317
73450	-0.049673
73500	-0.047679
73550	-0.298247
73600	0.008134
73650	0.136085
73700	0.182632
73750	-0.090580
73800	-0.046984
73850	0.025744
73900	-0.021605
73950	-0.030567
74000	0.003295
74050	0.061365
74100	-0.008754
74150	0.229599
74200	-0.108870
74250	-0.121390
74300	-0.064731
74350	0.058134
74400	0.014176
74450	-0.120304
74500	0.145073
74550	-0.002660
74600	0.021062
74650	0.175167
74700	-0.097727
74750	-0.042241
74800	-0.016731
74850	-0.079544
74900	0.013664
74950	-0.306832
75000	-0.033003
75050	0.223491
75100	0.247945
75150	0.025056
75200	0.216524
75250	0.032758
75300	0.023626
75350	0.069942
75400	-0.055605
75450	0.009092
75500	0.108361
75550	-0.165436
75600	-0.161789
75650	0.004784
75700	-0.062644
75750	-0.081381
75800	-0.086759
75850	0.140212
75900	0.078914
75950	-0.002191
76000	0.190934
76050	0.073266
76100	0.177762
76150	-0.087353
76200	-0.125869
76250	0.065255
76300	-0.012050
76350	-0.075230
76400	-0.181073
76450	0.020651
76500	0.278499
76550	0.002289
76600	-0.031183
76650	0.001302
76700	-0.043202
76750	-0.138092
76800	0.456311
76850	0.218480
76900	0.304967
76950	0.184011
77000	-0.087742
77050	-0.169525
77100	0.034168
77150	0.317140
77200	-0.040092
77250	-0.117137
77300	-0.248543
77350	-0.196595
77400	0.028250
77450	0.005074
77500	0.022676
77550	-0.194699
77600	-0.077037
77650	-0.008066
77700	-0.082483
77750	0.014204
77800	0.120026
77850	0.067767
77900	-0.108783
77950	0.033394
78000	0.093351
78050	0.012270
78100	-0.110819
78150	0.050050
78200	-0.102612
78250	-0.149882
78300	0.166013
78350	-0.088151
78400	-0.123282
78450	0.131250
78500	-0.099225
78550	-0.127211
78600	-0.001346
78650	0.209245
78700	-0.007248
78750	-0.065435
78800	-0.011488
78850	0.083937
78900	0.103392
78950	0.071186
79000	-0.000401
79050	-0.113994
79100	-0.092116
79150	0.042774
79200	-0.191947
79250	-0.143407
79300	0.004157
79350	-0.035585
79400	0.051710
79450	0.047467
79500	-0.356911
79550	-0.093481
79600	-0.076894
79650	0.095014
79700	0.130274
79750	-0.012023
79800	-0.172893
79850	-0.132043
79900	0.134317
79950	0.195321
80000	-0.025068
80050	-0.187305
80100	0.103848
80150	0.125846
80200	0.134168
80250	-0.016207
80300	-0.038499
80350	0.004732
80400	-0.130005
80450	-0.201102
80500	-0.027124
80550	0.107307
80600	-0.172646
80650	-0.054230
80700	0.265744
80750	-0.108868
80800	0.115712
80850	-0.190145
80900	-0.031102
80950	-0.221972
81000	-0.055729
81050	-0.205251
81100	-0.063837
81150	-0.162576
81200	-0.241933
81250	0.107590
81300	-0.101765
81350	0.068667
81400	-0.053867
81450	0.118649
81500	-0.215448
81550	-0.188454
81600	0.054704
81650	-0.270510
81700	-0.069888
81750	0.000393
81800	-0.124006
81850	-0.377404
81900	0.030228
81950	-0.090815
82000	-0.009724
82050	-0.023861
82100	-0.175558
82150	-0.108087
82200	-0.266321
82250	0.017896
82300	0.073185
82350	-0.110498
82400	0.074577
82450	0.142277
82500	-0.056882
82550	0.250070
82600	0.043183
82650	-0.042457
82700	0.020436
82750	-0.127108
82800	-0.045257
82850	0.042971
82900	-0.084558
82950	0.052628
83000	-0.005286
83050	-0.077382
83100	0.183737
83150	0.106362
83200	-0.224889
83250	-0.135049
83300	0.122716
83350	0.102183
83400	0.049890
83450	0.094046
83500	-0.101500
83550	-0.210864
83600	0.005378
83650	-0.071117
83700	0.019016
83750	0.070918
83800	-0.224502
83850	-0.090567
83900	0.121803
83950	0.008643
84000	-0.062860
84050	0.215346
84100	-0.082591
84150	-0.120827
84200	-0.042642
84250	0.046645
84300	-0.145922
84350	0.226730
84400	-0.004699
84450	-0.160618
84500	-0.031842
84550	0.000069
84600	-0.150076
84650	-0.252867
84700	-0.187605
84750	0.049557
84800	-0.149632
84850	-0.206105
84900	-0.019918
84950	0.005014
85000	0.016490
85050	0.368206
85100	0.115394
85150	0.198456
85200	0.034204
85250	0.044693
85300	0.056382
85350	0.351433
85400	0.014667
85450	0.001083
85500	0.119339
85550	0.004753
85600	-0.110215
85650	-0.092677
85700	0.113670
85750	0.281529
85800	-0.097340
85850	0.060329
85900	0.116196
85950	-0.183895
86000	0.079209
86050	0.158730
86100	0.011317
86150	0.059515
86200	0.060258
86250	0.001110
86300	0.130607
86350	0.202840
86400	-0.050310
86450	0.041004
86500	-0.039423
86550	-0.068038
86600	-0.113239
86650	0.257003
86700	0.043943
86750	0.019865
86800	-0.000669
86850	0.172945
86900	0.004487
86950	0.147095
87000	-0.106633
87050	0.193897
87100	0.121660
87150	-0.078959
87200	0.126744
87250	-0.078828
87300	-0.120499
87350	-0.331821
87400	-0.240258
87450	0.027229
87500	0.127772
87550	-0.013958
87600	-0.047101
87650	-0.096049
87700	-0.068409
87750	-0.207723
87800	-0.031279
87850	0.268632
87900	-0.087552
87950	0.115390
88000	0.219887
88050	0.001211
88100	-0.161997
88150	-0.212556
88200	0.178849
88250	0.109199
88300	-0.088215
88350	-0.131488
88400	-0.141713
88450	0.101026
88500	0.148112
88550	-0.148538
88600	0.078458
88650	0.030148
88700	-0.214112
88750	-0.022909
88800	-0.196612
88850	-0.009815
88900	-0.160142
88950	-0.183085
89000	-0.149195
89050	0.014168
89100	0.038993
89150	0.202014
89200	0.062628
89250	-0.141365
89300	-0.206213
89350	-0.071214
89400	-0.013276
89450	-0.123192
89500	0.030646
89550	-0.135471
89600	-0.157844
89650	-0.142680
89700	0.021411
89750	-0.070382
89800	-0.050977
89850	-0.018763
89900	-0.015668
89950	0.139226
90000	0.110119
90050	-0.145038
90100	0.089510
90150	0.154101
90200	-0.094854
90250	0.107080
90300	0.014984
90350	0.015966
90400	0.073395
90450	0.115510
90500	0.068165
90550	0.007181
90600	0.118965
90650	-0.140731
90700	-0.008058
90750	0.176301
90800	0.127849
90850	0.048553
90900	-0.032581
90950	0.078280
91000	-0.115886
91050	0.013561
91100	-0.054193
91150	-0.047571
91200	-0.166433
91250	-0.192777
91300	0.121012
91350	-0.057924
91400	-0.198680
91450	-0.028667
91500	-0.223700
91550	-0.034988
91600	-0.038677
91650	-0.206557
91700	-0.290792
91750	-0.183104
91800	0.080149
91850	0.087448
91900	-0.145074
91950	0.287897
92000	0.072738
92050	0.089060
92100	0.279754
92150	0.294524
92200	0.231273
92250	0.109358
92300	0.018559
92350	0.057587
92400	-0.175455
92450	0.178517
92500	-0.037451
92550	0.072713
92600	-0.145632
92650	-0.164412
92700	-0.074812
92750	-0.022214
92800	-0.056203
92850	0.148095
92900	-0.120465
92950	-0.347030
93000	-0.004911
93050	0.098082
93100	-0.047728
93150	0.154287
93200	-0.026835
93250	-0.097315
93300	0.330194
93350	0.086437
93400	0.071518
93450	0.113332
93500	0.084705
93550	0.082778
93600	0.048664
93650	-0.182439
93700	-0.011842
93750	-0.117125
93800	-0.054814
93850	0.072963
93900	0.017406
93950	-0.149766
94000	-0.031260
94050	-0.059969
94100	0.022734
94150	0.028053
94200	-0.087771
94250	0.046541
94300	-0.112273
94350	0.034232
94400	-0.038164
94450	-0.047890
94500	0.113813
94550	0.137310
94600	0.029360
94650	-0.104805
94700	-0.065824
94750	-0.042698
94800	-0.098292
94850	-0.063337
94900	0.103018
94950	0.113218
95000	0.025560
95050	0.262194
95100	-0.072790
95150	0.153178
95200	-0.058186
95250	0.048093
95300	-0.057763
95350	-0.123765
95400	-0.054762
95450	-0.095877
95500	-0.029961
95550	-0.115972
95600	-0.163847
95650	0.082781
95700	-0.108091
95750	-0.214073
95800	0.152526
95850	-0.176452
95900	0.008226
95950	0.076032
96000	0.171974
96050	0.023685
96100	0.041165
96150	-0.040089
96200	-0.178130
96250	0.096696
96300	-0.065889
96350	-0.191853
96400	-0.400810
96450	-0.129943
96500	0.109358
96550	0.198984
96600	0.084168
96650	0.231314
96700	-0.051326
96750	0.127518
96800	0.071438
96850	0.242053
96900	0.056048
96950	0.145655
97000	0.037036
97050	0.138028
97100	0.124167
97150	0.109392
97200	0.291947
97250	0.168283
97300	-0.025472
97350	-0.072807
97400	-0.017701
97450	-0.075536
97500	0.044183
97550	-0.046382
97600	0.069949
97650	-0.045860
97700	-0.035185
97750	-0.067307
97800	-0.129648
97850	-0.043598
97900	-0.019275
97950	0.146088
98000	-0.030104
98050	-0.133793
98100	0.277419
98150	-0.068215
98200	0.244567
98250	0.025119
98300	0.105917
98350	-0.045607
98400	-0.180906
98450	0.006698
98500	0.150298
98550	-0.281577
98600	-0.131436
98650	0.003842
98700	-0.257768
98750	0.022252
98800	-0.005105
98850	0.140446
98900	0.069982
98950	0.093377
99000	0.325642
99050	0.075961
99100	0.185761
99150	-0.134612
99200	-0.126413
99250	-0.064945
99300	-0.016072
99350	0.126485
99400	0.149817
99450	0.163350
99500	0.001155
99550	-0.219971
99600	-0.040437
99650	-0.097718
99700	0.288237
99750	-0.039363
99800	-0.150997
99850	0.002687
99900	0.062120
99950	0.168547
100000	0.254643
100050	-0.026345
100100	0.034806
100150	0.038776
100200	-0.016783
100250	0.056111
100300	0.019586
100350	0.039224
100400	-0.038671
100450	0.110225
100500	0.086736
100550	0.210743
100600	-0.014407
100650	0.045925
100700	-0.005380
100750	0.306609
100800	0.308287
100850	0.011435
100900	0.127769
100950	-0.175103
101000	0.080192
101050	-0.294958
101100	0.061182
101150	-0.110280
101200	0.122270
101250	-0.054496
101300	-0.074795
101350	-0.062348
101400	0.010123
101450	-0.059541
101500	-0.128313
101550	0.052009
101600	-0.006622
101650	0.009922
101700	-0.324204
101750	-0.069341
101800	-0.148273
101850	-0.064659
101900	0.042055
101950	0.204890
102000	-0.050976
102050	0.132618
102100	0.081864
102150	-0.153094
102200	0.146021
102250	-0.089510
102300	0.118162
102350	0.180947
102400	0.075419
102450	0.050836
102500	-0.060610
102550	-0.234858
102600	0.145452
102650	0.002492
102700	0.222049
102750	0.150840
102800	-0.070562
102850	0.128162
102900	-0.120612
102950	0.076344
103000	0.091644
103050	0.198356
103100	0.097197
103150	0.058888
103200	0.142881
103250	0.105758
103300	-0.038913
103350	0.166686
103400	-0.033592
103450	0.062990
103500	0.166798
103550	-0.273827
103600	-0.035558
103650	0.075982
103700	0.072743
103750	0.180865
103800	0.046930
103850	0.253213
103900	0.148716
103950	0.143022
104000	0.139124
104050	-0.070228
104100	-0.159737
104150	-0.009818
104200	0.137826
104250	0.168993
104300	-0.111908
104350	-0.056324
104400	0.001984
104450	-0.072281
104500	0.105365
104550	-0.028584
104600	-0.065661
104650	0.058297
104700	0.132976
104750	0.025338
104800	-0.050108
104850	-0.121991
104900	0.094649
104950	0.166372
105000	-0.241171
105050	0.032764
105100	-0.009795
105150	0.172584
105200	-0.081684
105250	0.025619
105300	0.118273
105350	-0.054691
105400	-0.112038
105450	0.180831
105500	0.097193
105550	0.019896
105600	-0.091020
105650	0.085370
105700	-0.127309
105750	-0.065885
105800	-0.068314
105850	0.066822
105900	-0.179979
105950	0.328545
106000	-0.015619
106050	-0.089857
106100	0.134767
106150	0.269078
106200	0.145433
106250	0.110896
106300	-0.043011
106350	-0.002464
106400	-0.216948
106450	-0.057454
106500	-0.155971
106550	-0.070060
106600	0.248790
106650	-0.050913
106700	0.180702
106750	0.061229
106800	0.009374
106850	-0.296661
106900	-0.005431
106950	-0.142479
107000	-0.032645
107050	-0.081695
107100	-0.112839
107150	0.146342
107200	-0.023271
107250	-0.128284
107300	0.087743
107350	0.127593
107400	0.144585
107450	0.122597
107500	-0.033306
107550	0.257259
107600	-0.069026
107650	-0.336225
107700	-0.125484
107750	0.352481
107800	-0.041173
107850	0.033202
107900	-0.029577
107950	-0.098462
108000	-0.073344
108050	-0.112291
108100	0.151325
108150	-0.147494
108200	-0.123529
108250	-0.117541
108300	0.050249
108350	0.057530
108400	0.080149
108450	0.278858
108500	0.059800
108550	0.165040
108600	-0.030665
108650	0.075634
108700	-0.225619
108750	0.103588
108800	0.041009
108850	0.122972
108900	0.079849
108950	-0.010083
109000	0.096000
109050	0.055300
109100	0.057586
109150	0.077999
109200	-0.001122
109250	0.161098
109300	0.037691
109350	0.252459
109400	0.182751
109450	-0.006049
109500	-0.080334
109550	0.081887
109600	-0.075779
109650	-0.138098
109700	-0.012100
109750	0.171551
109800	0.050422
109850	-0.214333
109900	0.179050
109950	0.110031
110000	-0.025921
110050	0.080115
110100	0.003722
110150	0.057473
110200	-0.015830
110250	0.083162
110300	0.090341
110350	0.183835
110400	0.050931
110450	-0.072730
110500	0.069640
110550	0.051350
110600	0.024870
110650	0.082360
110700	-0.132432
110750	-0.034606
110800	-0.125085
110850	0.107874
110900	0.089257
110950	-0.003345
111000	-0.060770
111050	-0.150374
111100	0.040033
111150	-0.150637
111200	-0.036626
111250	-0.101958
111300	-0.177931
111350	-0.002237
111400	0.022819
111450	0.074580
111500	-0.040512
111550	-0.222403
111600	-0.152244
111650	0.257827
111700	-0.085312
111750	-0.073246
111800	0.116736
111850	0.091319
111900	0.214076
111950	-0.095899
112000	-0.023446
112050	-0.235891
112100	0.081749
112150	-0.186050
112200	0.002777
112250	0.025051
112300	-0.027271
112350	-0.031543
112400	-0.229375
112450	0.109451
112500	-0.072395
112550	-0.128729
112600	0.082345
112650	-0.077395
112700	0.073975
112750	0.080407
112800	0.012662
112850	0.042726
112900	-0.089429
112950	-0.083739
113000	0.093554
113050	0.052353
113100	0.074920
113150	-0.073486
113200	-0.017945
113250	0.015337
113300	-0.059334
113350	0.071342
113400	-0.103153
113450	-0.053908
113500	-0.198034
113550	0.202844
113600	0.062089
113650	0.032523
113700	-0.022933
113750	0.080301
113800	0.076302
113850	0.090927
113900	-0.091278
113950	0.063695
114000	0.094321
114050	-0.207211
114100	-0.052226
114150	0.074263
114200	0.041019
114250	0.192820
114300	0.006191
114350	-0.024464
114400	-0.105045
114450	-0.063914
114500	-0.156997
114550	-0.148491
114600	0.335239
114650	-0.070405
114700	0.145163
114750	-0.094668
114800	0.100964
114850	-0.011069
114900	-0.148051
114950	0.172960
115000	-0.064725
115050	-0.102226
115100	0.121965
115150	0.175645
115200	-0.014306
115250	0.089744
115300	0.039780
115350	-0.160627
115400	-0.016713
115450	0.140818
115500	0.071725
115550	0.003422
115600	-0.179039
115650	-0.125814
115700	-0.353074
115750	-0.228223
115800	0.001415
115850	-0.062323
115900	-0.241976
115950	-0.119376
116000	0.229241
116050	0.039237
116100	0.170475
116150	0.043508
116200	-0.017942
116250	-0.184514
116300	-0.199638
116350	-0.037878
116400	0.100885
116450	-0.058703
116500	-0.179942
116550	-0.079592
116600	-0.151476
116650	-0.079347
116700	0.054652
116750	0.015121
116800	-0.189333
116850	0.192142
116900	0.083672
116950	0.006966
117000	0.068333
117050	-0.062828
117100	0.136545
117150	-0.153666
117200	-0.151501
117250	-0.017640
117300	-0.016575
117350	-0.006202
117400	0.052434
117450	0.393567
117500	-0.194551
117550	-0.029562
117600	0.041358
117650	0.095982
117700	0.026618
117750	-0.014312
117800	-0.160562
117850	-0.035432
117900	0.093922
117950	0.088968
118000	-0.084699
118050	-0.057949
118100	-0.234125
118150	-0.045336
118200	0.154978
118250	-0.147264
118300	-0.084299
118350	-0.091606
118400	-0.276671
118450	0.103007
118500	-0.060788
118550	0.047550
118600	0.065914
118650	0.033557
118700	0.079004
118750	0.171231
118800	0.056120
118850	0.058608
118900	-0.019482
118950	0.034664
119000	0.179534
119050	0.149564
119100	0.110817
119150	-0.004743
119200	0.149763
119250	0.136129
119300	0.015169
119350	-0.144149
119400	-0.037019
119450	-0.133827
119500	0.046143
119550	-0.134940
119600	-0.147795
119650	0.018981
119700	-0.013837
119750	0.060458
119800	-0.138997
119850	0.126768
119900	0.035991
119950	0.374130
120000	-0.109165
120050	-0.069835
120100	0.142108
120150	-0.037530
120200	-0.160867
120250	0.013203
120300	-0.221955
120350	-0.194336
120400	-0.128804
120450	-0.001955
120500	0.059213
120550	-0.075369
120600	-0.062373
120650	0.193343
120700	0.142509
120750	-0.030289
120800	-0.008067
120850	0.001445
120900	-0.056339
120950	0.084422
121000	0.001012
121050	0.097088
121100	-0.067991
121150	0.188370
121200	-0.080796
121250	-0.126417
121300	-0.051917
121350	-0.182442
121400	0.021317
121450	0.078529
121500	0.002414
121550	-0.257366
121600	0.038359
121650	-0.204301
121700	0.073956
121750	0.059652
121800	0.246792
121850	0.065507
121900	-0.144490
121950	-0.091055
122000	-0.089828
122050	0.265496
122100	0.025889
122150	-0.160573
122200	0.229389
122250	-0.110236
122300	0.054724
122350	0.179170
122400	0.067943
122450	-0.112859
122500	0.028575
122550	-0.027890
122600	-0.057064
122650	0.162069
122700	0.090796
122750	0.125115
122800	0.007312
122850	0.092995
122900	-0.063405
122950	0.019409
123000	0.044751
123050	0.049367
123100	-0.164525
123150	-0.041263
123200	0.046968
123250	-0.119288
123300	0.124109
123350	0.058213
123400	0.135621
123450	0.219141
123500	-0.073381
123550	0.082640
123600	-0.041172
123650	-0.196499
123700	-0.039277
123750	0.091961
123800	0.099915
123850	-0.062662
123900	0.098922
123950	0.021698
124000	0.114048
124050	0.254310
124100	0.017598
124150	0.062274
124200	0.039901
124250	0.052140
124300	0.145083
124350	0.181638
124400	-0.032954
124450	0.004219
124500	-0.275355
124550	-0.095310
124600	-0.193925
124650	-0.221518
124700	-0.003960
124750	-0.010209
124800	-0.044426
124850	0.090464
124900	0.030124
124950	0.134489
125000	-0.038859
125050	-0.230203
125100	-0.117889
125150	0.070937
125200	-0.070272
125250	-0.013777
125300	-0.110347
125350	-0.228327
125400	0.097294
125450	0.076295
125500	0.024285
125550	0.155915
125600	-0.009580
125650	0.311182
125700	0.056649
125750	-0.092799
125800	0.070960
125850	-0.005880
125900	0.000665
125950	-0.029065
126000	0.055327
126050	0.257650
126100	-0.001765
126150	-0.089496
126200	-0.213058
126250	-0.039028
126300	-0.106943
126350	0.087328
126400	0.011667
126450	0.012863
126500	0.031640
126550	0.136828
126600	-0.002291
126650	-0.103171
126700	-0.052356
126750	0.157227
126800	0.107768
126850	-0.102708
126900	0.145227
126950	0.197033
127000	0.156492
127050	0.014749
127100	0.051983
127150	0.174299
127200	0.134462
127250	0.071689
127300	-0.021953
127350	0.196891
127400	-0.086109
127450	0.087262
127500	0.091546
127550	-0.111072
127600	0.101023
127650	0.148057
127700	-0.027252
127750	0.076014
127800	0.068628
127850	0.056884
127900	0.173461
127950	0.070135
128000	-0.106923
128050	0.052400
128100	-0.023096
128150	-0.027603
128200	-0.035172
128250	-0.229209
128300	0.232311
128350	0.097646
128400	-0.377672
128450	0.101506
128500	0.086984
128550	0.011815
128600	-0.054225
128650	0.038531
128700	0.026389
128750	0.239625
128800	0.257053
128850	-0.101200
128900	-0.215576
128950	-0.297398
129000	0.020015
129050	0.139745
129100	0.093378
129150	-0.081428
129200	0.046196
129250	0.021937
129300	-0.140885
129350	0.030157
129400	0.121653
129450	-0.014407
129500	0.158374
129550	0.096008
129600	0.122481
129650	-0.034773
129700	0.016015
129750	-0.085585
129800	-0.060734
129850	0.059068
129900	0.134454
129950	-0.107581
130000	-0.097241
130050	-0.333511
130100	-0.068187
130150	0.120172
130200	0.171306
130250	-0.017213
130300	-0.068671
130350	0.071209
130400	0.012342
130450	-0.080250
130500	0.143116
130550	0.012310
130600	0.043405
130650	0.298479
130700	-0.110261
130750	0.159369
130800	0.126890
130850	-0.096161
130900	0.123414
130950	0.146986
131000	-0.006298
131050	0.186958
131100	0.173484
131150	-0.020136
131200	0.237512
131250	-0.054093
131300	0.214533
131350	0.185930
131400	-0.080261
131450	-0.097348
131500	-0.057245
131550	0.006129
131600	0.173565
131650	0.164404
131700	0.008448
131750	-0.273712
131800	0.076723
131850	-0.127255
131900	0.092012
131950	-0.037742
132000	0.026570
132050	0.124100
132100	0.106944
132150	-0.058577
132200	0.325736
132250	0.126364
132300	0.006758
132350	0.136158
132400	-0.073971
132450	0.101308
132500	0.025320
132550	0.058963
132600	0.009128
132650	0.154391
132700	0.140707
132750	0.062556
132800	-0.025921
132850	-0.032651
132900	0.038165
132950	-0.105431
133000	-0.183089
133050	-0.189896
133100	0.136553
133150	0.078375
133200	-0.255181
133250	0.002318
133300	-0.058504
133350	0.302409
133400	0.167663
133450	0.124911
133500	0.036691
133550	0.017961
133600	0.042218
133650	-0.048264
133700	-0.034603
133750	-0.022957
133800	0.045834
133850	0.107595
133900	0.032058
133950	0.034116
134000	-0.187117
134050	0.015285
134100	-0.024905
134150	0.206317
134200	0.019201
134250	0.009856
134300	0.080289
134350	0.041216
134400	0.173892
134450	-0.123633
134500	0.009235
134550	0.287659
134600	0.033719
134650	0.098433
134700	-0.145606
134750	-0.084984
134800	0.035110
134850	-0.066307
134900	-0.155017
134950	-0.038427
135000	-0.140579
135050	0.021941
135100	-0.207832
135150	-0.141963
135200	-0.091725
135250	-0.025140
135300	-0.182634
135350	-0.273036
135400	-0.111834
135450	-0.016768
135500	-0.047098
135550	0.055256
135600	-0.130305
135650	0.079905
135700	-0.355319
135750	-0.015111
135800	0.228954
135850	0.086725
135900	0.108930
135950	0.078475
136000	0.023107
136050	-0.295610
136100	-0.076959
136150	-0.078441
136200	0.063576
136250	-0.048845
136300	0.024582
136350	0.201534
136400	-0.030252
136450	0.196300
136500	0.106436
136550	0.050227
136600	0.034228
136650	-0.113775
136700	0.140287
136750	0.296384
136800	0.222302
136850	0.188374
136900	0.063568
136950	0.031707
137000	-0.017777
137050	0.089753
137100	-0.104318
137150	-0.103875
137200	0.156502
137250	0.016246
137300	0.207080
137350	0.094450
137400	-0.110373
137450	-0.061948
137500	-0.067038
137550	-0.005240
137600	-0.092778
137650	-0.056545
137700	0.108568
137750	-0.100312
137800	0.063228
137850	-0.065740
137900	-0.177037
137950	0.243581
138000	0.031286
138050	0.048458
138100	-0.062114
138150	-0.028922
138200	0.096825
138250	0.027287
138300	0.010235
138350	-0.049499
138400	0.088761
138450	-0.113834
138500	-0.214121
138550	0.078878
138600	0.006486
138650	-0.056312
138700	-0.086698
138750	-0.195792
138800	-0.097603
138850	-0.068669
138900	0.020148
138950	0.123647
139000	-0.067072
139050	0.253007
139100	0.198893
139150	-0.012526
139200	0.117435
139250	0.125346
139300	-0.285153
139350	-0.001966
139400	-0.035881
139450	-0.107535
139500	-0.041770
139550	0.016500
139600	0.208304
139650	0.299498
139700	0.127198
139750	0.062293
139800	0.090095
139850	-0.028758
139900	0.052617
139950	0.204562
140000	0.016200
140050	0.158186
140100	-0.300250
140150	0.123579
140200	-0.174519
140250	0.062593
140300	-0.132524
140350	-0.113146
140400	-0.104233
140450	0.067880
140500	-0.135783
140550	-0.013086
140600	-0.033450
140650	0.092264
140700	-0.066306
140750	0.152314
140800	0.014305
140850	0.092023
140900	-0.123692
140950	-0.018245
141000	0.322139
141050	0.057194
141100	-0.180592
141150	0.330573
141200	-0.104903
141250	0.071654
141300	0.110842
141350	-0.286333
141400	0.004365
141450	0.067075
141500	0.122938
141550	0.038702
141600	-0.152462
141650	0.184811
141700	0.097728
141750	0.115282
141800	0.151575
141850	-0.168350
141900	-0.146540
141950	0.250137
142000	0.106333
142050	0.240155
142100	0.186389
142150	-0.079789
142200	-0.049046
142250	-0.029029
142300	-0.005567
142350	0.239290
142400	-0.024080
142450	0.031923
142500	-0.098081
142550	0.020971
142600	0.333039
142650	-0.117644
142700	-0.305386
142750	-0.040076
142800	0.033972
142850	-0.003304
142900	0.107372
142950	0.134683
143000	0.117130
143050	-0.070719
143100	-0.200676
143150	0.076106
143200	-0.024168
143250	-0.153788
143300	-0.256181
143350	-0.107405
143400	-0.246826
143450	0.055315
143500	-0.005477
143550	0.001179
143600	-0.109834
143650	0.086398
143700	0.088844
143750	0.093043
143800	0.007536
143850	-0.243251
143900	-0.044069
143950	0.097722
144000	-0.004594
144050	-0.036233
144100	-0.098983
144150	0.092329
144200	0.194415
144250	-0.120955
144300	0.173017
144350	0.116450
144400	0.057506
144450	0.107717
144500	0.224951
144550	0.126032
144600	-0.206260
144650	-0.103705
144700	-0.001627
144750	0.000692
144800	-0.067211
144850	-0.140301
144900	-0.071009
144950	0.062601
145000	-0.227358
145050	-0.280358
145100	0.235524
145150	0.030813
145200	0.156799
145250	-0.051714
145300	-0.091219
145350	0.107002
145400	0.026343
145450	0.010567
145500	0.299905
145550	0.091291
145600	-0.091405
145650	0.041672
145700	0.059938
145750	0.031340
145800	-0.051890
145850	0.005025
145900	-0.077886
145950	-0.057299
146000	0.135037
146050	0.095910
146100	0.067086
146150	-0.024986
146200	0.188982
146250	0.204997
146300	0.260747
146350	0.080080
146400	0.204913
146450	0.195189
146500	0.073002
146550	-0.118415
146600	-0.330995
146650	-0.005913
146700	-0.184057
146750	-0.175080
146800	0.169149
146850	0.157861
146900	-0.098110
146950	-0.032738
147000	-0.212887
147050	-0.064565
147100	0.194569
147150	0.068818
147200	-0.012452
147250	-0.068011
147300	0.081696
147350	-0.149278
147400	-0.031649
147450	-0.019957
147500	0.119970
147550	0.031271
147600	-0.164689
147650	0.189281
147700	-0.432129
147750	-0.122074
147800	0.108209
147850	-0.081250
147900	-0.020494
147950	-0.119263
148000	0.102735
148050	-0.138636
148100	0.022496
148150	0.037664
148200	-0.018046
148250	0.074315
148300	-0.022015
148350	-0.350952
148400	0.007458
148450	0.036228
148500	0.044810
148550	0.077447
148600	0.098558
148650	0.384493
148700	-0.221315
148750	-0.001941
148800	-0.017428
148850	-0.014459
148900	-0.012627
148950	0.033354
149000	-0.156349
149050	0.028649
149100	-0.122956
149150	0.324354
149200	-0.003660
149250	0.047087
149300	0.046753
149350	0.200856
149400	-0.013948
149450	-0.221623
149500	0.073775
149550	-0.012228
149600	0.042362
149650	-0.005617
149700	0.077167
149750	0.232553
149800	-0.013693
149850	-0.002497
149900	0.086121
149950	0.172215
150000	0.305711
150050	-0.014969
150100	0.213287
150150	0.254706
150200	0.294806
150250	0.235385
150300	0.197275
150350	-0.102345
150400	0.107136
150450	-0.007301
150500	0.236189
150550	0.049095
150600	0.009156
150650	0.106753
150700	0.074872
150750	-0.163354
150800	0.131514
150850	-0.011120
150900	0.066085
150950	-0.367672
151000	-0.118361
151050	0.024728
151100	-0.056448
151150	0.014378
151200	0.013516
151250	0.042823
151300	0.111293
151350	-0.185388
151400	-0.006122
151450	0.441437
151500	0.007260
151550	0.049278
151600	0.040421
151650	-0.030464
151700	-0.048119
151750	0.148187
151800	0.005516
151850	0.224416
151900	0.347128
151950	0.144399
152000	-0.062540
152050	-0.243388
152100	-0.054282
152150	0.084849
152200	0.128666
152250	0.002256
152300	-0.166537
152350	0.111906
152400	-0.003253
152450	-0.057747
152500	0.006137
152550	0.077373
152600	0.068410
152650	-0.084959
152700	-0.005150
152750	-0.015799
152800	-0.099226
152850	0.028481
152900	0.037616
152950	0.025917
153000	0.028699
153050	-0.111953
153100	-0.083189
153150	0.052801
153200	-0.146140
153250	-0.092918
153300	-0.147702
153350	-0.050942
153400	-0.231213
153450	-0.214160
153500	-0.213112
153550	0.038398
153600	0.107055
153650	0.077791
153700	0.237201
153750	-0.014203
153800	0.053857
153850	-0.159632
153900	-0.326522
153950	0.047936
154000	0.296686
154050	0.296893
154100	-0.046368
154150	0.031499
154200	-0.130039
154250	0.016983
154300	-0.104756
154350	-0.117410
154400	-0.169601
154450	0.039999
154500	-0.091458
154550	-0.045571
154600	-0.088992
154650	0.007382
154700	-0.005483
154750	-0.142420
154800	-0.062683
154850	-0.474492
154900	-0.054379
154950	0.044517
155000	-0.268805
155050	-0.161588
155100	0.098980
155150	-0.178335
155200	-0.073778
155250	-0.025734
155300	0.157348
155350	-0.323367
155400	-0.153410
155450	-0.028035
155500	-0.009323
155550	-0.136652
155600	-0.013136
155650	0.106583
155700	-0.121522
155750	-0.124808
155800	-0.210699
155850	-0.085368
155900	-0.328291
155950	0.147688
156000	-0.103991
156050	-0.163968
156100	-0.006288
156150	-0.142831
156200	0.107310
156250	0.156158
156300	-0.074970
156350	0.091955
156400	0.016347
156450	0.225631
156500	-0.087751
156550	-0.059798
156600	0.057259
156650	-0.139498
156700	0.207684
156750	-0.044768
156800	0.311944
156850	-0.097144
156900	-0.090172
156950	0.018912
157000	-0.161870
157050	-0.120558
157100	0.193486
157150	-0.104143
157200	-0.154516
157250	0.113045
157300	0.181869
157350	0.138476
157400	0.012085
157450	0.101475
157500	-0.138692
157550	0.021764
157600	-0.031385
157650	0.081865
157700	0.120130
157750	0.223236
157800	-0.094956
157850	0.127676
157900	0.066743
157950	0.063336
158000	0.017676
158050	-0.042116
158100	-0.115295
158150	-0.165688
158200	-0.025860
158250	-0.064253
158300	-0.115178
158350	-0.015561
158400	-0.058264
158450	0.091080
158500	-0.115887
158550	-0.011538
158600	0.024170
158650	-0.019008
158700	0.046842
158750	0.020912
158800	0.027384
158850	0.260366
158900	0.006801
158950	-0.025925
159000	-0.029605
159050	-0.184252
159100	-0.080378
159150	-0.178734
159200	-0.041676
159250	0.005927
159300	0.197503
159350	-0.008153
159400	-0.022847
159450	0.033513
159500	-0.023025
159550	0.160584
159600	0.145746
159650	-0.004214
159700	0.095579
159750	-0.183569
159800	0.154926
159850	-0.098239
159900	-0.163723
159950	-0.013130
160000	0.248710
160050	-0.049909
160100	-0.023140
160150	0.159143
160200	-0.029773
160250	0.195982
160300	-0.049643
160350	-0.061366
160400	-0.195750
160450	-0.121590
160500	-0.064132
160550	0.039808
160600	-0.227497
160650	-0.057535
160700	-0.007275
160750	-0.030352
160800	0.079326
160850	0.052503
160900	-0.099967
160950	-0.285413
161000	0.209769
161050	-0.029130
161100	-0.409586
161150	-0.074327
161200	-0.052188
161250	0.086418
161300	-0.136144
161350	-0.140068
161400	-0.184967
161450	0.234891
161500	0.094804
161550	0.084355
161600	0.026217
161650	0.269165
161700	0.145244
161750	0.188798
161800	0.025335
161850	-0.097456
161900	0.232196
161950	0.258337
162000	-0.167522
162050	0.082828
162100	0.021898
162150	0.117457
162200	0.109119
162250	0.199830
162300	0.141533
162350	0.013290
162400	0.025060
162450	-0.136871
162500	-0.246075
162550	-0.216906
162600	-0.055724
162650	0.162600
162700	-0.036010
162750	0.070873
162800	-0.059141
162850	0.096792
162900	-0.031860
162950	0.064964
163000	0.094276
163050	-0.215314
163100	-0.090192
163150	0.163922
163200	0.105794
163250	-0.150843
163300	0.057743
163350	-0.283033
163400	-0.100838
163450	0.033876
163500	-0.157181
163550	-0.090334
163600	-0.139654
163650	0.009959
163700	-0.092286
163750	0.133536
163800	0.159466
163850	0.055221
163900	-0.046830
163950	0.080370
164000	0.227989
164050	0.173288
164100	0.252525
164150	0.006701
164200	-0.224370
164250	-0.075285
164300	-0.259046
164350	-0.124210
164400	0.088560
164450	-0.054511
164500	0.153208
164550	0.085167
164600	0.339251
164650	-0.048366
164700	-0.236465
164750	-0.087039
164800	0.051070
164850	0.061668
164900	-0.049147
164950	-0.142814
165000	0.026081
165050	0.247447
165100	-0.011871
165150	-0.056607
165200	-0.029105
165250	0.118095
165300	0.057750
165350	-0.072447
165400	0.179250
165450	0.142972
165500	0.136935
165550	0.135259
165600	0.091968
165650	0.224280
165700	0.137112
165750	-0.112243
165800	0.128632
165850	0.009622
165900	-0.092434
165950	0.113705
166000	-0.358782
166050	-0.046963
166100	0.010715
166150	0.086325
166200	-0.002873
166250	0.117465
166300	0.005725
166350	0.213372
166400	0.185905
166450	-0.099800
166500	0.067776
166550	0.014304
166600	-0.132642
166650	0.158278
166700	-0.094913
166750	0.267442
166800	-0.054905
166850	-0.200768
166900	-0.170259
166950	0.109537
167000	-0.054994
167050	0.374933
167100	-0.017481
167150	-0.022851
167200	-0.041437
167250	0.062995
167300	-0.001661
167350	0.108991
167400	0.094712
167450	-0.011026
167500	0.319319
167550	0.037173
167600	0.068062
167650	-0.160987
167700	0.145094
167750	-0.114877
167800	-0.095816
167850	-0.005893
167900	0.050036
167950	0.011611
168000	-0.132357
168050	-0.093786
168100	-0.029074
168150	-0.152278
168200	0.246242
168250	-0.121259
168300	-0.154751
168350	-0.126231
168400	0.071681
168450	0.044115
168500	0.035024
168550	-0.078799
168600	0.032777
168650	0.300383
168700	-0.103686
168750	-0.093696
168800	-0.058346
168850	0.120112
168900	0.097908
168950	-0.018035
169000	-0.106323
169050	-0.024365
169100	0.213965
169150	0.016241
169200	0.217451
169250	-0.108826
169300	-0.060865
169350	-0.078227
169400	0.208038
169450	-0.073069
169500	-0.122484
169550	0.098739
169600	0.099436
169650	-0.001445
169700	0.181393
169750	-0.154426
169800	-0.025551
169850	-0.011099
169900	0.029279
169950	-0.415100
170000	-0.053583
170050	-0.330636
170100	-0.221169
170150	-0.300556
170200	-0.090898
170250	0.310958
170300	0.076329
170350	0.146895
170400	0.151296
170450	0.077199
170500	-0.012776
170550	0.157125
170600	-0.090686
170650	0.069770
170700	-0.280187
170750	-0.011217
170800	0.070761
170850	-0.034948
170900	-0.065525
170950	-0.237780
171000	0.014633
171050	0.104490
171100	0.109749
171150	0.118297
171200	0.195676
171250	-0.104839
171300	-0.064816
171350	0.011418
171400	-0.046887
171450	0.016490
171500	-0.115598
171550	-0.206164
171600	-0.019983
171650	-0.036254
171700	0.056212
171750	-0.087522
171800	0.367799
171850	0.134638
171900	0.113284
171950	0.093798
172000	-0.005129
172050	0.106788
172100	0.048922
172150	0.048274
172200	0.102658
172250	-0.073134
172300	0.132459
172350	-0.162418
172400	-0.051946
172450	0.028818
172500	0.047918
172550	0.337281
172600	0.092469
172650	0.159328
172700	0.200648
172750	0.041019
172800	0.032347
172850	0.296096
172900	0.110466
172950	0.108647
173000	-0.055380
173050	-0.140902
173100	-0.164003
173150	-0.060244
173200	0.128260
173250	-0.110372
173300	-0.074335
173350	0.130683
173400	0.103974
173450	-0.094671
173500	-0.102884
173550	-0.034042
173600	-0.064212
173650	-0.082579
173700	0.066436
173750	0.084554
173800	-0.172997
173850	0.137961
173900	-0.039911
173950	-0.023363
174000	0.172314
174050	-0.058116
174100	0.035803
174150	0.065760
174200	-0.230476
174250	0.079194
174300	-0.019236
174350	0.136658
174400	0.021273
174450	-0.017304
174500	-0.176075
174550	0.130651
174600	0.112202
174650	0.091797
174700	0.070258
174750	0.088643
174800	0.151140
174850	0.197456
174900	0.136585
174950	0.141086
175000	0.025820
175050	0.057316
175100	0.067006
175150	-0.012370
175200	-0.032205
175250	-0.205206
175300	-0.188817
175350	-0.173929
175400	-0.317971
175450	0.103747
175500	0.044104
175550	-0.202696
175600	-0.146530
175650	-0.051437
175700	0.146580
175750	0.027346
175800	0.074386
175850	0.118998
175900	-0.066965
175950	0.087913
176000	0.051830
176050	-0.023281
176100	-0.250801
176150	0.143471
176200	-0.011504
176250	0.016299
176300	-0.089779
176350	-0.085634
176400	0.032644
176450	-0.049167
176500	0.049486
176550	-0.028207
176600	-0.083998
176650	0.212854
176700	-0.154085
176750	0.031968
176800	-0.051912
176850	0.073918
176900	-0.035133
176950	0.047039
177000	-0.010697
177050	-0.417636
177100	-0.026926
177150	-0.056134
177200	-0.050761
177250	-0.043303
177300	-0.167337
177350	0.207557
177400	-0.036303
177450	-0.111255
177500	0.046592
177550	0.101539
177600	0.079648
177650	-0.048747
177700	0.204194
177750	0.105921
177800	0.185049
177850	-0.136306
177900	0.057173
177950	0.126874
178000	0.003103
178050	-0.283410
178100	-0.108408
178150	0.202620
178200	0.252975
178250	-0.028016
178300	0.188391
178350	-0.265718
178400	-0.141368
178450	0.064508
178500	0.089907
178550	-0.252537
178600	-0.070984
178650	-0.115976
178700	-0.160568
178750	-0.257109
178800	0.039650
178850	-0.047443
178900	0.044255
178950	-0.002509
179000	0.044498
179050	0.028083
179100	0.332998
179150	-0.157274
179200	0.215576
179250	-0.073088
179300	-0.046711
179350	-0.107208
179400	-0.232598
179450	0.084828
179500	0.111625
179550	0.148004
179600	-0.063666
179650	0.140504
179700	0.089755
179750	-0.028415
179800	-0.087033
179850	-0.213646
179900	0.048855
179950	-0.034003
180000	0.149418
180050	-0.069450
180100	0.189172
180150	-0.073151
180200	-0.019662
180250	-0.126191
180300	0.089651
180350	0.176745
180400	-0.049354
180450	-0.111525
180500	-0.008888
180550	0.096924
180600	-0.154346
180650	0.025309
180700	-0.070851
180750	-0.128985
180800	-0.125869
180850	0.164765
180900	0.008389
180950	-0.181552
181000	-0.014681
181050	-0.070426
181100	0.032585
181150	0.034401
181200	-0.084557
181250	-0.110083
181300	0.030430
181350	0.060691
181400	0.022576
181450	0.057609
181500	-0.023365
181550	0.144062
181600	0.109918
181650	0.005870
181700	-0.178339
181750	-0.170867
181800	0.092836
181850	-0.288603
181900	0.059302
181950	0.122521
182000	0.080086
182050	0.018368
182100	-0.118918
182150	-0.038897
182200	-0.134837
182250	0.095885
182300	-0.100560
182350	0.106096
182400	-0.048681
182450	0.036695
182500	0.127399
182550	0.060135
182600	-0.006474
182650	0.121360
182700	0.035093
182750	0.078981
182800	-0.067991
182850	0.014627
182900	0.213096
182950	-0.019515
183000	0.051508
183050	-0.126598
183100	-0.094077
183150	-0.078587
183200	-0.205262
183250	-0.172215
183300	-0.155099
183350	-0.148664
183400	-0.010643
183450	0.215098
183500	-0.025220
183550	0.018356
183600	-0.083629
183650	-0.014418
183700	0.113511
183750	0.029325
183800	-0.039112
183850	0.095694
183900	0.128581
183950	0.094766
184000	-0.226237
184050	-0.192147
184100	0.011259
184150	0.135797
184200	-0.029885
184250	-0.221623
184300	0.189648
184350	-0.097389
184400	-0.068027
184450	-0.104444
184500	0.129379
184550	0.057641
184600	-0.238216
184650	0.086043
184700	0.104716
184750	0.038322
184800	-0.089130
184850	0.204462
184900	0.201138
184950	-0.030826
185000	0.170279
185050	-0.123154
185100	-0.295870
185150	-0.072616
185200	-0.181055
185250	0.037956
185300	-0.168499
185350	-0.130521
185400	-0.013624
185450	0.095584
185500	0.021452
185550	0.004099
185600	-0.133870
185650	0.092426
185700	-0.005354
185750	-0.099105
185800	0.051159
185850	0.115477
185900	0.019908
185950	-0.195273
186000	-0.034009
186050	-0.119220
186100	-0.332253
186150	0.010455
186200	-0.058883
186250	0.030608
186300	0.050413
186350	-0.028158
186400	0.038866
186450	-0.156023
186500	0.013253
186550	-0.013109
186600	-0.027069
186650	-0.151378
186700	-0.161976
186750	-0.240157
186800	-0.046146
186850	-0.289309
186900	-0.134115
186950	0.023852
187000	-0.036562
187050	-0.108214
187100	-0.227874
187150	-0.123404
187200	-0.119872
187250	0.084210
187300	-0.147240
187350	0.190878
187400	-0.178511
187450	0.008328
187500	-0.170040
187550	-0.121440
187600	0.137245
187650	-0.004302
187700	-0.243376
187750	-0.211013
187800	0.176108
187850	-0.009800
187900	-0.094635
187950	0.131275
188000	-0.043824
188050	-0.112768
188100	-0.009915
188150	-0.176393
188200	-0.012909
188250	-0.084157
188300	-0.009864
188350	-0.073023
188400	0.039298
188450	-0.129735
188500	-0.148144
188550	-0.103198
188600	0.080818
188650	0.069058
188700	-0.087965
188750	-0.085402
188800	0.007903
188850	-0.031346
188900	-0.158428
188950	-0.107144
189000	-0.118001
189050	0.054910
189100	-0.032775
189150	0.013690
189200	-0.310033
189250	0.081871
189300	-0.188059
189350	-0.217032
189400	-0.136528
189450	0.165710
189500	-0.018337
189550	-0.037438
189600	-0.004986
189650	0.031577
189700	-0.029330
189750	-0.008559
189800	0.067057
189850	0.005643
189900	-0.063169
189950	0.049757
190000	0.090056
190050	0.114607
190100	0.010896
190150	-0.043380
190200	0.118572
190250	0.172622
190300	-0.048538
190350	0.160309
190400	-0.000195
190450	-0.023259
190500	-0.196754
190550	-0.085875
190600	-0.039416
190650	0.017898
190700	-0.230197
190750	-0.149678
190800	-0.175888
190850	-0.032592
190900	-0.034827
190950	0.251081
191000	0.053596
191050	0.075249
191100	-0.083387
191150	0.095220
191200	0.046893
191250	-0.008697
191300	0.156051
191350	-0.088584
191400	-0.432135
191450	-0.052441
191500	-0.066803
191550	-0.125374
191600	0.164416
191650	-0.030703
191700	0.036916
191750	0.158114
191800	-0.095975
191850	-0.047276
191900	-0.162735
191950	-0.036783
192000	-0.123061
192050	-0.151636
192100	-0.245670
192150	0.038020
192200	0.124180
192250	0.051357
192300	-0.150651
192350	0.168914
192400	0.047620
192450	0.207295
192500	-0.026905
192550	-0.059543
192600	0.097813
192650	0.064745
192700	-0.155905
192750	0.053889
192800	-0.097128
192850	-0.027293
192900	0.040605
192950	0.174440
193000	-0.039137
193050	-0.221443
193100	0.004292
193150	-0.020643
193200	0.189290
193250	0.240429
193300	0.051364
193350	0.126526
193400	0.087720
193450	0.038506
193500	0.068569
193550	-0.153881
193600	-0.024418
193650	0.074001
193700	-0.073857
193750	0.105401
193800	0.302260
193850	0.051244
193900	0.181988
193950	-0.165543
194000	-0.019926
194050	0.036342
194100	0.127254
194150	-0.140460
194200	-0.141288
194250	0.096477
194300	-0.242048
194350	-0.234300
194400	0.007921
194450	-0.048023
194500	-0.099003
194550	0.174869
194600	-0.022209
194650	0.069009
194700	0.139296
194750	0.305052
194800	-0.191268
194850	0.040474
194900	-0.061150
194950	-0.122572
195000	0.174667
195050	-0.120081
195100	-0.017217
195150	0.058346
195200	-0.086440
195250	0.187328
195300	0.081814
195350	0.173912
195400	0.101378
195450	-0.075101
195500	-0.071344
195550	-0.076921
195600	-0.072309
195650	-0.037663
195700	0.147264
195750	-0.097637
195800	-0.226156
195850	0.166441
195900	-0.198765
195950	0.008239
196000	0.095167
196050	0.048849
196100	-0.072556
196150	-0.165516
196200	0.179002
196250	-0.173922
196300	-0.136261
196350	-0.038014
196400	0.042106
196450	-0.179960
196500	0.025450
196550	-0.266945
196600	-0.041330
196650	-0.145224
196700	-0.124981
196750	-0.149570
196800	0.221416
196850	0.135420
196900	-0.084566
196950	-0.138056
197000	-0.159104
197050	-0.167786
197100	0.105899
197150	-0.167833
197200	-0.078564
197250	0.010892
197300	0.222358
197350	-0.159444
197400	0.337442
197450	0.368961
197500	0.097227
197550	-0.069037
197600	0.053405
197650	0.147407
197700	0.194540
197750	-0.044134
197800	-0.058433
197850	-0.021941
197900	0.130919
197950	-0.082228
198000	-0.129191
198050	0.149177
198100	0.081236
198150	-0.056384
198200	0.023470
198250	-0.219235
198300	-0.054182
198350	-0.173820
198400	0.078101
198450	-0.213760
198500	-0.012352
198550	-0.077688
198600	-0.021500
198650	-0.064605
198700	0.026985
198750	-0.050401
198800	-0.153207
198850	0.018853
198900	0.156748
198950	0.059514
199000	-0.032180
199050	0.035859
199100	-0.217958
199150	-0.069965
199200	-0.126059
199250	-0.021896
199300	-0.030074
199350	-0.009068
199400	0.246266
199450	-0.166862
199500	0.017173
199550	0.039267
199600	-0.116485
199650	0.258841
199700	-0.205659
199750	0.017031
199800	-0.189864
199850	0.003710
199900	0.279171
199950	0.018816
