0	40.911594
50	2.520567
100	0.908282
150	0.615784
200	0.414506
250	0.325664
300	0.402318
350	0.456403
400	0.316604
450	0.296300
500	0.081643
550	-0.203675
600	-0.001172
650	0.194965
700	0.125351
750	0.111011
800	0.090851
850	0.168402
900	0.290792
950	-0.034267
1000	0.134840
1050	0.330989
1100	0.210477
1150	0.031754
1200	0.064857
1250	0.105869
1300	0.176759
1350	0.106812
1400	0.273314
1450	0.104262
1500	0.100667
1550	0.037887
1600	0.211213
1650	0.117735
1700	0.059691
1750	-0.079625
1800	-0.190075
1850	0.137010
1900	0.000003
1950	0.103416
2000	0.226816
2050	0.292238
2100	0.119637
2150	0.121058
2200	-0.087135
2250	-0.021387
2300	-0.165536
2350	0.148537
2400	0.223076
2450	0.180826
2500	0.190327
2550	0.086896
2600	0.099857
2650	-0.081100
2700	0.070560
2750	-0.319528
2800	0.022901
2850	-0.104421
2900	0.051205
2950	-0.070270
3000	-0.168394
3050	0.068841
3100	-0.107961
3150	-0.064717
3200	-0.009563
3250	-0.052810
3300	0.438785
3350	0.154144
3400	-0.015441
3450	0.140466
3500	0.096261
3550	0.057415
3600	-0.000768
3650	0.126282
3700	0.075851
3750	-0.156144
3800	0.140252
3850	0.045488
3900	0.202009
3950	0.160875
4000	0.006000
4050	0.037628
4100	0.143234
4150	-0.058408
4200	0.098257
4250	0.301819
4300	0.133732
4350	0.185041
4400	0.034287
4450	-0.048426
4500	-0.096322
4550	0.277938
4600	0.031573
4650	-0.175480
4700	-0.245252
4750	-0.071023
4800	0.034939
4850	-0.097185
4900	-0.107650
4950	0.154083
5000	-0.196402
5050	-0.176361
5100	-0.003343
5150	-0.006128
5200	-0.044813
5250	-0.090215
5300	-0.167565
5350	-0.090434
5400	-0.061779
5450	-0.038976
5500	-0.024787
5550	0.168249
5600	-0.045446
5650	-0.008101
5700	0.027329
5750	-0.110661
5800	-0.010354
5850	0.120260
5900	0.021203
5950	0.106926
6000	0.048729
6050	0.064632
6100	-0.119098
6150	0.060084
6200	0.233509
6250	-0.007179
6300	-0.161052
6350	-0.012362
6400	0.115991
6450	0.115737
6500	-0.158699
6550	-0.018593
6600	0.093795
6650	-0.034281
6700	0.026339
6750	0.163459
6800	-0.036608
6850	-0.001096
6900	0.157480
6950	0.199680
7000	0.169288
7050	0.133580
7100	-0.108183
7150	-0.016341
7200	-0.017387
7250	0.037759
7300	0.202485
7350	0.029534
7400	0.056414
7450	-0.026881
7500	-0.004531
7550	0.127030
7600	0.051534
7650	0.025899
7700	0.054623
7750	-0.070989
7800	0.075491
7850	-0.064437
7900	-0.246177
7950	0.041539
8000	-0.149282
8050	-0.139501
8100	-0.035825
8150	0.016994
8200	0.089499
8250	0.110229
8300	-0.021807
8350	-0.052468
8400	0.081366
8450	0.048571
8500	-0.008203
8550	0.050820
8600	0.091309
8650	-0.002104
8700	0.101400
8750	0.021881
8800	0.197871
8850	0.002666
8900	-0.098488
8950	-0.199536
9000	0.076548
9050	0.128295
9100	0.044625
9150	-0.115991
9200	-0.217072
9250	-0.127978
9300	-0.011675
9350	0.066991
9400	0.196852
9450	-0.074194
9500	0.062812
9550	0.060947
9600	-0.014410
9650	0.122470
9700	-0.088908
9750	0.066819
9800	0.269219
9850	0.137736
9900	0.089103
9950	0.150310
10000	-0.140610
10050	0.041266
10100	-0.024019
10150	0.157607
10200	-0.036621
10250	0.164952
10300	0.021856
10350	0.031143
10400	-0.024626
10450	-0.004547
10500	0.115685
10550	0.124698
10600	-0.044272
10650	0.318812
10700	0.096593
10750	-0.008022
10800	-0.023886
10850	0.090572
10900	0.001157
10950	-0.099985
11000	0.120949
11050	0.024081
11100	-0.046292
11150	-0.123308
11200	0.166018
11250	0.161835
11300	0.042294
11350	0.007277
11400	-0.031822
11450	-0.004602
11500	0.142268
11550	0.370838
11600	-0.083211
11650	0.015513
11700	-0.221493
11750	0.067604
11800	-0.092630
11850	-0.105931
11900	0.015622
11950	0.068101
12000	-0.104027
12050	0.145159
12100	-0.004798
12150	0.173603
12200	0.057961
12250	0.191323
12300	0.167054
12350	0.057397
12400	0.120056
12450	-0.019744
12500	-0.244767
12550	-0.044634
12600	-0.085705
12650	0.015450
12700	-0.001934
12750	-0.091693
12800	-0.024025
12850	0.028150
12900	0.054913
12950	-0.045690
13000	-0.032046
13050	-0.051919
13100	0.022496
13150	0.029477
13200	-0.175497
13250	0.033321
13300	0.133853
13350	-0.084295
13400	0.176822
13450	-0.024611
13500	0.097980
13550	0.097895
13600	0.005595
13650	0.121738
13700	0.049361
13750	0.045033
13800	0.131480
13850	0.045291
13900	0.111205
13950	-0.008251
14000	0.110479
14050	0.084884
14100	-0.051290
14150	-0.076154
14200	-0.029474
14250	-0.206778
14300	0.052501
14350	0.012372
14400	0.079140
14450	0.205391
14500	0.099908
14550	0.003950
14600	0.068514
14650	-0.094420
14700	-0.056443
14750	-0.042346
14800	-0.150288
14850	-0.055356
14900	-0.004029
14950	0.142588
15000	-0.099170
15050	-0.175597
15100	-0.015561
15150	0.076267
15200	-0.013651
15250	0.061428
15300	0.124758
15350	0.021865
15400	0.145243
15450	-0.182731
15500	-0.057117
15550	0.035103
15600	-0.032721
15650	-0.026865
15700	0.043366
15750	0.147088
15800	-0.188368
15850	-0.100569
15900	-0.015557
15950	-0.056295
16000	-0.157725
16050	-0.052863
16100	-0.213482
16150	0.001472
16200	-0.018847
16250	-0.043850
16300	0.017667
16350	0.109830
16400	-0.076783
16450	-0.040436
16500	-0.020494
16550	0.023148
16600	0.074051
16650	0.049623
16700	0.140043
16750	-0.036580
16800	0.249526
16850	0.165040
16900	0.143791
16950	0.257292
17000	0.035947
17050	-0.104561
17100	0.229187
17150	-0.160699
17200	-0.014007
17250	0.110313
17300	0.107079
17350	-0.078900
17400	0.053686
17450	0.255146
17500	0.091690
17550	-0.036727
17600	0.144089
17650	-0.015776
17700	-0.182925
17750	0.235596
17800	-0.104282
17850	0.156294
17900	0.116656
17950	-0.131234
18000	-0.115186
18050	-0.047117
18100	-0.013783
18150	0.167906
18200	0.040875
18250	0.077713
18300	0.006969
18350	-0.052566
18400	-0.162831
18450	0.098751
18500	-0.140620
18550	0.053961
18600	-0.093546
18650	0.046680
18700	0.070873
18750	0.052531
18800	0.162308
18850	-0.186844
18900	-0.137962
18950	0.017217
19000	0.037241
19050	0.073156
19100	0.090237
19150	-0.222536
19200	-0.104405
19250	0.219977
19300	0.028395
19350	-0.244599
19400	0.190205
19450	-0.141400
19500	0.206786
19550	0.024370
19600	-0.058428
19650	0.119293
19700	-0.008401
19750	-0.114103
19800	0.000638
19850	0.024278
19900	0.039096
19950	-0.077138
20000	0.028563
20050	-0.149702
20100	-0.039062
20150	-0.087967
20200	0.034640
20250	-0.000547
20300	0.249588
20350	-0.097652
20400	-0.104285
20450	-0.153188
20500	0.006707
20550	0.057987
20600	0.133479
20650	0.101689
20700	-0.062852
20750	-0.110606
20800	0.081882
20850	-0.267349
20900	0.222568
20950	0.057803
21000	-0.004844
21050	0.226847
21100	-0.030370
21150	0.048993
21200	0.145914
21250	-0.093692
21300	0.116836
21350	-0.067578
21400	-0.016039
21450	-0.031943
21500	0.172982
21550	0.114122
21600	-0.060101
21650	0.104572
21700	0.068161
21750	0.083049
21800	0.052987
21850	-0.105234
21900	-0.148084
21950	0.000250
22000	0.000148
22050	-0.037879
22100	0.062067
22150	0.010981
22200	-0.100542
22250	0.040567
22300	-0.131246
22350	-0.143979
22400	-0.098722
22450	0.029378
22500	-0.002558
22550	0.124451
22600	-0.021875
22650	-0.104743
22700	-0.232003
22750	-0.002922
22800	0.022967
22850	-0.208812
22900	-0.144280
22950	0.110593
23000	0.038300
23050	-0.055997
23100	0.129192
23150	0.038000
23200	0.054854
23250	0.049930
23300	-0.273660
23350	-0.001558
23400	-0.285982
23450	-0.166179
23500	-0.205740
23550	-0.017032
23600	-0.071116
23650	-0.165777
23700	-0.021581
23750	-0.026073
23800	-0.039683
23850	0.159355
23900	-0.209830
23950	-0.064877
24000	0.005936
24050	0.011188
24100	-0.035288
24150	-0.230843
24200	-0.038625
24250	-0.406324
24300	-0.144351
24350	-0.159959
24400	-0.178198
24450	0.226710
24500	0.142080
24550	0.315029
24600	0.223011
24650	-0.011364
24700	-0.007974
24750	0.022276
24800	-0.011635
24850	0.285476
24900	0.101367
24950	-0.046400
25000	0.012949
25050	0.072313
25100	0.009404
25150	-0.103332
25200	0.181393
25250	0.069710
25300	0.002363
25350	0.192528
25400	0.095549
25450	0.036267
25500	0.019081
25550	-0.068083
25600	0.125343
25650	0.276467
25700	0.142935
25750	0.025809
25800	-0.168158
25850	-0.036075
25900	-0.161741
25950	-0.121228
26000	0.243592
26050	0.083998
26100	0.118537
26150	0.321924
26200	0.132659
26250	0.048838
26300	-0.251456
26350	0.060246
26400	0.081698
26450	-0.012714
26500	0.034812
26550	0.014060
26600	-0.107829
26650	0.013885
26700	-0.085187
26750	0.187117
26800	-0.052782
26850	0.017664
26900	0.099706
26950	-0.396718
27000	0.046216
27050	0.129515
27100	0.024954
27150	0.124043
27200	0.091589
27250	-0.046390
27300	0.048784
27350	0.289738
27400	-0.084035
27450	-0.019835
27500	0.102823
27550	0.038370
27600	0.111359
27650	0.059107
27700	0.004961
27750	0.193162
27800	0.183030
27850	-0.062045
27900	0.004132
27950	-0.031719
28000	0.015887
28050	-0.040473
28100	0.206970
28150	-0.134332
28200	0.008915
28250	0.062865
28300	0.037276
28350	0.127991
28400	-0.158182
28450	0.097437
28500	-0.124556
28550	0.046800
28600	0.218290
28650	0.034743
28700	0.138740
28750	0.118638
28800	-0.001625
28850	0.183232
28900	0.056156
28950	-0.005491
29000	0.050358
29050	-0.100993
29100	-0.077484
29150	0.033107
29200	0.202433
29250	0.184417
29300	0.192367
29350	0.040289
29400	0.074716
29450	-0.092423
29500	0.123532
29550	0.078076
29600	-0.099317
29650	0.046061
29700	0.103380
29750	-0.062597
29800	-0.089983
29850	-0.040377
29900	0.115703
29950	0.039451
30000	0.252255
30050	0.154627
30100	0.030619
30150	-0.006952
30200	0.199254
30250	0.175004
30300	0.007151
30350	0.161955
30400	0.040029
30450	0.059679
30500	-0.202350
30550	-0.029123
30600	0.011047
30650	0.222436
30700	0.158592
30750	0.011643
30800	-0.058609
30850	0.190713
30900	-0.148751
30950	0.124585
31000	-0.044448
31050	-0.136406
31100	0.109628
31150	-0.083806
31200	-0.073035
31250	-0.227006
31300	0.089539
31350	0.019808
31400	-0.215661
31450	-0.073912
31500	-0.174758
31550	-0.236301
31600	0.053862
31650	0.110127
31700	-0.006877
31750	0.059916
31800	0.014799
31850	0.084557
31900	0.102320
31950	0.203488
32000	-0.051571
32050	0.005641
32100	-0.167553
32150	0.103846
32200	0.025514
32250	-0.163647
32300	0.167118
32350	-0.084612
32400	-0.038277
32450	-0.097925
32500	0.061019
32550	0.086165
32600	0.022859
32650	-0.094755
32700	0.074461
32750	-0.168442
32800	0.109872
32850	-0.030025
32900	-0.012699
32950	-0.138313
33000	0.112354
33050	-0.060798
33100	0.038230
33150	0.255284
33200	-0.014909
33250	0.088999
33300	0.192102
33350	-0.121414
33400	0.064232
33450	0.059798
33500	0.093360
33550	0.147863
33600	-0.059265
33650	-0.033599
33700	-0.032453
33750	-0.105971
33800	-0.004493
33850	-0.083072
33900	-0.015042
33950	-0.058970
34000	-0.252105
34050	-0.044914
34100	0.019145
34150	-0.166279
34200	-0.266158
34250	0.137335
34300	-0.061248
34350	0.114208
34400	0.115759
34450	0.092871
34500	0.088610
34550	-0.070331
34600	-0.067837
34650	-0.199664
34700	-0.016309
34750	0.055617
34800	0.147120
34850	0.236634
34900	0.064193
34950	-0.052387
35000	-0.040347
35050	-0.144107
35100	-0.033391
35150	0.276473
35200	-0.117265
35250	0.113041
35300	-0.036928
35350	0.168882
35400	0.174305
35450	0.071972
35500	-0.077888
35550	0.023991
35600	-0.060752
35650	-0.000628
35700	-0.151602
35750	0.038638
35800	0.042004
35850	0.119741
35900	0.271249
35950	0.099099
36000	0.005694
36050	-0.073326
36100	0.129900
36150	-0.045397
36200	-0.015570
36250	0.017199
36300	-0.145705
36350	0.069109
36400	-0.096724
36450	0.078206
36500	-0.018908
36550	-0.058003
36600	-0.079381
36650	0.024324
36700	-0.087989
36750	0.133192
36800	0.082372
36850	0.034393
36900	0.155773
36950	0.218597
37000	0.120354
37050	0.073273
37100	0.073810
37150	-0.104273
37200	0.021394
37250	0.097671
37300	0.002796
37350	0.057854
37400	0.003910
37450	0.129727
37500	0.074195
37550	0.098088
37600	0.214866
37650	0.035397
37700	0.125365
37750	-0.097938
37800	-0.019828
37850	-0.074879
37900	-0.297316
37950	-0.073285
38000	0.104207
38050	0.000633
38100	0.013076
38150	0.024309
38200	-0.017314
38250	-0.320669
38300	-0.079072
38350	0.003741
38400	0.070042
38450	0.199120
38500	0.209996
38550	0.245811
38600	0.195486
38650	0.209407
38700	-0.028603
38750	0.448604
38800	0.290842
38850	0.148638
38900	0.104469
38950	0.207421
39000	-0.020522
39050	0.155511
39100	0.037264
39150	-0.020265
39200	0.062266
39250	0.109547
39300	0.132029
39350	-0.001639
39400	-0.005678
39450	-0.099603
39500	-0.124055
39550	0.025621
39600	0.060222
39650	0.058792
39700	-0.027723
39750	0.193746
39800	0.069696
39850	-0.004484
39900	-0.059853
39950	-0.194578
40000	-0.151558
40050	0.001044
40100	-0.315873
40150	-0.026337
40200	0.157191
40250	-0.045404
40300	-0.141063
40350	-0.056342
40400	0.038866
40450	-0.068363
40500	-0.105786
40550	-0.137213
40600	-0.215298
40650	0.179623
40700	-0.085842
40750	-0.058232
40800	0.183790
40850	-0.249397
40900	0.106171
40950	-0.066958
41000	0.099470
41050	-0.069792
41100	0.117829
41150	-0.006433
41200	-0.206175
41250	0.066959
41300	0.083505
41350	0.005860
41400	0.013618
41450	-0.091390
41500	0.048312
41550	-0.004572
41600	0.070557
41650	0.043808
41700	-0.025345
41750	0.052279
41800	0.094889
41850	-0.100269
41900	-0.069547
41950	0.060737
42000	0.072084
42050	0.201995
42100	-0.105458
42150	-0.076983
42200	-0.109472
42250	0.098202
42300	0.086789
42350	-0.106157
42400	-0.279771
42450	-0.014554
42500	-0.080646
42550	0.060478
42600	-0.126736
42650	0.116537
42700	0.089540
42750	0.081194
42800	-0.214905
42850	-0.172721
42900	-0.214901
42950	-0.086867
43000	0.040459
43050	-0.010598
43100	0.146340
43150	-0.084106
43200	0.102058
43250	0.080082
43300	-0.169949
43350	-0.066049
43400	-0.378748
43450	-0.198562
43500	-0.031845
43550	0.148179
43600	-0.109718
43650	-0.001186
43700	-0.039099
43750	-0.062334
43800	-0.046590
43850	-0.121144
43900	-0.022823
43950	-0.100825
44000	-0.087753
44050	0.091603
44100	-0.075455
44150	-0.268855
44200	0.062067
44250	-0.158132
44300	-0.133414
44350	0.218408
44400	0.171685
44450	0.200699
44500	0.228642
44550	-0.173488
44600	-0.007447
44650	0.184942
44700	0.107096
44750	0.170698
44800	0.242789
44850	-0.082314
44900	-0.032066
44950	0.132972
45000	-0.097751
45050	0.072724
45100	-0.095892
45150	-0.212150
45200	0.184393
45250	0.032737
45300	0.105191
45350	0.167888
45400	-0.065888
45450	-0.066903
45500	0.160091
45550	0.161400
45600	0.052122
45650	-0.284280
45700	0.117427
45750	0.011752
45800	-0.011327
45850	0.000655
45900	-0.104974
45950	0.113956
46000	-0.061473
46050	0.039310
46100	-0.058847
46150	0.098886
46200	0.008700
46250	-0.036092
46300	-0.207210
46350	-0.121207
46400	-0.015282
46450	-0.008308
46500	-0.114477
46550	0.129268
46600	0.119441
46650	0.028649
46700	0.016605
46750	-0.033396
46800	0.031880
46850	-0.083787
46900	0.134011
46950	-0.191499
47000	0.079854
47050	-0.029937
47100	-0.026813
47150	0.016788
47200	-0.143810
47250	-0.150818
47300	-0.048206
47350	-0.006882
47400	-0.186488
47450	0.034856
47500	0.056140
47550	-0.010429
47600	-0.026962
47650	-0.131807
47700	-0.005284
47750	0.117098
47800	0.056153
47850	-0.107031
47900	0.029153
47950	0.123758
48000	-0.003596
48050	0.052694
48100	0.022114
48150	0.022967
48200	0.180457
48250	0.147041
48300	0.139205
48350	-0.053639
48400	-0.012794
48450	-0.158275
48500	-0.161644
48550	0.075694
48600	0.051298
48650	-0.190800
48700	0.081771
48750	-0.049642
48800	0.086450
48850	0.089840
48900	0.005322
48950	-0.031364
49000	0.020951
49050	-0.123154
49100	0.068939
49150	-0.082100
49200	0.164026
49250	-0.137923
49300	0.137536
49350	-0.043146
49400	0.172449
49450	0.077515
49500	-0.133841
49550	0.119020
49600	-0.065226
49650	-0.083148
49700	-0.185121
49750	0.167861
49800	-0.133683
49850	-0.129760
49900	0.032530
49950	0.236802
50000	0.090290
50050	-0.118541
50100	-0.001865
50150	0.023456
50200	-0.216500
50250	0.100124
50300	0.144919
50350	-0.131255
50400	0.064431
50450	-0.082871
50500	-0.078399
50550	-0.194074
50600	-0.127464
50650	-0.045528
50700	-0.025983
50750	0.179879
50800	-0.013085
50850	-0.052342
50900	-0.254626
50950	-0.117035
51000	-0.109666
51050	-0.111152
51100	-0.112212
51150	0.038098
51200	-0.059852
51250	-0.183211
51300	-0.052888
51350	-0.042271
51400	-0.092738
51450	-0.045530
51500	0.105193
51550	-0.112500
51600	0.141881
51650	-0.081831
51700	-0.040874
51750	0.141583
51800	0.109658
51850	-0.047271
51900	-0.035526
51950	0.015291
52000	0.048091
52050	-0.188914
52100	0.024773
52150	0.029363
52200	0.197652
52250	0.031963
52300	0.087533
52350	0.101464
52400	0.222706
52450	0.025600
52500	0.207929
52550	0.045206
52600	0.196420
52650	0.105776
52700	-0.038315
52750	-0.006618
52800	0.005589
52850	-0.025736
52900	0.083223
52950	-0.048530
53000	-0.210587
53050	-0.016545
53100	0.002785
53150	-0.006563
53200	-0.157326
53250	-0.067689
53300	-0.109917
53350	0.138834
53400	-0.121868
53450	0.041525
53500	0.074209
53550	-0.141258
53600	-0.109935
53650	0.136680
53700	-0.046363
53750	0.033336
53800	-0.037087
53850	-0.010078
53900	-0.074439
53950	0.046840
54000	-0.080587
54050	-0.015568
54100	-0.173595
54150	-0.138989
54200	-0.041356
54250	-0.111544
54300	0.010541
54350	-0.125323
54400	-0.155080
54450	-0.083838
54500	-0.169242
54550	0.168090
54600	0.043273
54650	0.192175
54700	0.163810
54750	-0.056849
54800	-0.046431
54850	0.124828
54900	0.173076
54950	0.050053
55000	-0.116782
55050	0.321878
55100	0.332371
55150	0.174665
55200	0.171830
55250	-0.021001
55300	-0.055290
55350	-0.101018
55400	0.023347
55450	0.005931
55500	-0.139390
55550	0.024955
55600	-0.036518
55650	0.284795
55700	0.122415
55750	0.057552
55800	-0.105362
55850	-0.237347
55900	-0.195203
55950	0.093276
56000	0.121049
56050	0.022151
56100	0.173373
56150	0.013146
56200	0.185293
56250	0.043156
56300	0.070023
56350	0.181964
56400	0.166816
56450	0.195525
56500	0.176328
56550	0.054749
56600	0.127534
56650	0.173498
56700	0.152242
56750	-0.186874
56800	-0.027392
56850	0.115104
56900	0.117439
56950	0.116926
57000	0.315430
57050	0.286216
57100	-0.172467
57150	0.346072
57200	-0.009311
57250	-0.067579
57300	-0.018996
57350	-0.231132
57400	-0.045545
57450	0.026551
57500	-0.090058
57550	0.066422
57600	-0.042576
57650	-0.084567
57700	-0.109387
57750	-0.225736
57800	0.108392
57850	0.077425
57900	-0.084164
57950	0.152928
58000	0.050842
58050	0.150110
58100	0.166175
58150	-0.104957
58200	-0.069124
58250	0.213957
58300	0.146396
58350	0.119103
58400	0.107849
58450	0.187124
58500	-0.021711
58550	0.014322
58600	0.200329
58650	-0.081346
58700	0.020809
58750	-0.048841
58800	0.158732
58850	0.103087
58900	0.151868
58950	-0.013336
59000	0.065688
59050	0.140021
59100	0.156330
59150	0.014018
59200	-0.040049
59250	-0.008855
59300	0.001375
59350	-0.097075
59400	0.103969
59450	0.007394
59500	0.035079
59550	0.095657
59600	-0.126585
59650	0.201543
59700	-0.083097
59750	0.046700
59800	0.081198
59850	-0.134208
59900	0.151706
59950	-0.074922
60000	0.039331
60050	0.337068
60100	0.113825
60150	0.038951
60200	0.126961
60250	0.102248
60300	-0.093509
60350	0.002936
60400	0.123845
60450	0.050699
60500	0.094427
60550	0.021390
60600	-0.083478
60650	-0.029592
60700	-0.321360
60750	0.098654
60800	-0.011013
60850	-0.134430
60900	0.047111
60950	0.026247
61000	0.206188
61050	0.021375
61100	-0.042127
61150	0.051247
61200	-0.035647
61250	-0.086847
61300	-0.084896
61350	-0.110488
61400	-0.141950
61450	-0.078634
61500	-0.039843
61550	0.019363
61600	-0.096960
61650	-0.059628
61700	0.066794
61750	-0.141747
61800	0.100436
61850	-0.188740
61900	0.071101
61950	0.118245
62000	-0.277951
62050	0.044539
62100	-0.123661
62150	0.131875
62200	0.078582
62250	0.058242
62300	-0.160942
62350	-0.111962
62400	0.090931
62450	-0.196579
62500	-0.161283
62550	0.027791
62600	0.218922
62650	0.076778
62700	-0.174677
62750	-0.263723
62800	-0.344432
62850	0.038231
62900	-0.452762
62950	-0.007233
63000	-0.023009
63050	0.127958
63100	0.043896
63150	-0.075339
63200	-0.236240
63250	-0.060121
63300	-0.062272
63350	0.207440
63400	-0.023263
63450	0.029071
63500	0.123160
63550	0.115893
63600	0.039371
63650	-0.008425
63700	-0.125381
63750	-0.002771
63800	0.121207
63850	0.006214
63900	0.179517
63950	0.072180
64000	0.048131
64050	0.109638
64100	-0.023569
64150	0.173738
64200	0.169355
64250	0.005652
64300	-0.112657
64350	0.005037
64400	0.123414
64450	0.028367
64500	0.152011
64550	0.094942
64600	0.051814
64650	-0.210258
64700	-0.060363
64750	0.073835
64800	0.024397
64850	0.135235
64900	0.104713
64950	0.010663
65000	0.092342
65050	0.018045
65100	-0.172846
65150	-0.143301
65200	-0.102395
65250	0.155517
65300	0.045550
65350	0.104403
65400	0.189547
65450	0.026203
65500	0.208574
65550	0.187231
65600	-0.018323
65650	0.127999
65700	0.109618
65750	0.145533
65800	0.013177
65850	-0.015235
65900	-0.031457
65950	-0.094215
66000	-0.183809
66050	0.140151
66100	0.148995
66150	0.111374
66200	-0.186636
66250	0.037056
66300	-0.020888
66350	-0.007983
66400	0.141516
66450	0.259249
66500	0.070350
66550	0.304910
66600	-0.118626
66650	-0.060457
66700	0.351406
66750	0.107325
66800	0.001145
66850	0.061876
66900	0.061407
66950	0.094160
67000	0.168298
67050	0.166946
67100	-0.072899
67150	0.008802
67200	0.018118
67250	-0.036640
67300	-0.013339
67350	-0.140711
67400	-0.097125
67450	-0.029951
67500	0.069526
67550	0.109039
67600	-0.080969
67650	0.087452
67700	0.051611
67750	0.186551
67800	-0.007022
67850	0.010279
67900	0.107226
67950	-0.132646
68000	0.105626
68050	0.019614
68100	-0.150682
68150	-0.276635
68200	-0.065110
68250	-0.171506
68300	-0.319001
68350	-0.077544
68400	0.022433
68450	0.020381
68500	0.267690
68550	0.082053
68600	0.151338
68650	-0.045489
68700	0.013847
68750	0.007815
68800	0.159207
68850	-0.021648
68900	-0.159572
68950	0.051919
69000	-0.034838
69050	-0.120516
69100	0.122424
69150	-0.204342
69200	-0.222855
69250	-0.009357
69300	0.139872
69350	-0.084322
69400	-0.314271
69450	-0.055387
69500	0.096859
69550	0.014699
69600	0.221968
69650	-0.103551
69700	-0.045430
69750	0.130995
69800	0.310250
69850	-0.107286
69900	0.069698
69950	-0.018565
70000	0.093727
70050	-0.047526
70100	-0.059160
70150	-0.195824
70200	-0.059230
70250	0.077515
70300	0.077107
70350	0.004817
70400	0.060038
70450	0.170806
70500	0.066434
70550	0.199723
70600	0.168368
70650	-0.069471
70700	0.015253
70750	-0.039469
70800	0.000868
70850	0.081329
70900	-0.005431
70950	-0.092230
71000	-0.150323
71050	-0.153373
71100	-0.163624
71150	-0.143416
71200	0.024843
71250	0.085148
71300	0.100222
71350	0.054314
71400	0.012582
71450	0.152459
71500	-0.108482
71550	0.191574
71600	-0.106991
71650	0.045435
71700	-0.055824
71750	-0.033490
71800	0.022470
71850	-0.054693
71900	-0.138210
71950	0.270009
72000	-0.156122
72050	0.044467
72100	0.103923
72150	-0.118802
72200	0.089773
72250	-0.280542
72300	-0.049680
72350	-0.107449
72400	0.071726
72450	0.063764
72500	-0.064082
72550	-0.018312
72600	0.128825
72650	0.014261
72700	-0.046991
72750	0.070408
72800	0.034650
72850	0.045031
72900	-0.051006
72950	0.072353
73000	-0.012110
73050	0.023038
73100	-0.054120
73150	-0.071658
73200	-0.124416
73250	-0.200109
73300	0.322347
73350	-0.253869
73400	-0.048924
73450	0.116110
73500	-0.122723
73550	-0.196519
73600	-0.103023
73650	0.004409
73700	-0.044304
73750	-0.121158
73800	-0.029087
73850	-0.130558
73900	-0.010379
73950	0.074313
74000	-0.030381
74050	0.177276
74100	-0.009334
74150	0.056507
74200	-0.199722
74250	-0.014230
74300	-0.008019
74350	-0.148265
74400	-0.009084
74450	0.221834
74500	0.068824
74550	0.055881
74600	0.094260
74650	0.133740
74700	0.057072
74750	0.139993
74800	0.155910
74850	0.016510
74900	-0.051676
74950	0.128147
75000	0.140664
75050	-0.101699
75100	-0.042593
75150	-0.004573
75200	-0.060513
75250	-0.007214
75300	0.039990
75350	0.086522
75400	-0.141386
75450	0.062989
75500	-0.234885
75550	-0.196931
75600	-0.012635
75650	0.009956
75700	-0.106208
75750	0.262444
75800	0.275854
75850	0.010543
75900	-0.168695
75950	-0.026610
76000	-0.103212
76050	0.196532
76100	0.073072
76150	0.057583
76200	-0.125034
76250	-0.136752
76300	-0.067159
76350	0.078337
76400	-0.001562
76450	-0.053769
76500	-0.155528
76550	0.054075
76600	-0.040571
76650	-0.190281
76700	-0.017687
76750	0.085008
76800	0.039159
76850	0.066821
76900	0.104275
76950	0.042411
77000	0.129029
77050	0.010830
77100	-0.126654
77150	0.072941
77200	0.009055
77250	0.005443
77300	0.006919
77350	-0.019787
77400	-0.081791
77450	0.067971
77500	0.047216
77550	0.102110
77600	-0.075508
77650	0.163188
77700	0.066338
77750	-0.017744
77800	-0.050327
77850	0.107978
77900	-0.024535
77950	-0.025103
78000	0.029415
78050	-0.003642
78100	0.153091
78150	-0.021343
78200	0.332893
78250	0.156370
78300	-0.263219
78350	-0.041068
78400	0.241462
78450	-0.144031
78500	0.151201
78550	0.156146
78600	-0.036884
78650	-0.044730
78700	-0.075665
78750	0.008906
78800	0.163855
78850	-0.007761
78900	-0.031372
78950	-0.060236
79000	0.052341
79050	-0.131433
79100	-0.035338
79150	0.150384
79200	0.098962
79250	0.116681
79300	-0.067648
79350	-0.141970
79400	-0.297504
79450	-0.000977
79500	-0.025133
79550	0.104688
79600	-0.185121
79650	-0.020707
79700	-0.065041
79750	-0.140487
79800	-0.077056
79850	-0.170219
79900	-0.125082
79950	0.012531
80000	-0.080601
80050	-0.075966
80100	0.016932
80150	0.062011
80200	-0.118084
80250	-0.205283
80300	0.093263
80350	-0.197259
80400	-0.196853
80450	0.160118
80500	-0.028664
80550	0.002869
80600	0.048347
80650	0.056231
80700	-0.145803
80750	-0.155253
80800	0.069876
80850	-0.075375
80900	-0.055591
80950	0.049523
81000	-0.047825
81050	-0.002222
81100	0.039454
81150	0.069233
81200	-0.057791
81250	-0.131239
81300	0.033371
81350	0.103357
81400	0.037688
81450	-0.120223
81500	-0.204438
81550	0.102244
81600	-0.076574
81650	-0.054841
81700	0.113618
81750	0.034181
81800	0.063492
81850	0.029271
81900	0.016050
81950	-0.142604
82000	-0.007861
82050	0.102986
82100	0.131865
82150	-0.173247
82200	0.073178
82250	0.068445
82300	-0.171616
82350	-0.178898
82400	-0.053580
82450	0.004439
82500	-0.060174
82550	0.096460
82600	-0.032985
82650	-0.032316
82700	-0.078672
82750	0.117156
82800	-0.298379
82850	-0.024496
82900	0.132583
82950	0.211372
83000	-0.018510
83050	0.183703
83100	0.170609
83150	0.070908
83200	-0.016982
83250	0.080835
83300	0.094221
83350	-0.075553
83400	0.184458
83450	0.152552
83500	-0.123410
83550	-0.159692
83600	0.142125
83650	-0.131156
83700	0.196088
83750	0.013703
83800	0.112656
83850	0.234488
83900	-0.169937
83950	-0.149805
84000	-0.019163
84050	0.062408
84100	-0.091222
84150	0.110844
84200	0.119811
84250	0.178968
84300	0.097701
84350	0.183365
84400	0.204566
84450	0.118849
84500	-0.059677
84550	0.062670
84600	0.234591
84650	0.179157
84700	0.165191
84750	-0.081220
84800	-0.255899
84850	-0.045041
84900	-0.012693
84950	-0.023076
85000	0.171402
85050	-0.042762
85100	0.061862
85150	0.033023
85200	0.039178
85250	0.009120
85300	0.155156
85350	-0.000563
85400	-0.048509
85450	0.185158
85500	0.020640
85550	-0.005446
85600	-0.038579
85650	0.061041
85700	-0.107560
85750	-0.104188
85800	0.048751
85850	0.041815
85900	0.223663
85950	0.015446
86000	0.099163
86050	-0.179300
86100	0.087752
86150	0.049287
86200	0.044790
86250	0.046294
86300	0.040318
86350	-0.035021
86400	-0.063998
86450	0.054897
86500	-0.034018
86550	-0.058687
86600	0.041510
86650	0.241590
86700	0.100501
86750	-0.070438
86800	0.222699
86850	0.093007
86900	0.116743
86950	-0.069275
87000	0.253972
87050	0.152715
87100	0.085594
87150	0.180440
87200	0.020759
87250	0.104136
87300	-0.089225
87350	-0.069361
87400	-0.135634
87450	-0.003236
87500	0.155368
87550	-0.063500
87600	0.044716
87650	0.031157
87700	0.073172
87750	0.164596
87800	-0.171792
87850	0.018917
87900	-0.062842
87950	-0.010633
88000	0.183329
88050	0.018558
88100	0.143606
88150	-0.132007
88200	0.010948
88250	0.120718
88300	-0.071802
88350	0.067421
88400	0.298914
88450	-0.111926
88500	0.069931
88550	-0.075845
88600	-0.097199
88650	0.006034
88700	-0.035997
88750	0.052843
88800	-0.142173
88850	-0.124993
88900	0.001644
88950	0.132413
89000	-0.008301
89050	0.078185
89100	-0.079912
89150	0.187049
89200	0.131334
89250	-0.077706
89300	0.089247
89350	-0.269151
89400	0.000021
89450	-0.011771
89500	0.140557
89550	-0.143105
89600	-0.074992
89650	0.025971
89700	-0.013124
89750	-0.072911
89800	-0.015849
89850	-0.145859
89900	-0.282778
89950	-0.315360
90000	-0.142108
90050	-0.029371
90100	-0.021569
90150	0.056687
90200	0.122443
90250	0.127169
90300	0.009024
90350	-0.009104
90400	0.090256
90450	0.070877
90500	0.147833
90550	-0.014211
90600	-0.231672
90650	-0.204007
90700	-0.200291
90750	-0.130283
90800	-0.098392
90850	0.202884
90900	-0.005660
90950	0.063435
91000	0.039838
91050	0.156712
91100	-0.080341
91150	-0.093076
91200	-0.186113
91250	-0.050943
91300	0.075071
91350	-0.048518
91400	0.100381
91450	0.057966
91500	0.053289
91550	0.068459
91600	-0.163336
91650	-0.090266
91700	0.121626
91750	-0.043247
91800	-0.150995
91850	-0.041723
91900	0.168919
91950	-0.177356
92000	-0.071794
92050	-0.028188
92100	-0.133418
92150	-0.159489
92200	-0.009282
92250	-0.324208
92300	0.108603
92350	0.067857
92400	0.150844
92450	-0.145711
92500	-0.111536
92550	-0.108556
92600	0.008860
92650	-0.008978
92700	0.009118
92750	0.030141
92800	0.024547
92850	0.080370
92900	0.046468
92950	-0.024622
93000	-0.047931
93050	-0.146278
93100	-0.183826
93150	0.101724
93200	-0.007441
93250	-0.090286
93300	-0.241773
93350	-0.199273
93400	0.137928
93450	0.217804
93500	0.284185
93550	-0.223180
93600	-0.027722
93650	-0.103732
93700	-0.056538
93750	0.083409
93800	0.043010
93850	-0.052504
93900	-0.230531
93950	-0.068129
94000	-0.007320
94050	0.071849
94100	0.201090
94150	0.119788
94200	0.062220
94250	-0.070023
94300	0.060738
94350	0.024888
94400	-0.003505
94450	0.176800
94500	0.048686
94550	0.180069
94600	-0.183396
94650	0.019035
94700	0.085106
94750	0.204417
94800	-0.008600
94850	0.074212
94900	-0.011235
94950	0.215798
95000	0.067964
95050	0.038344
95100	-0.073223
95150	-0.061066
95200	-0.127617
95250	-0.074511
95300	-0.022881
95350	0.142678
95400	-0.043701
95450	-0.135180
95500	-0.047362
95550	0.185795
95600	0.055299
95650	0.210254
95700	0.200262
95750	0.084982
95800	-0.023533
95850	0.024309
95900	-0.118137
95950	0.279772
96000	0.262089
96050	-0.058694
96100	-0.068262
96150	-0.029470
96200	-0.073956
96250	-0.011317
96300	-0.224018
96350	-0.172878
96400	0.094400
96450	0.100434
96500	0.118172
96550	0.162636
96600	0.005114
96650	0.305839
96700	0.021783
96750	0.131888
96800	0.110536
96850	-0.127454
96900	0.003015
96950	-0.037379
97000	-0.081914
97050	0.108936
97100	0.116731
97150	0.136885
97200	-0.098587
97250	-0.081100
97300	-0.106533
97350	-0.097605
97400	0.024102
97450	-0.061351
97500	-0.055059
97550	-0.174346
97600	-0.046264
97650	0.075498
97700	0.014572
97750	0.086761
97800	-0.011531
97850	0.088421
97900	0.268757
97950	-0.099544
98000	-0.073888
98050	0.044294
98100	-0.068734
98150	0.051611
98200	-0.056189
98250	-0.216748
98300	0.055279
98350	-0.043163
98400	-0.086861
98450	-0.021772
98500	-0.028754
98550	-0.066151
98600	-0.218562
98650	-0.013460
98700	-0.088961
98750	0.053769
98800	0.143949
98850	0.164847
98900	-0.035084
98950	0.173023
99000	0.045591
99050	-0.062534
99100	0.187654
99150	-0.144931
99200	0.088870
99250	0.212993
99300	0.098802
99350	0.023766
99400	0.070272
99450	-0.019302
99500	-0.167502
99550	-0.015157
99600	0.115836
99650	0.085038
99700	-0.023609
99750	-0.067854
99800	-0.084517
99850	-0.039642
99900	-0.008039
99950	0.067106
100000	-0.189178
100050	-0.082588
100100	-0.241936
100150	0.142165
100200	-0.103601
100250	-0.001938
100300	-0.111819
100350	-0.144357
100400	-0.106950
100450	-0.151350
100500	0.159583
100550	-0.056757
100600	-0.014554
100650	0.035041
100700	-0.026755
100750	0.048354
100800	-0.079345
100850	-0.352107
100900	-0.047028
100950	-0.031078
101000	-0.222009
101050	0.142619
101100	-0.213285
101150	-0.161868
101200	0.180323
101250	0.190908
101300	-0.059282
101350	0.071583
101400	0.307175
101450	-0.010098
101500	0.150744
101550	0.137328
101600	0.188668
101650	0.134160
101700	0.090497
101750	0.148226
101800	-0.270138
101850	-0.035382
101900	-0.078992
101950	-0.152689
102000	0.041534
102050	0.063952
102100	-0.081724
102150	0.012001
102200	-0.007906
102250	-0.036118
102300	0.005917
102350	0.204481
102400	0.151047
102450	0.065237
102500	0.138555
102550	-0.028766
102600	-0.093538
102650	-0.182533
102700	-0.005789
102750	0.014925
102800	-0.062123
102850	0.204025
102900	0.137450
102950	-0.084821
103000	-0.003512
103050	0.110760
103100	0.092042
103150	0.038100
103200	0.097080
103250	0.068443
103300	0.013402
103350	-0.081462
103400	0.180505
103450	0.031996
103500	-0.058144
103550	0.051619
103600	0.109441
103650	-0.066131
103700	-0.184649
103750	0.085995
103800	-0.041308
103850	-0.128402
103900	-0.014335
103950	-0.209149
104000	-0.203671
104050	0.167597
104100	0.007314
104150	-0.066821
104200	-0.103017
104250	0.053597
104300	0.024246
104350	0.005432
104400	-0.073305
104450	-0.016575
104500	0.042431
104550	0.024254
104600	0.305173
104650	0.311761
104700	0.068874
104750	0.242893
104800	-0.143646
104850	-0.050268
104900	-0.146810
104950	-0.012309
105000	-0.017283
105050	0.085213
105100	0.014610
105150	-0.132711
105200	0.023670
105250	0.040354
105300	-0.187769
105350	-0.135163
105400	0.046801
105450	0.035303
105500	0.105573
105550	0.077767
105600	-0.252423
105650	-0.110175
105700	-0.072530
105750	-0.081409
105800	-0.016638
105850	-0.240438
105900	0.057072
105950	-0.066681
106000	-0.036450
106050	-0.304593
106100	-0.162665
106150	-0.091625
106200	-0.082454
106250	-0.056842
106300	0.023880
106350	-0.180897
106400	-0.056415
106450	0.039942
106500	0.090895
106550	0.033810
106600	0.082862
106650	-0.134240
106700	0.025597
106750	-0.134576
106800	-0.061217
106850	-0.179018
106900	0.013281
106950	-0.223710
107000	-0.116737
107050	0.139592
107100	0.040085
107150	-0.063566
107200	-0.132411
107250	0.088746
107300	0.110722
107350	-0.131352
107400	-0.192398
107450	-0.071467
107500	-0.178147
107550	-0.180963
107600	-0.233858
107650	-0.007025
107700	-0.272529
107750	0.053144
107800	0.177417
107850	0.009973
107900	-0.156337
107950	0.065797
108000	0.092596
108050	-0.016188
108100	0.022810
108150	-0.016967
108200	-0.178349
108250	-0.007492
108300	0.163332
108350	0.164268
108400	0.170088
108450	-0.231567
108500	-0.380655
108550	-0.046471
108600	0.110791
108650	-0.077875
108700	0.087412
108750	0.106911
108800	0.026493
108850	-0.015977
108900	-0.041274
108950	0.018448
109000	-0.108730
109050	0.044199
109100	-0.038724
109150	0.069117
109200	0.061234
109250	-0.102495
109300	0.079792
109350	-0.207540
109400	0.021245
109450	-0.051715
109500	-0.057229
109550	-0.047902
109600	-0.130806
109650	-0.137617
109700	-0.261391
109750	0.187881
109800	0.055315
109850	0.184697
109900	-0.103529
109950	-0.074807
110000	0.194683
110050	0.083506
110100	0.008971
110150	0.026551
110200	0.154354
110250	-0.277097
110300	0.031461
110350	-0.034035
110400	-0.092630
110450	-0.008263
110500	0.092254
110550	-0.049530
110600	0.046795
110650	-0.046890
110700	-0.068391
110750	0.097532
110800	-0.007819
110850	0.037816
110900	-0.011957
110950	-0.336989
111000	-0.221895
111050	-0.137197
111100	-0.030062
111150	0.053172
111200	0.092476
111250	-0.116868
111300	-0.155399
111350	0.011988
111400	0.183160
111450	0.032513
111500	0.039756
111550	0.177769
111600	0.123912
111650	0.263966
111700	0.185072
111750	0.036481
111800	0.148696
111850	0.064970
111900	0.034080
111950	0.004788
112000	-0.198201
112050	0.065127
112100	0.039135
112150	-0.039628
112200	-0.112097
112250	0.007144
112300	0.090183
112350	0.036868
112400	0.028109
112450	-0.159290
112500	0.236391
112550	0.056702
112600	0.012516
112650	0.096726
112700	0.041909
112750	0.091907
112800	0.094081
112850	-0.052921
112900	-0.101385
112950	0.122376
113000	-0.095897
113050	-0.073496
113100	-0.040414
113150	0.085245
113200	-0.079206
113250	-0.114035
113300	0.100236
113350	0.068028
113400	0.107552
113450	-0.052247
113500	0.022447
113550	-0.033845
113600	-0.000321
113650	-0.113713
113700	-0.144793
113750	0.277240
113800	-0.005660
113850	0.069164
113900	0.024699
113950	-0.214928
114000	0.063711
114050	0.116538
114100	0.100085
114150	-0.226162
114200	-0.128931
114250	-0.014970
114300	-0.201326
114350	-0.131272
114400	-0.035788
114450	-0.181434
114500	0.036745
114550	-0.095540
114600	0.045330
114650	0.062231
114700	0.050776
114750	-0.221719
114800	-0.198841
114850	-0.225822
114900	0.026316
114950	0.243067
115000	0.121106
115050	0.095632
115100	-0.016732
115150	-0.116830
115200	-0.215340
115250	-0.168975
115300	0.097899
115350	-0.042319
115400	0.152512
115450	-0.013484
115500	-0.023755
115550	-0.049124
115600	-0.059308
115650	-0.002168
115700	-0.095810
115750	0.142675
115800	-0.092998
115850	-0.026323
115900	0.034146
115950	0.172572
116000	-0.084531
116050	-0.186013
116100	0.146457
116150	0.055127
116200	0.115183
116250	0.088162
116300	0.101194
116350	-0.131992
116400	-0.051845
116450	0.000450
116500	-0.042852
116550	0.100737
116600	0.111989
116650	-0.018182
116700	0.091984
116750	0.043711
116800	-0.196805
116850	0.132622
116900	-0.137790
116950	0.026169
117000	-0.050009
117050	0.059889
117100	-0.086462
117150	-0.021870
117200	-0.001583
117250	0.029530
117300	-0.042446
117350	-0.044351
117400	-0.073774
117450	0.063283
117500	0.079013
117550	0.074765
117600	-0.035372
117650	0.041587
117700	0.015379
117750	0.024867
117800	0.015191
117850	0.059206
117900	-0.167381
117950	-0.002512
118000	-0.062303
118050	-0.096018
118100	0.068911
118150	-0.049965
118200	0.051119
118250	0.044701
118300	0.129730
118350	0.120399
118400	-0.034289
118450	-0.063821
118500	0.043319
118550	0.000703
118600	-0.063441
118650	0.094398
118700	-0.064971
118750	0.129051
118800	0.225080
118850	0.209613
118900	-0.030318
118950	0.016319
119000	0.073641
119050	0.027489
119100	-0.061161
119150	-0.217158
119200	0.047088
119250	-0.119668
119300	-0.044169
119350	0.026627
119400	-0.017840
119450	0.157460
119500	0.114171
119550	0.097870
119600	-0.146988
119650	-0.153741
119700	0.137186
119750	-0.108014
119800	0.110800
119850	0.034336
119900	0.012701
119950	-0.099616
120000	0.054332
120050	-0.002838
120100	-0.038719
120150	0.017538
120200	-0.001163
120250	0.259397
120300	-0.005083
120350	-0.137988
120400	-0.139256
120450	0.015798
120500	0.079604
120550	0.066791
120600	-0.124841
120650	-0.093022
120700	-0.322813
120750	-0.143807
120800	0.032747
120850	-0.064749
120900	-0.083786
120950	-0.021101
121000	-0.093260
121050	0.151383
121100	0.084028
121150	-0.015916
121200	0.011169
121250	0.011834
121300	0.198783
121350	-0.049929
121400	0.029603
121450	-0.120607
121500	-0.187366
121550	0.013363
121600	0.113030
121650	-0.189186
121700	-0.104211
121750	-0.056627
121800	0.029831
121850	-0.246711
121900	0.059768
121950	-0.040931
122000	0.047370
122050	-0.023410
122100	0.090559
122150	0.061707
122200	0.092246
122250	-0.142171
122300	-0.148974
122350	-0.079509
122400	0.126988
122450	0.072452
122500	-0.133874
122550	-0.216708
122600	0.078149
122650	-0.042410
122700	-0.046140
122750	-0.142323
122800	-0.182662
122850	0.138332
122900	-0.161236
122950	0.017445
123000	0.075284
123050	0.050886
123100	-0.082670
123150	0.130398
123200	-0.088559
123250	0.044433
123300	-0.017726
123350	0.128721
123400	0.166921
123450	0.029084
123500	-0.073199
123550	0.001706
123600	0.244913
123650	-0.080919
123700	0.095370
123750	-0.056686
123800	-0.060728
123850	0.160922
123900	-0.010093
123950	-0.105079
124000	0.120196
124050	-0.095650
124100	0.022067
124150	0.035420
124200	-0.067602
124250	-0.145582
124300	0.168846
124350	0.003324
124400	0.087676
124450	0.033271
124500	0.101798
124550	-0.117609
124600	0.048694
124650	-0.013074
124700	-0.020100
124750	0.050864
124800	-0.240242
124850	-0.248088
124900	0.121394
124950	0.232192
125000	0.130503
125050	-0.101860
125100	-0.008505
125150	-0.254716
125200	0.103349
125250	-0.055608
125300	0.075562
125350	0.128915
125400	0.066002
125450	0.015559
125500	0.047094
125550	-0.119295
125600	-0.027688
125650	-0.189233
125700	-0.025879
125750	0.124577
125800	-0.016265
125850	-0.209027
125900	-0.196257
125950	-0.079620
126000	-0.126784
126050	0.000934
126100	0.067149
126150	-0.001240
126200	0.046914
126250	0.053095
126300	-0.016621
126350	0.008089
126400	0.003043
126450	-0.128799
126500	-0.053490
126550	-0.091121
126600	0.088914
126650	0.156081
126700	-0.161230
126750	-0.305235
126800	0.070038
126850	0.021978
126900	0.183827
126950	0.191982
127000	0.154688
127050	0.017900
127100	-0.045775
127150	0.045871
127200	0.003371
127250	-0.052617
127300	0.198335
127350	0.025492
127400	0.090062
127450	0.042339
127500	-0.136618
127550	0.077787
127600	0.075513
127650	0.132243
127700	0.017639
127750	-0.197141
127800	0.138343
127850	0.122621
127900	0.250284
127950	0.144951
128000	-0.209334
128050	0.067028
128100	0.097221
128150	0.012141
128200	-0.121720
128250	0.012869
128300	0.165045
128350	0.118632
128400	-0.197467
128450	-0.038408
128500	0.050342
128550	-0.066358
128600	-0.094353
128650	0.019999
128700	0.086127
128750	0.019795
128800	0.056829
128850	0.029107
128900	-0.084241
128950	0.057645
129000	0.283900
129050	0.113933
129100	-0.086287
129150	0.064962
129200	0.097427
129250	0.006584
129300	0.028551
129350	0.093873
129400	0.012272
129450	-0.004954
129500	-0.031961
129550	0.067142
129600	0.213379
129650	0.083356
129700	0.120571
129750	0.197989
129800	0.062897
129850	-0.052003
129900	0.098015
129950	0.020683
130000	0.136114
130050	-0.141387
130100	0.132971
130150	-0.250914
130200	0.084894
130250	-0.044820
130300	-0.097550
130350	-0.023441
130400	0.170113
130450	0.015646
130500	0.132815
130550	-0.058086
130600	-0.059947
130650	-0.027055
130700	-0.130593
130750	0.096916
130800	0.060432
130850	0.199321
130900	0.184239
130950	0.084393
131000	-0.119017
131050	-0.133238
131100	-0.268289
131150	0.064903
131200	0.145700
131250	-0.085719
131300	0.014917
131350	0.028762
131400	0.066645
131450	0.054813
131500	-0.020451
131550	-0.042330
131600	0.048641
131650	0.164269
131700	-0.158150
131750	-0.057828
131800	-0.014835
131850	0.119606
131900	0.004524
131950	-0.124226
132000	-0.053141
132050	-0.206566
132100	0.074792
132150	0.167956
132200	-0.083594
132250	0.047763
132300	0.271162
132350	0.120380
132400	0.142888
132450	-0.052405
132500	-0.127605
132550	0.228510
132600	0.020900
132650	-0.099847
132700	-0.026689
132750	0.097157
132800	-0.090774
132850	0.149839
132900	0.085835
132950	0.195736
133000	0.087761
133050	0.020868
133100	0.063790
133150	0.288713
133200	0.026361
133250	0.130223
133300	0.190698
133350	0.197328
133400	0.065590
133450	0.214570
133500	0.031405
133550	0.092894
133600	0.136285
133650	-0.102952
133700	0.039404
133750	0.221238
133800	0.009697
133850	-0.080723
133900	0.189302
133950	0.111579
134000	0.137385
134050	0.302523
134100	0.029548
134150	0.144901
134200	0.192765
134250	0.160573
134300	0.103007
134350	0.065986
134400	-0.020402
134450	-0.175397
134500	0.054783
134550	-0.086607
134600	-0.183478
134650	-0.020366
134700	-0.131398
134750	0.082350
134800	0.051864
134850	0.061771
134900	0.224936
134950	-0.097199
135000	-0.011764
135050	-0.059863
135100	-0.145178
135150	0.066958
135200	0.130183
135250	-0.081417
135300	0.121557
135350	-0.073817
135400	-0.066723
135450	-0.067497
135500	-0.012278
135550	0.016911
135600	-0.089289
135650	-0.068699
135700	0.131550
135750	-0.115501
135800	0.059354
135850	0.020361
135900	-0.107315
135950	-0.106766
136000	0.024105
136050	0.025892
136100	0.002666
136150	-0.113002
136200	0.011055
136250	0.105922
136300	-0.071898
136350	-0.276406
136400	-0.149389
136450	-0.179093
136500	-0.133018
136550	-0.028231
136600	-0.148192
136650	-0.060534
136700	-0.001634
136750	-0.148893
136800	-0.106801
136850	-0.036905
136900	0.098790
136950	0.299305
137000	-0.044302
137050	-0.110414
137100	-0.098977
137150	0.087947
137200	-0.083059
137250	-0.008374
137300	0.054470
137350	0.007760
137400	0.009513
137450	-0.001142
137500	0.165336
137550	0.163173
137600	0.070595
137650	0.138497
137700	0.083866
137750	-0.047002
137800	0.031652
137850	-0.038635
137900	0.099128
137950	-0.071122
138000	0.008407
138050	0.056177
138100	-0.220313
138150	-0.012585
138200	0.293710
138250	0.051109
138300	0.071328
138350	0.215303
138400	0.106829
138450	0.082538
138500	0.120180
138550	-0.042561
138600	-0.158964
138650	-0.049343
138700	-0.070819
138750	-0.077705
138800	-0.178966
138850	0.010264
138900	-0.185936
138950	0.143671
139000	-0.245186
139050	0.025296
139100	0.079181
139150	0.037941
139200	0.127181
139250	-0.068139
139300	-0.008369
139350	-0.120105
139400	-0.038672
139450	-0.091762
139500	0.059176
139550	0.140071
139600	-0.098249
139650	-0.000892
139700	0.008771
139750	0.030089
139800	0.160236
139850	0.192147
139900	0.119237
139950	-0.027342
140000	0.068934
140050	0.059617
140100	-0.126281
140150	0.155439
140200	0.027173
140250	-0.049287
140300	-0.107810
140350	-0.177213
140400	0.000961
140450	-0.125885
140500	0.192007
140550	0.156747
140600	0.023496
140650	0.023329
140700	-0.012914
140750	-0.002168
140800	-0.010625
140850	-0.093527
140900	0.022141
140950	0.041950
141000	0.190216
141050	0.250016
141100	0.062310
141150	0.053475
141200	0.138689
141250	0.089281
141300	0.086489
141350	0.136906
141400	0.244156
141450	-0.068321
141500	0.263622
141550	0.117858
141600	0.021688
141650	-0.062600
141700	0.121762
141750	0.068440
141800	-0.122737
141850	0.058447
141900	-0.049872
141950	0.011875
142000	0.044755
142050	-0.054607
142100	0.225490
142150	0.058717
142200	-0.024437
142250	-0.133102
142300	-0.079520
142350	-0.055724
142400	-0.107196
142450	-0.143416
142500	0.132181
142550	-0.104505
142600	-0.124816
142650	-0.122165
142700	-0.018419
142750	-0.183357
142800	0.146585
142850	0.074596
142900	0.148450
142950	-0.083460
143000	-0.039581
143050	0.054183
143100	-0.023715
143150	0.068088
143200	-0.127791
143250	0.052936
143300	-0.091931
143350	0.169676
143400	0.149064
143450	-0.011996
143500	0.224483
143550	0.082286
143600	0.021146
143650	0.197715
143700	0.126345
143750	0.195732
143800	-0.078517
143850	-0.038194
143900	-0.210706
143950	0.070526
144000	-0.272307
144050	-0.202202
144100	-0.084623
144150	-0.099750
144200	-0.030887
144250	-0.233867
144300	0.223621
144350	0.193062
144400	0.013534
144450	0.064371
144500	0.021694
144550	0.216346
144600	0.091209
144650	-0.029814
144700	0.005130
144750	0.093320
144800	-0.218257
144850	0.045447
144900	-0.034793
144950	0.306114
145000	-0.094393
145050	-0.267826
145100	0.015715
145150	0.004489
145200	-0.137070
145250	-0.049982
145300	-0.199375
145350	0.109733
145400	0.200445
145450	-0.022009
145500	-0.014899
145550	0.185148
145600	0.144042
145650	0.053892
145700	0.135472
145750	-0.178567
145800	0.157323
145850	-0.189192
145900	-0.131301
145950	0.142846
146000	-0.083086
146050	-0.189119
146100	0.018176
146150	-0.107721
146200	-0.083575
146250	-0.078752
146300	0.245405
146350	0.150819
146400	-0.002581
146450	-0.097988
146500	-0.333714
146550	-0.086804
146600	-0.098854
146650	-0.114486
146700	0.035343
146750	-0.024745
146800	-0.062821
146850	-0.134385
146900	0.028968
146950	-0.140280
147000	-0.054485
147050	0.133762
147100	-0.115208
147150	-0.338732
147200	0.166845
147250	-0.050426
147300	-0.059118
147350	-0.074336
147400	-0.075498
147450	0.031072
147500	-0.048293
147550	0.287950
147600	-0.092786
147650	0.041362
147700	0.130032
147750	-0.048313
147800	0.080761
147850	0.076373
147900	0.064177
147950	0.074439
148000	0.010999
148050	0.034749
148100	-0.188217
148150	0.145427
148200	0.250883
148250	0.059958
148300	0.017035
148350	0.055332
148400	0.093481
148450	0.144863
148500	-0.086391
148550	0.090801
148600	0.223127
148650	0.068024
148700	-0.103102
148750	0.208199
148800	-0.053577
148850	-0.051981
148900	-0.190045
148950	-0.215105
149000	0.061337
149050	0.107009
149100	0.187504
149150	-0.048544
149200	-0.081071
149250	0.017325
149300	-0.056983
149350	-0.096761
149400	-0.000071
149450	0.050109
149500	-0.095649
149550	-0.246552
149600	0.049278
149650	-0.034746
149700	0.001933
149750	0.118021
149800	-0.019514
149850	0.179065
149900	-0.098509
149950	-0.005620
150000	-0.104300
150050	-0.182535
150100	-0.146211
150150	0.278177
150200	0.188805
150250	-0.138639
150300	-0.189578
150350	-0.106133
150400	0.034365
150450	0.123402
150500	-0.000256
150550	-0.232408
150600	0.075382
150650	0.041259
150700	-0.031022
150750	0.074130
150800	0.031857
150850	-0.099008
150900	-0.009800
150950	-0.068146
151000	-0.063314
151050	-0.007777
151100	0.277694
151150	0.004690
151200	0.037096
151250	0.067443
151300	0.115044
151350	0.020607
151400	-0.133668
151450	-0.171238
151500	-0.232124
151550	-0.060666
151600	-0.075320
151650	-0.119985
151700	-0.043357
151750	-0.017331
151800	0.110456
151850	0.265348
151900	-0.003404
151950	-0.112793
152000	-0.019405
152050	-0.199136
152100	-0.032934
152150	0.103209
152200	-0.069160
152250	-0.105927
152300	-0.070594
152350	0.043474
152400	-0.027672
152450	0.135236
152500	0.071564
152550	0.041869
152600	0.016537
152650	-0.045996
152700	-0.074486
152750	-0.095088
152800	-0.115350
152850	0.042981
152900	-0.219089
152950	-0.127947
153000	-0.139671
153050	-0.053130
153100	0.020110
153150	0.070554
153200	-0.169957
153250	-0.035631
153300	-0.015991
153350	-0.110913
153400	0.022866
153450	0.075722
153500	-0.078173
153550	-0.120478
153600	-0.082845
153650	-0.124140
153700	-0.300767
153750	-0.139107
153800	-0.173914
153850	-0.200746
153900	0.043953
153950	0.144278
154000	-0.041438
154050	0.172877
154100	-0.053532
154150	0.090248
154200	0.172783
154250	-0.160730
154300	-0.254154
154350	-0.040891
154400	0.133757
154450	0.248972
154500	0.046308
154550	-0.063761
154600	-0.023326
154650	0.055767
154700	0.190306
154750	-0.212789
154800	0.046962
154850	-0.107955
154900	0.114320
154950	-0.178405
155000	0.357867
155050	0.267425
155100	0.159025
155150	-0.044583
155200	0.074257
155250	0.068821
155300	0.118045
155350	-0.025421
155400	-0.000091
155450	-0.117745
155500	0.011868
155550	-0.030175
155600	-0.094825
155650	-0.030876
155700	-0.007622
155750	-0.150526
155800	0.152386
155850	0.006316
155900	-0.049001
155950	-0.153564
156000	-0.034192
156050	-0.102085
156100	0.109513
156150	0.036700
156200	-0.116678
156250	-0.061807
156300	0.000679
156350	0.118489
156400	-0.125616
156450	-0.118948
156500	0.030397
156550	0.032909
156600	0.264537
156650	-0.019499
156700	0.179279
156750	0.092425
156800	-0.083239
156850	-0.003657
156900	0.075139
156950	-0.049572
157000	0.003943
157050	0.019801
157100	0.003925
157150	-0.152784
157200	-0.162394
157250	-0.123829
157300	-0.033399
157350	-0.030086
157400	0.288023
157450	0.038068
157500	0.078925
157550	0.165159
157600	0.138905
157650	-0.065376
157700	0.042133
157750	-0.010213
157800	-0.151571
157850	-0.226046
157900	0.022604
157950	0.418663
158000	0.300785
158050	0.029034
158100	0.093884
158150	-0.133769
158200	0.205656
158250	0.196447
158300	0.105033
158350	-0.222938
158400	-0.051313
158450	0.130929
158500	-0.027834
158550	0.103168
158600	-0.023555
158650	0.170554
158700	0.186497
158750	0.382997
158800	0.267471
158850	0.291104
158900	0.055659
158950	-0.045586
159000	-0.130374
159050	-0.083736
159100	0.020622
159150	-0.059006
159200	-0.082059
159250	0.087735
159300	0.099019
159350	0.015717
159400	0.111754
159450	0.161582
159500	-0.067036
159550	0.109301
159600	0.014709
159650	0.026381
159700	-0.086844
159750	-0.175506
159800	-0.069341
159850	0.129450
159900	0.102329
159950	0.026457
160000	-0.040530
160050	0.268551
160100	0.202709
160150	0.040718
160200	0.156182
160250	-0.102025
160300	0.258271
160350	-0.104709
160400	-0.170179
160450	0.153507
160500	0.069849
160550	-0.045645
160600	-0.006336
160650	-0.015109
160700	-0.173566
160750	0.263918
160800	-0.022469
160850	-0.014760
160900	-0.132863
160950	-0.143244
161000	-0.252729
161050	-0.071721
161100	-0.447740
161150	-0.049160
161200	-0.009930
161250	-0.151668
161300	-0.005030
161350	-0.018996
161400	-0.009254
161450	-0.235179
161500	-0.082207
161550	-0.110886
161600	-0.086259
161650	0.011013
161700	0.125030
161750	0.160541
161800	-0.118365
161850	-0.140106
161900	0.035449
161950	-0.301643
162000	0.153016
162050	-0.005639
162100	-0.095428
162150	0.041609
162200	0.031969
162250	-0.114751
162300	0.121493
162350	0.127417
162400	0.122661
162450	-0.035331
162500	0.007022
162550	0.225301
162600	-0.034280
162650	0.013361
162700	-0.071476
162750	-0.116265
162800	-0.097672
162850	-0.003901
162900	0.036997
162950	0.085574
163000	0.043482
163050	0.146319
163100	-0.053014
163150	0.097234
163200	0.170372
163250	0.112623
163300	-0.197972
163350	-0.079497
163400	0.022496
163450	0.073709
163500	-0.124403
163550	-0.089200
163600	0.122677
163650	0.048311
163700	-0.166359
163750	0.064103
163800	0.016398
163850	0.105719
163900	-0.231404
163950	-0.320630
164000	-0.242855
164050	0.093079
164100	-0.116687
164150	0.342443
164200	-0.015322
164250	0.206503
164300	-0.074838
164350	-0.089000
164400	0.157670
164450	-0.131674
164500	-0.152413
164550	0.020926
164600	0.191786
164650	0.015031
164700	0.000016
164750	-0.162355
164800	-0.087809
164850	-0.091067
164900	0.124586
164950	0.170198
165000	-0.058432
165050	-0.067954
165100	0.045977
165150	0.090211
165200	0.117278
165250	-0.031378
165300	0.007222
165350	-0.000151
165400	-0.034459
165450	0.033466
165500	0.194267
165550	0.021638
165600	-0.125175
165650	-0.020928
165700	-0.008599
165750	0.158331
165800	0.091754
165850	0.057193
165900	-0.055794
165950	-0.145717
166000	0.018751
166050	-0.177678
166100	-0.180597
166150	0.067905
166200	0.000850
166250	0.005562
166300	-0.027022
166350	-0.032169
166400	0.005350
166450	0.045513
166500	0.055256
166550	0.041031
166600	-0.029995
166650	0.004622
166700	0.071769
166750	-0.206825
166800	-0.315738
166850	-0.017637
166900	-0.101082
166950	-0.143508
167000	-0.108304
167050	-0.071847
167100	-0.136061
167150	-0.172513
167200	-0.081477
167250	-0.162990
167300	-0.240099
167350	-0.112910
167400	0.020418
167450	0.091675
167500	-0.075484
167550	0.130150
167600	-0.151459
167650	0.108521
167700	-0.183174
167750	-0.018430
167800	-0.200946
167850	-0.087372
167900	-0.066408
167950	-0.140681
168000	0.047431
168050	0.219042
168100	-0.071913
168150	-0.082761
168200	0.004267
168250	-0.032056
168300	-0.164141
168350	-0.205341
168400	-0.026630
168450	-0.143765
168500	0.128746
168550	0.175846
168600	-0.168630
168650	0.007539
168700	-0.068052
168750	-0.186277
168800	-0.024054
168850	0.072713
168900	-0.098290
168950	-0.161973
169000	-0.022900
169050	0.098364
169100	0.183245
169150	0.107931
169200	-0.001177
169250	0.100020
169300	-0.065759
169350	0.231504
169400	0.172068
169450	0.297457
169500	-0.128629
169550	-0.173354
169600	0.075584
169650	-0.087388
169700	0.107678
169750	0.052583
169800	0.164855
169850	-0.196939
169900	-0.092835
169950	0.083360
170000	0.040260
170050	-0.066865
170100	-0.041000
170150	0.089330
170200	0.009150
170250	-0.149481
170300	0.063293
170350	-0.181854
170400	0.100710
170450	0.038622
170500	0.032548
170550	-0.027179
170600	0.071412
170650	-0.186108
170700	-0.189324
170750	0.045920
170800	-0.042170
170850	0.037350
170900	0.011223
170950	0.147822
171000	0.009843
171050	-0.036945
171100	-0.099275
171150	-0.098555
171200	-0.175189
171250	-0.145530
171300	-0.106871
171350	0.021069
171400	-0.026715
171450	-0.167657
171500	-0.044701
171550	-0.113980
171600	-0.292415
171650	0.082930
171700	0.004781
171750	-0.056383
171800	-0.197029
171850	0.058572
171900	-0.095714
171950	-0.014507
172000	0.106969
172050	-0.043721
172100	-0.030484
172150	0.104882
172200	-0.081984
172250	-0.052191
172300	-0.013002
172350	-0.109510
172400	-0.074782
172450	-0.030361
172500	-0.106667
172550	-0.092041
172600	0.079619
172650	-0.052369
172700	-0.082425
172750	-0.044399
172800	0.088404
172850	-0.096591
172900	-0.076663
172950	0.139082
173000	-0.202619
173050	-0.120519
173100	0.005025
173150	-0.123451
173200	0.051571
173250	-0.211107
173300	-0.138418
173350	0.055682
173400	0.034187
173450	-0.033329
173500	0.023819
173550	0.074677
173600	0.175112
173650	-0.160715
173700	0.052146
173750	0.162424
173800	-0.072509
173850	0.080220
173900	0.065868
173950	0.133503
174000	-0.147677
174050	0.153338
174100	0.130676
174150	-0.067897
174200	0.153471
174250	0.039217
174300	-0.003143
174350	-0.053181
174400	0.136121
174450	-0.149779
174500	0.003892
174550	0.198214
174600	-0.192899
174650	-0.110583
174700	-0.075224
174750	0.022574
174800	-0.059792
174850	0.033435
174900	0.069259
174950	0.059964
175000	0.008579
175050	0.201639
175100	0.069497
175150	0.030444
175200	0.004579
175250	0.141032
175300	0.036301
175350	-0.033417
175400	0.062747
175450	-0.011805
175500	0.078192
175550	0.216722
175600	-0.005735
175650	0.038716
175700	0.174741
175750	0.004398
175800	-0.125120
175850	-0.162101
175900	0.186937
175950	0.051793
176000	-0.053011
176050	-0.062679
176100	0.098551
176150	0.022735
176200	0.056620
176250	-0.169549
176300	0.130222
176350	0.060698
176400	0.069439
176450	0.084257
176500	-0.024674
176550	0.137087
176600	-0.023020
176650	0.082378
176700	-0.075112
176750	-0.016736
176800	-0.027176
176850	-0.007076
176900	0.046186
176950	0.049898
177000	0.060572
177050	0.058265
177100	0.127054
177150	0.020154
177200	0.060311
177250	0.005830
177300	-0.150942
177350	0.029184
177400	-0.040920
177450	0.117495
177500	-0.066261
177550	-0.105394
177600	-0.071977
177650	-0.044194
177700	-0.112130
177750	0.061587
177800	-0.006797
177850	0.028114
177900	0.023281
177950	0.209731
178000	-0.046737
178050	0.097201
178100	-0.068492
178150	0.025285
178200	-0.023784
178250	0.018637
178300	-0.290620
178350	-0.073700
178400	-0.205371
178450	0.050428
178500	0.077308
178550	-0.139092
178600	-0.041441
178650	0.034729
178700	-0.099858
178750	0.229485
178800	0.036456
178850	0.118876
178900	0.052657
178950	-0.076562
179000	0.085423
179050	-0.073409
179100	0.034554
179150	-0.080265
179200	-0.141567
179250	-0.116016
179300	0.072029
179350	-0.067540
179400	-0.106321
179450	0.073711
179500	-0.106662
179550	0.044644
179600	0.066884
179650	-0.044995
179700	-0.103966
179750	-0.134777
179800	-0.046632
179850	0.080243
179900	0.138559
179950	0.202886
180000	0.003828
180050	-0.010423
180100	-0.019593
180150	-0.177276
180200	0.139727
180250	0.036549
180300	0.130886
180350	-0.018230
180400	0.212783
180450	0.079746
180500	-0.018083
180550	-0.114812
180600	0.020903
180650	-0.027732
180700	0.024361
180750	-0.015104
180800	-0.209525
180850	0.019816
180900	0.074439
180950	0.177635
181000	-0.032645
181050	0.133285
181100	0.036475
181150	0.076682
181200	-0.037357
181250	-0.109738
181300	-0.022857
181350	-0.134039
181400	0.061454
181450	-0.028612
181500	0.179762
181550	0.063581
181600	-0.013618
181650	0.052262
181700	0.028884
181750	-0.098174
181800	0.109410
181850	-0.139485
181900	-0.008049
181950	-0.239454
182000	-0.024019
182050	-0.057176
182100	-0.063932
182150	-0.123758
182200	-0.181283
182250	-0.103391
182300	0.025242
182350	0.165149
182400	0.121903
182450	0.059482
182500	-0.042146
182550	0.290093
182600	0.301110
182650	-0.047469
182700	0.042553
182750	-0.066711
182800	-0.061335
182850	-0.110658
182900	-0.059331
182950	-0.139554
183000	-0.094519
183050	-0.219499
183100	-0.003953
183150	0.017159
183200	-0.095711
183250	0.073654
183300	0.066683
183350	0.052528
183400	0.087654
183450	-0.101608
183500	-0.092991
183550	0.066970
183600	0.278930
183650	0.047644
183700	0.129185
183750	0.155766
183800	0.011603
183850	-0.218455
183900	-0.084440
183950	-0.084726
184000	0.073760
184050	-0.091750
184100	0.058874
184150	0.103050
184200	-0.109807
184250	-0.035184
184300	-0.050685
184350	-0.022430
184400	0.321836
184450	-0.114300
184500	-0.091721
184550	-0.210019
184600	0.005806
184650	0.019469
184700	-0.079307
184750	0.077116
184800	0.094158
184850	0.068336
184900	0.178147
184950	0.051421
185000	0.058270
185050	-0.167190
185100	-0.087283
185150	-0.111751
185200	-0.115576
185250	-0.198135
185300	-0.093462
185350	0.214310
185400	0.014610
185450	-0.017080
185500	0.051866
185550	0.076249
185600	0.067003
185650	0.053839
185700	0.032859
185750	-0.201907
185800	-0.155368
185850	0.198049
185900	-0.129176
185950	-0.073859
186000	0.088510
186050	0.163142
186100	0.059171
186150	-0.104190
186200	-0.125452
186250	0.090465
186300	-0.010371
186350	0.010410
186400	0.047549
186450	-0.179268
186500	-0.059735
186550	-0.030955
186600	-0.005491
186650	-0.160535
186700	-0.038505
186750	-0.032911
186800	0.026478
186850	0.035704
186900	0.039214
186950	-0.025006
187000	-0.165133
187050	-0.144665
187100	-0.086888
187150	-0.018992
187200	0.052300
187250	0.091492
187300	-0.018830
187350	-0.061183
187400	0.178615
187450	-0.051179
187500	0.087001
187550	0.060527
187600	0.299420
187650	0.092450
187700	0.106324
187750	0.052469
187800	0.073210
187850	0.197571
187900	0.034589
187950	0.083940
188000	-0.043690
188050	0.267438
188100	-0.113086
188150	-0.020578
188200	-0.028218
188250	-0.029856
188300	0.050589
188350	-0.127665
188400	-0.094154
188450	-0.079404
188500	0.016602
188550	-0.197140
188600	0.035784
188650	0.197282
188700	0.135782
188750	0.011533
188800	0.176214
188850	0.255851
188900	-0.011256
188950	-0.059612
189000	-0.038531
189050	-0.022254
189100	0.132173
189150	0.204268
189200	0.150004
189250	0.291847
189300	-0.185524
189350	0.069882
189400	-0.067080
189450	0.158268
189500	-0.096319
189550	0.002031
189600	-0.028773
189650	-0.196041
189700	-0.078748
189750	0.098650
189800	-0.024187
189850	-0.224294
189900	-0.053934
189950	0.096492
190000	-0.070404
190050	-0.059273
190100	-0.195949
190150	-0.008225
190200	-0.077099
190250	0.001066
190300	-0.058338
190350	-0.098286
190400	0.222113
190450	0.127955
190500	0.132540
190550	0.132977
190600	-0.108058
190650	-0.172399
190700	0.039012
190750	0.077352
190800	-0.396382
190850	0.172757
190900	0.224717
190950	-0.177544
191000	0.059927
191050	-0.076644
191100	-0.041506
191150	0.064216
191200	-0.186604
191250	-0.019392
191300	-0.007808
191350	0.195483
191400	0.241162
191450	0.098700
191500	0.129077
191550	-0.006165
191600	0.079993
191650	0.075344
191700	-0.059381
191750	0.019385
191800	-0.019182
191850	0.025804
191900	0.141004
191950	0.083103
192000	0.230841
192050	-0.131349
192100	0.075163
192150	0.151254
192200	0.195078
192250	-0.179233
192300	0.203233
192350	0.136732
192400	-0.039208
192450	-0.056178
192500	0.069640
192550	0.225279
192600	0.288956
192650	0.017837
192700	0.071504
192750	-0.054289
192800	-0.126465
192850	0.060343
192900	0.004153
192950	-0.011878
193000	0.048874
193050	-0.075319
193100	0.049802
193150	-0.048752
193200	-0.044883
193250	0.089534
193300	-0.088539
193350	0.149755
193400	0.145503
193450	0.220133
193500	-0.070776
193550	0.042589
193600	0.032688
193650	0.129468
193700	0.121391
193750	0.192372
193800	0.293935
193850	0.044431
193900	0.045217
193950	0.111886
194000	-0.059943
194050	0.039848
194100	0.232434
194150	0.070309
194200	0.054751
194250	-0.047620
194300	0.078408
194350	0.016823
194400	-0.019084
194450	-0.078210
194500	0.133525
194550	0.160459
194600	0.226750
194650	0.127372
194700	0.073574
194750	-0.238307
194800	-0.045642
194850	0.212265
194900	-0.045657
194950	0.044745
195000	0.170370
195050	0.065273
195100	0.237485
195150	-0.233267
195200	0.214349
195250	0.015161
195300	-0.089552
195350	0.142909
195400	-0.035612
195450	-0.039666
195500	-0.036128
195550	0.127120
195600	0.000153
195650	-0.020520
195700	0.119027
195750	0.205431
195800	0.160556
195850	0.068109
195900	0.112440
195950	0.222636
196000	-0.129440
196050	0.050858
196100	-0.165164
196150	-0.010328
196200	0.175231
196250	-0.078856
196300	-0.042766
196350	-0.197587
196400	-0.218667
196450	-0.099515
196500	-0.189680
196550	-0.074524
196600	-0.063383
196650	-0.008824
196700	0.070126
196750	0.014941
196800	-0.203708
196850	0.176707
196900	-0.128463
196950	0.077444
197000	-0.105167
197050	0.027932
197100	-0.078344
197150	0.065065
197200	-0.055065
197250	0.076552
197300	0.023505
197350	0.173863
197400	-0.058831
197450	-0.162111
197500	-0.207206
197550	0.047650
197600	-0.006999
197650	-0.180534
197700	0.013988
197750	-0.062566
197800	-0.088397
197850	0.004455
197900	-0.148602
197950	-0.104527
198000	0.176910
198050	0.323836
198100	0.091348
198150	-0.020079
198200	-0.043381
198250	-0.082781
198300	0.223489
198350	0.060373
198400	0.004162
198450	-0.261475
198500	-0.115703
198550	-0.187940
198600	0.010800
198650	-0.006720
198700	-0.084940
198750	0.126606
198800	-0.169790
198850	-0.023913
198900	-0.076959
198950	-0.132542
199000	0.007277
199050	-0.091651
199100	0.051732
199150	0.030607
199200	0.076610
199250	-0.018634
199300	0.060661
199350	-0.053056
199400	0.085196
199450	0.180807
199500	0.170178
199550	-0.021595
199600	0.143537
199650	-0.078891
199700	-0.078337
199750	-0.192108
199800	0.079621
199850	-0.122140
199900	0.135616
199950	-0.088025
