# Time-averaged data for fix rgnetA
# TimeStep c_gyrA
10000 33.0553
20000 33.0761
30000 33.074
40000 33.0723
50000 33.0765
60000 33.0853
70000 33.0922
80000 33.0959
90000 33.1005
100000 33.1024
110000 33.1022
120000 33.0986
130000 33.097
140000 33.094
150000 33.0913
160000 33.0899
170000 33.088
180000 33.0878
190000 33.0896
200000 33.0925
210000 33.0976
220000 33.1038
230000 33.1084
240000 33.1129
250000 33.1187
260000 33.1244
270000 33.1298
280000 33.1347
290000 33.1387
300000 33.1434
310000 33.1478
320000 33.1505
330000 33.1524
340000 33.155
350000 33.1583
360000 33.1616
370000 33.1656
380000 33.1686
390000 33.173
400000 33.1782
410000 33.1823
420000 33.1856
430000 33.1891
440000 33.1917
450000 33.1937
460000 33.1964
470000 33.1988
480000 33.2005
490000 33.2028
500000 33.2048
510000 33.2076
520000 33.2109
530000 33.2143
540000 33.2168
550000 33.2193
560000 33.2219
570000 33.2247
580000 33.2278
590000 33.2311
600000 33.2339
610000 33.2366
620000 33.2396
630000 33.2423
640000 33.2446
650000 33.2467
660000 33.2486
670000 33.2505
680000 33.2531
690000 33.2562
700000 33.2597
710000 33.263
720000 33.2659
730000 33.269
740000 33.2717
750000 33.275
760000 33.2788
770000 33.2831
780000 33.287
790000 33.2897
800000 33.2921
810000 33.2948
820000 33.2981
830000 33.3012
840000 33.3038
850000 33.306
860000 33.3083
870000 33.3107
880000 33.3131
890000 33.3153
900000 33.3179
910000 33.3207
920000 33.323
930000 33.3248
940000 33.3263
950000 33.3282
960000 33.3302
970000 33.3324
980000 33.3349
990000 33.3378
1000000 33.3411
1010000 33.3443
1020000 33.3477
1030000 33.3509
1040000 33.3534
1050000 33.3556
1060000 33.3576
1070000 33.3597
1080000 33.3617
1090000 33.3637
1100000 33.3657
1110000 33.3675
1120000 33.369
1130000 33.3705
1140000 33.3717
1150000 33.3726
1160000 33.3733
1170000 33.374
1180000 33.3745
1190000 33.375
1200000 33.3757
1210000 33.3765
1220000 33.3773
1230000 33.3783
1240000 33.3795
1250000 33.3807
1260000 33.382
1270000 33.3835
1280000 33.3853
1290000 33.3871
1300000 33.3889
1310000 33.3908
1320000 33.3928
1330000 33.3947
1340000 33.3965
1350000 33.3985
1360000 33.4003
1370000 33.4023
1380000 33.4044
1390000 33.4067
1400000 33.409
1410000 33.4114
1420000 33.4142
1430000 33.4168
1440000 33.4192
1450000 33.4214
1460000 33.4236
1470000 33.4257
1480000 33.4276
1490000 33.4294
1500000 33.4309
1510000 33.4323
1520000 33.4337
1530000 33.4352
1540000 33.4368
1550000 33.4383
1560000 33.4395
1570000 33.4407
1580000 33.4422
1590000 33.4438
1600000 33.4452
1610000 33.4465
1620000 33.448
1630000 33.4494
1640000 33.4507
1650000 33.452
1660000 33.4529
1670000 33.4534
1680000 33.4539
1690000 33.4545
1700000 33.4554
1710000 33.4564
1720000 33.4574
1730000 33.4587
1740000 33.4602
1750000 33.4616
1760000 33.4629
1770000 33.4643
1780000 33.4657
1790000 33.4672
1800000 33.4689
1810000 33.4706
1820000 33.4721
1830000 33.4732
1840000 33.4744
1850000 33.4756
1860000 33.4766
1870000 33.4777
1880000 33.4789
1890000 33.4804
1900000 33.482
1910000 33.4835
1920000 33.4849
1930000 33.4862
1940000 33.4874
1950000 33.4886
1960000 33.4899
1970000 33.4912
1980000 33.4924
1990000 33.4935
2000000 33.4946
2010000 33.4958
2020000 33.4973
2030000 33.4988
2040000 33.5003
2050000 33.5018
2060000 33.5033
2070000 33.5048
2080000 33.5063
2090000 33.5076
2100000 33.5088
2110000 33.51
2120000 33.511
2130000 33.512
2140000 33.513
2150000 33.5138
2160000 33.5145
2170000 33.5152
2180000 33.516
2190000 33.5169
2200000 33.5179
2210000 33.519
2220000 33.52
2230000 33.521
2240000 33.5221
2250000 33.5232
2260000 33.5242
2270000 33.5254
2280000 33.5267
2290000 33.528
2300000 33.5293
2310000 33.5305
2320000 33.5318
2330000 33.533
2340000 33.5339
2350000 33.5348
2360000 33.5356
2370000 33.5365
2380000 33.5374
2390000 33.5382
2400000 33.5391
2410000 33.54
2420000 33.5406
2430000 33.5413
2440000 33.5421
2450000 33.5431
2460000 33.5441
2470000 33.5452
2480000 33.5465
2490000 33.5476
2500000 33.5486
2510000 33.5495
2520000 33.55
2530000 33.5507
2540000 33.5513
2550000 33.552
2560000 33.5526
2570000 33.5533
2580000 33.5537
2590000 33.5542
2600000 33.5547
2610000 33.5553
2620000 33.5559
2630000 33.5565
2640000 33.5573
2650000 33.5582
2660000 33.5591
2670000 33.5602
2680000 33.5614
2690000 33.5625
2700000 33.5638
2710000 33.5651
2720000 33.5663
2730000 33.5675
2740000 33.5688
2750000 33.5701
2760000 33.5713
2770000 33.5725
2780000 33.5738
2790000 33.5752
2800000 33.5766
2810000 33.5779
2820000 33.5792
2830000 33.5808
2840000 33.5823
2850000 33.5839
2860000 33.5855
2870000 33.5871
2880000 33.5888
2890000 33.5904
2900000 33.5919
2910000 33.5934
2920000 33.5949
2930000 33.5964
2940000 33.5979
2950000 33.5995
2960000 33.6011
2970000 33.6028
2980000 33.6043
2990000 33.6059
3000000 33.6075
3010000 33.6091
3020000 33.6107
3030000 33.6125
3040000 33.6144
3050000 33.6162
3060000 33.6181
3070000 33.6198
3080000 33.6216
3090000 33.6234
3100000 33.6252
3110000 33.627
3120000 33.6287
3130000 33.6304
3140000 33.6321
3150000 33.6337
3160000 33.6352
3170000 33.6366
3180000 33.638
3190000 33.6394
3200000 33.641
3210000 33.6429
3220000 33.6447
3230000 33.6466
3240000 33.6485
3250000 33.6506
3260000 33.6528
3270000 33.655
3280000 33.6572
3290000 33.6595
3300000 33.6619
3310000 33.6643
3320000 33.6666
3330000 33.669
3340000 33.6713
3350000 33.6737
3360000 33.676
3370000 33.6782
3380000 33.6805
3390000 33.6826
3400000 33.6848
3410000 33.6869
3420000 33.689
3430000 33.691
3440000 33.6929
3450000 33.6947
3460000 33.6964
3470000 33.6981
3480000 33.6998
3490000 33.7016
3500000 33.7035
3510000 33.7052
3520000 33.7068
3530000 33.7084
3540000 33.7098
3550000 33.7113
3560000 33.7127
3570000 33.7142
3580000 33.7157
3590000 33.7172
3600000 33.7188
3610000 33.7204
3620000 33.7222
3630000 33.7241
3640000 33.7261
3650000 33.7281
3660000 33.7301
3670000 33.7321
3680000 33.7339
3690000 33.7359
3700000 33.738
3710000 33.7401
3720000 33.7421
3730000 33.7442
3740000 33.7462
3750000 33.7481
3760000 33.7501
3770000 33.7521
3780000 33.7542
3790000 33.7563
3800000 33.7586
3810000 33.7607
3820000 33.7629
3830000 33.765
3840000 33.7673
3850000 33.7695
3860000 33.7717
3870000 33.774
3880000 33.7761
3890000 33.778
3900000 33.7799
3910000 33.7818
3920000 33.7837
3930000 33.7855
3940000 33.7872
3950000 33.789
3960000 33.7908
3970000 33.7927
3980000 33.7946
3990000 33.7966
4000000 33.7985
4010000 33.8006
4020000 33.8027
4030000 33.8048
4040000 33.8068
4050000 33.809
4060000 33.8111
4070000 33.8132
4080000 33.8154
4090000 33.8176
4100000 33.8198
4110000 33.8219
4120000 33.824
4130000 33.8259
4140000 33.8279
4150000 33.83
4160000 33.8321
4170000 33.8342
4180000 33.8362
4190000 33.8383
4200000 33.8405
4210000 33.8426
4220000 33.8446
4230000 33.8465
4240000 33.8484
4250000 33.8503
4260000 33.8522
4270000 33.8542
4280000 33.8562
4290000 33.8581
4300000 33.8599
4310000 33.8617
4320000 33.8635
4330000 33.8652
4340000 33.867
4350000 33.8687
4360000 33.8703
4370000 33.8719
4380000 33.8734
4390000 33.875
4400000 33.8766
4410000 33.8781
4420000 33.8797
4430000 33.8813
4440000 33.883
4450000 33.8847
4460000 33.8864
4470000 33.8881
4480000 33.8899
4490000 33.8918
4500000 33.8937
4510000 33.8955
4520000 33.8974
4530000 33.8993
4540000 33.9012
4550000 33.9031
4560000 33.9052
4570000 33.9073
4580000 33.9094
4590000 33.9115
4600000 33.9137
4610000 33.9158
4620000 33.918
4630000 33.9202
4640000 33.9225
4650000 33.9249
4660000 33.9272
4670000 33.9296
4680000 33.932
4690000 33.9344
4700000 33.9368
4710000 33.9392
4720000 33.9415
4730000 33.9438
4740000 33.9461
4750000 33.9483
4760000 33.9505
4770000 33.9528
4780000 33.955
4790000 33.9572
4800000 33.9595
4810000 33.9619
4820000 33.9643
4830000 33.9667
4840000 33.9691
4850000 33.9715
4860000 33.9738
4870000 33.9762
4880000 33.9785
4890000 33.981
4900000 33.9833
4910000 33.9857
4920000 33.9881
4930000 33.9905
4940000 33.993
4950000 33.9955
4960000 33.9981
4970000 34.0007
4980000 34.0033
4990000 34.0059
5000000 34.0084
5010000 34.0108
5020000 34.0132
5030000 34.0155
5040000 34.0179
5050000 34.0204
5060000 34.0228
5070000 34.0253
5080000 34.0277
5090000 34.03
5100000 34.0324
5110000 34.0348
5120000 34.0371
5130000 34.0393
5140000 34.0415
5150000 34.0436
5160000 34.0457
5170000 34.0478
5180000 34.0499
5190000 34.052
5200000 34.0541
5210000 34.0562
5220000 34.0583
5230000 34.0604
5240000 34.0625
5250000 34.0648
5260000 34.067
5270000 34.0691
5280000 34.0712
5290000 34.0734
5300000 34.0758
5310000 34.078
5320000 34.0803
5330000 34.0827
5340000 34.085
5350000 34.0873
5360000 34.0896
5370000 34.0918
5380000 34.094
5390000 34.0961
5400000 34.0983
5410000 34.1005
5420000 34.1028
5430000 34.1051
5440000 34.1074
5450000 34.1098
5460000 34.1121
5470000 34.1144
5480000 34.1167
5490000 34.119
5500000 34.1212
5510000 34.1233
5520000 34.1255
5530000 34.1276
5540000 34.1297
5550000 34.1319
5560000 34.1341
5570000 34.1362
5580000 34.1383
5590000 34.1405
5600000 34.1425
5610000 34.1446
5620000 34.1465
5630000 34.1484
5640000 34.1504
5650000 34.1523
5660000 34.1542
5670000 34.1561
5680000 34.158
5690000 34.1598
5700000 34.1617
5710000 34.1637
5720000 34.1657
5730000 34.1677
5740000 34.1696
5750000 34.1715
5760000 34.1735
5770000 34.1755
5780000 34.1774
5790000 34.1793
5800000 34.1811
5810000 34.183
5820000 34.1849
5830000 34.187
5840000 34.1891
5850000 34.1912
5860000 34.1933
5870000 34.1954
5880000 34.1976
5890000 34.1997
5900000 34.2018
5910000 34.2039
5920000 34.2061
5930000 34.2082
5940000 34.2103
5950000 34.2124
5960000 34.2146
5970000 34.2169
5980000 34.2193
5990000 34.2217
6000000 34.2241
