2.353033
0.819616
0.629961
0.423197
0.292084
0.233823
0.274314
0.379602
0.225375
0.202600
0.239924
0.195661
0.122262
0.190009
0.169348
0.046143
0.107326
0.098502
0.178441
0.143779
0.156144
0.148756
0.096914
0.115992
0.259573
0.207071
0.113864
0.144832
0.045141
0.068478
0.116479
0.132157
0.200883
0.141718
0.185885
0.164311
0.132115
0.219371
0.203865
0.248461
0.148112
0.125355
0.099964
0.150729
0.150372
0.101013
0.206315
0.141084
-0.013153
0.044159
0.140143
0.111401
0.106844
0.029560
0.048046
0.048204
0.006076
0.044317
0.040429
0.058546
0.076613
0.047081
0.129497
0.084861
0.138921
0.061469
0.053490
0.070908
0.022316
-0.039552
0.071251
0.032973
0.032807
-0.034445
-0.044609
-0.051685
0.147393
0.154803
0.111774
0.055428
0.018071
0.034068
0.044986
0.070209
0.076133
0.156126
0.088291
0.071422
0.100862
0.082277
0.087770
0.124580
-0.039180
-0.021919
0.057787
0.063291
0.155795
0.149092
0.142845
0.117282
0.053508
0.061596
0.084268
0.165063
0.125548
0.017303
0.023689
0.054238
0.022701
0.101984
-0.058137
-0.051640
0.083425
0.058692
0.101688
0.155265
0.074607
0.042190
0.075616
0.041915
0.081720
-0.011959
-0.029784
-0.015607
0.054088
0.037106
-0.044368
0.066928
0.062363
-0.057226
0.006695
-0.016746
-0.041202
0.031271
0.105520
0.056515
0.032184
0.055342
0.040797
0.001377
0.055141
0.016750
-0.027786
0.005232
0.006679
0.049395
0.007727
0.126689
0.139344
-0.015365
0.024146
-0.048218
-0.026363
-0.030130
0.042598
0.098067
0.066911
0.073570
-0.000662
0.046568
0.062874
0.083074
0.085433
0.042651
0.063386
0.012643
0.109114
0.116404
0.033311
0.094423
0.077118
-0.037858
-0.006369
0.057176
0.058847
-0.002485
-0.001903
0.013858
0.031186
-0.005438
0.104378
0.004629
0.062253
0.024461
-0.016140
0.089280
0.047426
-0.009210
0.038719
-0.001765
0.060868
0.024126
0.059292
0.008697
0.034076
0.065484
0.042761
0.033552
0.001308
-0.002678
0.078390
0.034970
0.117116
0.048839
0.013460
0.160578
0.037445
0.024954
0.016524
-0.037424
0.007256
0.017190
0.110096
0.061990
0.116499
0.038484
0.075486
0.075321
-0.006602
0.078496
0.088154
0.043390
0.063000
0.049809
0.099326
0.143710
0.007236
0.086273
0.044429
-0.028397
-0.073777
-0.057779
-0.019943
0.085899
0.016311
0.078165
0.072329
0.027576
0.064965
0.038234
-0.022110
0.008505
-0.053249
-0.013759
0.026630
0.051299
0.021332
0.084162
0.081420
0.004643
-0.042487
-0.026372
-0.108500
-0.042556
0.094606
-0.025941
0.011897
-0.000748
0.049069
-0.000020
-0.004827
-0.010136
0.006306
-0.007314
-0.003842
0.085597
-0.067167
0.017148
0.026489
-0.043673
-0.060169
0.049441
0.024368
0.009905
0.005654
0.017995
-0.021052
-0.018768
-0.006404
0.083566
0.069559
0.064697
0.017332
-0.004307
0.006173
0.006869
0.027062
0.067830
0.037995
-0.013153
0.043910
0.098618
0.007210
0.010649
0.117422
-0.009257
-0.023426
0.037442
0.013838
0.060356
0.007342
0.037363
0.069508
-0.024810
-0.011107
0.043069
0.027577
0.060407
0.064340
0.121145
0.065244
0.064243
0.046208
0.030394
0.028970
0.069822
-0.092939
-0.079500
0.073731
0.038785
-0.001496
-0.000378
0.038311
-0.006637
-0.056220
0.018104
0.066951
0.050631
-0.088038
-0.147148
-0.040175
0.028763
-0.055463
0.079670
0.083020
0.024218
-0.106334
-0.029943
0.025257
0.009699
0.044974
0.021022
0.026968
0.066353
-0.018872
0.017933
0.080771
0.083482
0.056981
0.012244
0.014035
0.106654
0.060755
0.037116
0.094044
0.092196
0.058978
0.106108
0.010430
0.054943
0.073675
0.092109
0.031502
-0.001131
-0.009304
-0.009084
-0.009340
0.037298
0.033490
-0.009518
0.070228
0.020058
-0.001738
0.129194
0.055270
0.106719
0.057252
0.038248
0.086221
-0.038255
0.029760
0.045727
-0.029489
-0.023566
0.009910
0.013712
0.064284
0.074275
0.041983
0.042808
-0.008213
0.114740
0.099593
0.026108
0.058206
0.093383
0.032822
0.096205
0.102986
0.058327
-0.011998
-0.007765
0.075523
-0.011127
-0.015242
-0.011244
0.041211
0.071285
0.040182
0.077905
0.058779
0.057030
0.082736
0.103181
0.086556
0.052816
0.019599
-0.017287
0.018283
0.046491
0.074920
0.090819
0.122991
0.091946
0.049279
0.105301
0.068085
0.041117
-0.055239
-0.018481
-0.118949
-0.022311
0.087087
0.066369
0.040365
0.034748
0.069247
0.013636
0.039151
-0.026387
-0.024823
-0.016848
-0.042911
0.059630
0.031916
0.113406
0.045164
0.023979
0.074746
-0.023547
0.030388
0.039307
0.050113
0.136236
0.024053
0.028064
-0.016052
0.000004
-0.013208
0.076115
0.002960
0.027894
0.085230
0.058493
0.002841
0.007929
0.014224
-0.026195
0.048726
0.003221
0.007946
0.009950
0.107794
0.058858
0.050812
0.047224
0.088624
0.000553
0.026222
0.107777
0.035067
0.036315
0.051306
0.086344
0.037502
-0.013830
0.079466
0.050566
0.031038
0.075168
0.012658
0.070218
0.067221
0.177120
0.121397
0.118915
0.096135
0.121380
0.065669
0.012238
-0.018211
-0.074944
0.046911
-0.003066
0.010959
0.070701
0.039561
-0.032289
0.065809
0.050219
0.075983
0.097045
0.094850
0.080481
-0.101057
-0.063856
-0.019309
-0.022528
-0.043788
0.054549
-0.060130
-0.035761
0.017619
0.100714
0.118067
0.152210
0.062824
0.028445
0.092532
-0.058499
0.021747
-0.052711
-0.081864
-0.055770
0.019643
0.070211
0.007801
-0.024010
-0.067449
-0.069731
-0.030662
-0.050407
-0.086080
0.053750
0.009621
-0.062008
0.049442
0.047684
0.025036
0.093459
0.012706
0.000294
0.060691
-0.008092
-0.116683
0.028111
0.070112
0.024064
0.049962
0.048055
0.064381
-0.047401
0.053264
0.001191
-0.025677
0.121143
0.073071
-0.007783
0.062386
0.071532
0.016166
0.068732
0.006747
0.039732
-0.011556
0.079682
0.066195
0.011138
-0.012957
0.059298
0.078511
0.043049
0.051466
0.053306
-0.015225
-0.001171
0.051981
0.002781
-0.033977
0.003610
-0.043745
-0.014447
-0.011660
0.061488
0.037824
-0.004443
-0.033022
-0.033809
-0.009042
0.022327
0.031403
0.057187
0.039607
0.067174
0.051838
-0.023290
0.068140
0.017526
-0.018069
-0.009036
-0.015804
0.024460
0.014701
0.054754
0.046612
0.027211
0.017163
0.032287
0.023617
0.017571
0.033707
-0.003562
0.039701
0.080933
0.050484
0.010336
0.035520
0.057049
-0.007648
-0.022674
0.121780
0.068262
0.103551
0.066915
0.105563
0.031796
0.055382
-0.006512
0.002664
-0.042290
-0.021789
-0.023333
-0.028998
-0.014570
0.012887
-0.018688
0.025313
0.030770
0.067581
-0.021253
0.025602
-0.033785
0.049172
-0.056073
0.029678
-0.026729
-0.089539
0.089319
0.013347
-0.027352
-0.057632
0.071137
0.095667
-0.072557
-0.013923
0.060945
0.041968
-0.042448
-0.016141
-0.070713
0.054187
0.041531
0.029485
0.061838
-0.003764
-0.051688
-0.054426
0.078030
0.004742
0.011058
0.094889
0.084611
0.009470
-0.019437
0.024642
0.068242
-0.016864
0.079131
0.061603
0.060051
0.033179
0.056134
0.106005
0.109718
0.077679
0.071663
-0.000347
-0.034570
0.041669
0.050716
0.076218
0.048495
0.081350
0.028663
0.088443
0.043822
0.005892
0.100541
-0.036301
0.058476
0.063185
0.110785
0.039996
0.017592
0.055138
-0.019742
-0.001986
-0.074581
-0.103867
-0.078232
-0.020890
-0.025110
0.038117
0.007196
0.026027
0.003228
0.043928
0.030952
0.000768
-0.020269
-0.026255
0.045573
0.048510
0.010362
-0.039131
0.008906
0.118701
0.039142
0.018997
0.006360
0.034579
-0.006940
0.001463
0.013553
-0.042506
0.007049
0.043058
0.099010
-0.000115
0.005419
0.031651
-0.049916
0.029488
0.072764
0.123429
0.032851
0.096166
0.131706
-0.060994
0.087757
0.051283
0.017789
0.060553
-0.003970
0.015589
0.019928
0.032680
0.001762
-0.042084
-0.020250
-0.016886
-0.017739
0.051308
0.032687
0.127743
0.074802
-0.048432
0.006963
0.048006
0.078902
0.046473
0.016899
0.021581
0.051793
0.165192
0.127834
0.083668
-0.010168
-0.003124
-0.009611
-0.018334
-0.013353
-0.009091
0.017804
0.078508
0.134716
0.079522
0.001731
0.050552
0.056633
0.033048
-0.021087
-0.010482
0.024830
-0.058840
-0.040964
-0.021449
0.009800
0.040607
-0.025454
-0.047467
-0.031911
-0.062029
-0.035364
0.058521
0.057335
0.015877
0.002775
0.007620
0.019385
-0.013496
-0.013319
-0.022899
-0.075986
-0.129003
-0.017201
0.057598
0.090802
0.035649
0.035520
-0.016591
-0.097896
0.060856
0.019929
-0.096598
0.020322
0.011206
0.120033
0.008409
0.082692
0.032776
-0.026605
0.005754
0.012566
-0.004850
0.056938
0.054654
0.026990
0.051956
0.001614
-0.085052
-0.038091
0.050042
0.014833
-0.004101
0.059748
0.129454
0.091435
0.058991
0.060974
0.040442
0.022032
0.017829
0.110292
-0.043839
-0.064155
-0.025623
-0.039043
-0.030559
-0.033023
-0.020384
0.026881
0.060890
0.020628
-0.010150
0.069562
0.009790
0.076172
-0.052561
0.014723
0.094698
-0.050573
-0.044859
-0.044582
-0.020554
0.015625
0.006797
0.151507
0.019342
0.035172
0.072920
-0.032907
0.113731
0.034659
-0.008518
0.095699
0.040343
-0.049244
-0.061089
-0.137753
-0.099263
-0.003013
-0.044220
-0.009504
-0.035934
-0.001575
-0.015280
0.069877
0.016586
-0.012353
0.016628
-0.022362
-0.036557
-0.054314
0.001293
0.023327
-0.026455
-0.059352
0.035735
0.084761
-0.020746
0.054215
0.059266
0.039844
0.112208
0.148075
-0.019825
0.025294
-0.023304
0.002562
-0.062937
-0.019069
-0.016789
0.002196
0.007650
0.008293
-0.052129
-0.001371
-0.001060
-0.036084
0.070064
0.017691
-0.028926
0.060316
0.041685
0.009088
0.020193
0.068375
0.087889
0.014954
0.072126
0.064548
0.125710
0.156297
0.083967
0.124330
-0.010756
0.053614
0.035857
-0.026363
0.012476
-0.012682
0.101372
0.036631
0.000497
-0.001953
-0.039933
0.038098
0.109312
-0.018369
-0.029937
0.025537
0.038388
0.040231
0.155022
-0.021963
-0.046459
0.009775
-0.030371
0.023906
0.019534
-0.003058
0.055480
-0.015302
-0.035563
0.040584
0.011135
0.020274
-0.009446
0.027830
0.042119
0.030991
0.004640
0.013054
0.022643
0.061071
0.105153
0.016576
0.032476
0.047167
-0.083251
-0.005843
0.046980
0.059535
0.059676
0.106102
0.084589
0.035297
-0.047862
0.011535
0.040409
0.008879
0.028806
0.045821
0.036350
0.078661
0.108623
0.056316
0.010289
-0.098669
0.098125
0.044411
-0.021052
0.083455
0.090673
0.036153
-0.093731
-0.032352
-0.059066
0.032442
0.025257
0.038782
0.040035
0.070964
0.020831
0.082064
0.091259
0.043023
0.059304
0.007243
0.076772
0.012357
0.157495
0.012374
-0.023290
-0.089273
-0.080083
0.049362
-0.016307
0.053680
-0.035616
-0.161052
-0.041013
-0.011317
-0.016554
-0.066186
-0.066692
-0.061816
-0.032284
-0.032728
-0.170368
-0.026859
0.018321
-0.051700
0.130776
-0.034165
0.055239
0.101537
0.034110
-0.005497
-0.059523
0.012627
0.080451
0.012187
0.027679
0.020400
0.058646
0.076924
0.123071
0.036646
0.061769
0.100261
0.047492
0.047080
-0.008428
0.123530
0.071518
0.063706
0.066403
0.033007
0.026680
0.031679
0.031715
-0.036395
0.023189
0.017011
0.042392
-0.049479
-0.008760
0.067129
-0.056439
0.000934
-0.060854
0.053975
-0.011164
-0.058647
0.029592
-0.028006
-0.001092
-0.016961
-0.028839
0.051256
0.030483
-0.015405
0.021004
0.012907
-0.006129
0.062685
0.064238
-0.026186
-0.062583
-0.037629
-0.090896
-0.038330
0.013887
0.031330
-0.004912
0.075736
0.017859
0.079642
0.010665
-0.077860
-0.055453
0.016551
0.072520
-0.067026
0.059747
0.098624
0.027935
-0.003463
-0.016266
0.029134
0.007345
0.008358
0.041991
-0.015675
-0.011192
0.025026
-0.128830
-0.078465
0.019723
-0.097312
0.025308
-0.072805
0.008176
0.053270
-0.070529
-0.005454
-0.067103
0.055949
0.158082
0.037830
0.008277
0.016110
-0.036982
0.023533
0.050122
-0.066252
0.027286
0.057034
0.072149
-0.022721
0.008437
0.019511
-0.035118
0.044050
0.066172
-0.045543
-0.034003
-0.081399
-0.020777
-0.000911
0.073629
0.100335
0.112014
0.033685
0.058984
-0.156294
-0.022093
0.014406
-0.011375
-0.008480
-0.040076
0.030070
0.026958
0.006234
-0.042934
-0.110974
0.047182
0.042116
0.032141
-0.018703
-0.070592
0.041168
0.025533
-0.010090
-0.051115
0.013202
0.113828
-0.041040
-0.039513
0.027563
-0.028527
0.060477
0.057258
-0.021941
0.054283
-0.000532
0.023224
0.075212
-0.054826
-0.072465
-0.098865
0.002413
-0.051259
0.037072
0.053444
0.047767
0.070789
-0.015449
0.021579
0.098051
0.106956
0.041303
0.106861
0.018880
0.039708
0.055084
0.029305
0.005515
0.014349
0.011836
-0.091464
-0.051597
0.053156
-0.054519
-0.016174
0.081786
0.075412
0.021163
0.061254
-0.035394
-0.039478
0.008378
-0.000862
-0.020472
-0.001438
-0.138685
-0.075002
0.030104
-0.056579
-0.111864
-0.031297
-0.090191
0.014405
-0.008541
0.017675
0.111136
0.030592
-0.017524
0.081741
-0.022884
0.009110
0.006421
-0.003130
0.015235
0.068688
0.038351
0.017017
0.008520
-0.023583
0.068851
0.055295
-0.050015
-0.014762
0.065110
-0.001065
-0.024031
0.064981
0.013545
0.048204
-0.010750
-0.013760
0.011300
-0.000110
-0.082750
-0.089116
-0.067633
-0.001576
0.002401
0.032826
0.077412
0.057735
-0.062302
0.052848
0.048063
-0.073302
-0.005831
-0.026684
-0.052158
0.025679
0.039394
0.072143
0.026171
0.050252
0.023892
0.013466
0.000868
0.022151
0.029748
0.036229
-0.079289
-0.077200
-0.029853
-0.094706
-0.076352
-0.075451
0.031631
0.002426
0.012807
0.003871
-0.027844
-0.123252
0.051556
0.015409
-0.025996
-0.065098
-0.031323
-0.010719
-0.013598
0.029118
-0.017359
0.036587
-0.034556
-0.070736
-0.061344
-0.073507
-0.008531
-0.021249
0.028408
0.009875
-0.011388
0.063802
0.090070
-0.006421
-0.025125
-0.020024
-0.055197
-0.077274
-0.009887
-0.003228
0.015243
-0.052141
-0.025987
-0.065440
-0.052576
0.015294
-0.020867
-0.018774
0.034471
-0.004014
-0.011071
-0.062168
-0.112043
-0.065470
-0.032017
-0.078907
0.026855
0.043210
0.009350
0.018238
0.021918
0.078682
0.080058
0.029891
0.003489
-0.109998
-0.001603
0.013481
-0.071370
0.066609
0.021604
-0.039519
0.017753
0.080003
0.163196
0.001599
0.088733
0.053101
0.051314
-0.011829
0.072004
0.113603
-0.016891
-0.051298
0.016690
-0.023417
-0.020882
0.030217
0.034189
0.074175
-0.019716
-0.117456
0.044291
0.021780
0.012209
0.015778
0.042226
-0.025837
-0.024896
-0.014993
-0.016794
0.010296
0.108963
0.140942
0.065479
0.087624
0.072790
0.027017
-0.061549
-0.054305
-0.014488
0.044491
0.072953
0.049281
0.084098
0.058844
-0.045104
0.012318
-0.033524
0.022877
0.061861
0.085165
0.021384
-0.074109
0.003598
0.035943
0.120884
0.057457
0.025014
0.019418
0.005596
0.042253
-0.002860
0.015737
-0.039338
-0.042294
-0.063349
0.009355
0.041394
0.159378
0.036405
0.005434
0.125392
0.074437
-0.000268
0.067992
0.070557
0.016058
-0.012165
0.038885
-0.017149
0.011783
-0.005325
0.033264
-0.062649
-0.031400
0.132467
0.033074
0.041458
0.077247
0.002970
0.018325
-0.060970
0.043101
0.024980
0.047425
0.003800
0.047224
0.095011
0.012587
-0.047243
-0.013464
-0.018200
-0.009173
0.027376
-0.049931
0.007503
0.024311
-0.021749
0.041019
0.019719
0.070847
0.038722
0.032997
-0.038780
0.026139
-0.002440
-0.026660
0.005393
-0.002877
-0.033819
-0.005770
-0.057499
0.037097
0.022653
0.025353
-0.020946
-0.082340
-0.059798
-0.007851
-0.024622
-0.022070
-0.022050
-0.066329
-0.044936
-0.046781
-0.018406
0.002333
0.030242
0.050760
0.095724
0.030871
0.004789
-0.024103
0.049521
0.042465
0.008530
-0.001667
0.021316
0.052575
0.073160
-0.040133
-0.039141
0.034686
0.029545
0.065859
0.089062
0.046031
0.024010
0.098069
0.105385
0.101880
0.027546
0.081756
0.058792
-0.042333
0.037516
0.018946
-0.037977
0.041295
-0.032131
0.036402
0.020040
0.012437
0.027040
-0.027317
0.036036
-0.026892
0.032375
0.018465
-0.002853
-0.061937
0.005362
-0.015453
0.003202
0.072797
0.022351
0.074249
0.046465
0.005535
-0.081611
0.094123
0.023722
-0.023149
0.068310
0.013525
-0.033031
-0.003574
-0.023613
-0.052236
0.089124
-0.026624
0.029259
0.038325
0.007529
0.064795
-0.014869
0.072619
-0.042832
-0.062057
0.050319
0.040022
-0.006981
0.066103
0.046830
-0.054835
0.029803
-0.032496
-0.002146
0.046030
0.089182
0.047359
0.012918
0.008701
-0.036641
-0.039073
-0.018933
0.007557
-0.019060
0.016506
0.084540
0.003883
0.033615
0.012129
0.069158
0.046223
0.010070
-0.056318
-0.042378
0.024233
0.043105
0.058537
0.043802
0.038169
0.071872
0.104650
0.034943
-0.004006
-0.062075
0.010162
0.090408
-0.057439
-0.010908
0.063962
0.030362
0.032612
0.002436
0.083341
0.091732
-0.084425
0.032452
-0.008504
-0.011807
-0.061671
-0.019067
0.032704
-0.009886
0.009916
-0.098463
0.035875
0.055137
0.008169
0.023522
0.015153
0.120351
0.073069
0.085512
0.079370
-0.023334
-0.042813
0.002109
0.102530
0.050139
0.012259
0.019595
0.069884
0.009481
-0.013925
0.036364
0.038993
0.006404
-0.041907
-0.085843
-0.071623
0.061954
0.038280
0.054127
0.024874
0.022959
0.073346
0.036944
0.019202
-0.001413
-0.072865
0.052335
-0.027926
0.020905
0.047189
-0.008236
0.037923
0.061730
0.049856
-0.005717
0.024328
0.006147
0.009064
0.014632
0.036915
0.011815
-0.073484
0.074448
0.040537
0.010579
0.041449
0.022873
-0.047484
0.018129
-0.018074
-0.034846
0.060560
-0.022071
0.031129
-0.022970
0.034644
0.022828
-0.049926
0.043639
-0.042532
-0.003633
-0.057309
-0.031066
-0.017171
-0.019571
-0.034316
-0.047354
-0.031083
-0.000725
-0.024435
0.017329
-0.013413
0.002045
0.029661
0.014434
-0.036101
-0.037314
0.093309
-0.012933
-0.085914
0.060548
0.127954
0.083398
0.003202
-0.046553
0.008691
0.011616
0.134855
0.029005
0.040187
0.012722
0.065764
0.075091
0.001743
0.048378
0.054459
-0.030293
-0.013380
-0.063229
0.001621
0.034948
-0.043734
0.022991
-0.010188
0.000026
0.066091
0.103697
0.044288
0.067614
0.093060
0.025497
0.125604
0.084808
0.026148
-0.009385
-0.028526
0.021195
0.117210
0.104205
0.076443
0.008464
-0.005664
0.000598
-0.053645
0.029671
0.026956
-0.032609
-0.019234
0.063470
0.024138
-0.000765
0.093220
0.061709
-0.008665
0.030402
0.017008
-0.002409
-0.018975
-0.049057
0.011630
0.098700
0.014926
0.092421
0.047703
-0.002180
-0.008825
0.065048
0.002351
-0.041191
-0.058096
-0.029391
-0.015951
-0.019260
0.061828
-0.027415
-0.005051
0.026402
-0.005621
0.058859
0.097487
0.119693
0.048836
0.045444
0.028355
0.002924
-0.046423
0.050819
0.109112
0.061482
0.088859
-0.032120
-0.046694
0.027273
0.036513
-0.006365
0.024841
-0.061515
0.038392
-0.009254
-0.052370
0.021908
0.038348
0.076346
0.006898
-0.038503
-0.108564
-0.073202
-0.003909
-0.100545
0.028825
0.063609
0.012092
0.039261
0.012459
0.058668
0.110965
0.020045
0.044787
-0.052564
-0.005378
0.057240
0.040513
0.018897
0.003884
-0.041617
0.002805
0.077062
-0.032535
0.058942
0.137357
-0.032861
0.135814
0.028737
0.059521
0.078463
0.033895
0.035012
0.058702
0.070427
0.003450
0.040869
0.021623
0.035504
0.032116
-0.010790
0.060647
0.011530
0.065402
0.000817
0.063158
0.075652
0.093390
0.032379
-0.050525
0.012540
0.058053
0.018739
-0.036682
0.002420
0.034554
0.066326
0.100633
0.030100
0.018526
-0.002829
-0.038729
-0.016761
0.008994
0.014454
0.019306
0.037160
-0.083359
-0.098275
0.059595
-0.095104
0.023352
0.017843
-0.072236
0.004837
-0.091628
0.000060
0.069403
0.018861
0.007535
0.015394
-0.000204
0.025996
0.034092
0.016670
-0.017935
0.004950
-0.037544
0.034802
0.008526
0.067604
0.098898
-0.023652
-0.011938
0.068403
0.023561
0.010580
0.012925
0.054536
0.058222
0.017337
0.055543
0.036415
0.072685
0.030653
0.015017
0.032535
0.022289
0.090860
0.054957
0.025853
-0.007223
0.009104
0.009948
-0.112527
-0.052768
0.045996
0.014553
0.068790
0.006119
0.002885
0.013859
-0.001842
-0.015013
0.011000
0.031656
0.047062
-0.008387
-0.041596
-0.014571
-0.022488
-0.045809
-0.032952
0.019389
0.009694
0.094313
0.104342
0.032645
0.003388
-0.068355
0.016827
0.109717
0.005229
0.000945
-0.009345
0.073105
0.016948
-0.109860
-0.020496
-0.065610
-0.008654
0.032928
0.002236
0.118436
-0.035458
-0.080962
-0.010246
0.091028
0.121232
0.130460
0.120413
0.124249
0.036985
-0.024986
0.061938
0.051799
0.023920
-0.011373
-0.024080
0.058677
0.031753
0.076847
0.048858
0.119378
0.034755
-0.053599
0.050144
0.048215
0.025486
0.065515
0.018671
0.004012
0.011668
-0.000429
-0.032600
-0.031642
-0.040931
0.103275
0.040213
-0.015832
0.018486
0.044523
0.049365
0.062622
0.053130
0.026982
0.010482
0.072993
0.077583
0.055381
0.032942
-0.003915
0.053095
0.007652
-0.051361
0.041948
0.052006
-0.040907
-0.005934
0.089360
0.141210
0.063978
0.050930
-0.009687
0.020729
-0.059043
-0.009207
0.098525
0.025348
0.036719
0.063351
-0.059799
-0.039810
0.054130
0.147395
0.136627
0.000105
-0.099648
0.020768
0.093137
0.040883
0.059179
0.088956
-0.024498
-0.021151
-0.012755
0.015382
0.032811
0.001851
0.139599
0.081825
0.069801
0.125512
0.052632
0.044041
0.048847
0.067906
0.036684
0.109373
0.052100
0.113044
0.043673
0.051268
0.080442
0.061536
0.103869
0.094002
0.111076
0.102484
-0.068144
-0.054251
0.017247
0.082778
0.060751
0.005837
-0.041247
0.051572
0.046819
-0.094052
0.040535
0.017312
-0.011413
0.072661
0.021782
0.051460
0.096700
0.035658
-0.015384
-0.020501
-0.077341
-0.077699
-0.010848
0.014092
0.065285
-0.002450
-0.044093
0.118505
-0.002909
0.036135
0.016151
-0.013454
0.143448
0.046575
0.014317
0.124706
0.015707
0.011939
-0.071866
-0.077057
0.043103
-0.046926
0.029755
-0.029136
-0.061923
-0.057144
0.003283
0.027663
0.060454
-0.069806
-0.028751
0.069132
-0.088156
0.016186
-0.083208
-0.030219
0.026015
0.049062
0.020904
0.055705
0.023800
0.044550
-0.044855
0.043890
0.028116
0.022364
0.096046
0.091982
0.112694
0.050509
0.038197
-0.019266
0.002956
-0.096484
-0.026243
-0.037830
0.049210
0.071211
-0.031179
-0.001328
0.036608
0.011788
-0.095377
0.010624
0.147127
0.018803
-0.002567
0.083816
-0.103904
-0.151592
-0.019012
0.039330
0.048773
0.013966
0.032435
0.002205
0.011517
-0.005726
-0.103320
-0.015044
-0.037652
-0.008984
-0.025447
-0.042964
0.040997
0.119899
0.080944
0.083895
0.030146
0.049393
-0.045764
0.031289
0.142653
0.027882
0.055529
-0.023935
-0.004593
0.004590
-0.026758
-0.059799
0.049193
-0.052877
-0.011228
0.045488
-0.010096
-0.038669
-0.073691
-0.023601
0.032515
0.048843
0.026945
-0.041541
-0.110047
0.013456
-0.034161
-0.023684
0.009132
0.058656
0.007993
-0.130584
0.002987
0.032159
-0.023889
-0.050811
-0.021604
0.027877
-0.060495
-0.024008
-0.002484
-0.051424
0.053230
-0.114431
-0.118295
-0.024475
-0.065617
0.016380
0.058027
-0.006977
0.036789
-0.001163
0.012187
0.105883
-0.033063
-0.038432
0.013744
-0.063351
0.014079
0.046217
0.045099
0.021249
0.092497
0.094931
0.060582
0.067824
0.038447
0.023159
-0.019142
-0.002028
0.032123
0.015374
-0.059540
-0.105765
0.000124
-0.011278
-0.062255
0.060787
-0.032453
-0.033429
0.004503
-0.006769
0.090337
0.089387
-0.005880
-0.015733
0.023130
0.037792
0.045960
0.073909
0.044908
-0.034947
0.057431
0.029689
0.077090
0.037243
0.010946
0.029156
-0.028355
0.023904
0.135139
0.019682
0.015118
0.054540
0.060244
0.075164
0.027341
-0.057119
-0.073731
-0.051321
-0.057603
-0.011852
-0.002970
0.019967
-0.009851
0.054916
-0.037403
0.073022
0.119222
0.060947
0.017669
-0.027182
0.086396
0.039918
-0.032363
-0.080617
0.023457
-0.006637
-0.005772
0.011344
0.078057
0.048742
0.021511
0.043454
-0.011739
0.000379
0.055789
0.054125
0.110709
0.121747
0.050572
0.059351
0.019408
-0.018943
0.006498
0.070708
-0.026747
-0.061825
-0.092252
-0.106708
-0.073552
-0.024298
-0.069183
0.060275
0.045524
0.050784
0.091074
0.061471
0.043211
0.049538
0.071950
-0.029724
-0.056744
-0.028096
0.003442
-0.043031
-0.044086
-0.006153
-0.002438
0.036468
-0.037966
0.123924
0.076950
0.044410
-0.015840
-0.014596
0.031339
-0.062214
0.055784
0.045643
0.039471
0.054040
0.144201
0.036348
-0.011679
-0.007019
-0.067594
0.025628
0.118109
0.087081
-0.000978
0.000694
-0.100211
0.028774
-0.016081
-0.065742
0.032058
-0.027412
0.016682
0.037128
0.020925
0.117865
0.135833
0.011909
-0.015261
-0.067769
0.020879
0.066875
-0.013435
0.057401
0.010119
-0.018317
0.033172
0.091063
0.029247
-0.017823
0.042860
0.044995
0.029707
0.047431
0.018412
0.034940
0.055544
0.058628
0.023862
0.046091
0.084403
0.009171
0.108894
0.073530
0.040397
0.040567
-0.006459
-0.020890
-0.003523
0.001730
0.015464
-0.083684
0.066641
0.042009
-0.019931
0.011476
0.052925
-0.038060
-0.015514
-0.015534
-0.122719
0.120352
0.140338
0.107801
0.081301
-0.015364
0.053708
0.057172
0.055707
0.041615
-0.057683
-0.041407
-0.042533
0.053457
0.069853
0.028893
0.012779
0.057238
-0.011646
-0.007087
0.051350
0.014584
0.004814
-0.000177
0.003981
0.062150
0.076373
0.168267
0.154753
0.168003
0.080982
0.044357
0.152954
0.045716
0.107472
0.044828
-0.101396
-0.021358
0.063581
0.084334
0.049907
0.005826
-0.001329
0.040248
-0.028945
0.036461
-0.041772
-0.027472
0.090211
0.006718
0.064421
0.010606
0.077067
0.128527
0.051549
0.067228
-0.019685
-0.042733
-0.022972
-0.032352
0.067190
0.069218
0.013137
-0.012164
0.047449
-0.005821
0.065182
0.027586
0.068301
0.097881
-0.006773
-0.006677
0.055818
0.019599
0.058239
0.083329
0.060305
0.001384
0.010874
0.043832
-0.016063
0.051721
0.067128
0.029973
0.002625
0.017927
0.067137
-0.068429
0.033154
0.076246
-0.072363
0.039108
0.019017
0.032190
-0.044911
-0.026282
0.040968
0.022335
-0.016583
0.024883
0.009710
-0.011553
-0.007475
-0.020108
0.028919
0.017101
0.092937
0.003205
0.072197
0.060153
-0.011071
-0.034774
-0.049781
0.016859
0.081538
0.013693
-0.038152
0.051889
-0.026075
-0.022739
-0.055773
-0.056160
-0.065273
-0.067912
-0.035646
-0.026460
-0.031681
-0.005398
-0.073010
0.019517
0.050656
0.004348
0.057068
0.032276
0.020955
0.067154
0.035132
-0.038514
-0.052362
0.027227
-0.010184
0.028038
0.057437
0.050920
0.010700
-0.043482
-0.060929
0.017418
-0.026419
0.008254
0.018542
-0.109567
0.107191
0.040604
-0.002461
-0.005821
0.039039
-0.007658
-0.038075
0.038368
-0.047649
0.039449
-0.002397
-0.034138
0.010644
0.021311
-0.003541
-0.050923
0.014210
0.070445
0.072342
0.039007
0.071708
0.010221
-0.024806
0.071695
-0.021932
0.017582
-0.056714
-0.002498
0.020699
0.052352
0.073824
0.065223
-0.090810
0.044797
0.001287
-0.016096
-0.028604
-0.011418
-0.022821
-0.021211
0.087899
-0.010719
-0.062324
-0.010986
0.107384
-0.000309
0.016807
0.020962
0.032143
0.036326
-0.021602
-0.001870
-0.113093
-0.009051
0.016731
0.001241
0.020127
0.054979
0.056358
0.036925
-0.007929
0.069323
0.006520
-0.021247
0.021637
-0.008236
-0.005127
-0.010622
-0.039760
0.010649
-0.094694
0.025988
-0.003989
0.025246
0.047526
-0.018534
-0.032276
-0.048003
0.064991
-0.028281
0.091839
0.043556
-0.028967
0.008265
-0.099031
-0.084643
0.011833
-0.003083
-0.061184
0.014951
-0.034579
-0.038024
0.028437
-0.006384
-0.073199
-0.017337
-0.039684
0.003934
0.074053
-0.037196
-0.007796
-0.027837
-0.047624
-0.021590
-0.061625
-0.060858
-0.044961
-0.008368
-0.036177
-0.074562
0.006462
0.008659
-0.016356
0.042927
-0.084299
-0.040041
-0.011318
-0.037380
0.010369
-0.027658
0.023355
0.022451
-0.040080
-0.027736
-0.149506
-0.162880
0.036854
0.036081
0.039163
0.013069
-0.045008
0.109303
0.007550
0.010230
-0.014710
-0.036131
0.044654
-0.000213
-0.079261
0.047159
0.060427
0.066622
0.091003
-0.032537
-0.036534
-0.021886
-0.012073
-0.023962
0.014358
-0.008866
0.085676
0.015876
0.024909
-0.014952
-0.033021
-0.034420
-0.096999
-0.016799
-0.022075
0.006634
0.090931
0.018508
0.053619
0.096850
-0.073550
0.035351
0.082841
0.097307
0.074358
-0.024819
-0.012062
-0.039327
0.072397
0.012950
-0.002156
0.008719
-0.049823
-0.056081
0.017701
0.075120
0.005963
-0.056285
0.033505
0.052370
-0.050028
0.054623
0.008882
-0.054577
-0.022980
0.039566
0.062257
0.064491
0.005717
0.026062
0.096262
0.001350
-0.030815
-0.000008
-0.054479
-0.091297
-0.079943
-0.097890
-0.057023
-0.122291
0.020220
-0.108867
0.056355
0.071989
-0.045695
0.029155
0.038793
0.044422
0.024424
0.055291
-0.027235
0.074264
-0.004824
0.036988
-0.048301
-0.104464
-0.035801
-0.011596
-0.051853
-0.042488
0.007158
-0.000756
0.012817
0.069468
0.115703
0.060451
-0.014444
0.056888
-0.005548
-0.011700
-0.000508
-0.006201
0.065202
0.037288
-0.007959
-0.055510
-0.045491
0.022539
-0.006267
0.038391
0.054882
-0.031157
0.028056
0.031353
-0.010952
0.004547
-0.070479
-0.021059
-0.021259
-0.007190
0.000625
-0.009785
0.091786
0.010646
0.006645
0.017780
0.072196
0.026161
-0.031275
0.006135
-0.049946
-0.070677
-0.025153
-0.048531
-0.013780
-0.016631
-0.017357
-0.002956
-0.009754
0.001084
0.005407
-0.000993
-0.003239
0.013109
0.023027
0.120869
0.036880
-0.072489
0.052873
0.064146
0.060852
0.014029
-0.054115
0.023027
-0.007891
-0.053114
0.092193
0.111473
-0.080313
-0.017173
0.059139
0.033365
-0.006852
0.027513
0.084448
0.166868
0.028245
0.016465
0.152785
-0.076942
-0.052021
0.036636
-0.024453
-0.047850
-0.060905
-0.030458
-0.010610
0.003527
-0.005465
-0.003958
-0.054825
0.002263
0.001077
-0.062971
-0.005628
-0.035083
-0.066899
-0.082139
-0.042663
0.020143
0.059622
-0.030089
-0.005610
0.052241
0.046741
0.061744
-0.049552
-0.000762
0.028050
0.009275
0.020235
0.014164
-0.009305
0.047028
0.029564
0.033651
0.021526
0.009437
0.037239
0.026689
0.020311
0.001396
0.008950
-0.036731
0.036449
0.057794
0.109432
0.019562
-0.100660
-0.003910
-0.054713
-0.047354
0.029769
-0.031453
-0.088636
-0.001281
-0.024837
0.020692
-0.067392
-0.005967
-0.026147
-0.058670
-0.076854
0.001327
0.006697
0.043186
-0.005701
-0.009055
0.010154
0.004312
0.042780
0.022338
0.056061
0.021578
-0.028173
-0.063818
-0.099713
0.063387
0.070936
0.045991
0.085262
0.020249
0.086427
0.097180
0.029695
0.035617
0.024313
-0.039461
-0.043245
-0.053731
0.060075
0.123952
-0.026069
0.005442
0.044454
0.109803
0.006786
0.007458
0.112569
0.062466
0.031087
0.031966
0.013129
-0.011591
-0.116776
-0.058347
-0.004018
0.037437
0.086388
-0.014163
0.017351
-0.001729
-0.041314
-0.011681
-0.012146
0.095583
0.051886
-0.025284
-0.018794
0.066044
0.031795
0.069721
-0.062128
0.018948
0.038708
-0.046573
0.026019
0.009019
0.004665
0.037753
0.110997
0.094429
0.025027
0.098388
0.056575
0.043521
0.051874
0.005973
0.011695
-0.003726
-0.045251
0.002313
0.036632
0.002433
0.011557
0.059783
0.052333
-0.037772
-0.077115
-0.084231
0.007299
-0.039811
-0.009212
-0.041593
0.020803
-0.015360
0.030285
0.074191
-0.049022
-0.013800
0.050604
0.052902
0.066927
0.022078
-0.058463
0.015672
0.010064
0.013590
-0.037234
0.010229
0.036950
-0.055486
-0.061346
0.063954
0.091286
-0.004541
0.041290
0.089126
0.023473
0.075724
0.139191
0.048059
-0.015205
0.032888
0.018913
0.009348
-0.008422
0.042508
-0.003325
0.128162
0.073140
-0.004525
0.084125
0.021191
0.023768
-0.012783
-0.052391
-0.076096
-0.002640
0.102546
0.028826
0.080126
0.055888
-0.033017
-0.063755
-0.019113
0.037463
0.082311
0.064922
-0.006293
-0.019712
0.011675
-0.053548
0.004058
0.047300
0.000223
0.079482
0.055101
0.032867
0.000167
0.008488
-0.046445
-0.040365
0.060752
0.125713
0.105328
0.027153
-0.046003
-0.025404
-0.008120
-0.043269
-0.013637
-0.044919
-0.056510
-0.022611
-0.054253
-0.019674
0.061878
-0.053006
0.062070
0.016719
-0.040826
-0.058766
0.056813
0.029213
-0.008154
0.009001
-0.000539
-0.028416
-0.026832
0.056445
0.046155
0.004760
-0.023971
-0.004743
0.013890
0.039522
-0.011439
0.040231
0.019032
-0.048663
-0.012274
0.060069
0.026183
0.058068
0.088192
0.151293
0.015653
-0.054969
0.023941
-0.043437
-0.010475
0.040716
-0.013945
0.000589
0.009617
0.043229
0.062965
0.065471
-0.009871
0.033082
0.043159
0.017170
0.046854
0.057004
0.023555
0.020146
0.078347
0.009725
-0.025529
-0.015325
-0.006103
0.025207
-0.053822
-0.018227
0.038646
-0.005475
0.082021
0.033366
0.024479
-0.052663
-0.047906
-0.049661
-0.067323
-0.013215
-0.023428
-0.017227
0.009957
0.091560
-0.051204
-0.110970
0.018282
-0.083357
-0.000636
-0.031661
0.020313
-0.017183
0.042518
0.058237
0.067131
-0.002645
0.058941
0.078807
-0.024265
0.013449
0.014534
0.104323
0.074902
0.040156
0.018182
-0.032710
0.027608
-0.008695
0.082254
-0.066169
-0.049670
-0.123099
-0.028387
-0.115345
-0.017361
0.068393
-0.021292
-0.053176
-0.016034
0.031956
-0.083070
0.035409
0.068612
-0.051076
0.044342
-0.015890
-0.051915
0.091906
-0.009527
0.103152
0.021056
0.019106
0.061989
0.103985
0.115161
0.044488
0.017248
0.055238
0.093723
0.095568
0.088848
0.044134
-0.012080
0.028477
0.074729
0.035591
-0.016790
0.068163
-0.039308
-0.033258
0.016175
-0.005096
0.038709
-0.016279
0.040434
0.025347
0.035246
-0.016455
-0.010278
0.013609
0.019277
-0.092171
-0.035610
0.048515
0.030441
-0.059310
-0.034746
0.034017
-0.043778
-0.025267
-0.015512
-0.050649
0.042795
0.017038
-0.026820
-0.077251
-0.076796
0.012252
-0.078071
-0.068811
-0.018866
-0.095291
-0.122375
0.007565
-0.092084
-0.108669
-0.025135
-0.050395
-0.074214
-0.013822
-0.043940
-0.054851
-0.012434
-0.095001
-0.104797
-0.038427
-0.112325
-0.075626
-0.039554
-0.110681
-0.014306
-0.011458
-0.050162
0.068291
0.085387
0.024846
0.004056
-0.032360
-0.068965
-0.016197
-0.063870
-0.111743
-0.100320
0.015241
0.012311
0.006223
0.033150
0.010508
0.052702
0.001987
0.015368
0.040944
-0.017436
0.016394
0.002607
0.042201
0.087621
-0.050103
-0.041476
-0.029945
0.087556
0.059351
0.015884
0.091919
-0.055780
0.019108
0.065633
-0.013131
-0.077559
-0.024118
0.031851
0.043629
0.002872
-0.027659
0.069412
0.148628
0.101234
0.005981
0.028653
0.067634
0.019041
-0.007959
0.084107
0.021415
-0.082794
-0.007995
0.011262
-0.057684
-0.034752
-0.062585
-0.045410
-0.025145
0.032684
0.055526
-0.011428
-0.018012
-0.007147
-0.006829
0.027915
0.090588
0.016425
0.027619
0.009445
-0.018204
-0.017373
0.049489
-0.013775
0.001298
-0.045002
-0.043342
-0.007564
0.057080
-0.001889
0.059337
0.029597
-0.029413
0.002432
0.031621
-0.069709
-0.064057
-0.050386
0.022405
0.035447
-0.046588
-0.014902
0.034050
0.086504
0.075879
0.009196
0.084601
0.002271
-0.002380
-0.006427
-0.019027
0.108821
0.072476
0.068208
0.090808
-0.034237
-0.002341
-0.031300
0.020524
0.082326
0.029507
0.095453
0.006708
-0.064749
0.059302
0.020319
-0.053026
0.070670
0.072665
0.039592
-0.042743
-0.041151
0.022463
0.048102
0.016682
0.042862
0.048519
-0.067137
0.028135
-0.027538
0.014350
-0.031289
-0.004732
-0.018489
0.114757
-0.013902
-0.007429
0.030374
-0.135088
0.007822
0.037224
-0.090151
-0.062647
0.062336
0.038104
-0.010870
0.069053
0.043431
-0.018115
-0.013213
-0.067568
-0.038619
0.070657
0.040172
-0.015024
0.011147
0.018235
-0.035256
-0.043020
0.011936
-0.025257
0.050128
0.019994
-0.073775
-0.064254
0.087213
-0.030198
-0.029790
0.043138
-0.063390
0.010323
-0.054957
-0.015883
0.056202
-0.041931
-0.084097
-0.017320
0.027385
0.058144
-0.023977
0.009353
0.054695
-0.006706
-0.062630
0.091433
0.012926
0.087435
0.140838
0.052931
0.091497
0.013695
0.010643
-0.026884
0.028742
0.046169
0.004893
0.008417
-0.047992
0.044343
-0.039209
0.034677
0.089626
0.053779
0.062672
0.025039
-0.087646
0.006940
0.061288
0.103175
0.092115
0.038956
0.023991
-0.058108
-0.088067
-0.051582
0.031257
0.062686
-0.051748
0.086676
-0.021671
-0.001697
0.022592
0.126877
0.066486
0.002547
0.033011
-0.015995
-0.033022
0.015337
0.041037
-0.060464
0.098862
0.091156
0.079719
0.052213
0.000685
-0.023072
-0.028648
-0.013340
-0.047443
-0.040302
-0.070890
-0.014480
-0.030994
0.011622
-0.041805
0.030768
0.025009
-0.043818
0.062604
0.051184
0.000276
0.037419
0.043676
0.067296
-0.054438
0.006377
-0.031839
-0.013866
0.002218
0.003187
-0.003610
-0.027147
-0.022489
-0.016121
0.062807
-0.031263
-0.019771
0.040467
-0.051857
-0.014668
-0.001223
0.052392
0.023299
0.015504
0.028446
0.027721
0.054213
0.053109
0.068060
0.022769
-0.024422
-0.020524
0.018523
-0.013956
0.043261
0.021975
0.127297
-0.005854
0.009659
0.002895
-0.052558
0.004512
0.036340
-0.040918
-0.004496
-0.042138
-0.007267
-0.066962
-0.042961
0.057226
-0.068716
0.041035
0.009317
-0.007622
-0.072605
-0.033415
0.104665
0.012679
0.011006
0.077024
0.032279
-0.014254
-0.011219
-0.018899
-0.025405
0.002944
0.063553
0.061924
0.017899
0.075012
0.091460
0.014604
0.048444
-0.008210
0.017409
0.008948
-0.022394
0.043540
-0.005198
0.035232
0.045559
0.022182
0.030453
-0.060569
0.047969
0.011955
0.003780
0.020571
0.013491
0.079643
-0.011317
-0.064292
0.016438
0.018836
-0.015319
-0.012257
-0.033928
0.058193
-0.035942
-0.000245
-0.018568
0.037403
0.033981
0.081736
0.018182
-0.028313
0.047497
-0.028882
-0.016240
0.100010
0.014489
0.005498
0.020297
-0.070475
0.047986
0.045112
0.005745
-0.100794
-0.022690
-0.033585
0.027700
-0.024003
-0.032392
-0.022620
-0.053190
-0.060995
-0.006471
-0.034551
-0.035195
0.032834
-0.006904
-0.051815
0.081532
-0.034389
-0.014606
0.010215
-0.015366
0.032222
-0.033804
0.052312
0.023018
0.002115
-0.057773
0.039948
-0.014818
-0.106973
-0.066544
0.064463
0.034449
0.022346
-0.050470
-0.033538
0.100088
0.002844
-0.056417
0.046068
0.065496
-0.034527
0.089036
-0.051092
-0.036191
-0.051470
-0.080627
-0.040492
0.009928
0.012419
-0.019811
-0.014707
-0.040254
0.004517
-0.039712
-0.017347
0.001817
-0.018002
0.042162
-0.014617
0.051086
-0.024002
-0.016705
0.009254
-0.024550
-0.057540
-0.098293
-0.035118
-0.015061
-0.047965
0.012118
-0.036538
0.039300
0.006263
-0.012495
-0.023223
-0.013685
0.048065
0.014579
0.072834
0.077090
0.060719
0.018137
0.025303
-0.004683
-0.023058
0.019727
-0.074658
0.019581
-0.082087
-0.040572
-0.054738
0.014230
0.001051
-0.041505
0.067613
-0.093742
-0.043679
0.095288
0.069046
-0.068992
-0.029402
0.040046
-0.073334
-0.058946
0.072192
-0.054551
-0.047838
-0.003516
-0.020772
-0.036237
0.048000
0.035288
-0.123720
-0.095505
0.039618
0.010951
-0.013582
0.013281
0.008363
0.052460
-0.038352
-0.096169
-0.033491
-0.038675
0.014500
-0.000951
0.019917
0.031621
-0.071786
0.041609
0.025624
0.007924
0.058199
0.038221
0.000242
-0.040658
-0.034859
-0.034907
-0.041002
-0.034475
0.060987
0.082716
0.019664
0.063314
0.026151
0.047933
0.067342
-0.002350
0.064135
-0.006451
0.023661
0.004043
-0.015399
0.068863
-0.012476
-0.056281
-0.048706
-0.070299
-0.041415
-0.024663
0.069303
0.081932
0.046314
0.042829
-0.005935
0.057090
-0.077682
-0.038388
-0.018273
-0.026309
0.034418
-0.002106
0.009359
0.052975
-0.047474
0.018619
-0.052764
-0.035888
-0.040242
-0.064505
-0.030433
0.048923
0.059693
-0.052947
0.050817
-0.050849
-0.031038
0.035030
-0.043855
0.054158
0.127756
-0.007623
0.006367
-0.017384
-0.064545
-0.047842
-0.019306
0.042111
-0.001394
0.019957
0.030647
-0.011656
-0.042441
0.009579
0.017453
-0.109888
-0.077583
-0.018243
-0.021186
0.044985
0.076146
0.053337
-0.011151
-0.016868
-0.039026
-0.013335
-0.037893
0.065079
0.026152
-0.032474
0.025085
-0.031437
-0.052230
-0.019138
0.021330
0.077414
0.006763
0.035395
0.003020
0.049722
0.123943
0.038505
-0.039363
-0.011197
-0.056597
-0.070719
-0.031218
-0.049518
0.014972
0.015405
-0.018185
0.086960
-0.035847
-0.027495
-0.018286
0.060039
0.060971
0.005050
0.068292
0.092401
-0.010639
-0.054373
-0.099696
0.053076
-0.037799
-0.023605
0.012708
-0.056557
-0.062482
-0.006196
0.025208
0.028116
-0.020426
0.070649
-0.043001
0.054226
-0.024372
-0.018596
-0.045180
0.015541
0.075035
-0.077322
0.068148
-0.001900
0.007696
0.077090
0.000010
0.084193
0.007185
0.079112
0.075593
0.026806
0.003042
-0.027331
-0.030953
0.028271
-0.045096
-0.059288
-0.029154
-0.008045
0.034086
-0.015238
0.100218
0.080853
0.106754
0.008517
0.049713
0.015463
-0.052225
-0.018790
-0.021014
-0.031331
-0.081860
-0.026060
0.027729
0.008204
0.022986
-0.032661
-0.010460
0.087141
0.055627
0.055955
0.034676
0.053683
0.055524
-0.016825
0.078862
0.055105
-0.012181
-0.030798
0.040622
0.059605
-0.042024
-0.000816
0.029073
0.073880
0.018518
-0.015025
0.022232
-0.063572
0.012241
0.084301
0.064207
0.022396
0.016564
0.056477
-0.031257
0.075027
-0.012016
-0.016460
-0.102816
-0.046519
0.009777
-0.065174
0.026773
-0.023603
-0.041112
0.057085
0.007200
-0.017809
0.048295
0.083902
-0.031630
-0.077500
-0.017192
-0.028124
-0.015052
0.029650
0.015227
0.128374
0.147987
-0.014920
0.013565
0.032199
0.001872
0.020266
-0.021080
0.020501
0.026480
-0.045591
-0.040549
0.041814
0.029263
0.047548
-0.017163
0.085274
0.100068
0.084015
0.072100
0.052175
-0.050604
0.085975
0.032033
-0.010960
-0.027875
0.025415
-0.014275
0.013276
0.068978
-0.117839
0.006944
0.064882
-0.071417
0.082889
0.094484
0.070562
0.021983
0.012864
-0.042004
-0.005992
-0.051098
-0.082301
-0.001414
-0.004598
-0.012765
-0.026927
-0.038286
0.034979
-0.010334
-0.024827
-0.048240
-0.055444
-0.032297
-0.061765
-0.053353
-0.080791
-0.017865
-0.051672
-0.061755
0.012309
0.031900
0.023396
-0.051979
-0.061319
0.010329
0.011605
-0.084369
-0.009315
0.053186
-0.011386
-0.003614
-0.037790
-0.040490
0.038066
-0.014327
0.059721
0.172620
0.060614
-0.010912
-0.012583
0.052362
-0.006113
-0.069897
-0.055166
0.100520
0.033034
-0.118292
0.000992
-0.003793
-0.014016
-0.015167
0.020469
0.022731
-0.031625
0.070618
0.038029
0.011770
0.011946
-0.007472
-0.013989
-0.062188
-0.049690
0.059007
0.007689
-0.031371
0.060582
-0.016371
0.001312
0.009695
-0.039512
0.016311
0.073655
0.049621
-0.068093
-0.046676
0.053967
0.028690
-0.026251
-0.000629
-0.024372
-0.069261
-0.003150
0.091331
-0.036508
0.043303
-0.052614
0.025518
-0.030899
0.005464
0.081295
-0.034615
-0.026716
0.013335
-0.014081
-0.018741
0.043056
-0.009415
0.021949
0.012514
-0.025908
-0.024192
-0.050626
0.007674
-0.077103
-0.080071
0.010454
-0.057368
-0.038903
-0.005914
0.004280
-0.028340
0.014649
0.115591
0.042707
0.005460
0.080238
-0.037352
-0.013353
-0.021075
-0.000229
0.002113
-0.069017
0.015809
0.038076
-0.043192
0.090024
0.012154
0.086950
0.019958
-0.054309
0.084973
0.119258
-0.042289
-0.090198
0.018661
-0.025702
0.056872
-0.076202
-0.078531
0.110075
-0.075422
-0.053597
-0.075804
-0.047444
-0.014282
0.050007
-0.020851
-0.020329
-0.028611
-0.028403
-0.071413
-0.017859
0.019447
0.014182
0.118557
0.067835
0.036775
0.083988
-0.004240
0.016316
-0.017452
-0.080417
0.026741
0.004425
-0.060199
-0.046603
0.000512
-0.053310
-0.078778
0.041829
-0.029087
-0.008020
-0.007436
0.070194
-0.033254
-0.071164
-0.008900
-0.036173
-0.024352
0.018104
0.017356
-0.014556
-0.059145
0.002655
0.004877
-0.009290
-0.016955
0.008616
0.018159
-0.001927
0.054412
0.063956
0.053410
0.051855
-0.012639
-0.038967
-0.041249
-0.011735
-0.011108
0.118712
-0.032729
-0.018522
0.055748
0.069063
-0.029897
-0.085179
-0.134128
-0.033722
0.086327
0.040855
0.024642
-0.034653
0.055358
0.006024
0.023343
0.044204
0.040843
0.042358
0.030199
0.009106
-0.008137
-0.030816
-0.031196
-0.030912
-0.006904
-0.026241
-0.005986
0.013796
-0.058870
-0.028776
0.080719
-0.012208
0.075164
-0.044517
0.019879
0.015446
0.013435
-0.044196
-0.023572
0.089483
-0.084506
-0.013458
-0.105604
-0.126783
-0.115134
-0.014196
0.011718
-0.042519
0.073544
0.046141
0.016742
-0.049607
-0.102303
0.019211
0.105086
0.017135
-0.083133
0.101848
0.005595
-0.026184
-0.010164
-0.008605
0.035816
-0.042164
0.025453
-0.055981
0.003279
0.011479
-0.034847
0.048186
0.024061
-0.034430
-0.040289
-0.062017
-0.068901
0.023748
0.002878
0.078502
0.029962
0.029508
0.033896
0.025775
0.152545
0.107318
0.111605
0.038928
0.067177
0.071802
0.032123
-0.016618
0.083088
0.022032
0.061688
0.030547
0.019692
0.045642
-0.036002
-0.047084
-0.071734
-0.006763
0.016086
-0.015480
-0.044641
0.081838
0.093399
0.025329
0.081415
0.097871
-0.010760
-0.019846
0.014827
0.028468
0.020804
0.001731
0.012197
-0.049663
0.012681
-0.031063
-0.060319
-0.005023
0.011270
-0.018056
-0.069837
-0.007190
0.002387
0.017928
0.075397
0.062323
0.086296
0.025987
0.063734
-0.040286
-0.001912
0.102936
0.004033
0.006328
0.080068
0.031987
0.007536
0.005449
0.016726
0.008139
-0.036135
-0.050684
0.022528
0.018546
0.032980
-0.042129
-0.008233
0.045735
-0.016676
0.019966
-0.032472
0.001248
-0.012252
0.004389
0.054882
0.041382
0.034642
0.071401
-0.020906
-0.074909
-0.066131
-0.075588
-0.122915
-0.020348
0.077681
-0.066448
-0.003433
-0.024829
-0.071277
-0.002406
-0.047113
-0.028270
-0.037130
0.033558
0.031894
0.019846
0.056929
0.014179
0.026355
0.017562
-0.033907
-0.061233
-0.020102
0.008526
-0.135619
-0.006967
0.106978
0.031606
-0.014245
0.079756
0.080933
0.041209
-0.032076
0.039866
-0.022976
0.115311
0.029270
0.009370
0.033763
0.036888
0.029845
0.064867
-0.066629
0.050733
0.136967
0.037808
-0.096837
0.024839
0.035031
0.002764
0.019271
-0.011607
-0.075646
-0.021974
0.043433
0.020940
0.052926
-0.006096
0.012788
-0.011738
0.042181
0.009641
0.053118
0.020314
0.046885
0.100373
0.051910
-0.058573
-0.015471
-0.048158
-0.016316
-0.043538
0.098983
-0.023449
-0.107661
0.052795
-0.092275
-0.064476
0.010847
0.015414
-0.039705
-0.057295
0.068591
0.051387
0.015839
0.036858
0.076818
0.033450
0.086808
0.001682
0.026156
0.139990
0.020630
0.031210
0.022382
0.073498
0.046749
-0.032024
0.104318
0.060989
0.061585
-0.004715
-0.057503
0.032879
-0.030470
-0.022837
0.051861
-0.021700
-0.016370
-0.007509
-0.132093
0.031681
0.022047
0.049962
0.052813
-0.014000
0.096998
0.028549
-0.014362
0.004819
0.010762
0.012110
0.001166
0.015256
-0.027855
-0.016819
0.022249
0.006813
0.076276
-0.012990
-0.061906
-0.065675
-0.006783
0.035690
0.112896
0.020830
0.092363
0.082647
0.085029
-0.066097
-0.052751
0.091274
0.000692
-0.048558
0.037639
-0.061700
-0.093101
-0.067890
0.010460
-0.022222
-0.076585
-0.011792
-0.031108
0.078230
0.002484
0.050201
0.004083
0.009913
0.096762
0.076564
-0.004032
0.021184
0.055833
0.037430
0.052086
0.092144
0.015482
0.017940
0.060735
0.006073
0.040080
-0.053039
-0.103549
-0.027471
-0.055616
0.010046
-0.000691
0.034749
0.021516
0.022192
0.042333
0.001703
-0.020049
0.091851
0.058322
0.011249
0.018569
-0.009961
0.010726
-0.057965
-0.006163
0.029120
0.048709
0.007697
0.046680
0.029234
0.003472
0.042179
-0.056591
-0.051389
-0.054963
-0.073687
-0.081010
-0.009456
-0.006042
-0.005224
0.019880
0.011178
0.121024
-0.041218
-0.053626
-0.038267
-0.179588
0.055676
0.068957
-0.010687
0.022642
-0.011543
0.041674
-0.017459
0.004225
0.025268
0.032535
0.031501
0.089642
0.134389
0.011288
-0.035373
0.027433
0.025519
-0.056377
0.050177
0.044615
0.043955
0.037280
-0.055662
-0.052872
0.078590
0.102325
-0.032012
-0.015246
-0.028830
-0.050318
0.004408
-0.077914
-0.036916
0.035703
0.019517
-0.065522
0.025592
0.007170
0.022423
0.021340
-0.025022
0.047569
-0.046405
-0.017198
0.098705
0.023666
0.039038
0.128515
-0.029267
-0.040617
-0.020299
-0.090867
0.058169
-0.003079
-0.033908
-0.026743
-0.022014
-0.035369
-0.031484
0.051086
-0.017858
-0.095003
-0.016244
-0.003358
0.056179
0.067725
0.004322
0.028145
0.048661
0.021992
-0.029429
-0.093681
-0.025830
0.016736
0.008576
0.024395
0.092386
0.009774
-0.037979
-0.000968
-0.025048
0.007441
0.021274
-0.027036
-0.012462
-0.034504
0.032510
-0.017850
0.006507
0.064820
-0.089522
-0.035094
0.016296
-0.016039
-0.000531
0.026490
0.051128
0.066162
0.165903
-0.004818
-0.079866
0.067727
-0.056933
-0.111001
-0.073793
0.045070
0.049012
0.067393
-0.002847
-0.047326
0.010405
-0.008956
-0.021057
-0.034003
-0.013750
-0.024821
-0.052716
-0.027827
0.072555
0.025810
0.014543
-0.081329
-0.032110
-0.022786
-0.089704
-0.006685
0.032146
-0.011914
0.020527
-0.025322
-0.021757
-0.030185
-0.035164
0.014608
0.037432
-0.041843
0.007388
0.100580
0.118970
0.066860
-0.015384
0.015206
0.018260
0.009280
0.049624
0.046695
0.013040
0.127748
0.031408
-0.013267
-0.001938
0.041469
0.025673
0.094065
0.054652
0.051981
0.074415
0.037444
0.089708
-0.017129
0.027663
-0.037450
-0.108138
0.020222
-0.035277
0.031588
0.041374
0.048574
0.030518
-0.010051
0.041117
0.019970
0.006507
0.071214
0.036708
-0.012999
-0.047914
-0.004412
0.012191
0.079217
-0.010274
0.007089
-0.008190
-0.035364
-0.022329
-0.088232
-0.050901
-0.027398
0.014291
-0.012926
-0.036954
-0.014232
0.015997
0.008930
0.039843
0.052542
0.055580
-0.047836
0.024600
0.074850
0.009404
-0.025347
-0.012382
-0.036791
0.023302
0.015740
-0.016910
-0.003540
-0.004319
-0.057646
-0.019036
-0.060292
-0.025974
0.008814
-0.003149
0.107087
0.028090
-0.004426
-0.017084
-0.104845
-0.102641
-0.031956
-0.148353
-0.038065
-0.017302
-0.042846
-0.076478
-0.005681
-0.083240
-0.010535
0.017585
0.033743
-0.018420
-0.104687
-0.098029
-0.139169
-0.072175
0.004872
-0.010884
-0.028288
0.065843
0.039802
-0.064635
-0.008343
0.015868
-0.075483
-0.082453
0.013260
-0.028000
-0.050821
-0.053892
-0.008276
-0.018981
0.024781
-0.012133
0.033968
0.026933
0.015655
0.007772
-0.062161
0.001876
0.030137
-0.020347
-0.109178
0.036235
0.043723
0.067843
0.044779
0.003999
0.089419
-0.051269
0.022647
-0.048600
0.025546
-0.005424
-0.034806
-0.051552
-0.096888
-0.027115
-0.037550
0.002711
0.029917
-0.029089
-0.053218
-0.006895
0.006073
-0.019170
-0.005628
0.032944
-0.008743
-0.069895
0.004214
0.005559
0.025875
0.060881
0.040507
0.031455
-0.027787
-0.003308
0.093198
-0.011230
-0.010474
0.007017
0.018001
0.057706
0.036778
0.011521
0.085891
0.043329
0.001297
0.026234
-0.058568
-0.025660
-0.077475
-0.044199
-0.037449
-0.028328
0.011706
-0.072842
-0.093191
-0.011880
-0.050866
0.019491
0.018118
0.073315
0.087470
0.023147
-0.112880
-0.051609
-0.025334
-0.065717
-0.002214
0.043337
-0.015857
0.000671
-0.009671
0.040993
0.136580
-0.005042
0.035996
0.064906
-0.017587
0.056930
0.029611
-0.010848
-0.047210
0.002771
0.064106
0.037942
0.033295
-0.023488
0.063415
0.077909
0.034154
0.012194
0.063343
0.057620
0.074080
0.092299
-0.033557
0.043236
0.051725
-0.028734
0.020123
0.000631
0.032048
-0.016602
-0.003197
-0.017599
0.024917
0.026427
-0.079558
-0.106181
-0.054233
0.006802
0.032905
0.007542
0.126649
0.043011
0.032005
0.021491
0.029752
-0.003484
-0.012510
-0.036849
-0.002780
-0.013619
0.022006
0.008742
-0.021782
0.067651
-0.061110
0.055888
0.045073
0.015887
0.019481
-0.011979
0.039761
0.068182
0.016411
0.120885
0.089060
0.062979
0.031424
0.049839
0.009069
0.035101
0.100033
0.051696
-0.014119
-0.009688
-0.007600
-0.052852
0.031976
0.098353
0.047931
-0.035582
-0.008778
-0.035899
-0.102707
-0.054110
-0.088613
-0.044008
0.005577
0.065649
0.065931
0.026228
-0.010549
0.039267
-0.103058
-0.108706
0.012034
-0.015328
-0.021425
-0.023206
0.013478
-0.003968
-0.018820
-0.002356
-0.031394
0.038096
0.051262
-0.059624
-0.080940
0.000501
0.057546
0.058508
-0.018635
-0.011600
0.029977
0.085872
0.048938
-0.000989
-0.003177
-0.003196
-0.017595
-0.081269
0.058539
0.044049
0.053069
0.013735
-0.078975
-0.034842
0.048035
0.004930
0.042795
-0.053346
0.070087
-0.000058
-0.126751
0.036224
-0.001383
-0.085841
0.028466
-0.062778
0.013016
0.015180
-0.014681
-0.019816
0.004962
0.036961
0.011998
-0.042800
-0.030466
-0.037173
-0.048068
-0.039271
-0.003107
-0.083101
-0.011106
0.036998
0.000971
-0.067867
-0.065528
-0.165451
-0.023653
0.009540
-0.070582
0.091082
0.097934
0.091961
-0.028296
0.102001
0.112628
-0.019434
0.014643
-0.055449
-0.037195
-0.011667
0.054320
0.034869
-0.001818
-0.034383
-0.083544
-0.067102
-0.056684
-0.002173
-0.040720
0.028785
-0.007101
-0.042552
0.036476
0.063066
-0.013640
-0.020000
0.038360
-0.012664
0.018782
-0.032383
-0.046168
-0.053541
-0.011380
-0.079029
-0.024402
0.071229
-0.009799
0.049373
0.055189
0.014883
0.011600
0.040023
0.045404
0.006744
0.073880
0.057966
-0.011468
0.071370
-0.076407
-0.017844
0.062397
-0.004983
0.026845
-0.051431
-0.039734
-0.041010
-0.078848
-0.043814
0.030265
0.018726
0.036465
0.044539
0.048920
0.078586
0.015091
-0.027437
0.022087
-0.010752
0.099587
0.058449
0.122812
0.053427
0.057628
0.087620
0.027288
-0.021407
0.078543
0.007491
-0.060670
-0.026817
0.015472
-0.068570
-0.041159
-0.066037
-0.047686
0.020676
0.014862
0.037247
0.042008
-0.036897
0.099471
0.114315
-0.115623
-0.106326
-0.045882
-0.030030
0.000767
-0.002932
-0.035644
-0.106775
-0.090136
0.011768
-0.086193
-0.095075
0.047094
-0.004569
0.039689
0.039564
-0.060262
0.010207
-0.017311
-0.010185
0.055560
0.019909
-0.040964
0.000006
-0.001118
0.023555
-0.024488
0.030143
-0.032443
-0.038422
-0.036718
-0.086207
-0.114755
-0.030981
-0.004295
-0.011568
0.046067
0.079740
-0.040419
0.082867
0.048531
0.011854
0.022151
-0.039947
0.070914
0.019390
0.063890
0.119687
0.045131
-0.018995
-0.025560
-0.002243
-0.019132
0.041069
0.012892
0.029762
0.042398
0.002546
-0.083450
-0.001666
-0.070185
-0.011791
-0.015271
-0.071140
0.042556
-0.001117
0.116361
0.005664
-0.049298
0.043448
-0.061805
-0.005873
-0.020337
0.075713
0.030805
0.035078
0.065901
-0.030698
-0.026619
0.029254
0.019182
0.028388
0.006327
0.011228
0.072241
0.081339
0.051270
0.072274
0.060923
-0.007588
0.069813
0.029719
-0.063978
-0.020355
-0.014061
0.038122
-0.015781
-0.018450
-0.128411
-0.069289
-0.077640
-0.074609
-0.051643
-0.030824
0.030596
-0.063109
-0.053175
-0.017238
-0.035819
-0.044127
-0.030659
0.052963
-0.050817
-0.051280
-0.168847
-0.090928
-0.014038
-0.050388
0.022201
-0.076729
-0.029036
-0.007756
-0.046741
-0.006071
-0.075728
-0.096335
-0.110914
0.015648
-0.043396
-0.074475
0.018619
-0.036592
0.025003
0.005485
-0.061548
-0.105132
-0.033853
-0.094382
-0.098044
0.034689
0.051246
0.048177
0.027428
-0.019415
-0.009340
-0.055185
-0.020879
-0.023353
0.047821
0.042213
-0.047699
-0.059118
-0.058691
-0.039266
0.011544
-0.015286
0.089619
0.002902
-0.051664
0.098376
0.001279
0.063679
-0.034228
-0.015427
0.034083
-0.025176
0.004616
0.018963
0.050525
-0.055182
0.006811
-0.126837
0.022195
0.077602
0.089753
0.136456
0.052193
0.025565
0.010535
-0.002271
0.035762
0.029521
0.023632
-0.060434
0.030922
0.013764
0.040763
0.134613
-0.016550
0.043388
-0.007120
0.023169
-0.004087
-0.013679
0.022926
-0.058154
-0.006994
-0.033226
-0.069074
-0.018010
-0.018725
0.047568
-0.008884
-0.163432
-0.041550
0.051606
-0.010785
-0.075528
0.026024
0.025887
0.022308
-0.031435
-0.042821
-0.016420
-0.036234
0.031620
-0.005906
0.014385
0.021851
0.024243
0.074941
0.006009
0.042536
0.025386
-0.061061
-0.002602
-0.003560
-0.035179
-0.012135
0.051594
0.037655
-0.007456
-0.007137
0.033571
0.029402
-0.009010
-0.015735
0.070390
0.070538
0.097157
0.084941
0.054426
-0.066053
0.012432
0.041315
0.012882
-0.076243
0.005677
-0.028320
-0.010537
-0.016132
0.034657
-0.056599
0.116722
-0.008857
0.003552
-0.004140
-0.021159
0.007966
-0.049164
-0.115995
0.002140
0.075408
-0.003674
0.052137
-0.032940
-0.049577
0.016998
0.007078
-0.007350
-0.050857
0.035343
0.071915
-0.006683
0.048008
0.028284
-0.026056
0.012259
0.135876
0.012630
0.012152
0.113863
0.114779
0.109523
0.071193
-0.045022
-0.066681
0.015061
0.070753
0.068179
0.022908
0.069101
0.083672
-0.041886
0.008737
-0.018664
0.005406
0.056831
0.016590
0.008641
0.081217
-0.015630
0.045295
0.007386
0.036819
0.047248
0.056335
0.065439
0.051082
-0.000063
-0.068386
-0.051079
-0.095150
0.022385
0.060686
0.089940
-0.025817
-0.058291
0.016818
0.009626
-0.082311
0.038741
0.068154
-0.074918
-0.029801
0.060007
0.013237
0.009132
0.080336
0.059302
-0.043071
0.000210
-0.037572
-0.056367
-0.018793
0.010748
-0.014778
-0.030042
-0.046823
0.068273
0.070001
0.033543
-0.039849
-0.030121
0.004489
0.013624
0.012621
0.040303
0.096646
-0.004850
-0.079738
0.009598
-0.047158
0.026240
0.105195
0.017047
0.011856
0.046845
0.048895
-0.013910
-0.006545
-0.004925
-0.042938
-0.049401
-0.073034
-0.024294
0.027384
0.018630
0.006860
0.041352
0.077474
-0.002924
-0.018542
0.005878
-0.015850
-0.005489
0.083700
0.028913
0.024979
-0.011163
-0.034055
-0.014975
0.058528
-0.040857
-0.005573
0.064267
0.002447
0.002598
0.069050
0.072964
0.101557
0.039062
0.022156
0.148367
0.046821
-0.053366
0.112398
0.043906
-0.035211
0.031594
0.006430
0.006352
0.030080
0.054663
-0.000044
0.054644
-0.007808
0.020404
0.030895
-0.011535
0.049675
-0.007314
-0.008753
0.035736
-0.031107
-0.022706
-0.010840
-0.003351
0.084464
0.033954
-0.023109
0.051800
0.059227
-0.015668
-0.011495
0.002279
-0.009057
-0.005169
-0.004659
-0.126268
-0.053190
0.002687
0.003094
0.038391
0.074639
0.080607
0.107627
0.037361
0.015970
0.000145
0.034025
-0.024524
0.025718
0.068810
0.064436
-0.011153
-0.040761
-0.059729
-0.076723
0.036320
-0.019310
0.062738
0.021195
-0.028644
-0.073735
-0.032155
-0.096138
0.019260
-0.012756
-0.060012
-0.022552
-0.016501
0.115470
-0.000913
-0.114159
-0.042281
-0.043294
0.023867
-0.044613
-0.002507
-0.017225
-0.061946
-0.077704
0.036723
-0.072249
-0.039196
-0.007641
-0.147972
0.024267
-0.047471
-0.056150
0.004771
0.065804
0.013801
-0.037175
-0.002534
0.004061
0.048606
-0.011116
-0.006001
-0.029895
-0.006830
-0.001478
0.012792
0.012750
0.050504
0.061229
-0.005627
-0.018107
0.095020
-0.019086
0.074519
0.112772
0.054373
0.007031
0.006884
0.029552
0.007285
-0.029050
0.044993
0.064250
0.015907
0.059034
0.046490
-0.024854
-0.017172
-0.061044
-0.078278
-0.049380
-0.067924
-0.080189
-0.060857
-0.030404
0.001200
-0.027552
0.039425
-0.008528
0.025649
-0.005582
0.046011
0.100830
0.013973
0.043836
-0.000438
-0.020735
-0.015886
-0.047749
-0.002208
0.058211
-0.016486
0.077322
0.025139
0.005710
-0.039652
-0.011126
0.051673
-0.044550
0.035754
-0.052838
0.008838
0.080282
-0.002889
0.031132
0.005359
0.004412
-0.060435
0.052828
-0.068166
-0.046195
0.028205
-0.141883
-0.059209
-0.020867
-0.014948
-0.042252
-0.042330
0.020010
-0.017536
0.068100
0.133540
-0.018946
-0.010280
0.011724
0.018531
-0.044497
-0.054323
0.000751
-0.089234
-0.007743
0.025946
-0.039486
-0.127732
-0.046209
-0.063363
-0.074170
0.055974
0.054885
0.055668
-0.058621
0.081421
0.081478
0.042992
-0.013016
-0.002654
-0.042150
-0.023845
-0.044388
0.011998
-0.023945
-0.031781
0.012196
0.010672
0.035629
0.018334
-0.096064
0.007839
0.021883
0.071693
0.047981
-0.059787
0.017813
-0.122169
0.007079
0.075073
-0.074447
-0.071610
0.019932
0.024968
0.060223
-0.019771
0.024112
0.065971
-0.049782
0.016327
0.004028
-0.003314
-0.010196
0.032983
0.035250
0.016794
0.050453
0.027207
-0.066126
-0.055391
-0.073503
-0.023845
0.071998
0.054574
0.047147
-0.063752
-0.082702
0.002263
0.011859
0.091835
0.066041
0.027003
0.106765
0.014943
-0.017384
-0.027668
-0.061943
0.004383
0.023875
-0.043022
0.001617
0.004118
0.054267
0.009405
-0.021004
0.042249
0.053416
-0.010970
0.035388
0.037043
0.057425
0.076026
0.111882
0.054411
-0.019492
-0.002562
-0.081809
-0.015956
0.021366
0.013198
0.002357
0.015243
0.051451
0.022040
0.115633
0.084854
0.130784
0.086885
0.066646
0.019983
0.021460
0.100919
-0.043721
-0.003096
0.023081
0.032049
0.063463
0.038348
0.047793
0.017595
-0.002723
0.007019
-0.040276
-0.029593
0.013308
-0.070382
-0.052454
0.023868
-0.011544
0.048948
0.052578
0.041345
0.014346
0.056682
-0.064664
-0.078336
0.030793
-0.093178
-0.098492
-0.016734
-0.112614
0.050475
0.014802
-0.008242
-0.010172
-0.035109
0.003075
-0.005633
0.064098
0.001256
-0.011974
0.029591
0.007701
0.047039
0.180969
0.047808
0.115833
0.094739
0.048788
-0.018101
-0.041625
0.022593
0.010145
0.054230
0.048659
-0.011682
-0.013520
-0.047887
-0.055148
-0.005522
-0.049507
-0.015608
0.045470
-0.005002
0.016542
-0.001510
0.057037
0.075043
0.024568
0.052679
-0.078770
-0.010348
-0.012997
-0.017074
-0.021811
-0.045514
-0.076377
-0.130546
-0.083701
-0.036584
-0.011514
-0.023369
0.016542
-0.014708
-0.012577
-0.050001
-0.015908
0.073302
0.016042
0.001123
0.099618
0.014956
0.030684
0.066077
0.114420
0.048323
-0.002991
0.066909
0.012097
-0.045149
-0.021572
-0.028969
0.028945
0.024751
0.025127
0.046112
-0.006936
0.067983
0.011055
-0.055465
0.055412
0.052060
0.077272
-0.002356
-0.014320
-0.044528
0.039764
0.102587
0.001397
0.010718
0.041420
-0.056058
0.006910
0.048261
0.117327
0.066054
0.072746
0.017246
-0.080902
0.041558
0.000724
0.057841
0.077029
0.016270
0.051775
-0.005852
-0.003031
0.033850
0.038612
-0.007861
0.039639
-0.008183
0.012336
0.010889
-0.027754
-0.000392
0.016957
-0.001901
0.045041
0.030251
0.029607
-0.007798
-0.004859
0.020109
0.088175
-0.035402
0.065883
0.017541
-0.034707
0.045629
0.048893
-0.024781
0.000436
-0.026107
-0.039572
-0.021448
-0.051489
-0.023399
0.040405
-0.003637
0.060914
0.018869
0.069810
0.031194
0.045334
0.022862
-0.004360
0.023616
0.047806
0.004219
0.027462
0.032166
0.027630
-0.043983
-0.030409
-0.029688
-0.029290
0.079561
0.030998
-0.002866
0.017642
-0.007999
0.084227
0.016851
-0.033083
-0.039255
-0.054932
-0.152434
-0.077986
-0.041948
0.022607
-0.062774
-0.060884
-0.026508
-0.049735
0.014131
-0.005798
0.051623
0.063210
0.035997
0.084227
0.009199
-0.002077
0.054314
0.053400
0.049401
-0.038503
-0.074542
-0.015453
-0.049596
0.054650
0.020831
-0.063078
0.028500
0.003301
-0.032646
-0.001447
0.022488
0.042361
-0.012161
0.003294
-0.011155
0.007971
0.030420
0.020234
-0.001607
-0.005317
0.006381
0.033725
0.027797
-0.033283
-0.064324
-0.019944
-0.022291
0.002712
0.071824
-0.027609
-0.018474
-0.010969
0.045377
-0.008913
-0.053159
0.079195
-0.080776
-0.060779
0.016434
-0.009232
-0.042922
-0.024620
0.061977
0.071094
0.020222
0.081816
0.071415
0.112566
0.031673
0.016697
-0.006271
0.003620
0.037548
0.067465
0.046920
0.044532
0.039770
-0.018488
0.035816
-0.016529
-0.000323
0.032791
0.057005
0.042177
0.023276
-0.011590
-0.001441
-0.018059
0.047567
0.088731
-0.013089
0.021740
-0.009549
-0.004028
0.068049
0.144065
0.104968
-0.003517
0.027482
0.041478
-0.020797
0.010615
0.019569
-0.042162
0.019797
0.069587
0.069152
0.005300
-0.005044
0.007164
-0.023294
0.069749
-0.014235
0.082246
0.068368
-0.054324
0.008555
-0.086616
-0.076909
-0.022655
0.007237
-0.050951
-0.007589
0.037051
-0.027390
0.046102
0.023385
-0.016690
0.027527
0.011833
-0.075921
-0.029449
0.001960
0.051143
0.039081
0.081207
0.133991
-0.056483
-0.048716
-0.072223
-0.053837
-0.008359
0.001727
-0.035528
-0.020070
0.014751
0.019417
0.032983
0.014515
0.036790
0.074146
-0.027001
0.027938
-0.039704
-0.011580
0.014992
-0.008381
-0.139876
-0.058460
-0.063890
-0.046261
0.071934
0.020420
-0.065576
-0.056689
0.038272
0.024912
-0.004418
0.021238
0.080881
0.111908
0.054531
-0.006203
-0.012201
0.020280
0.039687
-0.021726
-0.036734
0.002662
0.054807
0.052856
0.085594
-0.049349
-0.022171
0.018075
-0.026780
-0.022654
-0.024240
-0.085577
-0.057551
-0.021300
0.032522
0.011780
-0.031221
0.034967
-0.005449
-0.070614
-0.096181
-0.023823
-0.052465
-0.031956
-0.016015
-0.003943
-0.021799
-0.030697
-0.061414
-0.050071
-0.067737
0.017341
0.014148
-0.077432
-0.041519
-0.017947
-0.029578
-0.179507
-0.109834
0.002951
-0.031738
-0.041545
-0.028220
0.038034
0.083113
-0.048460
-0.025283
0.013812
-0.002968
-0.044631
-0.049907
-0.036919
0.062129
0.031853
-0.036801
0.011589
0.036496
-0.023027
0.070676
-0.117988
-0.124332
0.011965
-0.047680
-0.034115
0.024528
0.072339
-0.067551
0.060471
-0.051641
-0.068595
-0.067090
-0.052468
0.002191
0.020600
-0.016177
-0.122868
-0.053769
-0.074704
-0.142639
0.003360
-0.041764
-0.108032
-0.070717
-0.079080
-0.021916
0.055115
-0.050081
0.019250
0.053624
-0.004877
-0.044495
-0.048602
-0.166435
-0.031424
-0.011611
0.083551
0.025562
0.038926
0.024074
0.046966
0.053165
0.031268
0.027340
0.047149
0.117633
0.051134
0.078124
0.033139
0.014685
0.096748
-0.017508
-0.037677
0.030703
-0.054586
0.045616
-0.045688
0.002556
0.032080
0.090933
0.038660
0.014528
0.000152
-0.091785
0.054409
0.041371
-0.020730
0.004546
-0.010154
0.041916
0.087187
0.009525
0.012088
0.044063
0.014166
-0.021407
-0.002070
-0.091009
-0.097950
0.023911
0.017566
0.062146
0.101251
0.034634
0.074576
0.004785
0.036414
0.030164
-0.083891
-0.000576
-0.027625
-0.123938
0.037750
0.071798
-0.037028
0.009892
-0.028190
-0.093211
-0.039142
-0.073564
-0.124541
0.002023
-0.098780
-0.079446
0.050000
-0.060873
0.029865
0.022362
0.067928
0.006935
-0.104458
-0.068500
-0.025979
-0.049244
-0.052606
-0.025934
-0.071230
0.010606
-0.012388
-0.050894
-0.018413
-0.042680
-0.063234
-0.054320
-0.042808
-0.061422
0.074916
0.048782
0.010624
0.019294
0.013156
-0.002172
0.057195
0.023788
0.006194
-0.074968
-0.056940
0.002741
0.004113
-0.031160
0.015415
-0.012329
-0.025313
-0.005057
-0.027120
-0.030985
-0.121780
-0.058558
0.000445
-0.010510
0.000525
-0.018406
-0.045709
0.015752
0.080335
0.066734
-0.038384
0.054674
0.017229
0.085045
-0.002323
-0.024920
0.010062
0.060177
0.025889
-0.004060
0.064726
-0.054653
-0.089607
-0.057135
0.021970
-0.028757
-0.056505
0.029310
0.035573
0.051947
0.036831
0.000694
-0.006307
-0.042753
0.055332
0.020182
0.010961
0.049279
0.040743
-0.018797
0.101523
-0.075218
0.040306
0.068917
-0.012058
-0.035413
-0.005660
-0.010132
-0.007635
0.013470
0.075127
0.035167
0.016153
0.089013
0.033633
0.025028
0.029532
-0.001735
-0.056524
-0.109727
-0.069188
-0.020997
0.051292
0.004138
-0.035921
0.020367
-0.002383
-0.054554
0.031277
0.007893
-0.105101
-0.002180
-0.019918
0.043624
0.038929
0.030963
0.061246
0.040797
-0.015422
-0.052984
-0.073286
-0.010360
-0.026986
0.023824
0.005979
0.045470
-0.014611
0.033109
-0.058824
-0.008000
0.001382
-0.043012
-0.065102
0.021299
-0.030216
0.023511
0.039490
0.018678
0.054567
-0.032272
0.039013
-0.030727
0.029965
0.100077
0.027111
-0.068059
-0.021400
-0.075419
-0.038256
-0.073826
-0.099867
0.023743
-0.112531
-0.049421
-0.049728
-0.009272
0.054786
-0.045437
-0.043510
-0.049231
-0.025851
0.045656
-0.060940
-0.035755
0.043051
-0.063391
-0.058735
0.018579
0.072059
0.041502
0.113115
0.038229
0.002135
0.037487
0.079088
0.031801
0.057146
-0.009957
-0.077194
0.001955
-0.067745
-0.036047
-0.035312
-0.106427
-0.042038
0.011462
0.037632
0.046127
-0.048164
0.017944
0.039833
-0.019867
-0.046770
0.078066
-0.015068
-0.004611
0.043208
0.029145
-0.065584
-0.039029
0.024390
0.022767
0.057934
0.039317
-0.000420
-0.041443
0.066338
0.010217
0.003730
0.003769
0.059917
0.065779
0.018074
0.000389
0.035275
-0.078506
-0.096519
0.026641
-0.082502
-0.002874
-0.008814
-0.076596
-0.032165
-0.064699
-0.013171
0.043916
-0.027324
0.107352
-0.000958
-0.020852
-0.003058
-0.048321
0.023757
-0.036903
-0.024281
0.022730
-0.021270
-0.020523
0.013778
-0.018553
0.063900
0.051318
0.044634
0.088904
0.089234
0.045025
-0.007134
0.106809
0.012185
0.046838
0.066050
0.018417
0.012896
0.102032
0.096160
0.077963
0.056667
-0.054339
-0.007015
-0.011106
-0.019035
-0.033314
-0.024178
-0.052459
0.016064
-0.016622
-0.061668
0.050144
-0.083708
-0.020600
0.052098
-0.067900
0.032533
0.018980
-0.028923
-0.036825
0.055968
0.022422
0.021982
0.033095
0.031048
0.026174
-0.001941
0.001432
0.056817
-0.030474
-0.087255
-0.000364
0.002822
-0.028928
-0.063274
-0.028800
-0.050701
-0.055782
-0.073120
0.016885
0.049852
0.002468
-0.053893
0.005556
-0.083192
-0.044507
0.086932
0.015904
-0.005249
0.050854
0.030517
0.020526
-0.039697
-0.120965
-0.046085
-0.009782
0.030810
0.114124
0.112959
-0.044944
-0.060394
-0.054932
-0.076568
-0.034850
0.074347
0.091259
0.083528
0.046470
0.025449
0.006212
0.039046
-0.000372
0.032541
-0.066708
-0.056126
0.000336
-0.066762
0.012574
-0.095013
-0.076363
-0.018125
0.000059
-0.096373
-0.037678
0.077929
0.085764
0.066753
0.102568
-0.021201
0.043117
0.060376
-0.038858
0.023017
0.023381
-0.039290
-0.029293
0.003119
-0.058270
-0.085660
0.012189
-0.032108
-0.017684
-0.012681
-0.039196
0.017551
-0.029624
-0.058270
-0.026550
-0.029993
0.035303
0.089463
0.074526
0.147020
0.038775
-0.012333
0.073167
0.011050
-0.015260
-0.078927
-0.078210
-0.057621
-0.027151
-0.117626
-0.046753
0.045086
0.058761
-0.031460
0.093551
0.083552
0.003257
-0.030018
0.006533
0.063350
0.046757
-0.035009
0.023280
0.043234
0.058410
-0.068630
0.009857
0.052058
0.020577
-0.017043
0.045738
-0.008658
0.034341
0.017482
0.015481
0.094114
0.036085
-0.056715
0.010497
0.004822
0.023712
-0.006043
0.008447
-0.015978
-0.067487
-0.047838
-0.081379
0.008350
-0.045418
-0.056044
-0.040389
0.047929
0.028333
-0.029794
-0.024020
-0.014280
0.046797
0.059112
0.017599
0.100312
0.056050
0.137331
0.046905
0.028430
0.020680
-0.029629
0.105635
0.035270
-0.033735
-0.044545
-0.025314
0.003151
0.018432
-0.043084
-0.002417
-0.025080
-0.073771
-0.005916
-0.065009
-0.112680
0.004834
-0.030815
0.036466
0.068375
-0.018291
-0.016263
0.125502
0.044892
0.014773
0.076049
-0.037872
-0.004355
0.055884
0.036008
0.050141
-0.057144
-0.001461
-0.030870
-0.035114
0.001749
-0.041995
-0.031239
-0.015569
0.051906
0.027899
0.030436
0.010636
-0.081194
-0.071297
0.042986
0.056420
-0.018242
0.020026
-0.001951
-0.018635
0.001488
-0.061821
-0.020741
0.023969
0.058070
0.107521
0.064040
0.065371
0.056503
0.049962
0.035879
0.015883
0.057688
-0.057749
-0.026093
-0.018604
-0.052078
-0.064440
0.027926
-0.046179
-0.043564
-0.057810
-0.040214
-0.060864
-0.172791
-0.084886
-0.061350
-0.042106
-0.116364
-0.015534
0.027134
-0.007833
0.009664
-0.012506
-0.004101
-0.053843
-0.029005
-0.010621
-0.002894
-0.065385
-0.067670
0.013920
-0.012463
-0.018319
-0.037881
0.007329
0.029598
0.000008
-0.032533
-0.089178
0.072734
0.042372
0.043327
0.030540
0.069435
0.015117
0.075467
0.001276
-0.054586
0.038333
-0.046100
0.032803
0.053932
0.051171
0.028509
-0.027875
0.023584
-0.019637
-0.048078
0.090904
0.016870
0.050436
-0.029428
0.007965
0.055433
0.029919
0.023173
0.114279
0.031924
-0.063496
0.030281
-0.000416
0.072922
0.074342
0.018342
0.019306
0.122362
0.033951
-0.082117
0.051025
0.068789
-0.065514
-0.045423
0.019271
0.071967
0.036648
-0.037509
-0.053107
-0.073557
-0.016104
-0.062054
-0.019868
0.009117
0.059965
0.029682
0.092618
0.052337
0.045842
0.023768
-0.038550
0.031305
0.003838
0.026458
0.016544
0.110808
0.032459
-0.013162
0.031131
0.009632
0.034044
0.044699
0.069316
-0.004990
0.005178
0.050652
0.100805
0.045395
-0.004417
0.090973
-0.009454
-0.040286
-0.091092
0.001408
-0.012300
0.041973
-0.017821
-0.021580
0.007758
-0.061998
-0.079309
-0.002126
0.043933
-0.009950
0.075904
-0.000956
-0.040756
-0.090625
-0.161523
-0.093712
-0.134138
-0.086464
0.013248
-0.103974
0.052200
-0.030725
-0.037140
0.008911
0.013354
0.118572
0.000945
0.041445
0.024703
-0.000608
-0.082699
-0.043304
0.016045
0.058242
0.098169
0.035349
0.053650
-0.004589
0.058818
0.087576
-0.002736
0.027262
0.025529
-0.024345
0.016629
0.012049
-0.004755
-0.068884
-0.017528
-0.034632
-0.073510
-0.056106
-0.038938
-0.036627
-0.068606
-0.027095
-0.037570
-0.021351
-0.008386
0.044538
0.072372
-0.015726
0.035458
0.015710
-0.021316
0.008664
0.092899
0.012129
0.086837
0.034333
-0.035011
-0.030464
-0.011140
-0.045384
-0.024655
-0.066379
-0.045964
0.083108
0.018487
0.038856
0.144753
0.047136
0.068113
0.173653
0.096111
-0.015078
-0.045275
-0.033859
-0.052612
-0.037783
0.040982
0.087012
0.019421
0.061870
0.046770
0.035611
0.106890
0.038740
0.042098
0.063951
0.039697
0.139779
0.070858
0.020301
0.061756
-0.078523
-0.041734
0.018690
0.061703
-0.033801
-0.022747
0.030854
-0.033807
0.000294
-0.043420
0.024898
-0.051766
-0.070625
-0.028375
-0.004854
-0.151524
-0.032059
-0.023513
-0.032732
0.013923
-0.037895
-0.025163
0.020140
0.112446
-0.037690
0.055451
-0.029709
-0.023571
0.013422
0.053645
0.059026
-0.003117
0.014499
0.000277
0.024403
0.012938
-0.041456
0.042554
0.004877
-0.027809
0.012624
-0.020087
0.030264
0.021660
-0.056718
-0.044315
0.074440
0.067915
0.067601
0.072809
-0.035007
-0.031263
0.045701
-0.064730
-0.019064
0.063221
-0.005970
0.025262
0.079210
0.066971
-0.018443
0.023586
0.001286
-0.039049
-0.025974
0.073229
-0.009199
-0.027462
0.009320
0.025954
0.056181
0.060568
-0.063651
-0.018547
0.029122
-0.025480
-0.102984
0.100682
0.065384
0.033426
0.120689
0.160871
0.016334
-0.035902
0.032684
-0.026838
-0.030499
-0.051769
-0.011572
-0.038716
-0.091074
-0.024819
-0.031157
-0.047676
0.005483
-0.000370
-0.096149
-0.044280
-0.024735
-0.009921
0.007555
-0.020834
-0.072342
-0.038921
0.013356
0.078121
-0.026705
-0.058361
-0.078950
0.029547
0.061883
0.014738
-0.071621
-0.077920
0.015294
-0.015154
-0.019639
0.094374
0.067896
0.024444
0.068187
0.035346
-0.054613
0.020726
-0.014924
-0.013979
-0.034789
-0.023192
0.051446
0.021479
0.026193
0.022394
0.018243
-0.008989
0.008751
-0.029508
0.004975
0.044502
0.090003
0.077906
0.048223
0.027706
0.081994
-0.037652
0.086370
0.088626
0.013391
0.057326
0.064971
0.026717
0.037584
0.082968
0.029701
0.007418
-0.013541
0.030202
-0.010379
0.044722
0.057025
0.065767
0.089330
0.044143
-0.012604
-0.009133
0.024448
0.037029
0.067006
-0.017956
0.022119
0.040873
-0.010669
-0.013522
0.067842
-0.036041
0.029440
0.018727
-0.037533
-0.031587
0.054743
-0.017913
0.103340
0.053301
0.038062
-0.013924
-0.041513
0.031833
0.060064
0.112966
-0.005625
-0.007608
0.010547
-0.018896
0.029008
0.025599
0.023314
0.097114
0.002489
0.043534
-0.040222
-0.028403
-0.000216
-0.003538
-0.063400
0.036923
-0.047639
-0.034559
-0.009452
0.047626
-0.092199
-0.067574
-0.040516
-0.076721
0.010093
0.064152
0.027043
0.008104
0.049808
0.023254
-0.010949
-0.035013
0.029337
-0.037297
-0.028796
0.130291
0.021886
-0.042015
0.011708
-0.017904
-0.071560
0.013840
0.022339
-0.050704
0.018371
-0.038259
-0.033878
-0.000877
0.071411
0.036708
-0.029565
0.013867
-0.010627
0.029737
0.052495
0.036673
0.042995
0.016082
-0.030076
-0.144736
-0.013149
0.075666
-0.048133
-0.079293
-0.064758
-0.115821
-0.017306
0.042476
0.049867
-0.043062
0.016069
0.056142
-0.057744
-0.025024
0.040193
0.030896
-0.061870
-0.027522
-0.052409
-0.021813
-0.019614
-0.080114
0.031413
-0.021960
0.011936
0.025412
0.012807
0.011690
0.014977
0.065120
-0.014566
0.008469
-0.015961
-0.029813
-0.015380
0.131263
0.099384
0.092545
0.007076
0.042622
0.044267
0.012968
-0.027277
-0.012348
-0.032302
0.021453
0.011763
0.034813
0.073262
-0.002522
0.028451
0.041077
-0.013133
-0.028946
0.027029
-0.008891
0.033932
-0.065110
-0.040961
-0.004165
-0.005966
0.012850
0.064845
0.028097
0.035461
0.040540
0.021922
0.013111
0.020045
-0.051775
-0.029856
-0.084670
-0.042574
-0.043638
-0.042054
0.018122
0.026683
0.025631
-0.059624
-0.082357
-0.022914
-0.090725
-0.105970
-0.081791
-0.038566
0.005623
0.002783
-0.010981
-0.050102
-0.043846
-0.086361
-0.045203
0.052535
0.032528
0.030754
0.051458
-0.025359
0.032830
0.057861
-0.028317
-0.029848
0.032078
0.054135
0.101145
0.125243
0.043386
-0.034535
-0.014372
-0.027467
-0.073917
-0.102974
-0.010513
0.005288
0.021474
0.070001
0.024950
0.086467
0.096893
0.126886
0.117599
0.052305
-0.040250
0.008613
0.010745
0.026063
0.078134
0.038001
0.025982
-0.029714
0.017916
-0.046040
-0.036479
-0.044979
-0.023501
-0.071326
0.008064
0.048277
0.025234
0.058450
-0.028110
0.056875
-0.011509
-0.031764
-0.031122
0.044806
0.046746
-0.005996
0.140217
0.036163
0.068502
-0.050253
-0.119176
0.055895
-0.025311
0.060578
0.053930
-0.008639
0.023282
0.008620
0.105598
0.034536
0.018130
-0.043659
0.019035
-0.049345
-0.018543
0.047964
-0.068311
0.021159
-0.010660
-0.034730
0.082669
-0.012229
-0.005405
0.143431
-0.005727
0.072987
0.102322
0.032175
0.102506
0.014816
-0.019056
0.032959
0.044558
-0.007191
0.001223
-0.023196
-0.008076
-0.021433
-0.028287
0.004730
-0.008432
-0.003068
-0.021967
0.017553
-0.007948
-0.003399
0.025528
-0.009809
-0.056982
-0.024827
-0.064902
-0.058966
-0.027239
-0.071595
-0.025175
-0.035030
0.003530
0.038303
0.052822
-0.030493
-0.076732
-0.087492
0.010629
-0.011912
-0.013734
0.041183
0.031360
-0.008410
-0.106446
0.052634
-0.024954
0.002480
-0.010714
-0.003990
-0.030780
-0.041714
-0.071325
-0.072639
0.045822
-0.012854
-0.056465
0.003824
0.002397
0.049797
0.003490
-0.005029
-0.011187
-0.010843
0.019222
0.063124
0.037266
0.008181
-0.038318
-0.032569
-0.017448
0.065299
0.014313
-0.078401
0.060984
0.061411
0.022537
0.054683
-0.028623
0.017246
0.054016
-0.017139
-0.004179
0.012704
0.025025
0.016545
0.040350
0.057681
-0.023396
0.071217
0.057253
0.064344
0.077877
0.063802
0.132168
0.025304
0.048866
0.049810
0.025710
-0.045074
-0.000380
0.064066
-0.006319
-0.024373
0.111444
0.056851
-0.014242
-0.044797
0.023116
0.051287
0.077665
0.087609
0.084820
0.021856
0.043436
-0.015504
-0.052328
0.001271
-0.059064
-0.013859
0.001439
-0.028842
0.024730
0.035062
-0.036663
-0.094490
-0.069141
-0.003850
-0.008896
-0.023502
-0.006851
0.055505
-0.026412
0.001667
0.006352
-0.031207
-0.038379
0.055925
0.000727
-0.050024
0.017432
-0.034396
-0.051236
-0.044504
0.000264
0.014462
-0.086712
0.034082
0.061526
-0.010335
-0.009978
0.048157
0.035554
-0.028048
-0.110872
0.030701
-0.033704
-0.037907
-0.094171
0.050670
0.040219
0.058727
0.096502
-0.052350
-0.015372
-0.126138
-0.015224
-0.074843
-0.112645
-0.015963
-0.004544
-0.046107
-0.160626
-0.112543
0.047756
-0.029379
-0.028828
0.030005
0.072027
0.021673
-0.043394
0.020907
0.002076
0.005479
-0.082141
-0.079152
0.041699
0.025406
0.108749
0.025393
-0.006530
-0.002927
-0.006126
0.003526
0.012932
0.030551
0.017946
-0.049342
-0.012674
0.000104
-0.025271
-0.028350
0.016606
-0.005137
0.053870
0.002176
0.042917
0.045997
0.001676
0.011693
-0.053805
0.042031
0.043982
0.020499
0.163119
0.086407
-0.013978
0.064266
-0.070940
0.045089
0.042429
-0.090874
-0.025801
0.018647
-0.035940
-0.063651
-0.057201
0.063481
0.053008
-0.024719
-0.012902
0.025834
0.024217
0.039598
-0.006800
-0.060283
-0.035928
0.003071
-0.036395
0.043516
0.034568
0.037320
0.059787
-0.033678
-0.070287
-0.004450
-0.037922
-0.003864
0.037621
-0.064828
-0.045850
-0.090242
-0.022432
0.050381
0.043175
0.019981
0.084834
0.073923
0.065536
0.038456
-0.050942
-0.034762
0.081437
0.010786
-0.025114
0.087875
0.029057
0.093514
0.029403
-0.007337
-0.081330
-0.062993
-0.041574
-0.079842
-0.032563
-0.024913
0.019213
0.008581
-0.064333
-0.006530
-0.046920
0.015262
0.097527
-0.056472
-0.009051
0.085179
0.065296
0.096693
0.054001
0.027785
-0.022936
-0.036187
0.065393
0.036519
0.025397
0.007753
-0.024330
-0.011278
0.015232
0.026164
-0.032749
-0.017724
-0.011637
0.009018
-0.018965
-0.011936
-0.094391
-0.150533
0.023379
-0.059928
-0.031876
-0.038163
0.008779
-0.013546
-0.073883
0.062973
0.015526
-0.052007
0.018791
-0.047772
-0.128312
-0.026639
0.011869
-0.027018
0.001982
0.088514
-0.008076
0.004879
0.013150
-0.042877
0.012749
0.030138
0.037217
0.006588
-0.039809
0.011555
-0.037270
0.022374
-0.018834
-0.016547
0.104589
0.028770
0.011980
0.102223
-0.033426
-0.004087
0.022427
-0.012490
0.083768
0.025914
0.023889
0.085459
-0.054276
-0.003508
-0.008960
-0.023488
0.035163
-0.003423
0.124058
0.082512
0.015732
0.096211
0.011346
0.014968
0.064417
0.059508
0.037098
0.021730
0.002956
0.072713
0.018357
-0.029881
-0.027126
-0.045503
0.041540
0.014696
0.022171
0.156763
0.041369
0.059841
-0.005382
0.058113
0.013437
-0.054828
0.110976
-0.027389
-0.045028
-0.116653
-0.014773
-0.012726
-0.027130
0.041160
0.026679
0.015787
0.080734
-0.028560
-0.048871
0.048726
0.061497
0.029401
0.190269
0.057377
0.040134
0.076297
0.135040
0.070753
0.093371
-0.068069
0.037297
0.157523
0.104910
-0.028413
0.025414
0.036961
0.018019
0.054253
-0.008343
-0.069907
0.042421
0.080232
0.028727
0.028744
0.043305
-0.012380
-0.060347
0.084341
0.047119
0.039250
0.052893
-0.005799
0.032558
0.019246
0.109094
0.121215
0.042822
0.026663
0.060646
-0.010676
0.051905
0.066292
-0.056293
-0.115231
-0.077994
-0.108054
-0.064974
-0.033312
0.053006
0.019482
-0.130277
-0.022912
-0.051985
0.005204
0.056608
-0.028939
0.044327
-0.012918
0.046699
0.038104
0.080343
0.064472
0.089214
0.119273
0.125738
0.036971
-0.055120
-0.032763
0.018858
0.068599
0.109277
0.052053
0.043716
0.065539
0.038472
0.016372
0.017077
0.021943
0.028574
-0.035429
-0.073854
-0.040136
0.041867
-0.063325
-0.074693
-0.026252
-0.044296
-0.052318
0.032631
-0.041154
0.045307
0.021642
0.088207
0.082818
0.047757
0.037464
-0.022522
0.023985
-0.012181
-0.006800
-0.025110
0.019752
-0.003845
0.029932
0.139564
0.054391
0.085645
0.051941
0.085416
0.131039
0.084567
0.014108
0.072839
0.005228
-0.015327
0.012347
0.073245
-0.061865
-0.039581
-0.066154
-0.019600
0.054957
0.010142
-0.059558
-0.003479
-0.006919
0.004148
-0.006569
0.064707
0.120696
0.040035
0.075507
0.044892
0.060814
0.019222
0.019822
-0.090318
-0.006577
-0.001266
-0.051438
-0.030615
-0.060286
-0.025827
0.043641
-0.104014
0.010942
0.030397
0.058792
-0.021594
0.058651
-0.035811
-0.024517
0.043044
0.000953
-0.059990
0.006781
0.035981
0.055896
0.034551
0.084262
0.029375
-0.013426
-0.009534
-0.050655
-0.050144
0.014087
0.063891
-0.019058
-0.064774
-0.121319
-0.121448
0.001291
0.005665
-0.055099
0.033245
-0.002431
0.017384
-0.025921
-0.153893
0.045172
0.129961
0.093768
0.017229
0.065020
0.086717
-0.051962
0.072795
0.163413
0.016931
0.056548
0.113853
0.080943
0.119771
0.071192
-0.021857
0.054678
-0.037585
-0.020416
-0.049085
-0.067818
0.015280
-0.018950
0.038094
0.067720
0.030293
-0.091503
-0.015980
-0.082144
-0.059748
0.019189
0.034452
0.043042
-0.017910
0.010136
-0.028969
-0.024731
-0.054737
-0.007874
-0.008816
-0.021505
-0.039262
0.076420
0.033988
-0.007662
-0.019358
0.035026
0.077776
-0.015301
0.009011
0.008540
-0.016594
0.096408
0.055212
-0.037460
0.011272
-0.035654
-0.069392
-0.042229
-0.031598
0.006872
0.076513
-0.040849
-0.025549
0.072493
-0.084788
0.053635
0.004827
0.037492
0.005238
0.019710
0.080890
-0.038767
-0.009567
-0.041630
0.092279
0.006194
-0.009113
0.018397
0.077078
0.054565
0.084226
0.107589
-0.080155
-0.034723
0.056770
0.069291
0.046752
0.040766
0.148648
0.052710
0.090302
0.079596
0.015510
0.049119
0.030777
-0.027997
-0.072291
-0.032583
0.110227
0.044827
-0.015253
0.071475
-0.018501
-0.071954
-0.085250
-0.025611
-0.056745
-0.023067
-0.031690
-0.035684
0.017307
0.068399
0.055807
-0.073345
0.109678
0.074842
0.046747
0.074616
0.010235
0.051589
-0.009868
0.004772
0.046606
0.037402
0.074641
-0.076595
0.059932
0.132550
0.043706
0.075473
0.025542
0.088396
0.018437
-0.030252
0.052453
-0.022679
-0.047519
0.040856
-0.045053
-0.068289
-0.018472
0.087590
0.079004
-0.011737
0.077545
0.099609
0.029189
0.041099
0.031326
-0.032496
-0.031682
-0.008835
0.043570
0.058197
0.066611
0.020245
-0.000136
-0.006357
-0.028594
-0.022415
-0.000323
0.012455
0.006552
-0.033044
-0.066929
0.068125
0.157264
0.027242
0.016765
0.008341
0.006298
-0.029414
0.038658
-0.034721
0.010832
0.094575
0.022067
0.079716
0.118947
-0.019596
-0.021498
-0.044710
0.006108
0.086284
0.061043
0.002524
0.041389
0.076112
0.132233
0.034093
0.047323
-0.010607
-0.072597
0.103323
0.060958
-0.061213
0.038054
-0.024663
0.000595
0.042721
-0.011421
-0.005477
-0.022121
0.070564
0.056273
0.068869
-0.028072
0.011007
0.035535
-0.037701
-0.014898
-0.029142
-0.071060
-0.043654
-0.017624
0.053756
0.064736
-0.022630
-0.005459
-0.010772
-0.007002
-0.000078
-0.031234
-0.022330
0.022353
0.030128
-0.006918
0.036498
0.060968
-0.035634
-0.029992
0.017048
0.052941
-0.030221
-0.099456
0.080174
-0.045498
0.010873
0.084019
0.029240
-0.015434
-0.079336
0.012699
0.024743
0.011226
0.019949
0.057429
-0.042096
0.065585
0.080916
-0.010996
0.021025
0.016230
0.088865
0.078809
-0.006398
0.038626
0.042493
-0.005143
-0.023634
0.066441
0.022429
0.010981
-0.020683
-0.000209
0.070648
-0.045768
-0.001148
0.060668
-0.027511
0.004458
-0.076622
-0.057295
-0.006038
0.022408
0.033634
0.022061
0.034050
0.020272
-0.084468
-0.105454
-0.110337
-0.054458
-0.019920
-0.030676
-0.000881
0.014570
0.039806
0.051683
0.038013
0.105105
0.121106
0.103912
0.058716
0.029546
0.041049
0.004515
-0.032437
0.053539
0.018681
-0.021877
0.059092
0.050974
-0.020349
-0.045972
-0.035805
-0.002382
-0.054993
0.026585
0.028949
0.071378
0.034971
0.015833
0.025347
0.083554
-0.027794
-0.045462
-0.078780
0.018952
0.061603
-0.102684
-0.055648
-0.048856
0.009756
-0.019118
0.046111
0.040793
-0.044561
-0.014976
-0.064469
-0.113615
-0.013261
0.085289
-0.085319
0.070182
0.040842
-0.029964
0.013709
0.058238
-0.002636
-0.035552
0.019936
-0.016911
-0.100294
-0.006373
-0.023513
0.000764
0.110254
-0.008836
0.020145
0.082948
-0.021715
0.064374
0.075711
-0.049627
0.051961
0.065019
0.025975
0.028770
0.112163
-0.020018
0.076973
0.143541
0.025772
0.005619
0.058695
-0.063431
-0.029201
-0.007068
-0.106087
-0.066389
0.068013
0.147087
0.022612
0.010338
0.020853
-0.022711
0.097696
0.023774
-0.012604
-0.073908
-0.030879
-0.089910
-0.142342
-0.132553
-0.052803
-0.036291
-0.083613
0.064449
0.004020
0.008634
-0.016125
0.107115
0.128272
0.108976
0.063282
0.037307
0.054350
0.067445
0.036741
-0.017724
-0.044989
0.010837
-0.049214
0.040581
-0.005634
0.094781
0.007430
0.052046
-0.003974
0.012487
0.106530
0.058047
-0.044415
-0.028414
-0.007120
-0.006157
0.031803
-0.033125
-0.022653
0.007992
-0.018347
0.021971
0.068901
0.068080
0.026965
-0.006966
-0.002359
-0.033186
-0.006105
-0.054156
-0.001964
0.005440
-0.010020
-0.056907
-0.055595
-0.063035
-0.013732
0.021970
-0.039536
0.040256
-0.008651
0.056539
0.075891
0.029284
-0.009170
0.068127
0.009482
-0.013456
0.047392
0.049283
0.017605
-0.002069
-0.029936
-0.018016
-0.048581
0.035876
0.021465
0.122069
-0.009823
0.023124
0.072293
-0.038651
0.012569
-0.025635
-0.093476
0.051112
-0.063257
0.024324
0.030679
-0.016042
0.027222
0.008316
-0.004626
-0.012244
-0.013273
-0.022234
-0.006983
0.012915
0.009960
0.003284
0.015786
0.001526
-0.023583
-0.007942
0.056904
0.047740
0.049929
0.102310
0.064032
0.081788
-0.037694
0.005817
-0.007128
-0.038342
-0.018451
0.019165
0.034388
-0.055848
0.072635
0.080782
-0.006399
0.077133
-0.007323
0.059740
0.042638
0.038784
0.028717
-0.011192
0.004036
0.095995
-0.012601
-0.033371
0.008541
0.018108
-0.103039
-0.118348
0.019149
0.014046
0.095271
0.124650
0.011313
0.080612
-0.027542
0.028857
0.047776
-0.008500
0.041582
0.079927
-0.042047
0.002967
0.065948
-0.115370
0.025532
-0.004942
-0.010299
0.036056
-0.022171
-0.018207
0.013546
-0.035815
-0.007400
-0.097227
-0.006690
-0.008996
0.045662
-0.049555
0.125442
0.036741
-0.080186
-0.064739
-0.059825
0.035558
0.067728
0.007569
-0.000535
0.040019
-0.019705
0.083681
-0.010517
-0.012882
-0.006866
-0.011400
0.015151
0.131064
-0.021236
-0.020416
0.037224
0.091159
0.000044
-0.153791
-0.011155
-0.001637
-0.055051
-0.055728
-0.080268
-0.008264
-0.051561
-0.027435
-0.095111
-0.003069
-0.074410
-0.051429
0.025656
0.044740
0.081064
0.013237
0.007569
-0.026378
-0.006655
-0.010839
0.017321
-0.012962
-0.047186
-0.012420
0.016680
-0.060796
0.042940
-0.020139
-0.059041
-0.048192
-0.012823
-0.045727
-0.064981
-0.062889
-0.102551
-0.046048
-0.018375
0.071049
0.078427
-0.002595
0.101703
0.061756
0.118369
0.016891
-0.030094
0.071567
0.006848
0.008819
0.024549
-0.022753
-0.056415
-0.025896
-0.014510
-0.069301
-0.002592
0.038539
-0.041013
0.074122
-0.035023
0.094753
-0.006382
0.012933
0.084655
0.122083
0.003633
0.030061
0.021155
0.004652
0.027809
-0.017171
0.061124
0.047772
0.014485
0.086486
0.092268
0.098728
-0.043898
-0.030718
0.042260
-0.028241
0.052813
0.001269
0.038731
0.010190
0.061078
0.055468
0.053065
0.050655
0.047470
-0.007520
0.038707
0.057309
0.031283
0.044519
0.017132
0.018308
-0.014045
0.061240
0.087781
-0.089390
0.020432
-0.008636
0.034834
-0.045530
0.029513
0.048999
0.018525
0.056731
0.086455
-0.017086
0.061617
0.028615
0.069204
0.029112
0.102536
0.079172
-0.074670
0.095697
0.112387
0.054772
-0.014129
-0.002632
-0.034535
0.003243
0.106942
0.020572
0.066299
0.015496
-0.026848
-0.045542
-0.025789
0.004696
-0.010141
0.047322
0.022525
0.050283
0.068447
0.004507
0.005728
-0.059478
0.028001
0.055330
0.134431
0.084731
-0.005476
-0.024748
-0.034114
0.033754
-0.066211
0.031443
-0.003348
0.028110
0.030565
-0.028685
0.022301
0.083049
0.029929
0.008197
-0.053946
0.044835
0.006579
-0.005813
0.076210
-0.003856
0.051984
0.054857
-0.013776
-0.020378
-0.024041
-0.096882
0.038310
-0.063922
-0.047363
-0.043897
-0.093494
0.033474
0.065758
0.086637
0.088060
0.049101
-0.009044
-0.028618
0.126224
0.074772
-0.012744
0.010207
-0.022726
0.047616
0.063859
0.001333
0.124048
-0.014881
-0.016402
-0.023670
-0.055467
-0.038396
-0.032297
-0.038474
-0.008195
-0.130734
-0.071824
-0.054986
-0.014032
0.001977
-0.032503
-0.000419
-0.009464
0.088555
0.045714
-0.025700
-0.020971
-0.025165
-0.104494
-0.116967
-0.036831
-0.005005
0.033933
0.073262
0.004103
0.024900
0.106732
0.003512
-0.024507
0.053052
0.016199
0.015862
0.017809
0.052224
0.082145
-0.014356
0.107497
0.041190
-0.071309
-0.053622
-0.008556
0.079319
-0.003299
0.036126
-0.001112
0.012578
-0.052477
-0.010116
-0.093766
-0.062810
0.023546
0.047556
0.063255
0.053701
-0.083791
0.018899
0.029008
-0.059881
0.041573
-0.028913
0.091514
0.071289
-0.026469
-0.001346
-0.140048
-0.093718
0.014277
-0.082610
-0.061106
0.046365
-0.065536
-0.004038
0.016575
0.020769
0.028724
0.018083
0.008253
0.047881
-0.002604
-0.019383
0.047003
0.079113
0.074666
0.014853
0.013730
0.030019
-0.030581
0.025555
0.043372
0.020942
-0.072106
-0.016345
-0.037486
-0.073153
-0.034132
-0.027191
0.000701
0.101799
0.060607
0.005122
0.040880
-0.021179
-0.092029
-0.011436
-0.043697
-0.088692
-0.030285
-0.060847
0.095347
-0.042217
0.015896
0.052429
-0.003094
-0.028859
0.019353
-0.047975
0.084187
0.029656
-0.022538
0.105568
0.072722
0.017950
-0.002039
0.054645
-0.009521
0.010371
-0.055805
-0.049893
0.072815
-0.002185
0.026960
0.044933
-0.035164
-0.065230
0.018775
0.039205
0.022604
-0.027898
0.014257
0.047812
-0.072440
0.016269
0.037230
-0.118232
0.007757
0.025458
0.051772
0.004572
0.107727
0.048647
-0.043348
0.060925
0.087171
0.048534
0.090985
0.106768
-0.011575
0.002253
-0.002505
-0.047822
0.020272
-0.010821
-0.040029
-0.005939
-0.008800
-0.019808
0.027850
-0.084844
0.032944
-0.069942
0.010723
0.018557
-0.042688
0.018755
0.070833
-0.057421
-0.004625
-0.105058
-0.057314
-0.047731
-0.017075
-0.018339
-0.041349
-0.119590
-0.129255
0.005906
0.079006
0.054589
-0.027273
-0.045994
0.025591
-0.078406
-0.037246
0.021971
-0.024419
-0.103709
-0.012840
0.061818
0.053397
0.033483
0.021433
0.046390
0.009648
0.084018
0.026207
-0.003491
-0.025613
0.035719
0.066084
-0.009205
0.031860
-0.039446
0.018573
0.070381
0.004880
0.032989
0.023572
-0.016795
-0.008357
-0.032711
0.070584
0.118240
0.152212
0.056884
0.032175
0.045415
0.018418
0.054561
0.001358
0.014784
-0.004952
0.059640
0.003994
-0.023598
0.023273
0.022724
-0.004965
0.020454
-0.015750
-0.034011
-0.050810
-0.025555
0.179744
0.002643
0.020807
0.013036
0.055939
0.104913
0.065060
-0.074119
-0.062408
-0.084332
-0.029780
-0.034426
-0.025597
-0.006297
-0.017921
-0.027931
0.036318
0.010831
-0.052519
0.089448
0.028183
0.043577
0.082672
-0.006668
0.044398
-0.048156
-0.021606
0.026836
0.036768
0.062469
-0.007303
-0.059551
-0.088025
-0.060153
0.051549
0.005531
-0.013538
-0.039247
-0.052890
-0.026435
-0.079699
-0.065680
-0.037332
0.033214
-0.026776
0.006812
0.018659
0.006014
-0.015647
-0.002968
-0.018793
0.014369
0.012624
0.061090
0.031113
-0.011183
0.029537
0.037914
-0.060757
-0.016941
-0.030772
0.030816
0.027500
-0.024911
-0.085839
-0.035779
0.020582
0.012587
0.004392
-0.070195
0.069963
-0.001765
-0.031160
0.112373
0.077480
0.015662
-0.021606
0.051911
-0.016375
-0.069344
0.082042
-0.017099
-0.084074
0.018857
-0.049181
-0.015844
-0.027447
0.010563
0.053642
0.029438
-0.033372
-0.109406
0.001257
-0.049335
-0.039677
0.044721
0.017961
0.003151
0.055280
0.043541
0.037659
0.073152
-0.032378
-0.051707
-0.041721
0.026574
0.088010
0.009707
0.003179
0.115429
0.030549
0.007570
0.094779
-0.032954
-0.064645
-0.027396
0.027543
0.036437
0.010358
-0.035523
0.073618
-0.000892
-0.004746
-0.028612
-0.045319
0.025194
0.006611
0.021705
0.030451
-0.010096
-0.055850
-0.078320
-0.051143
0.056268
0.001792
-0.053364
0.014829
0.011910
-0.044568
-0.002853
0.015466
0.065965
0.010600
0.019058
-0.008183
0.018750
0.065195
-0.001539
0.020755
-0.022343
-0.015510
-0.105853
-0.003390
0.007942
-0.000504
0.054487
0.112719
0.027051
0.021907
0.078329
-0.023906
0.004279
0.011578
0.033515
-0.030412
-0.068166
-0.032101
-0.002271
0.028549
-0.087944
-0.063138
-0.015115
-0.026911
-0.069297
-0.018189
0.049795
0.084226
0.070836
-0.011809
0.011964
-0.088696
-0.067899
0.064838
0.070785
0.023162
-0.065905
-0.037015
0.012930
-0.117654
-0.101813
-0.074898
-0.125050
-0.017225
0.029877
-0.034755
-0.037869
0.083072
0.015019
0.036536
-0.066549
-0.071792
0.002719
-0.037810
-0.010776
-0.028717
-0.020823
0.004271
-0.094175
-0.000681
-0.020718
-0.052575
-0.001213
0.016251
-0.014510
-0.076945
0.092610
0.034985
0.101398
0.018342
-0.073798
0.088695
0.078764
0.035912
0.085426
-0.016373
0.100389
-0.006414
-0.055537
-0.036220
-0.050402
-0.010863
0.024159
0.114211
0.037848
0.016724
0.105096
0.034815
-0.000833
-0.007718
-0.066269
0.010056
-0.018185
-0.045570
-0.106858
0.001065
0.062991
0.053277
0.023735
0.069491
0.015713
0.050668
0.055190
0.028818
-0.017143
-0.001125
0.027840
-0.072012
-0.029312
0.049796
0.010458
0.023264
0.057609
0.027595
0.070352
-0.069129
-0.040554
-0.016461
-0.010798
-0.032042
-0.055143
-0.038627
-0.059768
-0.031527
0.015749
0.012499
-0.024630
-0.035573
0.043131
0.100152
0.058042
-0.052143
-0.001925
0.016371
0.017599
0.076910
0.028843
0.138202
0.029122
-0.056701
0.006838
0.017005
-0.003849
-0.016213
0.017975
0.000270
-0.033094
-0.008560
0.013301
-0.003428
0.004566
0.058055
0.095513
0.086127
0.021554
0.046905
0.042846
-0.083217
-0.032309
0.075722
0.010680
-0.062485
0.007032
-0.025150
-0.052190
0.054846
0.044310
-0.002617
-0.026510
0.024976
-0.028369
0.068742
0.110287
0.043761
0.066395
0.016478
0.017619
0.030841
0.067602
0.079264
0.085441
0.066326
0.089688
-0.030159
-0.052793
-0.031297
0.002938
0.004055
0.010635
0.037540
0.017022
-0.002801
0.031176
0.036988
0.006678
0.002704
-0.071350
-0.068846
-0.036476
-0.037601
-0.048395
-0.061911
-0.031575
-0.000583
0.021977
0.034214
0.107470
0.094108
0.119439
0.129422
-0.004439
-0.075694
-0.084432
-0.075228
-0.001037
-0.008842
-0.037314
0.053182
0.044837
0.021554
-0.017275
0.015806
0.018853
-0.056390
-0.002149
-0.006422
-0.055313
0.028827
-0.025863
0.056982
0.102797
0.021978
-0.012760
-0.006420
-0.040751
-0.024097
0.023399
0.002231
0.094690
0.113420
0.017839
0.002011
-0.031609
-0.032149
-0.092859
-0.036618
0.026100
-0.061787
-0.013799
0.056674
-0.072555
-0.068352
-0.012431
-0.047288
0.002713
-0.017555
-0.092904
-0.039771
-0.024423
0.003138
-0.006890
-0.009224
-0.061210
-0.050471
-0.041735
-0.118658
-0.034531
-0.074790
-0.026519
-0.083195
-0.064677
-0.106153
0.038537
-0.047639
-0.059654
0.012966
-0.044037
-0.012984
0.001253
-0.015880
0.012057
-0.029801
0.018643
0.008721
0.021452
-0.014403
-0.053179
-0.006896
0.036779
0.098050
0.045012
-0.099246
-0.088277
-0.006287
-0.053506
-0.125491
-0.047775
-0.017469
0.063742
0.025046
0.022525
0.046179
0.037135
0.035376
0.007797
0.034628
0.049722
-0.007246
-0.007977
0.024856
-0.021984
-0.042404
0.059393
-0.004353
-0.052203
-0.056728
-0.100791
0.014491
0.034434
-0.000353
0.048401
0.033276
0.002804
-0.046213
-0.029583
0.099889
-0.018905
-0.038079
0.019738
0.036388
0.038581
0.034762
-0.024326
0.031788
-0.038054
0.044238
0.024936
-0.025335
-0.020784
-0.039300
-0.013586
-0.002493
-0.049603
-0.012582
-0.088434
-0.042841
0.043800
-0.044274
0.004191
-0.088000
-0.120296
0.033716
-0.058426
-0.070629
-0.107553
-0.141856
-0.049339
-0.010611
-0.108532
-0.072445
-0.050009
-0.072449
-0.040570
0.057176
0.011592
-0.030559
-0.066724
0.076808
-0.009244
-0.007063
0.023954
-0.076489
-0.058022
-0.069588
-0.089890
-0.078746
-0.007755
-0.092446
-0.058406
-0.075933
-0.057251
-0.023266
-0.054077
-0.033157
0.004345
-0.016465
0.008932
0.017488
0.091424
0.139689
0.038899
-0.000722
-0.004340
0.008603
0.030924
0.055260
-0.067040
-0.044963
-0.000393
-0.045398
-0.015028
-0.032130
-0.079407
-0.040583
-0.067406
-0.014544
0.000951
-0.009127
-0.007334
-0.006111
-0.025735
-0.049278
-0.069660
0.012914
-0.071925
-0.119862
0.032485
0.038698
-0.006518
-0.061230
-0.061433
-0.052893
0.051429
0.000638
-0.038965
0.049358
0.000740
0.061510
-0.029142
0.000718
0.028607
-0.007816
0.015799
-0.052278
0.034064
0.033405
-0.000642
0.040680
-0.044765
0.037801
-0.057472
0.015197
0.031018
-0.021267
-0.061333
0.018894
-0.033503
-0.022732
-0.007352
0.031092
0.062040
0.048814
0.106913
0.053249
0.030910
0.009584
-0.026072
-0.023621
-0.057210
0.013758
-0.035283
-0.063769
-0.046209
-0.039844
0.035299
-0.053301
-0.017363
0.067590
0.079609
-0.005594
-0.041011
-0.058116
0.064589
-0.035222
-0.046982
-0.063549
0.021807
-0.003899
-0.013648
0.088104
0.049121
-0.024831
0.116576
0.038375
-0.016355
0.086306
0.065880
0.006056
0.091124
0.050588
-0.015518
0.058716
-0.086539
0.027713
0.042579
-0.012699
-0.002445
0.005501
-0.003536
-0.069751
0.010795
0.060770
-0.002764
-0.031993
-0.046676
-0.048824
-0.006579
-0.011704
0.014403
0.029409
-0.002375
-0.014984
0.004545
-0.035428
0.036959
0.063282
0.031113
-0.009693
0.053477
0.047230
0.105433
0.121411
-0.013169
-0.012276
-0.058795
-0.024110
0.086424
0.058793
0.008513
-0.000082
0.031569
0.002522
-0.001323
-0.062473
-0.072937
-0.021210
-0.011279
0.003703
-0.014235
-0.058480
0.003931
0.020917
0.117282
0.009213
-0.038484
-0.030432
-0.048414
0.015134
0.005226
0.048108
-0.066275
0.012072
-0.026479
0.014001
0.054969
-0.075743
0.018867
0.041740
0.108233
-0.072377
0.062350
-0.003461
-0.017004
-0.017011
-0.160216
0.029430
-0.009518
-0.013847
0.111481
0.008312
-0.009381
0.016069
0.085563
-0.013119
0.012571
0.054930
-0.010604
-0.004801
0.001074
-0.026253
-0.041964
-0.012217
0.002908
0.027622
-0.040034
-0.044487
0.024808
0.022795
0.055504
-0.049765
-0.106871
-0.098488
-0.033632
-0.071928
-0.116494
-0.023284
-0.064273
0.061213
0.008385
0.020102
0.033494
-0.038022
0.024314
0.083536
0.040884
0.001519
0.037182
0.022744
0.032246
-0.043446
-0.010271
0.066598
0.005757
0.017246
-0.038402
